Input arguments = Namespace(data_update='valueskew', update_size=20000, dataset='bjaq', debug=False, drift_test='distribution', model_update='adapt', model='face', end2end=False, query_seed=0, random_seed=42, num_workload=11)

JSON-passed parameters = {'data_updater': {'skew_ratio': '1e-3'}, 'random_seed': 8, 'face': {'learning_rate': '1e-4', 'epochs': 0, 'factor': 'auto'}}

ReportEsts: [1.0297421216964722, 1.1197571754455566, 1.2172414064407349, 1.3338907957077026, 1.0461068153381348, 1.059006929397583, 1.2017765045166016, 1.0978376865386963, 1.0241414308547974, 1.0105534791946411, 1.0130242109298706, 1.0741623640060425, 1.0808199644088745, 1.0781270265579224, 1.0083650350570679, 1.6175771951675415, 1.119589924812317, 1.0264277458190918, 1.0901702642440796, 1.2292203903198242, 1.6767562627792358, 1.0064477920532227, 1.1762709617614746, 1.0838818550109863, 1.1474475860595703, 1.0824220180511475, 1.0820685625076294, 1.0950989723205566, 1.3512511253356934, 1.1421911716461182, 1.3220338821411133, 1.1283726692199707, 1.0637198686599731, 1.0197910070419312, 1.2091742753982544, 1.036049246788025, 1.1293187141418457, 1.198008418083191, 1.005938172340393, 1.0384615659713745, 1.2631081342697144, 1.041071891784668, 1.028491497039795, 1.0798344612121582, 1.1404844522476196, 1.1612725257873535, 1.0714285373687744, 1.121924638748169, 1.3543543815612793, 1.0883198976516724, 1.0393486022949219, 1.0595598220825195, 1.1581437587738037, 1.0990177392959595, 1.105555534362793, 1.2818304300308228, 1.0041701793670654, 1.5184135437011719, 1.0777417421340942, 1.067669153213501, 1.8960788249969482, 1.1273672580718994, 1.0342605113983154, 1.3428841829299927, 1.0396915674209595, 1.1382150650024414, 1.1281676292419434, 1.0122301578521729, 1.1955541372299194, 1.2233688831329346, 1.0874282121658325, 1.0934969186782837, 1.070310115814209, 1.1123733520507812, 1.1004225015640259, 1.1542319059371948, 1.3636363744735718, 1.2478176355361938, 1.0671862363815308, 1.1739130020141602, 1.1694608926773071, 1.215127944946289, 1.3198930025100708, 1.4815987348556519, 1.144426941871643, 1.008378505706787, 1.032690167427063, 1.1659517288208008, 1.14046049118042, 1.0318063497543335, 1.030004858970642, 1.0228612422943115, 1.0043327808380127, 1.1740617752075195, 1.021505355834961, 1.5814363956451416, 1.0814870595932007, 1.1288056373596191, 1.0101808309555054, 1.0585967302322388, 1.3770147562026978, 1.0037341117858887, 1.1140044927597046, 1.2715665102005005, 1.031232476234436, 1.1089273691177368, 1.1263728141784668, 1.2079521417617798, 1.058705449104309, 1.0876315832138062, 1.0421855449676514, 1.0711138248443604, 1.0517501831054688, 1.0970873832702637, 1.1368523836135864, 1.1781930923461914, 1.1074179410934448, 1.0631346702575684, 1.057940125465393, 1.134053349494934, 1.1379245519638062, 1.094924807548523, 1.168026089668274, 1.1875, 1.0467625856399536, 1.0761940479278564, 1.136894702911377, 1.1795449256896973, 1.10137140750885, 1.0115714073181152, 1.3343734741210938, 1.046750545501709, 1.008108139038086, 1.0653736591339111, 1.0989398956298828, 1.1090842485427856, 3.059929609298706, 1.0094709396362305, 1.1768754720687866, 1.144458293914795, 1.0711289644241333, 1.1904164552688599, 1.1147722005844116, 1.3967041969299316, 1.0250273942947388, 1.0651898384094238, 1.0564017295837402, 1.0091702938079834, 1.197343349456787, 1.1856927871704102, 1.2924528121948242, 1.144605040550232, 1.193518042564392, 1.0932815074920654, 3.0, 1.0409927368164062, 1.190010905265808, 1.0669203996658325, 1.0502166748046875, 1.2953810691833496, 1.0821739435195923, 1.0529155731201172, 1.0066795349121094, 1.1685155630111694, 1.0988967418670654, 1.1298952102661133, 1.0287532806396484, 1.2249611616134644, 1.1661808490753174, 1.0505629777908325, 1.179175853729248, 1.5, 1.111985445022583, 1.1813576221466064, 1.222252607345581, 1.1389973163604736, 1.00518798828125, 1.0498065948486328, 1.1990212202072144, 1.4047956466674805, 1.0412107706069946, 1.2288025617599487, 1.0761923789978027, 1.1690078973770142, 1.741025686264038, 1.1081620454788208, 1.163636326789856, 1.1792114973068237, 1.127606749534607, 1.1386239528656006, 1.0899752378463745, 1.1502784490585327, 1.2026230096817017, 1.322539210319519, 1.0054746866226196, 1.0770833492279053, 1.7952706813812256, 1.0412219762802124, 1.0518488883972168, 1.3783581256866455]

WORKLOAD-FINISHED | Type: QueryWorkload | Progress: 1/11 | Workload-time: 11.878025 | Model-update-time: 0.000000

Distance score: 0.0001364827185170725

WORKLOAD-FINISHED | Type: DataUpdateWorkload | Progress: 2/11 | Workload-time: 2.030824 | Model-update-time: 2.197638

ReportEsts: [1.0538225173950195, 1.0108826160430908, 1.1789137125015259, 1.1638281345367432, 1.0490280389785767, 1.5787941217422485, 1.2558671236038208, 1.1825330257415771, 1.0532394647598267, 1.0038909912109375, 1.0605593919754028, 1.0521100759506226, 1.0552438497543335, 1.283432960510254, 1.0182839632034302, 1.3900196552276611, 1.2806353569030762, 1.0752029418945312, 1.0082066059112549, 1.14420485496521, 1.65065598487854, 1.0645556449890137, 1.0615158081054688, 1.1262128353118896, 1.0434404611587524, 1.1316529512405396, 1.0523338317871094, 1.1405643224716187, 1.4027397632598877, 1.173076868057251, 1.2203389406204224, 1.2236127853393555, 1.0448449850082397, 1.0778204202651978, 1.0225828886032104, 1.075055718421936, 1.0813955068588257, 1.1493648290634155, 1.0084903240203857, 1.0248690843582153, 1.4295461177825928, 1.026750922203064, 1.0084203481674194, 1.2042758464813232, 1.273322343826294, 1.005620002746582, 1.2380952835083008, 1.1509242057800293, 1.0768862962722778, 1.3766177892684937, 1.4594594240188599, 1.2317184209823608, 1.0556238889694214, 1.5073492527008057, 1.155415654182434, 1.134615421295166, 1.2281553745269775, 2.0777077674865723, 1.268548607826233, 1.25, 1.0300487279891968, 1.0442062616348267, 1.1306205987930298, 1.1493631601333618, 1.3320696353912354, 1.1607751846313477, 1.069867730140686, 1.0875599384307861, 1.056373119354248, 1.1670595407485962, 1.0441375970840454, 1.1320503950119019, 1.1299707889556885, 1.1539297103881836, 1.0409414768218994, 1.2692058086395264, 1.25, 1.38702392578125, 1.1506261825561523, 1.2021358013153076, 1.0854394435882568, 1.1971079111099243, 1.3527923822402954, 1.3565007448196411, 1.1428654193878174, 1.069887399673462, 1.0970377922058105, 1.028539776802063, 1.1430996656417847, 1.0, 1.0742849111557007, 1.0271986722946167, 1.0118108987808228, 1.0093189477920532, 1.2986857891082764, 1.531727910041809, 1.0215123891830444, 1.2299107313156128, 1.3368803262710571, 1.0290700197219849, 1.2877585887908936, 1.8781671524047852, 1.1848515272140503, 1.0437887907028198, 1.0446383953094482, 1.0762202739715576, 1.1739662885665894, 1.000963568687439, 1.2136391401290894, 1.0059279203414917, 1.1049660444259644, 1.143609642982483, 1.1428390741348267, 1.0855273008346558, 1.0088495016098022, 1.03787100315094, 1.1336487531661987, 1.0234907865524292, 1.0181232690811157, 1.03095543384552, 1.1581023931503296, 1.2423698902130127, 1.285454511642456, 1.1934938430786133, 1.0803658962249756, 1.228232741355896, 1.1604012250900269, 1.1626267433166504, 1.807403802871704, 1.0023454427719116, 1.0697765350341797, 1.0158462524414062, 1.1754934787750244, 1.0301998853683472, 1.076916217803955, 1.2961373329162598, 1.1768488883972168, 1.4038461446762085, 1.0188037157058716, 1.5376662015914917, 1.3436866998672485, 1.1146502494812012, 1.019652247428894, 1.3898968696594238, 1.2581084966659546, 1.406747579574585, 1.0917222499847412, 1.1538938283920288, 1.1399428844451904, 1.1153018474578857, 1.184448480606079, 1.0160456895828247, 1.2999999523162842, 1.0459153652191162, 1.0993497371673584, 1.0252348184585571, 1.1719975471496582, 1.0304754972457886, 1.2909305095672607, 1.2682232856750488, 1.1626306772232056, 1.2076327800750732, 1.1427063941955566, 1.6771184206008911, 1.1100869178771973, 1.0047038793563843, 1.3686319589614868, 1.1461008787155151, 1.0517066717147827, 1.3434991836547852, 1.1634278297424316, 1.0060920715332031, 1.3075764179229736, 1.7105263471603394, 1.1776708364486694, 1.1418508291244507, 1.5234657526016235, 1.1737339496612549, 1.0914270877838135, 1.1089043617248535, 1.1601476669311523, 1.2659856081008911, 1.0700455904006958, 1.1350668668746948, 1.0003408193588257, 1.2197871208190918, 1.7859021425247192, 1.0973434448242188, 1.452830195426941, 1.3106060028076172, 1.02726411819458, 1.207160472869873, 1.0522643327713013, 1.0080246925354004, 1.0434174537658691, 1.6360149383544922, 1.043094515800476, 1.0486814975738525, 1.4338374137878418, 1.3260568380355835]

WORKLOAD-FINISHED | Type: QueryWorkload | Progress: 3/11 | Workload-time: 12.295956 | Model-update-time: 0.000000

Distance score: 0.00012159943435108289

WORKLOAD-FINISHED | Type: DataUpdateWorkload | Progress: 4/11 | Workload-time: 1.983003 | Model-update-time: 2.048511

ReportEsts: [1.0179957151412964, 1.0050243139266968, 1.2639343738555908, 1.0898160934448242, 1.0945113897323608, 2.2430191040039062, 1.170668601989746, 1.0757676362991333, 1.1181613206863403, 1.3963414430618286, 1.1222686767578125, 1.8942065238952637, 1.108465552330017, 1.2482503652572632, 1.0979018211364746, 1.2689323425292969, 2.0296669006347656, 1.038509726524353, 1.1759419441223145, 1.0751017332077026, 1.1774262189865112, 1.3696833848953247, 1.2191237211227417, 1.335078477859497, 1.0895096063613892, 1.3789929151535034, 1.1876862049102783, 1.25, 1.253581166267395, 1.7680524587631226, 1.4271562099456787, 1.4745762348175049, 1.0998334884643555, 1.0330277681350708, 1.6642524003982544, 1.0485422611236572, 1.0005574226379395, 1.1621909141540527, 1.1740871667861938, 1.0878021717071533, 1.1021711826324463, 1.306424617767334, 1.0263651609420776, 1.1257213354110718, 1.1372417211532593, 1.0025534629821777, 1.0070983171463013, 1.1809524297714233, 1.0989331007003784, 1.0542309284210205, 1.3812810182571411, 1.3124260902404785, 1.2266910076141357, 1.0210531949996948, 1.3054492473602295, 1.0870808362960815, 1.186142086982727, 1.115250825881958, 1.0256798267364502, 1.1831248998641968, 1.0936073064804077, 1.0496374368667603, 1.0535932779312134, 45.98245620727539, 1.169542908668518, 1.6823159456253052, 1.1720731258392334, 1.0600529909133911, 1.098838210105896, 1.1910912990570068, 1.2257487773895264, 1.0526716709136963, 1.197615146636963, 1.0065479278564453, 1.2133938074111938, 1.0978301763534546, 1.5571223497390747, 1.25, 1.7918925285339355, 1.3251879215240479, 1.280701756477356, 1.061179518699646, 1.0731842517852783, 1.306687593460083, 1.340202808380127, 1.0233962535858154, 1.0484634637832642, 1.0800610780715942, 1.1406277418136597, 1.3170928955078125, 1.0473496913909912, 1.1183381080627441, 1.1186915636062622, 1.1440775394439697, 1.1752920150756836, 1.0430107116699219, 1.9307644367218018, 1.1188791990280151, 1.1279317140579224, 1.3294281959533691, 1.1652891635894775, 1.0716748237609863, 1.0374935865402222, 1.0903527736663818, 1.1843750476837158, 1.0917736291885376, 1.0579156875610352, 1.1146847009658813, 1.2437564134597778, 1.082262635231018, 1.003340244293213, 1.1131094694137573, 1.0076045989990234, 1.0318571329116821, 1.0751662254333496, 1.0, 1.0505750179290771, 1.227912187576294, 1.0898984670639038, 1.0290734767913818, 1.0852559804916382, 1.1876479387283325, 1.2116897106170654, 1.2685025930404663, 1.126107096672058, 1.0272786617279053, 1.4394046068191528, 1.0301889181137085, 1.1546741724014282, 1.285667896270752, 1.1318868398666382, 1.2121424674987793, 1.0032010078430176, 1.1978763341903687, 1.1857764720916748, 1.1171714067459106, 1.0599600076675415, 1.209003210067749, 1.5307579040527344, 1.1214466094970703, 1.9346596002578735, 1.3171958923339844, 1.347854733467102, 1.2351000308990479, 1.289551019668579, 1.1945031881332397, 5.614253520965576, 1.0593056678771973, 1.064304232597351, 1.1112946271896362, 1.0209873914718628, 1.2246721982955933, 1.1908154487609863, 1.2820513248443604, 1.0643762350082397, 1.0467666387557983, 1.025414228439331, 1.382659673690796, 1.1386678218841553, 1.2155256271362305, 1.2198877334594727, 1.239593744277954, 1.08713698387146, 1.0648053884506226, 1.3583567142486572, 1.0472551584243774, 1.0052495002746582, 1.2431535720825195, 1.3228410482406616, 1.0012500286102295, 1.029304027557373, 1.1706515550613403, 1.318891167640686, 1.0136992931365967, 1.2244572639465332, 1.6842105388641357, 1.169058084487915, 1.0586729049682617, 1.9024193286895752, 1.3586034774780273, 1.2148938179016113, 1.5763053894042969, 1.2023237943649292, 1.3369922637939453, 1.2440458536148071, 1.0791178941726685, 1.0951579809188843, 1.4077587127685547, 1.5171589851379395, 1.022202968597412, 1.625, 1.238907814025879, 2.20652174949646, 1.3024500608444214, 1.065334439277649, 1.1167196035385132, 1.0414152145385742, 1.4595739841461182, 1.217302680015564, 1.020478367805481]

WORKLOAD-FINISHED | Type: QueryWorkload | Progress: 5/11 | Workload-time: 12.264184 | Model-update-time: 0.000000

Distance score: 0.00010889768600463867

WORKLOAD-FINISHED | Type: DataUpdateWorkload | Progress: 6/11 | Workload-time: 1.991523 | Model-update-time: 2.043552

ReportEsts: [1.0317392349243164, 1.0142639875411987, 1.2657232284545898, 1.651072382926941, 1.11360764503479, 2.8132057189941406, 1.195510745048523, 1.0425472259521484, 1.2381048202514648, 1.494505524635315, 1.0699940919876099, 2.249704122543335, 1.0120773315429688, 1.2496525049209595, 1.362933874130249, 1.1926202774047852, 1.2672358751296997, 1.0800858736038208, 1.0523247718811035, 1.843679666519165, 1.162894368171692, 1.8394458293914795, 1.5758333206176758, 1.159422755241394, 1.1578179597854614, 1.2952535152435303, 1.1919591426849365, 1.3232578039169312, 1.2344176769256592, 1.5039787292480469, 1.319930076599121, 1.5423728227615356, 1.4233847856521606, 72.47916412353516, 1.0835316181182861, 1.2225438356399536, 1.1268366575241089, 1.1094646453857422, 1.1815848350524902, 1.1179119348526, 1.027711033821106, 1.094461441040039, 1.5027048587799072, 1.0695793628692627, 1.1045434474945068, 1.081135630607605, 1.1088788509368896, 1.0964864492416382, 1.2380952835083008, 1.0354161262512207, 1.036781668663025, 1.4545085430145264, 1.4287638664245605, 1.290676474571228, 1.0585637092590332, 1.3850042819976807, 1.1617265939712524, 1.1741045713424683, 1.1122537851333618, 1.1018065214157104, 1.3105888366699219, 1.4155844449996948, 1.0744835138320923, 1.004356861114502, 62.02381134033203, 1.1364226341247559, 1.5517462491989136, 1.2199610471725464, 1.1531492471694946, 1.0927867889404297, 1.234026551246643, 1.120121717453003, 1.031242847442627, 1.0051466226577759, 1.1363648176193237, 1.5031132698059082, 1.0470439195632935, 1.3340152502059937, 1.25, 1.979305624961853, 1.189145565032959, 1.3596491813659668, 1.02736234664917, 1.115384578704834, 1.0919309854507446, 1.0227253437042236, 1.0470774173736572, 1.4740581512451172, 1.0676828622817993, 1.0945336818695068, 1.21692955493927, 1.526371717453003, 1.0807493925094604, 1.2082382440567017, 72.48029327392578, 1.2493014335632324, 1.1469534635543823, 1.3136560916900635, 1.2102543115615845, 1.2561475038528442, 1.2224041223526, 1.1933863162994385, 1.1302108764648438, 1.0961335897445679, 1.0986607074737549, 1.242902159690857, 1.045777440071106, 1.0539207458496094, 1.0099694728851318, 1.188662052154541, 1.3879598379135132, 1.0646899938583374, 1.0592031478881836, 1.3320612907409668, 1.2256264686584473, 3.394582509994507, 1.0619468688964844, 1.0753283500671387, 1.200429916381836, 1.1214206218719482, 1.7445391416549683, 1.1146091222763062, 1.2904834747314453, 1.1446013450622559, 1.2557376623153687, 1.241412878036499, 1.1411212682724, 1.1423487663269043, 1.4618409872055054, 1.1581419706344604, 1.8386647701263428, 1.7277486324310303, 1.1800230741500854, 1.1395409107208252, 1.007383942604065, 1.0792428255081177, 1.0270675420761108, 1.1188760995864868, 1.132480263710022, 1.0019493103027344, 1.6911710500717163, 1.01301908493042, 1.0048269033432007, 1.0789908170700073, 1.02916419506073, 1.2102859020233154, 1.1215771436691284, 1.0, 1.1828728914260864, 1.0748604536056519, 1.0271438360214233, 1.2766211032867432, 1.2395066022872925, 1.274193525314331, 5.187152862548828, 1.2191840410232544, 1.006635308265686, 1.2611260414123535, 1.0369361639022827, 1.0012561082839966, 1.232166051864624, 1.1388674974441528, 1.1950207948684692, 1.044707179069519, 1.221084475517273, 1.0545119047164917, 1.0391058921813965, 1.49801504611969, 1.4981937408447266, 1.0389221906661987, 1.1352895498275757, 1.0364477634429932, 1.1654152870178223, 1.108595371246338, 1.1674789190292358, 1.7105263471603394, 1.1613868474960327, 1.134391188621521, 1.7900338172912598, 1.2718431949615479, 1.0116217136383057, 1.6179300546646118, 1.0943690538406372, 1.113616704940796, 1.0716466903686523, 1.0976464748382568, 1.1127960681915283, 1.1138783693313599, 1.7663891315460205, 1.0869865417480469, 3.0092475414276123, 1.6062536239624023, 1.1667128801345825, 1.1593694686889648, 1.1125458478927612, 1.0809545516967773, 1.1846882104873657, 1.166325330734253, 1.4494742155075073, 1.1853151321411133]

WORKLOAD-FINISHED | Type: QueryWorkload | Progress: 7/11 | Workload-time: 12.355192 | Model-update-time: 0.000000

Distance score: 9.766816947376356e-05

WORKLOAD-FINISHED | Type: DataUpdateWorkload | Progress: 8/11 | Workload-time: 1.996923 | Model-update-time: 2.045446

ReportEsts: [1.0968979597091675, 1.1062862873077393, 1.2942988872528076, 1.7963615655899048, 1.0508978366851807, 3.4487528800964355, 1.1436058282852173, 1.0594781637191772, 1.4294817447662354, 1.009472131729126, 1.0109176635742188, 1.912650227546692, 1.0554156303405762, 1.451612949371338, 1.3085215091705322, 1.3836575746536255, 1.6008614301681519, 1.1334258317947388, 1.029884696006775, 1.902308702468872, 1.0162060260772705, 1.9026261568069458, 1.4715789556503296, 1.1272032260894775, 1.081547498703003, 1.4099440574645996, 1.1545544862747192, 1.2975976467132568, 38.724571228027344, 1.5325900316238403, 1.3362470865249634, 1.5677965879440308, 1.4499826431274414, 97.06723022460938, 1.0754238367080688, 1.1288766860961914, 1.1119775772094727, 1.0912517309188843, 1.2065256834030151, 1.0620783567428589, 1.0828640460968018, 1.2758620977401733, 81.11409759521484, 1.078410029411316, 1.1869332790374756, 1.1988352537155151, 1.276049256324768, 1.139358401298523, 1.4333332777023315, 1.10842764377594, 1.0158402919769287, 1.3336900472640991, 1.0722495317459106, 1.004539966583252, 1.0421559810638428, 1.1339622735977173, 1.174925446510315, 1.1311794519424438, 1.222895622253418, 1.029700517654419, 1.3169533014297485, 1.0025960206985474, 1.1394262313842773, 1.788529872894287, 1.0183230638504028, 1.0435185432434082, 1.3885196447372437, 1.8308675289154053, 1.082975149154663, 1.1610169410705566, 1.0682027339935303, 1.033369541168213, 1.0585402250289917, 1.168010950088501, 1.2059144973754883, 1.1257628202438354, 1.042127013206482, 1.027114748954773, 1.090243935585022, 1.1437797546386719, 1.008548378944397, 1.1786834001541138, 1.0373955965042114, 1.268067717552185, 1.1526588201522827, 1.1222195625305176, 1.5234042406082153, 1.4637871980667114, 1.4088029861450195, 1.0299655199050903, 1.5000327825546265, 1.2246297597885132, 1.1227710247039795, 1.04718816280365, 1.5862987041473389, 1.1987181901931763, 1.0442785024642944, 1.0513241291046143, 1.132692575454712, 1.2888414859771729, 2.350742816925049, 1.5835059881210327, 1.0753276348114014, 1.07449209690094, 1.567589282989502, 1.0587016344070435, 1.1334218978881836, 1.1448454856872559, 1.1068129539489746, 1.2064896821975708, 1.1394927501678467, 1.0544472932815552, 1.0324681997299194, 1.143200397491455, 1.0697431564331055, 1.1386058330535889, 1.0189483165740967, 1.3285202980041504, 1.1998945474624634, 3.5075180530548096, 1.4867256879806519, 1.0520665645599365, 1.135288119316101, 1.0992512702941895, 1.623185157775879, 1.043890118598938, 1.2397828102111816, 1.1921889781951904, 1.188059687614441, 1.546407699584961, 1.0944265127182007, 1.0490204095840454, 1.2248711585998535, 1.1010704040527344, 1.3842931985855103, 1.5591200590133667, 1.206047534942627, 1.0807857513427734, 1.115719199180603, 1.0404499769210815, 1.0538084506988525, 1.0220260620117188, 1.199768304824829, 1.0843803882598877, 1.588697075843811, 1.0031545162200928, 1.0016369819641113, 1.2267441749572754, 1.0140345096588135, 1.0583686828613281, 1.5211189985275269, 1.1647037267684937, 1.036907434463501, 1.2067806720733643, 1.2525027990341187, 1.072593331336975, 1.1899946928024292, 1.000232219696045, 1.2706767320632935, 6.666350841522217, 1.135658860206604, 1.0642751455307007, 1.3887096643447876, 1.5792467594146729, 1.1271936893463135, 1.1749725341796875, 29.71019172668457, 1.2905939817428589, 1.4147707223892212, 1.1250686645507812, 1.286116123199463, 1.3238307237625122, 1.186347484588623, 1.2564460039138794, 1.2540174722671509, 1.1095973253250122, 1.306988000869751, 1.5533782243728638, 1.1888819932937622, 1.0932998657226562, 1.4926893711090088, 1.9736841917037964, 1.1363943815231323, 1.1684045791625977, 1.450318694114685, 1.1318780183792114, 1.2617640495300293, 1.8601964712142944, 1.1757280826568604, 1.1999813318252563, 1.0407044887542725, 1.0896670818328857, 1.061000108718872, 1.0819376707077026, 1.3767234086990356, 1.4867820739746094, 1.2541394233703613, 1.0631952285766602, 1.4429404735565186, 1.5626486539840698]

WORKLOAD-FINISHED | Type: QueryWorkload | Progress: 9/11 | Workload-time: 12.390604 | Model-update-time: 0.000000

Distance score: 8.87692003743723e-05

WORKLOAD-FINISHED | Type: DataUpdateWorkload | Progress: 10/11 | Workload-time: 2.013499 | Model-update-time: 2.063757

ReportEsts: [1.1183762550354004, 1.0314315557479858, 1.236543893814087, 1.7860512733459473, 1.342035174369812, 1.0481481552124023, 1.1606051921844482, 1.1345247030258179, 1.6020005941390991, 1.0022356510162354, 1.0654728412628174, 1.782991886138916, 1.0096385478973389, 1.3885399103164673, 1.3816144466400146, 1.5351136922836304, 1.4821645021438599, 1.1076414585113525, 1.03174889087677, 6.367214679718018, 1.1450858116149902, 88.38201904296875, 1.020355224609375, 7.9384613037109375, 1.1451385021209717, 1.1789976358413696, 1.2312897443771362, 1.7409766912460327, 50.72716522216797, 1.2530039548873901, 1.3385781049728394, 1.6779661178588867, 1.422153353691101, 118.11885070800781, 1.0806459188461304, 1.0370370149612427, 1.0989502668380737, 1.0543789863586426, 1.3065322637557983, 1.154910922050476, 1.1017303466796875, 1.2375478744506836, 105.5314712524414, 1.1378010511398315, 1.2532936334609985, 1.0680009126663208, 1.3742393255233765, 1.142776608467102, 1.3238095045089722, 1.0937880277633667, 1.023639440536499, 1.3399828672409058, 1.0223714113235474, 1.215110182762146, 1.0432910919189453, 1.0882863998413086, 1.2318724393844604, 1.0501806735992432, 4.509401798248291, 1.5088160037994385, 1.1452991962432861, 1.018217921257019, 1.117909550666809, 1.5550912618637085, 1.0028111934661865, 1.0295395851135254, 1.2787399291992188, 2.0418193340301514, 1.122848391532898, 1.2372881174087524, 1.009691596031189, 1.002048373222351, 1.0792427062988281, 1.150770902633667, 1.1107234954833984, 1.0218806266784668, 1.043073296546936, 1.0953456163406372, 1.3881784677505493, 1.3153822422027588, 1.2018228769302368, 1.1458052396774292, 1.0987533330917358, 1.4179997444152832, 1.2123215198516846, 1.0242106914520264, 1.3928117752075195, 1.466033697128296, 1.3526146411895752, 1.020967721939087, 1.676830530166626, 1.124308705329895, 1.126442313194275, 1.061937928199768, 1.7904618978500366, 1.1377888917922974, 1.2419159412384033, 1.1555769443511963, 1.1136571168899536, 1.4973632097244263, 2.5006191730499268, 1.4432719945907593, 1.1331883668899536, 1.1491841077804565, 1.4031479358673096, 1.1021671295166016, 1.0270668268203735, 1.0672074556350708, 1.044988751411438, 1.1067708730697632, 1.1494346857070923, 1.0662684440612793, 1.016937017440796, 1.0324779748916626, 1.2264180183410645, 1.0023365020751953, 1.0246739387512207, 1.1711481809616089, 1.1152294874191284, 1.3865201473236084, 1.1592919826507568, 1.0538597106933594, 1.1593488454818726, 1.063382625579834, 1.7144248485565186, 1.1612553596496582, 1.3881062269210815, 1.0569907426834106, 1.2288261651992798, 1.509522557258606, 1.0418682098388672, 1.035874366760254, 1.3614540100097656, 1.0053631067276, 1.5985490083694458, 1.0804351568222046, 1.4796761274337769, 1.069975733757019, 1.1166043281555176, 1.0865087509155273, 1.0386909246444702, 1.0275264978408813, 1.2111555337905884, 1.085302472114563, 1.757712960243225, 1.0357508659362793, 1.087334156036377, 1.1164021492004395, 1.005489706993103, 1.312691330909729, 1.65715754032135, 1.1913626194000244, 1.0973650217056274, 1.3041658401489258, 1.2028868198394775, 1.0859713554382324, 1.0696474313735962, 1.1436752080917358, 1.2971014976501465, 8.23257827758789, 1.234270691871643, 1.0557751655578613, 1.4630593061447144, 1.605114221572876, 1.1384568214416504, 1.152541995048523, 35.33333206176758, 1.357634425163269, 1.091712236404419, 1.184268832206726, 1.128306269645691, 1.4593935012817383, 1.0481706857681274, 1.3826687335968018, 1.6853355169296265, 1.0781477689743042, 1.3296211957931519, 1.1536226272583008, 1.3657509088516235, 1.0594590902328491, 1.3528578281402588, 2.21052622795105, 1.1358987092971802, 1.017280101776123, 1.7106544971466064, 1.1165266036987305, 1.0631403923034668, 1.9383254051208496, 1.2166270017623901, 1.0139238834381104, 1.0379788875579834, 1.059267282485962, 1.175401210784912, 1.0091526508331299, 1.5237880945205688, 1.923547387123108, 1.157666802406311, 1.1463825702667236, 1.6007001399993896, 1.3842391967773438]

WORKLOAD-FINISHED | Type: QueryWorkload | Progress: 11/11 | Workload-time: 12.427759 | Model-update-time: 0.000000

Experiment Summary: #data-update-times=5, #drift=5 | total-time=94.088860
Sum of Model-update-time = 10.3989
The 1st    ReportEsts -> max: 3.0599	99th: 1.9071	95th: 1.4825	median: 1.1090	mean: 1.1648
2nd to end ReportEsts -> max: 118.1189	99th: 38.7972	95th: 1.8313	median: 1.1526	mean: 2.1437
