Input arguments = Namespace(data_update='tupleskew', update_size=20000, dataset='bjaq', debug=False, drift_test='distribution', model_update='adapt', model='transformer', end2end=False, query_seed=0, random_seed=42, num_workload=15)

JSON-passed parameters = {'data_updater': {'skew_ratio': '1e-3'}, 'random_seed': 0, 'transformer': {'epochs': 40}}

ReportEsts: [1.0222222222222221, 1.0166666666666666, 1.0521823416229041, 1.0924369747899159, 1.5, 1.0, 1.0914801727522576, 1.045927983798927, 1.0, 1.0317880794701986, 1.124866533922027, 1.042830800304775, 1.0778632865550022, 1.0883720930232559, 1.0589897562698694, 1.0, 1.011111111111111, 1.0042689434364995, 3.0, 2.0, 1.0740740740740742, 1.1184813546239567, 1.1033017754582886, 1.088667058132707, 1.024173655648742, 1.0, 1.1351265149904317, 1.5, 1.2, 1.014388489208633, 1.0, 1.0474058525525207, 1.0104356330889228, 1.0122086570477247, 1.1622852107504773, 1.2381910390209145, 1.1577540106951871, 1.001780597327158, 1.10024795096081, 1.119047619047619, 1.0878661087866108, 1.0, 1.0, 1.0301873798387329, 1.1413732394366196, 1.8615384615384616, 1.0, 1.1696113074204948, 1.0332913193738564, 1.0648148148148149, 1.050991214522622, 1.3487972508591066, 1.0383867932950153, 2.0, 1.238961038961039, 1.0776495985967753, 1.0140117994100295, 1.3658536585365855, 1.0372670807453417, 1.0, 1.0761995637949837, 1.0933997509339974, 1.1363636363636365, 1.0344827586206897, 1.0909090909090908, 1.05376226428858, 1.2123735871505057, 1.75, 1.0, 1.0133194785565842, 1.0219512195121951, 1.0615206035983749, 1.023041474654378, 1.088437587136351, 1.068235294117647, 1.0778443113772456, 1.3333333333333333, 1.113152400835073, 2.0, 1.0222945818299158, 1.3333333333333333, 1.0616095366821032, 1.2208588957055215, 1.0738916256157636, 1.1241413150147204, 1.0, 1.0627156068994208, 1.032930156200961, 1.0147058823529411, 1.75, 1.1847940865892292, 1.0685308597678973, 1.0685358255451713, 1.050490883590463, 1.0349716446124764, 1.0155844155844156, 1.0150375939849625, 1.1615460852329038, 1.0, 1.2316738103088252]

WORKLOAD-FINISHED | Type: QueryWorkload | Progress: 1/15 | Workload-time: 3.448248 | Model-update-time: 0.000000

Distance score: 2.1600722902803682e-05

WORKLOAD-FINISHED | Type: DataUpdateWorkload | Progress: 2/15 | Workload-time: 2.009428 | Model-update-time: 24.919192

ReportEsts: [1.173913043478261, 1.1599178403755868, 1.033229299227209, 1.1, 2.727272727272727, 1.0, 1.2516676476358641, 1.0304618908258047, 1.6666666666666667, 1.012443438914027, 1.0391974887402757, 1.0090426715223821, 1.1993543179983859, 1.34375, 1.2229787234042553, 1.0, 2.3684210526315788, 1.6858823529411764, 3.0, 1.0, 1.3703703703703705, 1.0272921283756054, 1.0625404201298234, 1.192577030812325, 1.0648596321393997, 1.0, 1.123891442977903, 3.0, 1.4, 1.1079136690647482, 1.0, 1.0156145205402431, 1.002498743322072, 1.0704449152542372, 1.0285386490750035, 1.0612056035995787, 1.2112299465240641, 1.7333333333333334, 1.1192660550458715, 1.2956989247311828, 1.0227992400253325, 1.012892387001749, 1.0062307076712016, 1.7622377622377623, 1.0112754429638307, 1.0, 2.2972972972972974, 2.2857142857142856, 1.3455497382198953, 1.4929577464788732, 1.1296922902236857, 1.2136105860113422, 1.1492537313432836, 1.0605024276968547, 2.16793893129771, 1.0350453795379537, 1.0995899312346225, 1.0184722943197004, 1.0229007633587786, 1.0001338940352686, 1.1851851851851851, 1.0136115270188812, 1.0574324324324325, 1.3272727272727274, 1.7058823529411764, 1.1, 1.0043401644693903, 1.041073512252042, 7.0, 1.0, 1.1560907013534891, 1.0535331905781584, 1.2814207650273224, 1.4989939637826961, 1.1037282384780063, 1.2159383033419022, 1.2925989672977625, 1.0, 1.0776617954070982, 1.0204081632653061, 1.0418272161810003, 2.0, 1.0665401244331962, 1.7526881720430108, 1.0812356979405033, 1.2769423558897244, 1.0, 1.0460035523978686, 1.0231171431749917, 2.0816326530612246, 1.4285714285714286, 1.565780504430811, 1.0499547202653274, 1.3489096573208723, 1.1240875912408759, 1.0857142857142856, 1.3445945945945945, 11.8, 1.1763392857142858, 1.0]

WORKLOAD-FINISHED | Type: QueryWorkload | Progress: 3/15 | Workload-time: 3.302615 | Model-update-time: 0.000000

Distance score: 5.435943421616685e-06

WORKLOAD-FINISHED | Type: DataUpdateWorkload | Progress: 4/15 | Workload-time: 1.988290 | Model-update-time: 0.000000

ReportEsts: [1.2703488372093024, 1.1659180235822573, 1.060591081560901, 1.0423076923076924, 2.5, 1.0, 1.1482910694597575, 1.009761879718107, 1.6666666666666667, 1.0588235294117647, 1.0626429838315812, 1.0112924940436705, 1.1679702048417133, 1.1944444444444444, 1.0910780669144982, 2.0039525691699605, 1.1384615384615384, 3.1666666666666665, 1.7142857142857142, 1.0681362725450902, 1.117521846291732, 1.231945176594623, 1.018310546875, 1.4375, 1.1313513513513513, 1.0013485622439102, 2.0, 1.0938664088492052, 2.0, 1.2, 1.1007194244604317, 1.0, 1.0128318753103869, 1.0058438665849991, 1.0436720142602496, 1.0330499177180472, 1.056480614064247, 1.3074866310160427, 1.8166666666666667, 1.144649446494465, 1.231686541737649, 1.0179237798607235, 1.0039251499372153, 1.01842897055663, 1.8245033112582782, 1.125851885506588, 1.1111111111111112, 2.4054054054054053, 1.7049180327868851, 1.3684771033013845, 1.394736842105263, 1.026436477488204, 1.2279929577464788, 1.1159420289855073, 1.0617908709360002, 1.8549618320610688, 1.0329205142845892, 1.0795444929340796, 1.0130153779919882, 1.0298507462686568, 1.0384125876762953, 1.2962962962962963, 1.0264822061087107, 1.0175718849840256, 1.1569343065693432, 1.7755102040816326, 6.777777777777778, 1.017635409135205, 1.1827647319450598, 7.0, 1.0, 1.1018386365544455, 1.0817610062893082, 1.2876623376623377, 1.5814889336016096, 1.1526347899031495, 1.3961748633879782, 1.202247191011236, 1.0, 1.0993865030674848, 1.0204081632653061, 1.0321614544141107, 1.75, 1.1975301712040416, 1.9878048780487805, 1.0384615384615385, 1.3031026252983293, 1.0, 1.0512428214697478, 1.0333612580990656, 2.4857142857142858, 1.4285714285714286, 1.568166992824527, 1.0153558559778928, 1.1246684350132625, 1.0392902408111533, 1.0223752151462995, 1.2747747747747749, 11.8, 1.2611607142857142]

WORKLOAD-FINISHED | Type: QueryWorkload | Progress: 5/15 | Workload-time: 3.341962 | Model-update-time: 0.000000

Distance score: 1.8036365872831084e-05

WORKLOAD-FINISHED | Type: DataUpdateWorkload | Progress: 6/15 | Workload-time: 2.018749 | Model-update-time: 49.233099

ReportEsts: [1.146981627296588, 1.1189325488548014, 1.020100566563211, 1.1730382293762576, 1.1538461538461537, 1.0, 1.140324454580662, 1.0374364159841918, 1.0, 1.003393665158371, 1.0387468030690536, 1.0113675129443336, 1.0227690047741462, 1.4191419141914192, 1.011844331641286, 1.0284552845528456, 1.05, 2.85, 1.2, 1.0320512820512822, 1.066185732279858, 1.0690401949087118, 14.75, 1.2979397781299524, 1.0342048943891318, 1.008876994781315, 2.0, 1.0705402044016654, 2.0, 1.6, 1.0359712230215827, 1.0, 1.0006968234336977, 1.0167673575611116, 1.0171218915613534, 1.1166796166796167, 1.056059534426028, 1.3926174496644295, 1.4528301886792452, 1.2938254080908447, 1.0072904009720534, 1.1853513513513514, 1.0020897501531645, 1.0416906418371084, 1.4150110375275937, 1.0454115421002839, 1.3888888888888888, 2.891891891891892, 6.117647058823529, 1.1541811846689896, 1.1041666666666667, 1.1114521787296898, 1.034098816979819, 1.1954022988505748, 1.0234632461766158, 1.5572519083969465, 1.0553442446595973, 1.0423941875216238, 1.0258064516129033, 1.2435897435897436, 1.0324250362328626, 1.1851851851851851, 1.0084215635167442, 2.1077441077441077, 1.145985401459854, 1.2772277227722773, 10.166666666666666, 1.1498383657748126, 1.0165058949624866, 2.3333333333333335, 1.0, 1.0407010549048925, 1.2169459962756053, 1.2033603707995364, 1.0040241448692153, 1.154657671881728, 1.1013094417643006, 1.5538233110616184, 1.2689655172413794, 1.124031007751938, 1.0499476671631576, 1.1976284584980237, 2.0851063829787235, 1.0, 11.75, 1.0173812282734647, 1.1372549019607843, 1.1264138389886893, 1.0, 23.75, 1.0477112553206336, 1.0589633856395626, 1.0354855543431851, 1.123972602739726, 1.1468714448236632, 1.1193633952254642, 1.0968152866242038, 1.054095826893354, 1.6689342403628118, 6.285714285714286]

WORKLOAD-FINISHED | Type: QueryWorkload | Progress: 7/15 | Workload-time: 3.331966 | Model-update-time: 0.000000

Distance score: 6.878376098029548e-06

WORKLOAD-FINISHED | Type: DataUpdateWorkload | Progress: 8/15 | Workload-time: 1.999509 | Model-update-time: 25.003879

ReportEsts: [1.0640732265446224, 1.189634294017922, 1.0399182697099572, 1.0085763293310464, 1.3636363636363635, 1.0, 1.1536692538294115, 1.01194880792497, 1.6666666666666667, 1.1689119170984457, 1.1111085213499907, 1.0049923111910073, 1.0947527368818422, 1.1684782608695652, 1.1649886326729457, 1.592885375494071, 1.0404040404040404, 2.375, 1.4166666666666667, 1.0400333611342785, 1.0176811299664668, 1.0752225431822202, 1.1385964912280702, 1.3313565604151223, 1.0035597642952185, 1.004002068107821, 2.0, 1.018956733131611, 1.5, 2.0, 1.775, 1.0, 1.00278337518291, 1.0154441919223982, 1.1102204408817635, 1.090303837307832, 1.0571772937060882, 1.0629067245119306, 9.636363636363637, 1.0053900038059187, 1.0307720655979362, 1.011732303662801, 1.3690095846645367, 1.0393630507334488, 1.3638297872340426, 1.057652775182209, 1.0, 1.0360750360750361, 1.0433070866141732, 1.002135231316726, 10.2, 1.7783505154639174, 1.3, 2.9642857142857144, 1.0305839416058393, 1.0182722897463088, 1.2589463220675945, 1.113744075829384, 1.0256410256410255, 1.039634899184225, 1.2962962962962963, 1.0084113985124208, 1.5697399527186762, 1.0185873605947955, 1.032, 15.25, 1.1098904608309648, 1.0470400637831374, 1.9838709677419355, 1.2222222222222223, 1.4192459200900394, 1.3128930817610063, 1.135, 1.0945674044265594, 1.004433668167648, 1.0458660229330115, 2.43583945732052, 1.7037037037037037, 1.316326530612245, 1.0318537464724926, 1.1815087918321043, 1.3243243243243243, 1.0, 15.666666666666666, 1.2435158501440922, 2.019607843137255, 1.2406451612903227, 4.583333333333333, 19.0, 1.0300575953923685, 1.0350200555384141, 1.0899177348383393, 1.0683150973572644, 1.041472829852519, 1.3810623556581987, 1.31651376146789, 1.1409942950285248, 1.1738437001594897, 1.380952380952381, 1.387465510445408]

WORKLOAD-FINISHED | Type: QueryWorkload | Progress: 9/15 | Workload-time: 3.331311 | Model-update-time: 0.000000

Distance score: 2.6226043701171875e-06

WORKLOAD-FINISHED | Type: DataUpdateWorkload | Progress: 10/15 | Workload-time: 2.009665 | Model-update-time: 0.000000

ReportEsts: [1.0505494505494506, 1.1275971093044264, 1.010270737093474, 1.1578044596912522, 1.3636363636363635, 1.0, 1.1186755805213813, 1.0225102730376636, 1.25, 1.1625615763546797, 1.0070982523922907, 1.0068613603633543, 1.1505490612823237, 1.0696517412935322, 1.1437182741116751, 1.6640316205533596, 1.1115107913669064, 2.28, 1.5, 1.0204081632653061, 1.0253679318357862, 1.0688308208650037, 1.088187702265372, 1.4133611691022965, 1.0054381165547541, 1.0043429018188244, 2.0, 1.0509295691520755, 3.0, 2.2, 1.3396226415094339, 1.0, 1.0014464203613032, 1.003486775765086, 1.1314878892733564, 1.1021714285714286, 1.0566739543996138, 1.0260303687635575, 9.636363636363637, 1.0060877669594877, 1.0435828629591932, 1.0080734750820266, 1.273758865248227, 1.0451486814111128, 1.4627766599597585, 1.0009533172461047, 1.0588235294117647, 1.0054869684499315, 1.4921259842519685, 1.0144092219020173, 10.2, 1.5265486725663717, 1.0902255639097744, 2.7666666666666666, 1.0791897992800927, 1.0285276435223387, 1.286175189546701, 1.0638297872340425, 1.0769230769230769, 1.0513233671811888, 1.4259259259259258, 1.0172474452017248, 1.4954954954954955, 1.062015503875969, 1.0930232558139534, 12.2, 1.061543432919127, 1.0696276183087665, 1.9069767441860466, 1.2222222222222223, 1.344280545505149, 1.1777777777777778, 1.1118042226487523, 1.0567765567765568, 1.0142970875074637, 1.3607198748043818, 1.4741263440860215, 1.546218487394958, 1.5980392156862746, 1.0103204495206801, 1.0852130325814537, 1.3066666666666666, 1.0, 23.5, 1.2428940568475453, 2.176470588235294, 1.1200502828409804, 4.583333333333333, 19.0, 1.0146134872248336, 1.0068581225889413, 1.4146975282528556, 1.1294932661563801, 1.073741362290227, 1.3903002309468822, 1.2986425339366516, 1.1277735271614384, 1.347985347985348, 1.3181818181818181, 1.569176192353173]

WORKLOAD-FINISHED | Type: QueryWorkload | Progress: 11/15 | Workload-time: 3.331936 | Model-update-time: 0.000000

Distance score: 5.4001807257009204e-06

WORKLOAD-FINISHED | Type: DataUpdateWorkload | Progress: 12/15 | Workload-time: 2.004665 | Model-update-time: 0.000000

ReportEsts: [1.315136476426799, 1.1990302470561072, 1.0385281855666566, 1.2830188679245282, 1.25, 1.0, 1.1380570036911601, 1.0153596450336353, 1.6666666666666667, 1.106822262118492, 1.074415429254139, 1.0059974548197275, 1.0981169474727452, 1.0462287104622872, 1.175917215428034, 1.2920353982300885, 1.0198019801980198, 2.375, 1.5, 1.037037037037037, 1.040089921318846, 1.078582685723602, 1.0524256651017214, 1.7383437717466945, 1.0087737589221268, 1.0000281635328336, 2.0, 1.061735116581844, 2.0, 2.2, 1.775, 1.0, 1.0005791729410403, 1.0103921490871004, 1.0472999605833662, 1.0868435300487276, 1.0322511345632268, 1.0646464646464646, 8.833333333333334, 1.0114836975044497, 1.035055187637969, 1.0126305382191187, 1.3635097493036212, 1.0122756197169722, 1.4367588932806323, 1.1375977910722503, 1.0, 1.030013642564802, 1.0387323943661972, 1.0384615384615385, 8.5, 1.638655462184874, 1.0469314079422383, 3.1923076923076925, 1.0353003517633264, 1.026981067906133, 1.0771167177020908, 1.0058252427184466, 1.1153846153846154, 1.0418889555698114, 1.3703703703703705, 1.0354367520763108, 1.65, 1.0985401459854014, 1.0775193798449612, 12.2, 1.0243702081051478, 1.0683953400977075, 1.8222222222222222, 1.2222222222222223, 1.4002178056084944, 1.2051851851851851, 1.144306131857999, 1.0628183361629882, 1.05036977813312, 1.0617355853232382, 1.4782042940793754, 1.8728813559322033, 1.018761393940307, 1.2199787460148779, 2.272727272727273, 1.0129383387964623, 1.75, 1.0747019222970233, 1.1164383561643836, 1.076988879384089, 1.0985915492957747, 1.4, 1.0018598484499728, 1.048926150365258, 1.429245283018868, 1.4285714285714286, 1.0834758809442353, 1.002397573583426, 1.4064665127020786, 1.2863247863247864, 1.0752542372881355, 1.3344887348353554, 1.2608695652173914, 1.5474040632054176]

WORKLOAD-FINISHED | Type: QueryWorkload | Progress: 13/15 | Workload-time: 3.344047 | Model-update-time: 0.000000

Distance score: 2.7298926852381555e-06

WORKLOAD-FINISHED | Type: DataUpdateWorkload | Progress: 14/15 | Workload-time: 2.025293 | Model-update-time: 0.000000

ReportEsts: [1.0371819960861057, 1.1489228194938297, 1.0279403807368783, 1.0398818316100442, 1.25, 1.0, 1.161426408019038, 1.0072087158738932, 1.25, 1.1526032315978456, 1.101629933367504, 1.0034641073777506, 1.1928546652792231, 1.0186046511627906, 1.2359550561797752, 1.345132743362832, 1.0711974110032363, 2.1923076923076925, 1.5833333333333333, 1.0402010050251256, 1.0173976742056587, 1.091424935725972, 1.0754573170731707, 1.2748655913978495, 1.0175724749184465, 1.0165731555800974, 2.0, 1.0517729848290989, 3.0, 2.6, 1.3653846153846154, 1.0, 1.0009201969283392, 1.0234769210547454, 33.5, 1.035680751173709, 1.5, 2.1818181818181817, 90.0, 1.5555555555555556, 1.0814267159556399, 1.5595238095238095, 1.4225922592259226, 1.084862385321101, 49.0, 1.006480558325025, 1.013778182646322, 1.8059701492537314, 1.1067961165048543, 1.12, 1.0160973611772004, 1.0452261306532664, 1.0307169554875977, 1.3829787234042554, 1.0023196322730137, 2.0, 1.0055350553505535, 1.2289666534113504, 1.04851598173516, 1.1006864988558351, 1.093167701863354, 1.6, 1.956043956043956, 1.1168091168091168, 1.2566539923954372, 1.019489349610822, 1.5555555555555556, 1.9090909090909092, 1.0355605369742975, 1.0062148728884097, 1.4666666666666666, 2.0, 1.2246256239600666, 1.0062604038503293, 1.2097791798107256, 1.087520259319287, 1.0576233539584325, 1.4297397769516729, 1.401360544217687, 1.625, 1.0255126224341742, 1.163972286374134, 1.5625, 1.024510852052509, 44.0, 1.0341074150452794, 1.1333333333333333, 1.0432839821263555, 1.033341784989858, 1.8780487804878048, 1.1666666666666667, 32.5, 1.0347944294205267, 1.0128290792462915, 1.2904293791066062, 1.1481958471723266, 1.0494053864987758, 1.4087759815242493, 1.215343203230148, 1.013690105787181]

WORKLOAD-FINISHED | Type: QueryWorkload | Progress: 15/15 | Workload-time: 3.324974 | Model-update-time: 0.000000

Experiment Summary: #data-update-times=7, #drift=3 | total-time=140.002623
Sum of Model-update-time = 99.1562
The 1st    ReportEsts -> max: 3.0000	99th: 2.0100	95th: 1.7556	median: 1.0684	mean: 1.1571
2nd to end ReportEsts -> max: 90.0000	99th: 19.0450	95th: 3.0000	median: 1.1128	mean: 1.9871
