Input arguments = Namespace(data_update='valueskew', update_size=80000, dataset='bjaq', debug=False, drift_test='js', model_update='adapt', model='transformer', end2end=False, query_seed=0, random_seed=42, num_workload=3)
JSON-passed parameters = {'data_updater': {'skew_ratio': '1e-3'}, 'random_seed': 93, 'transformer': {'epochs': 0}}
MODEL-PATH=/home/kangping/code_copy/SAUCE/models/end2end/transformer/origin-bjaq-0.4MB-model34.249-data18.543-300epochs-seed0.pt
DATASET-PATH=/home/kangping/code_copy/SAUCE/data/bjaq/end2end/bjaq.npy
Workloads: ['QueryWorkload', 'DataUpdateWorkload', 'QueryWorkload']

WORKLOAD-START | Type: QueryWorkload | Progress: 1/3
Going to run: ['python', '/home/kangping/code_copy/SAUCE/Naru/eval_model.py', '--dataset=bjaq', '--model=transformer', '--query_seed=0', '--end2end', '--eval_type=first_estimate', '--num_workload=3', '--data_update=valueskew', '--model_update=adapt', '--random_seed=42']
Torch device: cuda:1
GET-MODEL-PATH=./models/end2end/transformer/origin-bjaq-0.4MB-model34.249-data18.543-300epochs-seed0.pt
ckpts [PosixPath('/home/kangping/code_copy/SAUCE/models/end2end/transformer/origin-bjaq-0.4MB-model34.249-data18.543-300epochs-seed0.pt')]
Validate Argument: DATASET="bjaq" is valid.
load_npy_dataset_from_path - df.shape = (382168, 5)
Parsing... done, took 0.0s
Loading ckpt: /home/kangping/code_copy/SAUCE/models/end2end/transformer/origin-bjaq-0.4MB-model34.249-data18.543-300epochs-seed0.pt
query_seed:0
origin-bjaq_15.71 	max: 5.0000	99th: 2.5204	95th: 1.7274	median: 1.0770	mean: 1.1728
ReportEsts: [1.0285714285714285, 1.003659174072138, 1.0455854057260245, 1.0970464135021096, 1.5, 1.0, 1.0479267635971998, 1.0610588145983184, 1.0, 1.013003901170351, 1.1564366721495973, 1.0422528230130765, 1.0610516934046346, 1.069767441860465, 1.0526315789473684, 1.0, 1.4285714285714286, 1.0290471130003542, 3.0, 2.0, 1.2857142857142858, 1.1433573330703226, 1.1156783706375304, 1.1203758073987082, 1.0281203749383325, 1.0, 1.1054320817228052, 1.5, 1.4, 1.0220588235294117, 1.0, 1.0479673896187331, 1.0069570887259485, 1.016093229744728, 1.0383316199148187, 1.2251482602745407, 1.160427807486631, 1.0103530335369593, 1.0765204215166333, 1.0714285714285714, 1.2621359223300972, 1.0670731707317074, 1.0, 1.0244842051194247, 1.1657975184319367, 1.8615384615384616, 1.0618556701030928, 1.1837455830388692, 1.0364586298028053, 1.0740740740740742, 1.127189290466234, 1.211340206185567, 1.0383009552062517, 2.0, 1.2441558441558442, 1.1926235627893087, 1.1873920552677029, 1.3658536585365855, 1.0662251655629138, 1.25, 1.0899672846237731, 1.1002490660024906, 1.0818181818181818, 1.0116279069767442, 1.0909090909090908, 1.1216756609853633, 1.3315909833387782, 1.75, 1.0, 1.0030763493987136, 1.0167064439140812, 1.0670945157526255, 1.018348623853211, 1.0677456120355595, 1.0705882352941176, 1.0953346855983772, 1.0, 1.1127348643006263, 2.0, 1.00791988292347, 1.032258064516129, 1.0423020862792873, 1.1104294478527608, 1.09, 1.1285574092247301, 1.0, 1.0639140380216443, 1.0454234471973807, 1.1519607843137254, 1.75, 1.1549150797735461, 1.0756598102475723, 1.1090342679127725, 1.002805049088359, 1.001826484018265, 1.0571428571428572, 1.0296296296296297, 1.128007699711261, 1.0, 1.2198759116142375, 1.0571634269258459, 1.1003430531732419, 1.2304185481069816, 1.2142857142857142, 1.02621664000905, 1.0499070878683303, 1.2431370548015104, 1.062571103526735, 1.0453709380748006, 1.1666666666666667, 1.6666666666666667, 1.0521028037383178, 1.0721655133115264, 1.0663297536323437, 1.077922077922078, 1.0591827621557368, 2.0, 1.044150110375276, 1.130952380952381, 1.0, 1.021978021978022, 1.0, 1.268170426065163, 1.0126668246629904, 1.0990137454376019, 1.12, 1.8, 1.1763245033112584, 1.0, 1.0, 1.0978417560397091, 1.3, 1.0594075520833333, 1.0324442462647667, 1.097237141752245, 1.014686248331108, 1.0549132947976878, 1.0522213561964147, 1.039972432804962, 1.0749542961608776, 1.0441044104410442, 1.35, 1.0143509458577953, 1.0924170327731195, 2.0, 1.0173199635369188, 1.0022857142857142, 1.1210013908205843, 1.124051526380801, 1.5, 1.2401307822717365, 1.0646687697160884, 1.037344398340249, 1.1074561403508771, 1.3474452554744525, 1.104012137559002, 1.1500898650501112, 1.105914032113294, 1.0499001996007984, 1.0921052631578947, 1.2653061224489797, 1.2777777777777777, 1.0294550810014726, 1.5714285714285714, 1.0776297568672106, 1.0274420697069746, 1.161096256684492, 1.3597087378640778, 1.1305248618784531, 1.0995202883570538, 1.2652631578947369, 1.1121495327102804, 1.0595526290306962, 1.0185375901132854, 1.023851590106007, 1.1098153547133138, 1.0347853337511752, 1.0897116561827163, 1.0586301800739168, 1.0, 1.1111111111111112, 1.0189105278012984, 1.0283094098883572, 1.120879120879121, 1.0526315789473684, 1.1054256782097762, 1.215837017105516, 1.0746055450944745, 1.1153846153846154, 1.029090909090909, 1.081303938101379, 1.0, 1.2727272727272727, 1.0024270862829174, 1.0652962515114872, 1.0198248040571691, 1.4583333333333333, 1.0488745980707395, 1.0423960907834362, 1.0582037939196722, 1.0626410835214446, 1.0980288816274903, 1.2429378531073447, 1.0666666666666667, 1.1830985915492958, 1.0, 1.4035087719298245, 1.222125847658098, 1.3101045296167246, 1.1494252873563218, 1.0128521997034108, 1.0031277926720286, 1.0209189652458328, 1.0320719121074242, 1.2090302316450727, 1.0731707317073171, 1.0421686746987953, 1.0003240440699934, 1.0036331782411396, 1.0156339126689407, 1.0, 1.043064182194617, 1.1179170031315857, 1.0182873029091888, 1.141986593540524, 1.0599624745921719, 1.2870985302123026, 1.0357142857142858, 1.0068760814213569, 1.122872614749871, 1.0022611644997172, 1.0666666666666667, 1.138370720188902, 1.0243713733075435, 1.1440944881889763, 2.0, 1.217841726618705, 1.0523112996873605, 1.1432255039849977, 1.1601731601731602, 1.0, 1.6666666666666667, 1.0438261725963314, 1.0909090909090908, 1.114431773495871, 1.5, 1.0, 1.075, 1.0382513661202186, 1.0918367346938775, 1.0524861878453038, 1.1276371308016877, 1.0505902192242833, 1.0008396305625524, 1.074001664698709, 1.0363636363636364, 2.0, 1.064092283017704, 1.0490174908227166, 1.1260945709281962, 1.010849342559107, 1.1509500146156095, 1.007302164216091, 1.0874403815580287, 1.1196239635230534, 1.0251196172248804, 1.0796818727490995, 1.0401072933963469, 1.2727272727272727, 1.011555706769384, 1.0957943925233644, 1.2045454545454546, 1.4705882352941178, 1.0432727272727274, 1.0555555555555556, 1.1452991452991452, 1.10307516317879, 1.0141242937853108, 1.4085213032581454, 1.0010246080583096, 1.0875912408759123, 1.025671862243256, 1.066176013033812, 1.1111111111111112, 1.081829756275009, 1.6666666666666667, 1.019518690810972, 1.0266075388026608, 1.0755632424559647, 1.0810810810810811, 2.0, 1.3043478260869565, 1.0441176470588236, 1.062899621530155, 1.0, 1.0168195718654434, 1.0045454545454546, 1.0068108974358974, 1.0167452720598484, 1.0053191489361701, 1.1446540880503144, 1.0046534627237327, 1.1512605042016806, 1.0452265507440228, 1.0769230769230769, 1.0, 1.1205250596658711, 1.2767295597484276, 1.1342756183745584, 1.0932603201347937, 1.0012526096033403, 1.0619718309859154, 1.1568627450980393, 1.0027434842249656, 1.0087719298245614, 1.2857142857142858, 1.0086012049401, 1.0419847328244274, 1.0526315789473684, 1.0907262478108581, 1.1904761904761905, 1.4, 1.0143451890361166, 2.0, 1.2071330589849107, 1.055232558139535, 1.0721903199343725, 1.0747967479674796, 1.1231671554252198, 1.0459770114942528, 1.0957940448328576, 1.0526601916538871, 1.0794117647058823, 1.0343409156446661, 1.0703700945714498, 2.0, 1.0, 1.036004022029754, 1.25, 1.070949720670391, 1.3529411764705883, 1.0, 1.375, 1.3042168674698795, 1.0599250936329587, 1.2169811320754718, 1.0176211453744493, 1.0, 1.2383488681757657, 1.0409453463619809, 2.0, 1.4014294222751638, 1.0, 1.0998102178698854, 1.0595238095238095, 1.0443977958541066, 1.1497695852534562, 1.1363636363636365, 1.3371298405466971, 1.1296296296296295, 1.0415112804810238, 1.0177897170882104, 1.0387275242047027, 1.0, 1.0769230769230769, 1.5714285714285714, 1.5, 1.4545454545454546, 1.06888017441143, 1.3333333333333333, 1.0397923875432526, 1.216867469879518, 1.1736453934455482, 1.086714274503649, 1.270854788877446, 1.0010626741604873, 1.0110208816705337, 1.0452380952380953, 1.5, 1.2307692307692308, 1.0680851063829788, 1.0564221651472507, 1.1904761904761905, 1.5714285714285714, 1.0158371040723981, 1.017751479289941, 1.0346235545677067, 1.055627425614489, 1.1464387464387464, 1.0276333789329686, 1.0526315789473684, 1.0907770515613653, 1.0105932203389831, 1.25, 1.0240793201133145, 1.2178217821782178, 1.0741568370816108, 1.0445438353903844, 1.023021766965429, 1.162162162162162, 1.168421052631579, 1.0948012232415902, 1.0, 1.0494162296075693, 1.0458237342619876, 1.0546902865295447, 1.0583995817142586, 1.0385302879841112, 1.1512551636479187, 1.8333333333333333, 1.137760702524698, 1.0, 1.210930828351836, 1.25, 1.0236808150916534, 1.0347826086956522, 1.126397248495271, 1.1383399209486167, 1.0834782608695652, 3.0, 1.2410032715376227, 1.0035639502325242, 1.1202409416957881, 2.0, 1.126984126984127, 1.2370441458733206, 1.1335504885993486, 1.0948004737981456, 1.187110187110187, 1.1666666666666667, 1.046973803071364, 1.0284594860947527, 1.0769385376050167, 1.1033354371995923, 1.131030701754386, 1.185737976782753, 1.1590909090909092, 2.142857142857143, 1.0648648648648649, 1.5, 1.2308984047019311, 1.2692307692307692, 1.0545028456645464, 1.7857142857142858, 1.0912008720402107, 1.100482909140903, 1.093769278223319, 1.0, 1.175257731958763, 1.12, 1.283987009742693, 1.2735229759299782, 1.0, 1.0057666921420134, 1.0784598136524002, 1.056775797762122, 1.5, 1.5, 1.0003883495145631, 1.008130081300813, 1.0295081967213116, 1.2222222222222223, 1.078117082277637, 1.1089005235602094, 1.4705882352941178, 1.026704331450094, 1.0545454545454545, 1.101049868766404, 1.001615508885299, 1.216238956668069, 1.0121426911457123, 1.0, 1.0422535211267605, 1.1042085620595323, 1.040038599171726, 1.012072302594889, 1.0, 1.0785224507852245, 1.0093444135444747, 1.0214772132006287, 2.0, 1.0498405103668262, 1.0184232922195453, 1.0068595990225808, 1.0707264863920318, 1.0214796818022323, 1.0009002606017532, 1.037489102005231, 1.1909353905496625, 2.0, 1.046100573673058, 2.466666666666667, 1.25, 1.1917098445595855, 1.1346153846153846, 1.014424198979762, 1.1393998063891577, 1.0738383317086224, 1.0596603946764571, 1.055500177999288, 1.0915731096983634, 1.0548273749667696, 1.1704545454545454, 4.0, 1.0029960388908894, 1.201012145748988, 1.0467967300384737, 1.0591640210625257, 1.0900558092338914, 1.2310725552050472, 2.5180722891566263, 2.4285714285714284, 1.0169206797487462, 1.0956848239056076, 1.0097707102662448, 1.1364144614237794, 1.05736598534516, 1.01890756302521, 1.0580849981763356, 1.0439189189189189, 1.2265625, 3.0, 1.2, 1.0219435736677116, 1.050185873605948, 1.0856102003642987, 1.06861499364676, 1.0365853658536586, 1.2838709677419355, 1.148905109489051, 1.103030303030303, 1.0533053539817823, 1.2282608695652173, 1.0104707204779575, 2.0, 1.0732459521973785, 1.05, 1.3055555555555556, 1.0631284916201118, 1.0665110851808635, 1.0, 1.0907911802853436, 1.0946427178913987, 1.0, 1.3404255319148937, 1.0, 1.0, 1.1363636363636365, 1.1008064516129032, 1.0062111801242235, 1.0679611650485437, 1.068888176866389, 1.0266821345707657, 1.046141165086817, 1.2083879423328965, 1.0354391371340523, 1.0774895799600956, 1.0810810810810811, 1.114040870138431, 1.0285437832607645, 1.0501950585175552, 1.033236994219653, 1.1185878092939046, 1.032078244564942, 1.121170395869191, 1.0795378096710613, 2.0, 1.285012285012285, 1.0852557673019056, 1.4074074074074074, 1.0, 1.0408163265306123, 1.25, 1.0495575221238937, 1.4074074074074074, 1.1666666666666667, 1.006176291793313, 1.1236022364217253, 1.02377842158359, 1.043885912385755, 1.1945945945945946, 1.104697986577181, 1.0, 1.1159420289855073, 1.0149097018059638, 1.0481578877466997, 1.0836653386454183, 1.0616812848843833, 1.0258244378416053, 1.1454545454545455, 1.0919423377996462, 1.1119005328596803, 1.0162342758481513, 1.1151565353263428, 1.2727272727272727, 1.0534591194968554, 1.0, 1.2422535211267605, 1.210203535634171, 3.0, 1.1165490553152744, 1.0414106632457858, 1.4285714285714286, 1.0387666516988474, 1.3, 1.1176470588235294, 1.0328432448248117, 1.6153846153846154, 1.03534437958498, 1.036736437419906, 1.3103448275862069, 1.16, 1.1814432989690722, 1.012590799031477, 1.0724061810154526, 1.0684949143813571, 1.1556653401033805, 1.0, 1.0529002824245057, 1.1219512195121952, 2.0, 1.0346887469151465, 1.0677567263604117, 1.1523178807947019, 1.0158776146964246, 1.0803222946958972, 1.0353982300884956, 2.0, 1.042840142800476, 1.0048387096774194, 1.111143162574449, 1.2162271805273834, 1.0210594263121797, 1.056381392886499, 1.315018315018315, 1.070063694267516, 1.2876254180602007, 1.0872797440100654, 1.0769716088328076, 1.0222222222222221, 1.1307773109243697, 1.0770501708869125, 3.0, 1.118477575615406, 1.032811457317386, 1.0487907002369015, 1.7272727272727273, 1.2444104985418691, 1.1338912133891212, 1.1428571428571428, 1.0481413557170065, 1.0420575865415722, 1.1277292576419213, 1.0, 1.3333333333333333, 1.0638447894859269, 1.5, 1.1214953271028036, 1.0833333333333333, 1.0070476589212198, 1.44, 1.0970464135021096, 1.0817610062893082, 1.0, 1.7962962962962963, 1.3046075085324231, 1.25, 2.0, 1.1176470588235294, 1.2275862068965517, 1.022181707687633, 1.194235588972431, 1.0774410774410774, 1.238938053097345, 1.1014466214978942, 1.0597402597402596, 1.1556603773584906, 1.3673469387755102, 1.1153846153846154, 1.0, 1.120631341600902, 1.1183261183261184, 1.046487603305785, 1.0033264033264033, 1.0716211060870435, 1.072093641926044, 1.0755195209438828, 1.2349624060150375, 1.2096069868995634, 1.0176077717061323, 1.5714285714285714, 1.0, 1.2592592592592593, 1.0122182590878046, 1.0732568402471314, 1.107843137254902, 1.1153846153846154, 1.0102607622280513, 1.0308496407540717, 1.018565555445151, 1.1142857142857143, 1.2941176470588236, 1.0234848484848484, 1.0897401908801696, 1.076739202110122, 1.044710788307259, 1.019736842105263, 1.0180153573538098, 1.0126628349585236, 1.251602564102564, 1.3716904276985744, 1.125, 1.0582895365504061, 1.5800711743772242, 1.1555555555555554, 1.180064308681672, 1.0701001430615165, 1.0, 1.0138888888888888, 1.0243878772196526, 1.0555555555555556, 1.0496819748604909, 1.019438444924406, 1.2647058823529411, 1.012785746714603, 1.003857245854362, 1.0850120870265914, 1.0419847328244274, 1.0, 1.202045862547844, 1.1814345991561181, 1.2142857142857142, 1.0, 1.25, 1.064527067942352, 1.3333333333333333, 1.1427470325265916, 1.1171450110387162, 1.028949167996353, 1.0579940417080438, 1.0502978028326129, 1.1481243301178992, 1.03584229390681, 1.0499306518723994, 1.0170803296780708, 1.137256280464942, 1.044898347616591, 1.2375647356377213, 1.4285714285714286, 1.0491803278688525, 1.0553359683794465, 1.0789282124163748, 1.0165562913907285, 1.3185988323603002, 1.0580524344569289, 2.211206896551724, 1.0675239402351913, 1.042953020134228, 1.0147488038277512, 1.125, 1.0594921516485067, 1.033051880036767, 1.2691345672836418, 1.0581052631578947, 1.125, 1.0975323149236194, 1.0578947368421052, 1.5625, 1.0348114525139664, 1.7307692307692308, 1.070118662351672, 1.0705882352941176, 1.01416048550236, 1.0584566031010516, 1.0011778563015312, 2.75, 1.087378640776699, 1.0919886760542667, 1.0409300516695372, 1.0125078602157902, 1.012358121169065, 1.0536674479525714, 1.0, 1.088487972508591, 1.1500786340148281, 1.0164038570618263, 1.0531062124248498, 1.0069444444444444, 1.022091974752029, 1.052820773069441, 1.3909090909090909, 1.0171251109139308, 1.0, 1.3333333333333333, 1.060525600138446, 1.0139820231131402, 1.247173788082008, 1.0965063478824946, 1.0694333599361532, 1.0739856801909309, 1.0936708361672138, 1.0713547052740435, 1.1158088235294117, 1.0054054054054054, 1.0640834575260805, 1.0939969567564913, 1.0833333333333333, 1.75, 1.0431739252356609, 1.165085817524842, 1.022740524781341, 1.0511363636363635, 1.2049239681390298, 1.032471355138845, 1.1610908068597132, 1.4981273408239701, 1.3076923076923077, 1.0101078167115902, 1.1150234741784038, 1.15, 1.5357142857142858, 1.07153871940999, 1.1873141724479683, 1.1600331674958542, 1.0, 1.0210051158591633, 1.0499423741836342, 1.064190093708166, 1.1545850663497723, 1.3333333333333333, 1.2727272727272727, 2.0, 1.134796238244514, 1.3846153846153846, 1.0, 1.25, 1.0609271523178807, 1.0797101449275361, 1.023740284460424, 1.0212402621692391, 1.3272727272727274, 1.2363636363636363, 1.1428571428571428, 1.096774193548387, 1.0945945945945945, 1.1714285714285715, 1.1088082901554404, 1.0312096877680448, 1.0303884828021224, 1.3195876288659794, 1.0971393009307702, 1.0476052249637156, 2.5, 1.0680395359123542, 1.2302284710017575, 3.0, 2.0, 1.171301775147929, 1.1171914222190347, 1.071663773739024, 1.1925465838509317, 1.0, 1.1727272727272726, 1.2515337423312884, 3.0, 2.0, 1.0278199291856347, 1.257964780212394, 1.0066666666666666, 1.6666666666666667, 1.0197721812832348, 1.0433772269558481, 1.0174358974358975, 1.0, 1.1267605633802817, 1.0226177463375064, 1.105263157894737, 1.1864734299516908, 1.0086305541009677, 1.3076923076923077, 1.09765625, 1.1065723692232654, 1.0446030330062444, 1.0578512396694215, 1.3018867924528301, 1.0289550745203546, 1.1676663810339902, 1.0316787086153283, 1.0636942675159236, 1.1568627450980393, 1.3134328358208955, 1.0837837837837838, 1.0511310814998451, 1.0115505386549277, 1.0261352749568884, 1.054585152838428, 1.5, 1.6666666666666667, 1.06753819599821, 1.2489006156552331, 1.1898463333981715, 1.0234962752052625, 1.0239170429837765, 1.107415049054697, 1.0575539568345325, 1.0212765957446808, 1.149516547441239, 1.119095559984385, 1.2895136778115501, 1.0893169877408055, 1.6666666666666667, 1.0133333333333334, 1.0745427309996847, 1.1024762908324552, 1.0262382736208497, 1.0951879867861547, 1.0205965909090908, 2.0, 1.1016731016731016, 1.0406605765699597, 1.1594699565912725, 1.0570342205323193, 1.0768309254756114, 1.0328947368421053, 1.1766004415011038, 1.03768115942029, 1.030334701461393, 1.0658725481942926, 1.0299539170506913, 1.0525606469002695, 1.0, 1.174864485043164, 1.0599917725569066, 1.0202156334231807, 1.0688521220840612, 1.1011029411764706, 1.0158850226928895, 1.2, 1.2427440633245384, 1.6666666666666667, 2.0, 1.1764705882352942, 1.0051413881748072, 1.0355450236966826, 1.0362090195474833, 1.0171292930156965, 1.0298507462686568, 1.1183902667290595, 1.1467391304347827, 1.225, 1.0442349376039057, 1.6, 1.5, 1.03869918699187, 1.1428571428571428, 1.060734463276836, 1.1119257086999021, 1.0685736299720698, 1.1015403093603415, 2.0, 1.228173374613003, 1.180232558139535, 1.0268886043533931, 1.0407625897960495, 1.1565656565656566, 1.1181506849315068, 1.142497997686215, 1.1058487534955672, 1.0174880763116056, 1.0757575757575757, 1.100558659217877, 1.0, 1.0, 1.04170094059583, 5.0, 1.4285714285714286, 1.6875, 1.019680196801968, 1.0930232558139534, 1.085920177383592, 1.1322087092977637, 1.0, 1.05276225946617, 1.0239485981308412, 1.1554404145077721, 1.2716346153846154, 1.4285714285714286, 1.0075154730327145, 1.0376940133037693, 1.1293859649122806, 1.0327259204165118, 1.027714661564219, 1.090598123534011, 1.1526175687666371, 1.0, 1.261073740322376, 1.0413786692331248, 1.0611101147776183, 1.1774193548387097, 1.0923933014856424]
origin-bjaq_15.71 	max: 5.0000	99th: 2.5204	95th: 1.7274	median: 1.0770	mean: 1.1728

...Done, result: results.csv

WORKLOAD-FINISHED | Type: QueryWorkload | Progress: 1/3 | Workload-time: 13.954234 | Model-update-time: 0.000000


WORKLOAD-START | Type: DataUpdateWorkload | Progress: 2/3
Going to run: ['python', '/home/kangping/code_copy/SAUCE/Naru/eval_model.py', '--model=transformer', '--data_update=valueskew', '--dataset=bjaq', '--drift_test=js', '--end2end', '--update_size=80000', '--query_seed=0', '--eval_type=drift']
Torch device: cuda:1
GET-MODEL-PATH=./models/end2end/transformer/origin-bjaq-0.4MB-model34.249-data18.543-300epochs-seed0.pt
GET-DATASET-PATH=./data/bjaq/end2end/bjaq.npy
ValueSample - START
ValueSample - END
load_npy_dataset_from_path - df.shape = (458601, 5)
Parsing... done, took 0.0s
Data updated!
Previous data size: (382168, 5), new data size: (76433, 5)
[1.9669533e-06 1.3709068e-06 3.5762787e-07 9.0118647e-03 2.9802322e-07]
Distance score: 0.0018031715881079435
SAUCE Drift detection: True
Detection latency: 0.0234s

DRIFT-DETECTED after 2-th workload
Going to run: ['python', '/home/kangping/code_copy/SAUCE/Naru/incremental_train.py', '--dataset=bjaq', '--end2end', '--model=transformer', '--model_update=adapt', '--update_size=80000', '--epochs=0']
Torch device: cuda:1
GET-MODEL-PATH=./models/end2end/transformer/origin-bjaq-0.4MB-model34.249-data18.543-300epochs-seed0.pt
update_size: 76433
AdaptTask - START
GET-DATASET-PATH=./data/bjaq/end2end/bjaq.npy
load_npy_dataset_from_path - df.shape = (458601, 5)
Parsing... done, took 0.0s
done, took 0.0s
dataset size: 458601
train data shape: torch.Size([76433, 5]), transfer data shape:torch.Size([15286, 5])
Training done; evaluating likelihood on full data:
Epoch None Iter 0, test loss 26.6324 nats / 38.4224 bits
Saved to: /home/kangping/code_copy/SAUCE/models/end2end/transformer/origin-bjaq-0.4MB-model34.249-data18.543-300epochs-seed0.pt
AdaptTask - END

WORKLOAD-FINISHED | Type: DataUpdateWorkload | Progress: 2/3 | Workload-time: 4.063144 | Model-update-time: 5.003603


WORKLOAD-START | Type: QueryWorkload | Progress: 3/3
Going to run: ['python', '/home/kangping/code_copy/SAUCE/Naru/eval_model.py', '--dataset=bjaq', '--model=transformer', '--end2end', '--query_seed=0', '--eval_type=estimate', '--num_workload=3', '--data_update=valueskew', '--model_update=adapt', '--random_seed=42']
Torch device: cuda:1
GET-MODEL-PATH=./models/end2end/transformer/origin-bjaq-0.4MB-model34.249-data18.543-300epochs-seed0.pt
ckpts [PosixPath('/home/kangping/code_copy/SAUCE/models/end2end/transformer/origin-bjaq-0.4MB-model34.249-data18.543-300epochs-seed0.pt')]
Validate Argument: DATASET="bjaq" is valid.
data size: 458601, total size: 458601, split index: [382167 458601]
Parsing... done, took 0.0s
Loading ckpt: /home/kangping/code_copy/SAUCE/models/end2end/transformer/origin-bjaq-0.4MB-model34.249-data18.543-300epochs-seed0.pt
query_seed:0
origin-bjaq_15.71 	max: 302.6667	99th: 39.9310	95th: 2.2518	median: 1.1192	mean: 2.6000
ReportEsts: [1.052910052910053, 1.0023975588491718, 1.038999771966251, 1.006578947368421, 1.4, 1.0, 1.1108427543679342, 1.2021449633024583, 1.2, 1.0388349514563107, 1.1085876167382902, 1.0425248919782077, 1.1461570768584628, 1.341860465116279, 1.0437062937062938, 2.0, 1.12987012987013, 43.0, 1.3636363636363635, 1.0635451505016722, 1.0895889186773906, 1.1539055462617425, 1.3819875776397517, 1.016597510373444, 1.1830247555648012, 1.0237609208074578, 2.0, 1.0552589678748712, 2.25, 1.1666666666666667, 26.18268792710706, 2.0, 1.0513653059938546, 1.0044761841425422, 3.11437074829932, 1.0732895057219383, 1.0322513015828645, 1.3663101604278074, 1.6, 3.357098955132145, 1.0383614457831325, 1.1777094866955922, 1.1041666666666667, 1.2053007345010016, 1.191304347826087, 1.0017845761631612, 1.4444444444444444, 1.2857142857142858, 1.2222222222222223, 1.2286634460547503, 35.05555555555556, 1.0299145299145298, 1.0310077519379846, 1.206896551724138, 1.106874355068547, 1.2274423171330389, 1.0500803036939699, 1.2907608695652173, 1.0204081632653061, 1.074425788869497, 1.4915254237288136, 1.083415572880687, 1.044776119402985, 1.048689138576779, 1.2183908045977012, 2.375, 1.0362531433361275, 1.2620334620334621, 1.75, 1.0, 1.071612049505721, 1.0381050463439754, 1.070429329474192, 1.1666666666666667, 1.1039665257674736, 1.224054316197866, 1.0685481739865759, 1.24, 1.6116504854368932, 1.303917806116295, 1.1162162162162161, 39.9, 2.0, 3.0, 1.072480181200453, 1.2428571428571429, 1.53475935828877, 35.0, 1.0, 1.0782291716629095, 1.1093281343731254, 1.2198420426268528, 1.2386747802569305, 1.400335758254057, 1.3177570093457944, 1.1017751479289941, 1.2949921752738653, 1.2601307189542483, 1.0972972972972972, 1.280916633741604, 1.04, 2.0, 1.0575510726318933, 1.320289238621863, 1.2744425385934819, 1.3800172948043525, 1.1764705882352942, 1.0285380502971677, 1.2622776745420758, 1.194807849550286, 1.0322399775721895, 1.0575835475578406, 1.2857142857142858, 2.0, 1.0446829268292683, 1.0738351451264594, 1.028169014084507, 1.1041666666666667, 1.0586894318146087, 2.0, 1.304951119520656, 1.063157894736842, 1.0, 1.0, 1.1428571428571428, 1.2163265306122448, 1.020387740168389, 1.0426011858726476, 1.0446428571428572, 1.5, 1.1216122307157748, 1.0, 1.3076923076923077, 1.1383184455290543, 1.1538461538461537, 1.2712933753943219, 1.1288927815164247, 1.1110588972431077, 2.0, 1.5, 1.0185567010309278, 1.028391167192429, 1.093573264781491, 1.0656374778468174, 1.2272727272727273, 1.358642972536349, 1.076277542415827, 1.5, 1.0146892655367232, 1.1033816425120773, 1.0887096774193548, 1.0927230046948357, 1.5, 1.1405443691186887, 1.1027667984189724, 1.0481099656357389, 1.0467791411042944, 1.0, 1.1163351416515974, 1.099570182979246, 1.2620710084211417, 1.1197718631178708, 1.3193717277486912, 1.5714285714285714, 1.2682926829268293, 1.223858615611193, 2.0, 1.0753593272478283, 1.011764705882353, 1.0619354838709678, 1.0154008901502936, 28.0, 1.2343992393534504, 1.1349206349206349, 1.10873786407767, 1.1468599033816425, 12.22116527942925, 1.182916307161346, 1.0463629096722622, 1.016875479417029, 2.160597014925373, 1.0279900223184981, 1.5, 1.1533546325878594, 1.0257530573086437, 1.0776993925142073, 1.4935622317596566, 1.344769026799148, 1.4468599033816425, 1.4, 1.2982954545454546, 1.2767247589968782, 1.0416666666666667, 1.1101278269419863, 1.8715546090660176, 1.0417898318048904, 1.0156384842699862, 1.255378858746492, 1.0655305206272208, 1.125579080816578, 1.0170336518487744, 1.0225825291320187, 1.0109211775878442, 1.0485311347703932, 1.0597085096379877, 1.0749956194147539, 1.3636363636363635, 1.109375, 1.0833333333333333, 1.0, 1.3450704225352113, 1.1011650102020667, 1.6341463414634145, 1.5632183908045978, 1.004083299305839, 2.0, 1.0376327932181564, 1.068235294117647, 1.4715030865674499, 1.1666666666666667, 1.0738974970202622, 1.02491961414791, 1.2622494112240794, 1.0535239629480466, 4.0, 43.86915887850467, 1.0712380765392104, 1.0721934369602764, 1.0192307692307692, 1.3856893542757418, 1.0491894913359419, 1.0898353019464315, 1.3577235772357723, 1.0065582992487723, 1.0210760699081336, 1.308550185873606, 1.1934156378600822, 1.0471380471380471, 1.0952380952380953, 1.1575875486381324, 2.0, 1.220139389569815, 1.1322109779415195, 1.1824350523458704, 1.1636363636363636, 1.1666666666666667, 2.0, 1.0593239164238393, 1.3272727272727274, 1.0689998075319176, 1.6, 1.0085227272727273, 1.083977900552486, 1.2857142857142858, 1.0170977952842923, 1.2099447513812154, 1.0878260869565217, 1.0411255411255411, 1.0, 1.0445859872611465, 1.1929824561403508, 2.0, 1.277373388439948, 1.3902726950773225, 1.117474302496329, 1.0210724627568641, 1.1565576525956875, 1.169274421045726, 1.0436893203883495, 1.0845499853415421, 1.0166340508806262, 1.190687977762335, 1.0846684468179795, 1.3636363636363635, 1.0372181697612732, 1.1417165668662674, 1.4090909090909092, 1.3636363636363635, 52.75809523809524, 1.072, 1.0026764660321177, 1.0071378091872791, 1.1226851851851851, 1.6340852130325814, 1.0130706098142674, 1.0202751629254163, 1.0501280283632066, 1.0635362624233902, 1.0, 1.0952380952380953, 1.1095524382097528, 1.0312447316661983, 1.2116150700714645, 1.0819137172418594, 1.1539674198633736, 1.4479305740987984, 1.0433218090735907, 1.1181779536313396, 1.3681029440436732, 1.1328186544824326, 1.000903342366757, 10.0, 1.3333333333333333, 1.0816112608565438, 1.875, 1.0500927643784788, 1.0138599537037036, 1.0312951198382905, 1.7741935483870968, 1.05, 1.120401337792642, 1.0115927419354838, 1.0208896817632502, 1.1363636363636365, 1.4444132903406701, 1.072363314863433, 1.0324825986078887, 1.5, 1.6666666666666667, 1.1968524251805985, 1.4285714285714286, 1.000593093332483, 1.09697933227345, 1.0526315789473684, 1.2846021234676006, 1.3636363636363635, 1.3333333333333333, 1.008745018716473, 2.0, 1.0851419031719534, 1.2267441860465116, 24.345008183306057, 22.511627906976745, 1.1887755102040816, 1.0285714285714285, 1.0238040717765102, 1.2737761982424964, 1.7816901408450705, 1.1864276568501921, 1.1543063865312368, 3.0, 1.1111111111111112, 1.0388951307295335, 1.5, 1.0679702048417132, 1.588235294117647, 1.0, 1.6111111111111112, 1.3497036409822185, 1.1165884194053208, 1.1145038167938932, 1.0472175379426645, 1.5606060606060606, 1.3333333333333333, 1.1013605493340153, 1.1153846153846154, 1.1194029850746268, 1.0215753861866463, 1.407843137254902, 1.015567086730912, 1.1803097345132743, 1.75, 1.0, 1.349337748344371, 1.1094890510948905, 1.0223350253807106, 1.1295831953446562, 1.4789903489235339, 1.0366748166259168, 1.5, 1.0331012836974212, 1.0674157303370786, 1.2727272727272727, 2.0, 108.0, 1.1428571428571428, 1.4205128205128206, 1.01, 1.1610649407957638, 1.3431252016357564, 1.152657004830918, 1.0871956865094494, 1.1113498992612492, 1.3414634146341464, 1.0904684975767367, 1.1069225237500473, 1.12, 1.0, 1.0008832712209452, 1.0523945580805691, 20.577700348432057, 1.2971428571428572, 1.0232558139534884, 1.2647702407002188, 2.0, 1.0416666666666667, 1.275229357798165, 1.1594746716697937, 1.4795918367346939, 1.0281329923273657, 1.1154539987973542, 1.1991150442477876, 1.010346646401672, 1.3031135531135531, 3.015734265734266, 1.029126213592233, 1.2718446601941749, 1.1189873417721519, 1.0, 1.1768894249810968, 1.679245283018868, 1.1051956140185328, 1.1260902445172674, 1.0477504599431342, 1.1447714135575406, 1.625, 1.3948973932334998, 1.1666666666666667, 73.25287356321839, 1.0, 1.4848672019765288, 1.001207729468599, 1.0573563990594559, 1.13, 1.010807374443738, 4.0, 1.576889910893935, 1.012629817796005, 1.2191314329443275, 3.0, 1.3492063492063493, 1.240858505564388, 1.2351190476190477, 1.0810699895537978, 1.0976800976800978, 1.125, 1.6065573770491803, 1.0319425482972078, 1.0817040751085238, 1.0207822001539888, 1.0473004124456406, 51.311300639658846, 11.672131147540984, 1.143010752688172, 1.0938357398914544, 1.0769230769230769, 1.1284848484848484, 1.0, 1.5, 1.1921311475409837, 1.123931623931624, 1.1396670726755989, 1.3640035058172506, 1.2776064157927205, 1.0, 1.206896551724138, 1.4, 1.2992297470223446, 1.0909090909090908, 1.0, 1.4938627254509018, 2.0, 1.0, 1.1750566893424037, 2.0, 1.2058252427184466, 1.0089820359281436, 1.0410958904109588, 1.3333333333333333, 1.0808556467486166, 1.0268074735987003, 1.45, 1.0558291252391556, 1.078125, 1.3346456692913387, 1.0122699386503067, 1.6323096339924275, 1.2059509050334738, 1.0, 1.108433734939759, 1.1031246976879172, 1.1365353480841878, 1.0438946528332003, 1.2, 1.1110292763763578, 1.0089865748671443, 1.0090556274256144, 2.0, 1.0642049234863606, 1.0433099418788752, 1.0237640195141577, 1.4077324899612664, 1.0130816196081025, 1.092469970378356, 1.0890410958904109, 1.0461538461538462, 2.0, 1.0975852088643139, 1.1148068669527897, 1.0694961528915363, 1.006611570247934, 1.077127659574468, 1.0017617379701442, 1.4545454545454546, 1.2031703368864726, 1.2618210238374366, 1.0952364891452213, 1.1271585557299844, 1.0913711756408386, 2.501961058971845, 1.0568181818181819, 1.2118644067796611, 1.0602874634016501, 1.2627551020408163, 1.0031812518225922, 1.0810606659030768, 1.0, 1.033587786259542, 1.1483679525222552, 1.2666666666666666, 1.2622950819672132, 1.0141965990921535, 1.0421455938697317, 1.0492517522258002, 1.0, 1.0, 1.0084417065936573, 1.3503595946387708, 1.0186155792517622, 1.2258198040748747, 1.082382762991128, 37.29022324865281, 1.0290668026517082, 1.2134283702921507, 1.806896551724138, 1.017749827464543, 1.114695340501792, 1.1794871794871795, 1.2220780446373802, 1.0271739130434783, 1.0364734363776638, 2.0, 1.12573673870334, 1.0594059405940595, 1.1000582580833091, 1.0990990990990992, 1.1030534351145038, 1.1316270566727604, 1.0555555555555556, 1.012708339597302, 1.0, 1.574468085106383, 1.2, 1.0, 1.2352941176470589, 1.8161764705882353, 1.0131926121372032, 1.325242718446602, 1.0638241172551632, 1.0724637681159421, 1.0434471767527072, 1.0371228554525735, 1.0563208522760532, 1.216871500254527, 1.0255536186136167, 1.0946745562130178, 1.1115035317860746, 1.053689671435309, 1.050589390962672, 1.0579868708971554, 1.1143552311435523, 1.12, 1.0686298271126191, 1.1921708185053381, 1.0998860018082472, 1.3204419889502763, 1.348689893463864, 2.197026022304833, 2.0, 1.017688679245283, 1.3571428571428572, 1.0, 1.5849056603773586, 1.0498230692579893, 1.0451099317664898, 1.0130548302872062, 1.2402597402597402, 1.0868358793118555, 1.1832478990131465, 1.2903930131004366, 1.0, 2.0, 1.0983837790185131, 1.1171548117154813, 1.1461051062243757, 1.0831771321462043, 1.0, 1.1522587841606247, 1.405194805194805, 1.0057061785753263, 1.101620029455081, 1.0020813499841332, 1.2532150567915141, 1.0037939286668098, 1.7532467532467533, 1.5, 1.134903751362009, 3.0, 1.0195402298850575, 1.1483050847457628, 1.4331476323119776, 176.75, 1.32, 1.070271615029898, 1.0827067669172932, 1.0123253903040264, 1.1015186764132783, 1.2158647594278285, 1.0470948012232415, 1.159733964603765, 1.2203023758099352, 1.0555555555555556, 1.0, 1.0382615598333003, 1.135678391959799, 1.105263157894737, 1.0239234449760766, 1.1859884836852208, 12.161181434599156, 1.002405557107205, 1.2, 1.1087719298245613, 1.0162926829268293, 1.2364066193853427, 1.1264367816091954, 1.0526593221232408, 1.1592920353982301, 2.2857142857142856, 1.0387673956262427, 1.0354041416165665, 1.1548759327963436, 1.0281207133058985, 1.0180226446971188, 1.0261987230780423, 1.1787878787878787, 1.064360119047619, 1.5183946488294315, 1.0587400569576746, 1.3041009463722397, 1.0134328358208955, 1.024914089347079, 1.042381061824868, 1.3157894736842106, 1.0049067713444553, 1.1818181818181819, 1.6, 1.313521545319465, 1.5874748635449583, 1.2794172581247665, 2.25, 1.0, 1.0398698128559805, 1.0888808924073408, 1.103896103896104, 1.287036046195764, 2.6666666666666665, 1.2702290076335878, 1.5, 1.310747663551402, 1.1538461538461537, 1.282848370664992, 1.5161290322580645, 1.3248945147679325, 1.0081900081900081, 1.0, 1.0362144048177948, 1.3029016277423922, 1.5, 2.0, 1.0526315789473684, 1.1774647887323944, 1.1795481569560047, 1.0010493179433368, 1.1207658321060383, 36.861189801699716, 1.0528846153846154, 38.96345514950166, 1.0408163265306123, 1.4349315068493151, 2.0588235294117645, 1.0, 1.1449136276391554, 1.4746494066882416, 1.0322299651567943, 1.039472503812685, 1.1097175939165096, 1.0813482216708024, 1.2966234844217828, 1.0223062835870185, 1.175, 1.0094857713429854, 1.875, 1.0, 1.0294117647058822, 1.04072418219645, 1.0539956803455723, 1.0626631853785902, 1.3054187192118227, 1.0957142857142856, 1.0253620701489463, 1.0179296573914574, 1.0340909090909092, 1.0952380952380953, 1.0495774647887324, 1.0671818934584598, 1.1466278802725254, 1.0246131254941828, 1.0670391061452513, 1.2325014766686355, 1.0607537748186897, 1.0845229151014275, 1.0495562130177514, 1.270559944390693, 1.2276119402985075, 1.128216704288939, 1.3513513513513513, 1.029713062072595, 28.0, 1.0596363636363637, 1.0, 1.0383838383838384, 1.2147685739237313, 1.0625, 1.0844029484029485, 1.0115761353517365, 1.2857142857142858, 1.0195660457021636, 1.1050430069518087, 1.2627249529948965, 1.2681297709923665, 1.0694310511089682, 1.206612506015229, 1.1942959001782532, 3.7142857142857144, 1.0, 1.25, 1.016711004533703, 1.6666666666666667, 1.1175873285091806, 1.105339816702893, 1.1643774922463448, 1.065435965056865, 1.009267255778734, 1.0974147955988909, 1.027027027027027, 1.001156069364162, 1.0163161952620805, 1.1060974423806282, 1.044017338267258, 1.5571480187883897, 1.25, 1.061624649859944, 1.0866666666666667, 1.3520919269298763, 1.0542005420054201, 1.2834116856950974, 1.052870090634441, 2.838709677419355, 1.0458907339204018, 1.048888888888889, 1.2286842105263158, 1.375, 1.2925246511190078, 1.0402973382187108, 1.2734472696957067, 1.0642428521002472, 1.1428571428571428, 45.21511627906977, 1.8461538461538463, 1.2254921896663278, 1.106060606060606, 1.017408299066153, 1.0, 1.167528613819415, 1.2297808012093727, 1.0360360360360361, 1.0465753424657533, 1.0708371665133394, 1.0616438356164384, 1.11892797319933, 1.0827486701389715, 1.0743243243243243, 1.1884978209301043, 1.1241371978147796, 1.1538461538461537, 1.0584095707248418, 1.102953173437755, 4.988575268817204, 1.0399159663865547, 2.9706999457406402, 1.1032388663967612, 1.0604982206405693, 1.0494148244473342, 1.0585361584712956, 1.1, 1.1101992966002345, 1.2389220109571382, 1.0415314730694354, 1.0079872204472844, 1.2430208058993943, 1.3080159392085997, 1.2569832402234637, 1.062135922330097, 1.0909486224380958, 1.10288972007722, 1.3584558823529411, 1.0803571428571428, 1.0486778846153846, 1.0888362935229488, 1.125, 2.25, 1.0234915029794747, 1.171485732051854, 1.1778791334093501, 1.1875, 1.1934703748488513, 1.0106023220785005, 1.1463927153864113, 1.276071995764955, 1.5384615384615385, 1.272911051212938, 1.2857142857142858, 1.365625, 1.303030303030303, 1.0160579318137075, 1.1370399373531714, 1.2181818181818183, 1.0833333333333333, 16.73095623987034, 1.21, 1.0188679245283019, 12.461538461538462, 1.043505282784338, 1.2705314009661837, 1.1390835579514824, 1.0769230769230769, 1.2525427737916897, 1.3656957928802589, 1.2037552155771905, 1.3904761904761904, 1.0, 1.272063120981882, 1.0520770438352856, 1.1783900093968322, 1.3767019667170952, 1.4262295081967213, 1.4705882352941178, 1.1470588235294117, 1.054945054945055, 1.2571428571428571, 1.087434554973822, 1.0039696384469785, 1.0338701150953253, 1.1130434782608696, 1.2820691683250924, 1.0450707624702988, 2.5, 1.0955019907457226, 1.5844606685276645, 1.5, 2.75, 1.4133136094674557, 1.0887254611233024, 1.0779616771335951, 1.4813664596273293, 1.5, 1.062015503875969, 1.230971128608924, 48.0, 1.1210795902285264, 1.1050754947270258, 1.044109664318887, 1.1685617893290017, 1.8571428571428572, 1.0212278635782261, 1.0471881060116355, 1.0771324863883847, 1.1559202813599063, 1.0112739571589628, 1.0, 1.0548387096774194, 1.1748340854791612, 1.0291015971964277, 2.1538461538461537, 1.0947712418300655, 1.1083229466079922, 1.1016225448334758, 1.0695364238410596, 1.1159420289855073, 1.033906294833782, 1.7164912280701754, 1.1340270159458352, 1.9489795918367347, 1.208695652173913, 1.0421621621621622, 1.125, 1.1221945137157108, 1.0437017994858613, 1.0088973939118941, 1.0054397098821397, 1.5, 1.1310810810810812, 1.0316742081447965, 1.1955245781364636, 1.2923555728457499, 1.110977738978612, 1.135459817729909, 1.0625855513307985, 1.2934272300469483, 1.0517241379310345, 1.0927618171060416, 1.077714715536105, 1.0767766497461928, 1.3309982486865148, 1.6666666666666667, 1.1466666666666667, 1.0180345623204785, 1.1265164644714039, 1.0670161986492663, 1.2188432549960966, 1.2272727272727273, 2.2, 1.0740343347639485, 1.0260465818579896, 1.1531445943378302, 1.4828897338403042, 1.0766108503234546, 1.0148148148148148, 1.1700367647058822, 1.012720156555773, 1.0275868102166221, 1.0177316781915633, 1.1517367458866545, 1.148527528809219, 1.0857142857142856, 1.15239263803681, 1.3592439862542955, 1.1368465370851168, 1.0004636068613815, 1.1012799109627156, 1.224659606656581, 1.1121951219512196, 1.2560706401766004, 2.0, 2.5, 1.4705882352941178, 1.0663811563169165, 1.0419011882426517, 1.1633554903635486, 1.0203767343039256, 1.1096875702405036, 1.2135983263598327, 1.1926605504587156, 1.0144927536231885, 1.0107948232086015, 1.3333333333333333, 2.0, 1.2282321899736148, 1.0, 1.023489932885906, 1.140993265993266, 1.0712837076541726, 1.0071645801070956, 2.0, 1.0168776371308017, 302.6666666666667, 1.1285064800316926, 1.0397161440221336, 1.171218487394958, 1.3476027397260273, 1.1580562468424302, 1.061551705584849, 1.0013262599469497, 1.1714285714285715, 1.350558659217877, 1.0, 3.0, 1.0413806972006956, 5.0, 1.8571428571428572, 2.096774193548387, 1.0150905432595574, 1.0970294146199397, 1.3792871553463348, 1.1759259259259258, 1.1666666666666667, 1.150484598880367, 1.0028790786948176, 1.036144578313253, 1.5817307692307692]
origin-bjaq_15.71 	max: 302.6667	99th: 39.9310	95th: 2.2518	median: 1.1192	mean: 2.6000

...Done, result: results.csv

WORKLOAD-FINISHED | Type: QueryWorkload | Progress: 3/3 | Workload-time: 13.947748 | Model-update-time: 0.000000


Experiment Summary: #data-update-times=1, #drift=1 | total-time=36.996850