Input arguments = Namespace(data_update='valueskew', update_size=80000, dataset='bjaq', debug=False, drift_test='js', model_update='adapt', model='transformer', end2end=False, query_seed=0, random_seed=42, num_workload=3)
JSON-passed parameters = {'data_updater': {'skew_ratio': '1e-3'}, 'random_seed': 63, 'transformer': {'epochs': 0}}
MODEL-PATH=/home/kangping/code_copy/SAUCE/models/end2end/transformer/origin-bjaq-0.4MB-model34.249-data18.543-300epochs-seed0.pt
DATASET-PATH=/home/kangping/code_copy/SAUCE/data/bjaq/end2end/bjaq.npy
Workloads: ['QueryWorkload', 'DataUpdateWorkload', 'QueryWorkload']

WORKLOAD-START | Type: QueryWorkload | Progress: 1/3
Going to run: ['python', '/home/kangping/code_copy/SAUCE/Naru/eval_model.py', '--dataset=bjaq', '--model=transformer', '--query_seed=0', '--end2end', '--eval_type=first_estimate', '--num_workload=3', '--data_update=valueskew', '--model_update=adapt', '--random_seed=42']
Torch device: cuda:1
GET-MODEL-PATH=./models/end2end/transformer/origin-bjaq-0.4MB-model34.249-data18.543-300epochs-seed0.pt
ckpts [PosixPath('/home/kangping/code_copy/SAUCE/models/end2end/transformer/origin-bjaq-0.4MB-model34.249-data18.543-300epochs-seed0.pt')]
Validate Argument: DATASET="bjaq" is valid.
load_npy_dataset_from_path - df.shape = (382168, 5)
Parsing... done, took 0.0s
Loading ckpt: /home/kangping/code_copy/SAUCE/models/end2end/transformer/origin-bjaq-0.4MB-model34.249-data18.543-300epochs-seed0.pt
query_seed:0
origin-bjaq_15.71 	max: 5.0000	99th: 2.5002	95th: 1.6667	median: 1.0815	mean: 1.1719
ReportEsts: [1.0063897763578276, 1.0208333333333333, 1.0460555820783242, 1.056910569105691, 1.5, 1.0, 1.069407045117327, 1.0608675439511959, 1.0, 1.016971279373368, 1.1272039938822036, 1.043588309074995, 1.1043599257884973, 1.1651162790697673, 1.0734722712822324, 1.0, 1.125, 1.0092100602196246, 3.0, 2.0, 1.125, 1.038847566986289, 1.1002144463622574, 1.0716382853787434, 1.0335471139615195, 1.0, 1.1655265264536787, 2.0, 1.2, 1.0503597122302157, 1.0, 1.0411675888875682, 1.0010622215517055, 1.004994450610433, 1.0765163753855191, 1.2331774920687928, 1.106951871657754, 1.0015831775247068, 1.1363730284454852, 1.0476190476190477, 1.1800302571860817, 1.048780487804878, 1.0, 1.035356885364095, 1.0696254743441675, 1.8615384615384616, 1.0618556701030928, 1.2367491166077738, 1.0319821101849969, 1.0740740740740742, 1.071528136293237, 1.3281786941580755, 1.0385653365196432, 2.0, 1.103896103896104, 1.1779801629733417, 1.248864668483197, 1.3526570048309179, 1.049689440993789, 1.25, 1.0941930207197383, 1.1058530510585305, 1.0954545454545455, 1.0, 1.1818181818181819, 1.0304229973607246, 1.3186670980265287, 1.75, 1.0, 1.0545352847953762, 1.0011933174224343, 1.0615206035983749, 1.049645390070922, 1.0611181587531715, 1.1105882352941177, 1.0424710424710424, 1.0, 1.1144050104384133, 2.6666666666666665, 1.0177193032798646, 1.2307692307692308, 1.046319651456088, 1.1840490797546013, 1.108005082592122, 1.1104023552502453, 1.0, 1.070029708010852, 1.0059366366895903, 1.053921568627451, 1.75, 1.1333333333333333, 1.0447323996682567, 1.1277258566978192, 1.021489971346705, 1.0009132420091325, 1.0337662337662337, 1.0150375939849625, 1.1490196078431372, 1.0, 1.2644702696603858, 1.039048473967684, 1.0771869639794167, 1.244084463760481, 1.3076923076923077, 1.0095150408662834, 1.1260950358375366, 1.2654789112819447, 1.1956769055745164, 1.0530349478847334, 1.3333333333333333, 1.6666666666666667, 1.0647196261682244, 1.024845761451361, 1.0682248894504107, 1.155844155844156, 1.057606320178854, 1.0, 1.121097445600757, 1.1728395061728396, 1.0, 1.04, 1.1666666666666667, 1.2205513784461153, 1.022740858910462, 1.0006216489237703, 1.0980392156862746, 1.8, 1.1382450331125828, 1.0, 1.3214285714285714, 1.0945701403727597, 1.1818181818181819, 1.1009114583333333, 1.0206811658826707, 1.0561667631731326, 1.0801068090787718, 1.0960960960960962, 1.0565081839438815, 1.039972432804962, 1.0853138330286412, 1.0227405053815315, 1.296, 1.0182648401826484, 1.106156673278894, 2.0, 1.0173199635369188, 1.0045924225028702, 1.072521623419827, 1.1365802011646373, 1.5, 1.2842092516347785, 1.0162962962962963, 1.050420168067227, 1.1074561403508771, 1.075912408759124, 1.0510788941335132, 1.1469801920038887, 1.211912568306011, 1.0800821355236139, 1.0789473684210527, 1.3061224489795917, 1.3398058252427185, 1.0324005891016201, 1.2857142857142858, 1.064577633297425, 1.0355244797901624, 1.1696969696969697, 1.3249763481551562, 1.1008742434431742, 1.0818955235747794, 1.288421052631579, 1.096774193548387, 1.1041928924179336, 1.1375126390293226, 1.0293072824156306, 1.0806608357628766, 1.0393452943028014, 1.087599544937429, 1.0894550601556972, 1.0, 1.0873015873015872, 1.0318916557448667, 1.0277113237639552, 1.154388212684177, 1.144736842105263, 1.0791452073519001, 1.256198347107438, 1.0954699911261174, 1.1372549019607843, 1.0156971375807942, 1.0728037693604144, 1.0, 1.0, 1.0790121464024858, 1.0538277511961722, 1.005097312326228, 1.3461538461538463, 1.05016077170418, 1.0615465247126408, 1.059983749649572, 1.0626410835214446, 1.0486349065988725, 1.423728813559322, 1.0491803278688525, 1.2352941176470589, 1.0, 1.4035087719298245, 1.1423277085633181, 1.3310104529616724, 1.2298850574712643, 1.013840830449827, 1.0031277926720286, 1.0122962192160943, 1.024636555321274, 1.166351034012575, 1.0114942528735633, 1.0880503144654088, 1.0039037085230968, 1.0709833993911195, 1.0248681412914518, 1.0, 1.098550724637681, 1.0434679849526323, 1.0153957605158956, 1.1489883507050889, 1.02538176890603, 1.2836047774158523, 1.0357142857142858, 1.0052526761963883, 1.240587931923672, 1.0112803158488437, 1.1497005988023952, 1.0828840970350404, 1.0468085106382978, 1.2, 2.0, 1.2370651856182402, 1.0271884769986601, 1.2008907641819033, 1.1703056768558953, 1.0909090909090908, 1.6666666666666667, 1.0339600077381685, 1.1090909090909091, 1.1276133979599219, 1.5, 1.0, 1.025, 1.0308352849336455, 1.1264367816091954, 1.0441988950276244, 1.0959915611814346, 1.0418060200668897, 1.0029387069689337, 1.0988753605234123, 1.0, 2.0, 1.084099274155409, 1.0225215744053884, 1.096322241681261, 1.0193049370352218, 1.1088768728173932, 1.0123171291740471, 1.1120826709062004, 1.0991849022058695, 1.020933014354067, 1.10335838061647, 1.0328513444951801, 1.0, 1.0563260541308734, 1.2506666666666666, 1.2045454545454546, 1.3157894736842106, 1.064653503677894, 1.0555555555555556, 1.1111111111111112, 1.1077451046362963, 1.143312101910828, 1.3859649122807018, 1.0201447906830343, 1.0226510067114094, 1.0199980460130242, 1.0595169831686173, 1.25, 1.0928519461622408, 2.5, 1.0215336364512426, 1.0043383947939262, 1.0103272495562332, 1.0526315789473684, 1.6666666666666667, 1.4782608695652173, 1.0757575757575757, 1.0850156252060286, 1.0, 1.047400611620795, 1.079185520361991, 1.0052083333333333, 1.0164984201477627, 1.1595092024539877, 1.1383647798742138, 1.0070269652650823, 1.1319050821404553, 1.069043649266812, 1.0427350427350428, 1.0, 1.1097852028639619, 1.2929936305732483, 1.130281690140845, 1.0592670598146587, 1.0517097581317765, 1.002824858757062, 1.18, 1.010973936899863, 1.0181245074862095, 1.2857142857142858, 1.0039313246721338, 1.0520231213872833, 1.105263157894737, 1.1071858581436078, 1.1428571428571428, 1.4, 1.0117542636150383, 2.0, 1.1646090534979423, 1.058139534883721, 1.1517637407711239, 1.0567545963229417, 1.0638888888888889, 1.1375, 1.0843896697736712, 1.1025210356774826, 1.0381895332390383, 1.0591428199227062, 1.0736480430236033, 2.0, 1.0, 1.0535089924358418, 1.25, 1.0697544642857142, 1.3529411764705883, 1.0, 1.4666666666666666, 1.3624497991967872, 1.0559701492537314, 1.1517857142857142, 1.0162337662337662, 1.0, 1.1418109187749668, 1.0499935325313672, 2.0, 1.1417510422870756, 1.0, 1.0983071433993774, 1.0, 1.0012857517711886, 1.152073732718894, 1.1363636363636365, 1.3161434977578474, 1.1851851851851851, 1.0246591389319315, 1.0237829632852549, 1.060734463276836, 1.0, 1.0769230769230769, 1.5714285714285714, 1.5, 1.1428571428571428, 1.0697382414491063, 1.3333333333333333, 1.0693950177935942, 1.1222222222222222, 1.0362891578919728, 1.0942826998700812, 1.2718846549948506, 1.005258222649527, 1.011600928074246, 1.0642857142857143, 1.5, 1.06430155210643, 1.0680851063829788, 1.049819176652383, 1.0476190476190477, 1.5714285714285714, 1.0, 1.0099823840281856, 1.0243884604000906, 1.0049261083743843, 1.1464387464387464, 1.0153214774281807, 1.1111111111111112, 1.0907770515613653, 1.0603813559322033, 1.1153846153846154, 1.0254957507082152, 1.0884955752212389, 1.0450169259914903, 1.074749118842141, 1.0163674448976823, 1.0238095238095237, 1.3058823529411765, 1.1222570532915361, 1.0, 1.0235200370151403, 1.0529430168079918, 1.0675347180437555, 1.061394127363255, 1.0427759497457374, 1.1623768668573244, 1.8333333333333333, 1.118726389638424, 1.2, 1.286934244235696, 1.25, 1.0252259979837026, 1.03768115942029, 1.1066208082545141, 1.0316205533596838, 1.0732127476313522, 3.0, 1.1084415584415583, 1.0187379894585293, 1.1704524553981976, 2.0, 1.0634920634920635, 1.2639155470249521, 1.303370786516854, 1.1473332762605941, 1.1642411642411643, 1.1666666666666667, 1.0202464788732395, 1.019514868471216, 1.03211018010209, 1.110658221414189, 1.1026315789473684, 1.0100502512562815, 1.2765151515151516, 2.142857142857143, 1.0824175824175823, 1.5, 1.2237061769616027, 1.03125, 1.144383083854091, 1.6666666666666667, 1.0537118797695975, 1.1128563817903727, 1.068476249228871, 1.0, 1.2127659574468086, 1.16, 1.284436225509796, 1.4726477024070022, 1.0, 1.0193648334624321, 1.0799099356229982, 1.0385412349772067, 1.5, 2.0, 1.001555814858032, 1.013623978201635, 1.039344262295082, 1.2222222222222223, 1.0823122026970344, 1.0996884735202492, 1.4705882352941178, 1.0213895514349465, 1.0454545454545454, 1.068241469816273, 1.043548387096774, 1.359697097181321, 1.0034560221185416, 1.0, 1.0422535211267605, 1.1134271099744246, 1.0409510165317193, 1.0421542251466727, 1.0, 1.106171201061712, 1.0116197749592044, 1.0220010476689365, 2.0, 1.055023923444976, 1.0272270045458942, 1.0701301156233263, 1.0573151020051548, 1.0040076660802144, 1.0306088604596066, 1.015126050420168, 1.181533269045323, 2.0, 1.0759729184970799, 1.48, 1.25, 1.0984455958549222, 1.1346153846153846, 1.0002376118755913, 1.117758784425451, 1.0289867538276278, 1.2033042680128498, 1.1056183965195774, 1.0950899499526578, 1.0635482043991353, 1.0618556701030928, 4.0, 1.0167195508908957, 1.1888663967611337, 1.0484437900036812, 1.0594085995722273, 1.099695585996956, 1.1537324464153733, 2.5180722891566263, 2.2857142857142856, 1.009616789209719, 1.0656245473688901, 1.034850803366488, 1.1275887573964498, 1.0313825684535287, 1.0144329896907216, 1.0711314043225928, 1.066129959746981, 1.2265625, 2.0, 1.0, 1.065359477124183, 1.116600790513834, 1.1057513914656771, 1.1489071038251366, 1.0647058823529412, 1.3092105263157894, 1.148905109489051, 1.089820359281437, 1.0668059818454907, 1.1894736842105262, 1.0012333687926862, 2.0, 1.2723948811700183, 1.045643153526971, 1.3055555555555556, 1.0840782122905028, 1.041002277904328, 1.007905138339921, 1.1024643320363166, 1.0769368470852994, 1.0, 1.4042553191489362, 1.2, 1.5, 1.1931818181818181, 1.1330645161290323, 1.0172684458398744, 1.116504854368932, 1.0602371034924705, 1.091647331786543, 1.1177653117880186, 1.192054536906441, 1.0346420323325636, 1.1149339559418034, 1.0810810810810811, 1.093143596377749, 1.0299951620706338, 1.054308093994778, 1.1921965317919074, 1.1006532066508314, 1.0669943749049815, 1.2023330503156262, 1.0807416762071123, 2.0, 1.2751842751842752, 1.07876370887338, 1.4339622641509433, 1.0, 1.0851063829787233, 1.25, 1.1437246963562753, 1.3333333333333333, 1.1666666666666667, 1.0187534739843882, 1.1260531108042664, 1.031913655293722, 1.048429215794888, 1.2378378378378379, 1.1320495185694635, 1.0, 1.1407407407407408, 1.0033215694415611, 1.0784790288734827, 1.084870656320331, 1.113395603143866, 1.0219258176502832, 1.2155844155844155, 1.0241618673481063, 1.119005328596803, 1.024104760409893, 1.0898736798509008, 1.303030303030303, 1.0328879753340185, 1.0, 1.2422535211267605, 1.2086861793965304, 3.0, 1.149789029535865, 1.0683397594255766, 1.4285714285714286, 1.0449053336846463, 1.2, 1.0555555555555556, 1.0567992156334434, 1.6153846153846154, 1.0079644199509323, 1.0422896198205895, 1.3103448275862069, 1.16, 1.0845360824742267, 1.008130081300813, 1.0035320088300221, 1.0617283950617284, 1.154943313421919, 1.0, 1.0266130784271128, 1.1067073170731707, 2.0, 1.003390455981733, 1.1213340254347262, 1.151371807000946, 1.0132414276162882, 1.0810946788650717, 1.0, 1.5714285714285714, 1.050339592489013, 1.020967741935484, 1.1012675411060018, 1.164271844660194, 1.0282636635563573, 1.055615152063974, 1.0769230769230769, 1.0692124105011933, 1.2173913043478262, 1.0540550049844601, 1.0965299684542587, 1.1230925737538149, 1.1953781512605042, 1.0394631337245326, 3.0, 1.1342422575417417, 1.0251495419481724, 1.0557530516379852, 1.5833333333333333, 1.2685738091931675, 1.3349753694581281, 1.1428571428571428, 1.1037243422444805, 1.0420575865415722, 1.1539301310043668, 1.088235294117647, 1.3333333333333333, 1.0733794904140936, 1.5, 1.0981308411214954, 1.0833333333333333, 1.013920870839439, 1.3846153846153846, 1.029535864978903, 1.0566037735849056, 1.0, 1.7447089947089947, 1.3046075085324231, 1.25, 2.0, 1.1083333333333334, 1.2482758620689656, 1.0373111316682084, 1.182382133995037, 1.1072664359861593, 1.238938053097345, 1.1014466214978942, 1.0545454545454545, 1.1395348837209303, 1.4244897959183673, 1.0, 1.0, 1.0911086717892426, 1.0764790764790764, 1.0165289256198347, 1.0093244923331952, 1.0665849164654035, 1.0530441599163836, 1.1048750481724128, 1.1283979178716022, 1.2131386861313869, 1.0133010882708586, 1.8333333333333333, 1.0, 1.2592592592592593, 1.051741671093572, 1.0661959399823477, 1.107843137254902, 1.1059113300492611, 1.015196639938908, 1.0705948067200413, 1.0194804185741502, 1.1304347826086956, 1.2222222222222223, 1.0344563552833077, 1.0383318422682541, 1.0755689490498304, 1.038116930338497, 1.027027027027027, 1.1010041346721795, 1.0124543152211827, 1.049731182795699, 1.3309572301425663, 1.2857142857142858, 1.0705654905751572, 1.4605263157894737, 1.1818181818181819, 1.0338028169014084, 1.0701001430615165, 1.0, 1.0403800475059382, 1.0385112779429302, 1.0, 1.1018794927518927, 1.0227518959913326, 1.303030303030303, 1.0548384623249156, 1.0727108868060562, 1.1212060166532367, 1.0486641221374047, 1.032825322391559, 1.2070748299319727, 1.1940298507462686, 1.2142857142857142, 1.0, 1.4285714285714286, 1.0749909167978684, 1.3333333333333333, 1.1893785431596962, 1.1354800495396047, 1.046078865750997, 1.0794438927507448, 1.0537928829107917, 1.1314040728831725, 1.043010752688172, 1.027739251040222, 1.0148026393030738, 1.1691038620172478, 1.0421214588651384, 1.2405455859327954, 1.6666666666666667, 1.015625, 1.0197628458498025, 1.091736282020174, 1.01628664495114, 1.2691998929622692, 1.034798534798535, 2.1923076923076925, 1.0291000120279048, 1.051006711409396, 1.0636961722488039, 1.125, 1.0715235450544796, 1.051395850737956, 1.264075734927753, 1.0581052631578947, 1.1428571428571428, 1.047085201793722, 1.1823529411764706, 1.5625, 1.0293484301194777, 1.5, 1.0643776824034334, 1.0963855421686748, 1.105891126025354, 1.0737660459229796, 1.0278113663845223, 2.75, 1.0717703349282297, 1.0949851097466818, 1.0433801877882105, 1.0264725841899152, 1.0154955253563143, 1.0793662002913007, 1.0, 1.069198312236287, 1.0552463409606267, 1.0130586186883344, 1.0180360721442885, 1.0138888888888888, 1.0279531109107305, 1.0134796305423999, 1.3839195979899497, 1.0568093815687576, 1.0, 1.3333333333333333, 1.051279388860046, 1.0033769523005487, 1.2135732264379604, 1.0875729774812344, 1.085395051875499, 1.1221945137157108, 1.1050753565760811, 1.0884496683958238, 1.1231617647058822, 1.010928961748634, 1.0704647676161918, 1.0690006380994455, 1.0952380952380953, 1.75, 1.052001305199043, 1.175342956176466, 1.0521895620875825, 1.0170454545454546, 1.2863866763215062, 1.0231792084350122, 1.1658701152656734, 1.4184397163120568, 1.3461538461538463, 1.0181940700808625, 1.1072261072261071, 1.146875, 1.5925925925925926, 1.0620292770141915, 1.1853320118929633, 1.1650082918739635, 1.024390243902439, 1.0224161567525998, 1.0351517479830965, 1.067570281124498, 1.3036244800950683, 1.3333333333333333, 1.12, 2.0, 1.1306165099268548, 1.3461538461538463, 1.3333333333333333, 1.1538461538461537, 1.0847682119205297, 1.0869565217391304, 1.0509879134399653, 1.049260589857131, 1.1109090909090908, 1.2830188679245282, 1.1428571428571428, 1.064516129032258, 1.0945945945945945, 1.0769230769230769, 1.1223776223776223, 1.0351168083856197, 1.0323624355311491, 1.3333333333333333, 1.1015777271701441, 1.0468194785045795, 2.5, 1.0693579667245074, 1.2259194395796849, 1.5, 2.0, 1.243491124260355, 1.142723947500538, 1.0683096261991398, 1.2267080745341614, 1.0, 1.167420814479638, 1.2607361963190185, 3.0, 1.5, 1.021618903971845, 1.170049737867993, 1.0194904458598726, 1.6666666666666667, 1.01264821869524, 1.04570100697134, 1.0194871794871796, 1.0, 1.051643192488263, 1.0236099642169005, 1.355263157894737, 1.1909996120522437, 1.0301972421015884, 1.2039660056657224, 1.024, 1.1492069522271822, 1.0822550831792976, 1.1239669421487604, 1.1896551724137931, 1.057844528475224, 1.467600071800395, 1.0790615919933997, 1.2634730538922156, 1.1568627450980393, 1.2835820895522387, 1.0852503382949932, 1.0566978193146417, 1.00970531323067, 1.0934431883502587, 1.0676855895196506, 1.5, 1.6666666666666667, 1.116729527584223, 1.1802990325417766, 1.040070025286909, 1.0088793706508266, 1.0118748954674694, 1.1432297326668115, 1.0915841584158417, 1.0434782608695652, 1.0499960694913921, 1.1179347044441248, 1.2817220543806647, 1.1821946169772257, 1.6666666666666667, 1.0416666666666667, 1.0417319524592044, 1.1434426229508197, 1.0117103041207014, 1.1030561540065327, 1.0184659090909092, 2.0, 1.0673316708229426, 1.039634495884066, 1.1608407585103953, 1.1711026615969582, 1.0789109807848185, 1.085987261146497, 1.0695364238410596, 1.0046592894583577, 1.0331217633973124, 1.06524118191767, 1.0380184331797235, 1.0511440107671601, 1.0, 1.196361034447511, 1.0614544291068653, 1.0396301188903567, 1.0773016362369974, 1.0844900422450212, 1.037821482602118, 1.2857142857142858, 1.2139175257731958, 1.6666666666666667, 2.0, 1.1764705882352942, 1.0051150895140666, 1.037124802527646, 1.0250466293631761, 1.0023523373679484, 1.0190818584070795, 1.0565870910698496, 1.184782608695652, 1.2564102564102564, 1.0659455516039198, 1.6, 1.6666666666666667, 1.0152845528455285, 1.1428571428571428, 1.0459610027855153, 1.1484098939929328, 1.070752591257323, 1.0975962084692668, 2.0, 1.05015479876161, 1.1724806201550388, 1.0396681358568836, 1.0401387194142957, 1.121212121212121, 1.1160958904109588, 1.161149550038439, 1.0871548900327561, 1.0254372019077902, 1.0140845070422535, 1.100558659217877, 1.0, 1.0, 1.0416875290583312, 5.0, 1.5714285714285714, 1.7419354838709677, 1.034956304619226, 1.119047619047619, 1.0853658536585367, 1.1086700666928206, 1.1666666666666667, 1.1247672253258845, 1.0186915887850467, 1.1554404145077721, 1.2908653846153846, 1.4285714285714286, 1.0494084899095337, 1.2222838137472283, 1.12691466083151, 1.0952026775753068, 1.0219536284928104, 1.0336051617528452, 1.1277728482697427, 1.0, 1.2176249100985743, 1.0495745243711558, 1.0254662840746054, 1.1774193548387097, 1.0989121250528096]
origin-bjaq_15.71 	max: 5.0000	99th: 2.5002	95th: 1.6667	median: 1.0815	mean: 1.1719

...Done, result: results.csv

WORKLOAD-FINISHED | Type: QueryWorkload | Progress: 1/3 | Workload-time: 13.949777 | Model-update-time: 0.000000


WORKLOAD-START | Type: DataUpdateWorkload | Progress: 2/3
Going to run: ['python', '/home/kangping/code_copy/SAUCE/Naru/eval_model.py', '--model=transformer', '--data_update=valueskew', '--dataset=bjaq', '--drift_test=js', '--end2end', '--update_size=80000', '--query_seed=0', '--eval_type=drift']
Torch device: cuda:1
GET-MODEL-PATH=./models/end2end/transformer/origin-bjaq-0.4MB-model34.249-data18.543-300epochs-seed0.pt
GET-DATASET-PATH=./data/bjaq/end2end/bjaq.npy
ValueSample - START
ValueSample - END
load_npy_dataset_from_path - df.shape = (458601, 5)
Parsing... done, took 0.0s
Data updated!
Previous data size: (382168, 5), new data size: (76433, 5)
[1.1920929e-07 1.1920929e-07 1.7881393e-07 1.1527538e-02 1.1920929e-07]
Distance score: 0.002305614994838834
SAUCE Drift detection: True
Detection latency: 0.0235s

DRIFT-DETECTED after 2-th workload
Going to run: ['python', '/home/kangping/code_copy/SAUCE/Naru/incremental_train.py', '--dataset=bjaq', '--end2end', '--model=transformer', '--model_update=adapt', '--update_size=80000', '--epochs=0']
Torch device: cuda:1
GET-MODEL-PATH=./models/end2end/transformer/origin-bjaq-0.4MB-model34.249-data18.543-300epochs-seed0.pt
update_size: 76433
AdaptTask - START
GET-DATASET-PATH=./data/bjaq/end2end/bjaq.npy
load_npy_dataset_from_path - df.shape = (458601, 5)
Parsing... done, took 0.0s
done, took 0.0s
dataset size: 458601
train data shape: torch.Size([76433, 5]), transfer data shape:torch.Size([15286, 5])
Training done; evaluating likelihood on full data:
Epoch None Iter 0, test loss 27.6366 nats / 39.8711 bits
Saved to: /home/kangping/code_copy/SAUCE/models/end2end/transformer/origin-bjaq-0.4MB-model34.249-data18.543-300epochs-seed0.pt
AdaptTask - END

WORKLOAD-FINISHED | Type: DataUpdateWorkload | Progress: 2/3 | Workload-time: 4.071174 | Model-update-time: 5.003389


WORKLOAD-START | Type: QueryWorkload | Progress: 3/3
Going to run: ['python', '/home/kangping/code_copy/SAUCE/Naru/eval_model.py', '--dataset=bjaq', '--model=transformer', '--end2end', '--query_seed=0', '--eval_type=estimate', '--num_workload=3', '--data_update=valueskew', '--model_update=adapt', '--random_seed=42']
Torch device: cuda:1
GET-MODEL-PATH=./models/end2end/transformer/origin-bjaq-0.4MB-model34.249-data18.543-300epochs-seed0.pt
ckpts [PosixPath('/home/kangping/code_copy/SAUCE/models/end2end/transformer/origin-bjaq-0.4MB-model34.249-data18.543-300epochs-seed0.pt')]
Validate Argument: DATASET="bjaq" is valid.
data size: 458601, total size: 458601, split index: [382167 458601]
Parsing... done, took 0.0s
Loading ckpt: /home/kangping/code_copy/SAUCE/models/end2end/transformer/origin-bjaq-0.4MB-model34.249-data18.543-300epochs-seed0.pt
query_seed:0
origin-bjaq_15.71 	max: 482.5000	99th: 55.0149	95th: 2.9596	median: 1.1204	mean: 3.7921
ReportEsts: [1.0767195767195767, 1.0058504875406284, 1.0381307356657123, 1.1461267605633803, 1.5416666666666667, 1.0, 1.1249743062692703, 1.127624277275715, 1.2, 1.0645514223194747, 1.0365786380753639, 1.0435444179362425, 1.1520369592608148, 1.372093023255814, 1.0640023168259485, 2.0, 1.1656050955414012, 37.0, 1.3636363636363635, 1.026578073089701, 1.071499176276771, 1.0055783242258651, 1.1824817518248176, 1.0491109229466553, 1.123378911756414, 1.026732368517192, 2.0, 1.0248197059098998, 1.4, 1.1666666666666667, 32.54332129963899, 1.0, 1.0486280741301897, 1.002708329070933, 3.098452278589854, 1.1488614000562272, 1.0203785576126, 1.3342245989304813, 1.4666666666666666, 2.055774985038899, 1.036054225555235, 1.0350812746808706, 1.108009708737864, 1.0336751793015617, 1.2, 1.0928403105073468, 1.2727272727272727, 1.0513784461152882, 1.3513513513513513, 1.2334943639291465, 34.74074074074074, 1.064102564102564, 1.285, 1.206896551724138, 1.1381826920644558, 1.152626411389298, 1.0902210112019377, 1.2357512953367875, 1.0638297872340425, 1.0602327645270908, 1.4761904761904763, 1.0500242836328315, 1.0466867469879517, 1.102661596958175, 1.1149425287356323, 1.8, 1.064300870260463, 1.2476263792661022, 1.4, 1.0, 1.0622728774364056, 1.0668756530825496, 1.0729468599033816, 1.162162162162162, 1.0408180692540883, 1.4169611307420495, 1.0822269161134581, 1.2430939226519337, 1.5242718446601942, 1.1314836058132722, 1.0250965250965252, 41.285714285714285, 2.0, 2.0, 1.0491620111731843, 1.2, 1.0234375, 60.666666666666664, 1.0, 1.0833400292477542, 1.112883804936785, 1.248246534489424, 1.2384289138853033, 1.0905220288781932, 1.398753894080997, 1.0496535796766744, 1.0220820189274449, 1.3410740203193032, 1.0666666666666667, 1.3371182458888018, 1.2, 1.0, 1.0291601932631076, 1.1372381359555366, 1.2572898799313894, 1.402741131632952, 1.096774193548387, 1.0177944606299523, 1.1900716750730025, 1.1955997219155114, 1.4004550625711036, 1.0452569675274865, 1.2857142857142858, 1.0, 1.0380508639099204, 1.0591977994724144, 1.1028540656973613, 1.103448275862069, 1.0569046187625795, 1.0, 1.3576158940397351, 3.556869881710646, 1.0, 1.0093457943925233, 1.1428571428571428, 1.1615541922290389, 1.028675966822641, 1.1426073440839324, 1.1071428571428572, 1.5, 1.131852879944483, 1.0, 2.0, 1.1251034102399118, 1.0769230769230769, 1.131315721979995, 1.21487548452185, 1.127623746867168, 1.0, 1.7857142857142858, 1.0789473684210527, 1.0486173059768065, 1.0718623481781377, 1.2007807417046195, 1.1341463414634145, 1.2087410306588389, 1.0711430368701933, 3.0, 1.026840490797546, 1.2, 1.1029776674937966, 1.1173258559622197, 1.5, 1.2018736778482926, 1.029449423815621, 1.0463917525773196, 1.1066666666666667, 1.0, 1.2640144665461122, 1.1307258899921675, 1.2265518803806073, 1.1330798479087452, 1.3350125944584383, 1.5714285714285714, 1.2598425196850394, 1.21060382916053, 1.0909090909090908, 1.0782248920412052, 1.2272727272727273, 1.1551020408163266, 1.0989182230854355, 482.5, 1.1616874343191712, 1.1770491803278689, 1.1068702290076335, 1.2075917467317687, 23.04, 1.180327868852459, 1.0789049919484701, 1.0220836580930113, 1.2390723851778818, 1.0150108887275744, 1.4104477611940298, 1.0316205533596838, 1.0065676331421454, 1.0845581030766216, 1.3109919571045576, 2.6864994142912924, 1.1723163841807909, 1.0, 1.0252100840336134, 1.2107930653378065, 1.25, 1.145611364789447, 2.300428753265894, 1.0556957690746753, 1.423334025326967, 1.2063348416289592, 1.0683760683760684, 1.1367484190450698, 1.0176663927691043, 1.0494435795421784, 1.020100502512563, 1.0757075992848677, 1.0691114245416078, 1.1166899930020995, 1.3217821782178218, 1.0625, 1.2, 1.0, 1.4692307692307693, 1.0751805646749837, 1.5400696864111498, 1.5955882352941178, 1.0069643588693158, 1.0454545454545454, 1.0512882707088114, 1.0556792873051224, 1.453940757046466, 1.0833333333333333, 1.0976253298153034, 1.028472591804151, 1.3615788796180357, 1.0642156216068113, 12.1875, 27.993536472760848, 1.139922767233588, 1.003273091825399, 1.0026525198938991, 1.1371769383697814, 1.0601415094339623, 1.056513903192585, 1.518181818181818, 1.0057873325104751, 1.02637723399299, 1.2825278810408922, 1.0648148148148149, 1.0759637188208617, 1.1568627450980393, 1.1642384105960264, 2.0, 1.2280319535221496, 1.070402834763148, 1.2113095238095237, 1.0830564784053156, 1.1666666666666667, 2.0, 1.1086409969119777, 1.3636363636363635, 1.0536023609418106, 1.6, 1.0707070707070707, 1.284304047384008, 1.4285714285714286, 1.010713723018749, 1.2375690607734806, 1.125668449197861, 1.1970443349753694, 1.0073943661971831, 1.1193176310943103, 1.1754385964912282, 2.0, 1.0683921998590336, 1.4812972292191435, 1.0838068181818181, 1.011349789367406, 1.0425915578808351, 1.1693564259004132, 1.027761013880507, 1.0710371303812678, 1.0224171539961013, 1.1848505906879778, 1.0029764959458072, 1.0769230769230769, 1.0385355652888606, 1.1126482213438735, 1.4545454545454546, 1.3636363636363635, 59.86178861788618, 1.2592592592592593, 1.0163088554990003, 1.0377495991837924, 1.0604651162790697, 1.7142857142857142, 1.007345461658842, 1.0256045519203414, 1.344150641025641, 1.0620542317173378, 1.0, 1.181544633901705, 1.071798188874515, 1.0190459571497885, 1.1559317664246123, 1.092160719303175, 1.2009443861490032, 1.01496138996139, 1.0374822190611663, 1.0924356257625378, 1.8158094102097069, 1.193335434063337, 1.0476190476190477, 47.0, 1.3333333333333333, 1.0822641509433961, 2.0, 1.0, 1.0557660292463442, 1.0244616773195308, 1.6451612903225807, 1.0677966101694916, 1.2051039697542534, 1.1060936713110625, 3.027952755905512, 1.2173913043478262, 1.4400672928641525, 1.1732480621373877, 1.3114754098360655, 1.5, 2.857142857142857, 1.198658410732714, 1.4285714285714286, 1.0011407304498556, 1.120253164556962, 1.0526315789473684, 1.0313539047927986, 1.5238095238095237, 1.25, 1.0018738134569394, 2.0, 1.0442748091603054, 1.2223837209302326, 33.527994791666664, 23.008591065292098, 1.1282608695652174, 1.1808510638297873, 1.0382066033016508, 1.2694819301743085, 1.1587982832618027, 1.1366759504531805, 1.133296229302908, 3.0, 1.1111111111111112, 1.049712062850387, 1.5, 1.0740568234746157, 1.6470588235294117, 1.0, 1.7222222222222223, 1.345088161209068, 1.1168224299065421, 1.0136054421768708, 1.1386666666666667, 1.5454545454545454, 1.8333333333333333, 1.0300281491907108, 1.3783783783783783, 1.2121212121212122, 1.0010816267666571, 1.5702479338842976, 1.0221565731166913, 1.3002832861189801, 1.75, 1.25, 1.3059581320450886, 1.1216216216216217, 1.0650577124868836, 1.1227393523200302, 1.506310319227914, 1.0119617224880382, 1.5, 1.0335749980354436, 1.0444444444444445, 1.6538461538461537, 1.3333333333333333, 90.475, 1.0, 1.5344418052256532, 1.1386138613861385, 1.2792541675687379, 1.2451239360708664, 1.245815180004586, 1.067930060816681, 1.1187770562770563, 1.1484098939929328, 1.072697899838449, 1.1230282716961124, 1.0781818181818181, 1.15625, 1.0120382998202042, 1.0567405575111788, 45.179577464788736, 1.217142857142857, 1.1395348837209303, 1.117063492063492, 2.0, 1.0625, 1.4285714285714286, 1.140655105973025, 1.3758389261744965, 1.0265339966832505, 1.1094407696933253, 1.3076923076923077, 1.0029379069398126, 1.3127289377289377, 1.8093937643331057, 1.0425531914893618, 1.0384615384615385, 1.123076923076923, 2.0, 1.1629996605278792, 1.7959183673469388, 1.10624623039807, 1.0667116602637317, 1.0467953538898638, 1.1628838451268357, 1.75, 1.279419388284085, 1.1666666666666667, 56.48976109215017, 1.0909090909090908, 1.0329279700654816, 1.0303766707168893, 1.3406061908856406, 1.1, 1.1281497480201583, 4.0, 1.0571177504393674, 1.0149435335858856, 1.0701730897963087, 2.0, 1.253968253968254, 1.214968152866242, 1.2121212121212122, 1.096067751081928, 1.04590912670289, 1.0833333333333333, 1.3442622950819672, 1.1255492652619101, 1.0810692669804975, 1.051661984436765, 1.0736243467568398, 50.59488448844885, 55.0, 1.163978494623656, 1.0974499363236163, 1.1538461538461537, 1.017353579175705, 1.0, 1.0, 1.2452830188679245, 1.1282051282051282, 1.1327649208282582, 1.3722696729622437, 1.2800740283775447, 1.0, 1.1475409836065573, 1.36, 1.5486215041742548, 1.0909090909090908, 1.0, 1.0680283979299823, 1.0, 1.0, 1.198639455782313, 2.0, 1.1968932038834952, 1.0135644310474754, 1.1162790697674418, 1.3333333333333333, 1.0675752996581622, 1.0754877014419, 1.4, 1.005981273290953, 1.069767441860465, 1.3648293963254594, 1.033909574468085, 1.591922591501893, 1.251005880532343, 1.0, 1.0705882352941176, 1.4, 1.0798704803022126, 1.0419303797468353, 1.25, 1.0851960425064127, 1.0149902481323738, 1.0231744643637954, 2.0, 1.06235333556822, 1.061173091332945, 1.0034137236602976, 1.361072854978653, 1.012451376146789, 1.2039052965584573, 1.0887207702888584, 1.0035341280725816, 2.0, 1.0736982413896892, 1.061926605504587, 1.0654091131798138, 1.034656232532141, 1.0557029177718833, 1.0118749262373041, 1.0666666666666667, 1.2177191911543128, 1.043047619047619, 1.135226595613118, 1.0705445544554455, 1.1077581987273617, 2.6995747266099634, 1.0, 1.4883720930232558, 1.1105482717520858, 1.239795918367347, 1.0001325310785378, 1.0990997313229338, 1.0, 1.13135593220339, 1.106936416184971, 2.0, 1.1864406779661016, 1.0240488458902333, 1.0689655172413792, 1.0004761904761905, 1.0, 1.0, 1.0061461415888915, 1.3421052631578947, 1.0048648648648648, 1.174153709899626, 1.0950570342205324, 321.1666666666667, 1.0298353909465021, 1.1351988736360437, 1.8551724137931034, 1.007948541595023, 1.030670926517572, 1.1161616161616161, 1.1350120117448173, 1.0022727272727272, 1.0015288162594105, 2.0, 1.245576786978061, 1.0875420875420876, 1.7908599337170765, 1.174013921113689, 1.1206896551724137, 1.0738137082601054, 1.105263157894737, 1.0673913733120433, 1.0, 1.574468085106383, 7.375, 1.0, 1.1923076923076923, 29.0, 1.0025542784163475, 1.2718446601941749, 1.0580286168521462, 1.0524130773222626, 1.1086081804644679, 1.0471307434431079, 1.033345897725845, 1.178869195516537, 1.0061594343403006, 1.0840236686390532, 1.0704773305401765, 1.0599594330740505, 1.036372453928225, 1.056338028169014, 1.0959902794653706, 1.048951048951049, 1.0148486810163457, 1.1018099547511313, 1.1015919811320756, 1.4404761904761905, 1.438525770227469, 2.2794759825327513, 2.0, 1.0046242774566474, 1.2666666666666666, 3.0, 1.7875647668393781, 1.0485017596388233, 1.0447139067828723, 1.0236842105263158, 1.2922077922077921, 1.0613663580337063, 1.1338354779091258, 1.224890829694323, 1.0, 1.0952380952380953, 1.0540586245772265, 1.0038910505836576, 1.3859141341051615, 1.1208274565115186, 1.0, 1.1290931989924433, 1.4181818181818182, 1.1049321360021935, 1.1816793893129771, 1.0089842146508938, 1.568799002514846, 1.0000677884790872, 1.5844155844155845, 3.0, 1.1647358911680306, 1.0, 1.0462962962962963, 1.1083333333333334, 1.3203070481507326, 382.4727272727273, 1.434782608695652, 1.082436627004656, 1.112781954887218, 1.0763097949886105, 1.1418991416309012, 1.2573481384715872, 1.2331643736422881, 1.1680757524518093, 1.1976241900647948, 1.08125, 1.0, 1.0752310394867486, 1.1463084654039428, 1.15, 1.00207182320442, 1.1961759828309433, 42.660826032540676, 1.006556512408268, 1.3333333333333333, 1.0265957446808511, 1.0190373913892414, 1.150462962962963, 1.04093567251462, 1.0476766084176412, 1.247787610619469, 2.142857142857143, 1.005144694533762, 1.0321257689678742, 1.1412182425168336, 1.0155826558265582, 1.006576465923268, 2.26678445229682, 1.2120743034055728, 1.0524553571428572, 1.4113475177304964, 1.0604282073735893, 1.3022082018927446, 1.01285930408472, 1.043956043956044, 1.0089375208820581, 1.3877551020408163, 1.0683774565535162, 1.2857142857142858, 1.6, 1.3016344725111442, 1.6125943122460824, 1.2618602913709376, 1.0770975056689343, 1.1666666666666667, 1.015067406819984, 1.1499790532048597, 1.0440251572327044, 1.0401925329146342, 2.3333333333333335, 1.095768115942029, 1.5, 1.3271028037383177, 1.1538461538461537, 1.6268355112488213, 1.3870967741935485, 1.3248945147679325, 1.0416666666666667, 1.0, 12.238297872340425, 1.2933141624730409, 1.0, 3.0, 1.0526315789473684, 1.146551724137931, 1.1643876337693222, 1.007399577167019, 1.1436781609195403, 56.666666666666664, 1.0562347188264058, 48.63976945244957, 1.1183673469387756, 1.1582491582491583, 2.5, 1.0, 1.2585106382978724, 1.3362193362193362, 1.0302222222222222, 1.0392738384110722, 1.1146140333471453, 1.1267990074441687, 1.2029870189758134, 1.154431756389342, 1.194047619047619, 1.0280701754385966, 1.875, 1.0, 1.0303030303030303, 1.0280190671269076, 1.0952380952380953, 1.1181318681318682, 1.103448275862069, 1.2114547537227949, 1.0214163725378573, 1.0074522935451002, 1.069767441860465, 1.5714285714285714, 1.0, 1.1205728449462957, 1.1244124626808543, 1.020398519335276, 1.0662983425414365, 1.285809214412286, 1.051824603665484, 1.0735906997148497, 1.0799396681749622, 1.0659610523897058, 1.2201492537313432, 1.1155756207674943, 50.666666666666664, 1.046321090775089, 153.0, 1.2055498458376157, 1.0, 1.077079107505071, 1.174483293980658, 1.0508474576271187, 1.0235858642141213, 1.0188340807174887, 1.425, 1.0073201523080368, 1.2410237923576064, 1.7336233432547254, 1.1661608497723823, 1.000893655049151, 1.196187584345479, 1.1811722912966252, 2.92, 1.0, 1.1111111111111112, 1.2882402809737192, 1.6666666666666667, 1.1014094109626078, 1.1077980106428362, 1.2153300841825432, 1.055885262116716, 1.0503161007641528, 1.0143112701252237, 1.0117302052785924, 1.0830409356725146, 1.0114840851090479, 1.1118916697649845, 1.0469312872462242, 1.0301695661748513, 1.625, 1.1149425287356323, 1.0648464163822526, 1.4851766652019953, 1.002680965147453, 1.2683905483727151, 1.0271084337349397, 2.9574468085106385, 1.0564760778466205, 1.0547486033519553, 1.2750439940037803, 1.5, 1.1406265969209042, 1.16716879935109, 1.3092247726288437, 1.0505226480836236, 1.1428571428571428, 63.012379642365886, 1.2941176470588236, 1.110176541269988, 1.5, 1.0199427966931787, 1.1515151515151516, 1.2244171259008054, 1.27286470143613, 1.0251889168765742, 1.0089655172413794, 1.0146118721461188, 1.0124045801526718, 1.1362367392518147, 1.0689433997684679, 1.0890410958904109, 1.0051054764033402, 1.1273757728417677, 1.1538461538461537, 1.0846975088967972, 1.0307641957126492, 1.1063814401928291, 1.033842467804732, 2.8670852956567243, 1.0791788856304985, 1.087719298245614, 1.0319018404907976, 1.018979563519594, 1.2291666666666667, 1.116087212728344, 1.242500303631432, 1.041354188986501, 1.0791245791245792, 1.3128818549871182, 1.1247824898974648, 1.2625698324022345, 1.0901803607214429, 1.1091286954664563, 1.1027690637065637, 1.3106617647058822, 1.0976744186046512, 1.1463585434173669, 1.0983189152708754, 1.107843137254902, 1.8, 1.0579794489406202, 1.167021563342318, 1.185860889395667, 1.1363636363636365, 1.2154126213592233, 1.006818751859262, 1.1496725912067354, 1.142798857609139, 1.4615384615384615, 1.2513477088948788, 1.2857142857142858, 1.365625, 1.303030303030303, 1.0468923761275175, 1.4202180376610505, 1.0416243654822335, 1.148936170212766, 21.995789473684212, 1.055872291904219, 1.0294117647058822, 46.25, 1.036623215394165, 1.21256038647343, 1.0296934865900382, 1.2307692307692308, 1.321277502364398, 1.7243401759530792, 1.1461752433936023, 1.2608695652173914, 1.0, 1.2452449567723343, 1.0117189766200616, 1.2155176532416034, 1.2737430167597765, 1.35, 1.0, 1.1176470588235294, 1.032258064516129, 1.1714285714285715, 1.1210535810932707, 1.001189315388313, 1.0291371076181204, 1.1130434782608696, 1.1909686762091567, 1.046054906011671, 2.5, 1.106599683435414, 1.1368301026225769, 1.5, 2.0, 1.221167440921026, 1.0866874924906884, 1.0551882153543555, 1.2510460251046025, 1.0, 1.0310077519379846, 1.2196382428940569, 54.0, 1.0306589874580157, 1.1012541472211896, 1.0511379155693288, 1.1740597276021492, 1.8571428571428572, 1.0184744796682454, 1.0497737556561086, 1.0572160546541418, 1.0316301703163018, 1.0070011668611436, 1.0, 1.48, 1.1486388196176227, 1.0516230987028379, 18.6, 1.1016393442622952, 1.0823824482548827, 1.1460290350128095, 1.0390879478827362, 1.0144927536231885, 1.0151021272815488, 1.2576553491351699, 1.1238434005961682, 1.553030303030303, 1.113821138211382, 1.1158798283261802, 1.125, 1.1000613873542051, 1.038659793814433, 1.0033740205351571, 1.059299191374663, 3.5, 1.6956521739130435, 1.0369922428893152, 1.1926739926739927, 3.869173355865371, 1.036178961413828, 1.0955739972337484, 1.0897338403041825, 1.0686868686868687, 1.0344827586206897, 1.093698773850895, 1.0933562869892168, 1.0347560975609755, 1.0297723292469352, 2.0, 1.1066666666666667, 1.07409155261916, 1.1091854419410745, 1.131635104484022, 1.0955699940933254, 1.2329545454545454, 3.25, 1.0844772967265048, 1.020854403116455, 1.1818181818181819, 1.6677018633540373, 1.0569607200634272, 1.015748031496063, 1.383134738771769, 1.0140845070422535, 1.028809278832663, 1.8487379531895365, 1.2359963269054177, 1.1254801536491676, 1.0555555555555556, 1.1714834614099565, 21.469151670951156, 1.2298505368044348, 1.010922725790675, 1.0845854201446856, 1.2692889561270801, 1.145985401459854, 1.228888888888889, 2.0, 2.5, 1.9583333333333333, 1.0483516483516484, 1.0128597672994488, 1.1484273459838836, 1.0082393106348404, 1.0348235294117647, 1.1993723849372384, 1.1981566820276497, 1.09789193118488, 1.011998796358986, 1.3333333333333333, 1.9166666666666667, 1.1820504631108273, 1.125, 1.1083743842364533, 1.1377295492487478, 1.0238499536894103, 1.0076033078436746, 2.0, 1.0265463233342182, 27.007850241545892, 1.0880690382876093, 1.0405051965035446, 1.2406417112299466, 1.1290650406504066, 1.1479563425771244, 1.0846873991176154, 1.0, 1.3333333333333333, 1.308659217877095, 1.3333333333333333, 3.0, 1.0422481140233175, 5.0, 1.1666666666666667, 2.2857142857142856, 1.05625, 1.078990360105668, 1.2353732347007398, 1.1851851851851851, 1.1666666666666667, 1.1935162331498006, 1.0004816955684008, 32.333333333333336, 1.6009615384615385]
origin-bjaq_15.71 	max: 482.5000	99th: 55.0149	95th: 2.9596	median: 1.1204	mean: 3.7921

...Done, result: results.csv

WORKLOAD-FINISHED | Type: QueryWorkload | Progress: 3/3 | Workload-time: 14.011476 | Model-update-time: 0.000000


Experiment Summary: #data-update-times=1, #drift=1 | total-time=37.063096