Input arguments = Namespace(data_update='valueskew', update_size=80000, dataset='bjaq', debug=False, drift_test='js', model_update='adapt', model='transformer', end2end=False, query_seed=0, random_seed=42, num_workload=3)
JSON-passed parameters = {'data_updater': {'skew_ratio': '1e-3'}, 'random_seed': 1, 'transformer': {'epochs': 0}}
MODEL-PATH=/home/kangping/code_copy/SAUCE/models/end2end/transformer/origin-bjaq-0.4MB-model34.249-data18.543-300epochs-seed0.pt
DATASET-PATH=/home/kangping/code_copy/SAUCE/data/bjaq/end2end/bjaq.npy
Workloads: ['QueryWorkload', 'DataUpdateWorkload', 'QueryWorkload']

WORKLOAD-START | Type: QueryWorkload | Progress: 1/3
Going to run: ['python', '/home/kangping/code_copy/SAUCE/Naru/eval_model.py', '--dataset=bjaq', '--model=transformer', '--query_seed=0', '--end2end', '--eval_type=first_estimate', '--num_workload=3', '--data_update=valueskew', '--model_update=adapt', '--random_seed=42']
Torch device: cuda:1
GET-MODEL-PATH=./models/end2end/transformer/origin-bjaq-0.4MB-model34.249-data18.543-300epochs-seed0.pt
ckpts [PosixPath('/home/kangping/code_copy/SAUCE/models/end2end/transformer/origin-bjaq-0.4MB-model34.249-data18.543-300epochs-seed0.pt')]
Validate Argument: DATASET="bjaq" is valid.
load_npy_dataset_from_path - df.shape = (382168, 5)
Parsing... done, took 0.0s
Loading ckpt: /home/kangping/code_copy/SAUCE/models/end2end/transformer/origin-bjaq-0.4MB-model34.249-data18.543-300epochs-seed0.pt
query_seed:0
origin-bjaq_15.71 	max: 5.0000	99th: 2.5008	95th: 1.6934	median: 1.0802	mean: 1.1728
ReportEsts: [1.0641891891891893, 1.0041666666666667, 1.0302865905704324, 1.0358565737051793, 1.5789473684210527, 1.0, 1.0499055840302132, 1.054116859610091, 1.0, 1.0223097112860893, 1.1873142296482266, 1.0425487801030366, 1.0379250217959894, 1.1093023255813954, 1.077004592016955, 1.0, 1.0666666666666667, 1.0371944739638683, 3.0, 2.0, 1.2272727272727273, 1.0976187094636178, 1.0602585750648958, 1.1280093951849677, 1.0577207696102615, 1.0, 1.1640017443128134, 1.5, 1.2, 1.0, 1.0, 1.0435241070168009, 1.0047610845922936, 1.2097669256381798, 1.076075782053165, 1.2317378252168112, 1.160427807486631, 1.010362948533633, 1.1105103657276671, 1.0952380952380953, 1.0317460317460319, 1.0, 1.0, 1.0078039468882463, 1.1618279569892473, 1.890625, 1.0404040404040404, 1.1908127208480566, 1.025537710916853, 1.0648148148148149, 1.0340781705403184, 1.1597938144329898, 1.0367352684672064, 2.0, 1.3428571428571427, 1.0622423194573747, 1.1439267886855242, 1.3725490196078431, 1.080536912751678, 1.25, 1.1302935296255907, 1.076587795765878, 1.0818181818181818, 1.1153846153846154, 1.2727272727272727, 1.0423661347824582, 1.3208036292935839, 1.75, 1.0, 1.175258693017619, 1.0182260024301337, 1.0689655172413792, 1.0325581395348837, 1.1499484460156135, 1.0447058823529412, 1.0246679316888045, 1.3333333333333333, 1.1123173277661795, 2.0, 1.0393555051794887, 1.0, 1.0268987172205373, 1.2269938650306749, 1.0621193666260658, 1.1432777232580962, 1.0, 1.0778298518701235, 1.01480659109501, 1.0441176470588236, 1.75, 1.1730266596968113, 1.0452853050684956, 1.1090342679127725, 1.0333333333333334, 1.0073597056117756, 1.0, 1.0714285714285714, 1.156959526159921, 1.0, 1.266184611908259, 1.06508279337653, 1.102058319039451, 1.2320233023215372, 1.2592592592592593, 1.0163119475352964, 1.0371648526679056, 1.1918109773994716, 1.1334850208570346, 1.045677498467198, 1.1666666666666667, 2.0, 1.0532710280373832, 1.045443860323973, 1.0587492103600757, 1.103896103896104, 1.0547514514583476, 1.0, 1.0381583096814886, 1.144578313253012, 1.0, 1.0833333333333333, 1.1666666666666667, 1.2456140350877194, 1.0326203454459917, 1.0291993476741477, 1.12, 1.8, 1.2350993377483444, 1.0, 1.12, 1.0989357025283455, 1.3, 1.0704752604166667, 1.0266663317150986, 1.1336736958934517, 1.041388518024032, 1.0054794520547945, 1.0202650038971162, 1.039972432804962, 1.064594759293114, 1.0197548474846159, 1.1172413793103448, 1.0110893672537509, 1.1232673327572988, 2.0, 1.0250683682771193, 1.0102857142857142, 1.066137566137566, 1.0970531145226752, 1.5, 1.211310244611286, 1.0429629629629629, 1.0224948875255624, 1.1074561403508771, 1.0490045941807045, 1.0569790964261632, 1.1603048743008175, 1.1956439700253383, 1.0756646216768917, 1.0235690235690236, 1.2653061224489797, 1.4081632653061225, 1.0014749262536873, 1.4285714285714286, 1.0506701290392386, 1.0297066695133017, 1.1696969696969697, 1.3787162827328214, 1.112092391304348, 1.1090880178102887, 1.2736842105263158, 1.1497584541062802, 1.1232691004163842, 1.0101112234580385, 1.0662373505059797, 1.0242954324586977, 1.0299438552713662, 1.1408618784530387, 1.0602972399150743, 1.0, 1.0476190476190477, 1.0075359021754586, 1.0283094098883572, 1.1215767634854772, 1.144736842105263, 1.0827394509342934, 1.3242360176821064, 1.0706880505594876, 1.1153846153846154, 1.2195454545454545, 1.075197889182058, 1.0, 1.2727272727272727, 1.0276824986885114, 1.0450771055753263, 1.0, 1.5909090909090908, 1.042443729903537, 1.0542141745068518, 1.0594602039314023, 1.0626410835214446, 1.0031622219879837, 1.0338983050847457, 1.0847457627118644, 1.1666666666666667, 1.0, 1.391304347826087, 1.1651159123166692, 1.3693379790940767, 1.2413793103448276, 1.0143351458230352, 1.0031277926720286, 1.01714733815457, 1.0520197536344469, 1.1508333956200014, 1.0232558139534884, 1.0708092485549132, 1.0032404406999351, 1.046441495778046, 1.0126194897187264, 1.0, 1.0476190476190477, 1.138971500600713, 1.008665339570479, 1.145476772616137, 1.019570542554855, 1.2813787123347062, 1.0357142857142858, 1.0040427788282955, 1.057503867973182, 1.048505358150028, 1.0909090909090908, 1.0098449937159615, 1.0251450676982592, 1.1858267716535433, 2.0, 1.2458051221666175, 1.0927311299687361, 1.121894045944679, 1.1074380165289257, 1.0, 1.6666666666666667, 1.119730571041663, 1.0909090909090908, 1.1053042121684868, 1.5, 1.0, 1.0810810810810811, 1.0655737704918034, 1.0103092783505154, 1.011049723756906, 1.1075949367088607, 1.033167495854063, 1.001682085786375, 1.1174193298619848, 1.0363636363636364, 2.0, 1.0965085435815187, 1.0685534130068186, 1.161120840630473, 1.0090933796015635, 1.1186113241853461, 1.0122679262612346, 1.0858505564387917, 1.0938154674929141, 1.0322966507177034, 1.0515931014323296, 1.041570734203121, 1.1818181818181819, 1.0691736662299967, 1.2118863049095607, 1.2045454545454546, 1.1363636363636365, 1.0036496350364963, 1.1111111111111112, 1.0854700854700854, 1.097261287934863, 1.0, 1.3333333333333333, 1.030197075651621, 1.0385906040268456, 1.0136598757888746, 1.0548618379443322, 1.1111111111111112, 1.0099308839578027, 1.6666666666666667, 1.0363566278570615, 1.043196544276458, 1.0338309589913977, 1.0810810810810811, 1.6666666666666667, 1.3043478260869565, 1.0142857142857142, 1.0556047311165846, 1.0, 1.0902140672782874, 1.0950226244343892, 1.0072115384615385, 1.0180637516844013, 1.125, 1.1572327044025157, 1.0112029009336492, 1.190622157846869, 1.0834019323252893, 1.0353982300884956, 1.0, 1.090692124105012, 1.2807570977917981, 1.1184668989547037, 1.0508424599831507, 1.0204336947456214, 1.0169014084507042, 1.18, 1.00960219478738, 1.015989515072084, 1.2857142857142858, 1.0005586378419744, 1.04, 1.0555555555555556, 1.096144373905429, 1.2857142857142858, 1.2727272727272727, 1.0181660643716055, 2.0, 1.1714677640603566, 1.0348837209302326, 1.0492206726825266, 1.1142014327855037, 1.2044025157232705, 1.1518987341772151, 1.101732977989421, 1.1043872674310102, 1.0515759312320916, 1.0063712024927227, 1.0291401159876852, 3.0, 1.0, 1.037420873420325, 1.25, 1.07035175879397, 1.3529411764705883, 1.0, 1.4666666666666666, 1.321285140562249, 1.0629107981220658, 1.131578947368421, 1.0725108225108224, 1.0, 1.1478029294274301, 1.1137255440002196, 2.0, 1.2674210839785587, 1.0, 1.0982919608289683, 1.0224719101123596, 1.019994752033587, 1.1497695852534562, 1.1363636363636365, 1.3779342723004695, 1.2314814814814814, 1.0199956998494948, 1.018074464451276, 1.0577464788732394, 1.0, 1.1666666666666667, 1.5714285714285714, 1.5, 1.2307692307692308, 1.0690853984667499, 1.3333333333333333, 1.0133111480865225, 1.160919540229885, 1.243893213981782, 1.069022644240411, 1.2492276004119465, 1.0078181710001786, 1.009860788863109, 1.0654761904761905, 1.5, 1.2213740458015268, 1.0723404255319149, 1.0303932514576355, 1.0952380952380953, 1.5714285714285714, 1.0466200466200466, 1.017751479289941, 1.0191222472797563, 1.0212765957446808, 1.1464387464387464, 1.0309165526675788, 1.0389610389610389, 1.0907770515613653, 1.0730932203389831, 1.2115384615384615, 1.0240793201133145, 1.1826923076923077, 1.0747229231211473, 1.0787217413277388, 1.0455937393671317, 1.178082191780822, 1.1935483870967742, 1.108359133126935, 1.0, 1.0281981097970356, 1.047468031788449, 1.0310800130178066, 1.0544365619764002, 1.0581807143579884, 1.149984111852558, 1.8333333333333333, 1.1920644048303624, 1.0, 1.2100768573868488, 1.25, 1.0554122085755897, 1.0043668122270741, 1.0764187446259674, 1.1027667984189724, 1.0136436597110754, 3.0, 1.1357285429141717, 1.0022309691342077, 1.178660106676476, 2.0, 1.0317460317460319, 1.2562380038387715, 1.2167832167832169, 1.0996963978009355, 1.130977130977131, 1.2352941176470589, 1.041329739442947, 1.0602986888540913, 1.076267952194436, 1.1023292814249266, 1.0895833333333333, 1.0530679933665008, 1.2394366197183098, 2.5, 1.0, 1.5, 1.225752508361204, 1.0909090909090908, 1.1015854511541152, 2.0833333333333335, 1.0915975040891743, 1.1011015827733763, 1.0438001233806293, 1.0, 1.2, 1.12, 1.2894631209232312, 1.0547045951859957, 1.0, 1.0412406742193976, 1.0924653359255196, 1.0870285951098217, 1.5, 2.0, 1.0306796116504855, 1.0108695652173914, 1.0, 1.2222222222222223, 1.0901245887492583, 1.0861538461538462, 1.4705882352941178, 1.0036158192090396, 1.0454545454545454, 1.0590551181102361, 1.0629032258064517, 1.317627261253681, 1.067136294027565, 1.0, 1.0571428571428572, 1.085409506170641, 1.035102602682716, 1.017341415189135, 1.0, 1.0979871709798716, 1.0087796773780482, 1.0214772132006287, 2.0, 1.0362838915470494, 1.0739032066433256, 1.0494597697765478, 1.0092175964352803, 1.0110566946857524, 1.0544420753375978, 1.0179640718562875, 1.1535679845708775, 2.0, 1.0712698330663084, 1.8974358974358974, 1.25, 1.1709844559585492, 1.1538461538461537, 1.0148993098389625, 1.102059925093633, 1.0240170499072958, 1.0351543942992874, 1.0789039567210887, 1.023941566346544, 1.0481697238692973, 1.1704545454545454, 4.0, 1.013443764253991, 1.1635627530364372, 1.0466540216940312, 1.0287499640325721, 1.1073059360730593, 1.1000704721634955, 2.580246913580247, 2.4285714285714284, 1.0160563860349612, 1.0497922075028132, 1.0375896590080933, 1.1479668674698795, 1.053364828384111, 1.0543478260869565, 1.0673292672183732, 1.0305725403001667, 1.213292117465224, 2.0, 1.0833333333333333, 1.0260736196319018, 1.0782442748091603, 1.0955882352941178, 1.0357142857142858, 1.0823529411764705, 1.6048387096774193, 1.148905109489051, 1.058139534883721, 1.0918658135705475, 1.2150537634408602, 1.027692940673809, 2.0, 1.1523178807947019, 1.172093023255814, 1.4242424242424243, 1.0243016759776535, 1.0292792792792793, 1.0181086519114688, 1.164721141374838, 1.0917622658629853, 1.0, 1.148936170212766, 1.2, 1.0, 1.1818181818181819, 1.092741935483871, 1.035143769968051, 1.1310679611650485, 1.0674463313040692, 1.0730858468677493, 1.0631920163170163, 1.1687698069720542, 1.0410534469403563, 1.1105524391950818, 1.0164835164835164, 1.1221779548472774, 1.0222544750846638, 1.0565149136577707, 1.1026011560693643, 1.1172393007836046, 1.04515278974307, 1.151941713234774, 1.075206250663897, 2.0, 1.4226044226044225, 1.0587084148727985, 1.4339622641509433, 1.0, 1.0851063829787233, 1.1538461538461537, 1.0272727272727273, 1.2222222222222223, 1.1666666666666667, 1.0089256224977243, 1.1337900463429378, 1.029074730334463, 1.0268154692707123, 1.2, 1.1320495185694635, 1.0, 1.1, 1.005241740809711, 1.0730868329481764, 1.0835995000694347, 1.0612256521243877, 1.0306257831502912, 1.1636363636363636, 1.0649203862703496, 1.1420959147424512, 1.0624145121869184, 1.102053879026337, 1.303030303030303, 1.043613707165109, 1.0, 1.2387640449438202, 1.2057370158495828, 3.0, 1.1077235772357723, 1.0542948279790385, 1.4285714285714286, 1.0451729106628243, 1.2, 1.1176470588235294, 1.0807749125506134, 1.6923076923076923, 1.007629404565465, 1.0375907731738574, 1.3103448275862069, 1.0740740740740742, 1.1546391752577319, 1.0047824007651842, 1.0452238117212735, 1.085013891158686, 1.1566176807215127, 1.0, 1.0407343037149686, 1.1097560975609757, 2.0, 1.0316673201559148, 1.0914438965308417, 1.121097445600757, 1.0166480944952083, 1.029502988123156, 1.107843137254902, 1.7142857142857142, 1.0313848568065909, 1.021774193548387, 1.1019123411331513, 1.250208507089241, 1.018788650732815, 1.0451803452263198, 1.2783882783882783, 1.1057178116001645, 1.160535117056856, 1.072456504618028, 1.0334384858044163, 1.098731884057971, 1.0078781512605042, 1.0502094361334868, 3.0, 1.145895606458881, 1.0240017100454994, 1.0393142794747905, 1.7272727272727273, 1.313845299263991, 1.1016260162601625, 1.1428571428571428, 1.0977992523100797, 1.0420575865415722, 1.1724890829694323, 1.088235294117647, 1.3333333333333333, 1.0627478033548763, 1.5, 1.1308411214953271, 1.0833333333333333, 1.0624520270741749, 1.3846153846153846, 1.1223628691983123, 1.0775681341719077, 1.0, 1.5952380952380953, 1.2281124497991969, 1.5, 2.0, 1.1367521367521367, 1.217241379310345, 1.0476487075677359, 1.2109275730622617, 1.1327433628318584, 1.224188790560472, 1.1014466214978942, 1.051948051948052, 1.1722488038277512, 1.2163265306122448, 1.1153846153846154, 1.0, 1.1918465227817745, 1.0952380952380953, 1.0237603305785123, 1.0918552036199094, 1.0583239657579089, 1.0739984009949364, 1.1243663474935524, 1.2689777327935223, 1.146206896551724, 1.0238240684178375, 1.5714285714285714, 1.0, 1.2592592592592593, 1.067314259694923, 1.0741394527802295, 1.107843137254902, 1.0172413793103448, 1.0203366058906032, 1.0679029101247197, 1.0206826809384528, 1.1470588235294117, 1.2222222222222223, 1.0281582952815829, 1.0501723223753976, 1.0915487073215568, 1.031957553603579, 1.027027027027027, 1.0598789131718842, 1.0196349767216148, 1.2951907131011609, 1.3518329938900204, 1.125, 1.049265750828991, 1.9821428571428572, 1.1555555555555554, 1.0280112044817926, 1.0701001430615165, 1.0, 1.0895522388059702, 1.0433828864552925, 1.1111111111111112, 1.0714939619006678, 1.085057471264368, 1.162162162162162, 1.0376521170672834, 1.0454578226387887, 1.1519943593875908, 1.0467557251908397, 1.0463182897862233, 1.2011507869351836, 1.2043010752688172, 1.1428571428571428, 1.0, 1.4285714285714286, 1.0716240765411167, 1.3333333333333333, 1.1591264463671427, 1.098836896236067, 1.0089405453732678, 1.0681231380337637, 1.0513763846100161, 1.1430868167202572, 1.025089605734767, 1.0332871012482663, 1.0038039777396859, 1.2128562054743157, 1.042423485321674, 1.205106587980248, 1.6666666666666667, 1.0158730158730158, 1.0720338983050848, 1.0381642344621997, 1.022801302931596, 1.2763724434876211, 1.0700757575757576, 2.211206896551724, 1.0259071628771415, 1.0536912751677852, 1.0395454545454546, 1.125, 1.0748299719953875, 1.0286497577754505, 1.2634462151394423, 1.0581052631578947, 1.125, 1.0377777777777777, 1.1166666666666667, 1.5, 1.061307072515667, 1.5384615384615385, 1.1337142857142857, 1.0556844547563806, 1.0443661971830986, 1.0193958118777893, 1.0023584905660377, 3.8181818181818183, 1.0666666666666667, 1.100261039008787, 1.0629979443302406, 1.0102042722218418, 1.04858306523376, 1.1086268643184187, 1.0833333333333333, 1.0988725065047702, 1.027935143582731, 1.0533505960087504, 1.0140280561122244, 1.0, 1.1779075942644717, 1.0131539483268348, 1.3951367781155015, 1.0156831472620946, 1.0, 1.3333333333333333, 1.060036094835472, 1.0008449514152937, 1.232473372781065, 1.1417848206839032, 1.0694333599361532, 1.076555023923445, 1.1018816965825866, 1.0465967925243087, 1.119485294117647, 1.069364161849711, 1.0377906976744187, 1.0757006822755608, 1.1071428571428572, 1.75, 1.0436241610738255, 1.1708843316851747, 1.0034207525655645, 1.0057142857142858, 1.2581462708182476, 1.0107388587854125, 1.161934214225471, 1.4184397163120568, 1.3076923076923077, 1.0444743935309972, 1.1845386533665836, 1.134375, 1.6538461538461537, 1.0569896077774052, 1.178394449950446, 1.164179104477612, 1.0731707317073171, 1.036740562410138, 1.062043795620438, 1.069611780455154, 1.2826302238066944, 1.3333333333333333, 1.2727272727272727, 2.0, 1.1428073841866946, 1.2307692307692308, 1.0, 1.1538461538461537, 1.0728476821192052, 1.0656370656370657, 1.032279723169094, 1.0329325064565478, 1.1890909090909092, 1.2830188679245282, 1.1428571428571428, 1.064516129032258, 1.0405405405405406, 1.042857142857143, 1.1546762589928057, 1.033495876755165, 1.031074913732329, 1.3061224489795917, 1.0717465788555836, 1.04778539612632, 2.5, 1.0679714878704365, 1.303538175046555, 1.5, 2.0, 1.1701183431952662, 1.105070644767984, 1.07985030479179, 1.1304347826086956, 1.0, 1.18348623853211, 1.3251533742331287, 3.0, 2.0, 1.0521653543307086, 1.196397365237263, 1.0211170810945895, 1.6666666666666667, 1.0344702479763148, 1.0441518202943454, 1.002055498458376, 1.0, 1.0610328638497653, 1.0231100962232875, 1.105263157894737, 1.1730242628797045, 1.0723027094121527, 1.2283236994219653, 1.0703125, 1.125598846493744, 1.088289962825279, 1.165289256198347, 1.15, 1.0398726961029587, 1.5090439276485788, 1.044781476121563, 1.3293413173652695, 1.1666666666666667, 1.1492537313432836, 1.0971272229822162, 1.0643238155004706, 1.0075829955849667, 1.0705269208660664, 1.037117903930131, 1.5, 1.6666666666666667, 1.0520040912868376, 1.1631486367634125, 1.199377553005252, 1.0095421018396926, 1.0060210737581536, 1.111064171348908, 1.4651162790697674, 1.0212765957446808, 1.085999528338967, 1.0758665324320438, 1.257037037037037, 1.1023166023166022, 1.6666666666666667, 1.0869565217391304, 1.0812772709242364, 1.1567164179104477, 1.0264025874215448, 1.0991032321728442, 1.0198863636363635, 2.0, 1.0620347394540943, 1.003848741163886, 1.185743660041124, 1.0760456273764258, 1.0630930243646592, 1.0295081967213116, 1.1799116997792494, 1.0189013585351447, 1.0304399420813692, 1.0572438757471168, 1.0368663594470047, 1.0525606469002695, 1.0, 1.146664054080533, 1.0527470518328914, 1.018842530282638, 1.0324621199145914, 1.1316120906801008, 1.037821482602118, 1.2, 1.236220472440945, 1.6666666666666667, 2.0, 1.1764705882352942, 1.0025575447570332, 1.0442338072669826, 1.0591127192637457, 1.0058466276036098, 1.009226594301221, 1.062458324072016, 1.1521739130434783, 1.1020408163265305, 1.0355226330520424, 1.6, 1.5833333333333333, 1.130930489150423, 1.1428571428571428, 1.0315934065934067, 1.1414952333166082, 1.0065317971514107, 1.1030092029020793, 2.0, 1.120123839009288, 1.184108527131783, 1.0893778864439012, 1.0402029413653586, 1.1628787878787878, 1.1253424657534246, 1.158399314249622, 1.1503373150956242, 1.043117744610282, 1.0, 1.0865921787709498, 1.0, 1.0, 1.0416830585458317, 5.0, 1.4285714285714286, 1.9285714285714286, 1.0922266139657444, 1.119047619047619, 1.0753880266075388, 1.083562181247548, 1.0, 1.0552451893234016, 1.018107476635514, 1.1989247311827957, 1.3052884615384615, 1.4285714285714286, 1.1156596794081381, 1.0586854460093897, 1.154708520179372, 1.0873930829304574, 1.0145005951736825, 1.039161215162649, 1.131617864537119, 1.0, 1.1801413038879722, 1.0521724236999712, 1.020497803806735, 1.1774193548387097, 1.055919216522048]
origin-bjaq_15.71 	max: 5.0000	99th: 2.5008	95th: 1.6934	median: 1.0802	mean: 1.1728

...Done, result: results.csv

WORKLOAD-FINISHED | Type: QueryWorkload | Progress: 1/3 | Workload-time: 14.015226 | Model-update-time: 0.000000


WORKLOAD-START | Type: DataUpdateWorkload | Progress: 2/3
Going to run: ['python', '/home/kangping/code_copy/SAUCE/Naru/eval_model.py', '--model=transformer', '--data_update=valueskew', '--dataset=bjaq', '--drift_test=js', '--end2end', '--update_size=80000', '--query_seed=0', '--eval_type=drift']
Torch device: cuda:1
GET-MODEL-PATH=./models/end2end/transformer/origin-bjaq-0.4MB-model34.249-data18.543-300epochs-seed0.pt
GET-DATASET-PATH=./data/bjaq/end2end/bjaq.npy
ValueSample - START
ValueSample - END
load_npy_dataset_from_path - df.shape = (458601, 5)
Parsing... done, took 0.0s
Data updated!
Previous data size: (382168, 5), new data size: (76433, 5)
[1.9073486e-06 2.9802322e-07 2.9802322e-07 8.8782907e-03 1.7285347e-06]
Distance score: 0.0017765045631676912
SAUCE Drift detection: True
Detection latency: 0.0232s

DRIFT-DETECTED after 2-th workload
Going to run: ['python', '/home/kangping/code_copy/SAUCE/Naru/incremental_train.py', '--dataset=bjaq', '--end2end', '--model=transformer', '--model_update=adapt', '--update_size=80000', '--epochs=0']
Torch device: cuda:1
GET-MODEL-PATH=./models/end2end/transformer/origin-bjaq-0.4MB-model34.249-data18.543-300epochs-seed0.pt
update_size: 76433
AdaptTask - START
GET-DATASET-PATH=./data/bjaq/end2end/bjaq.npy
load_npy_dataset_from_path - df.shape = (458601, 5)
Parsing... done, took 0.0s
done, took 0.0s
dataset size: 458601
train data shape: torch.Size([76433, 5]), transfer data shape:torch.Size([15286, 5])
Training done; evaluating likelihood on full data:
Epoch None Iter 0, test loss 26.4251 nats / 38.1233 bits
Saved to: /home/kangping/code_copy/SAUCE/models/end2end/transformer/origin-bjaq-0.4MB-model34.249-data18.543-300epochs-seed0.pt
AdaptTask - END

WORKLOAD-FINISHED | Type: DataUpdateWorkload | Progress: 2/3 | Workload-time: 4.083165 | Model-update-time: 5.003644


WORKLOAD-START | Type: QueryWorkload | Progress: 3/3
Going to run: ['python', '/home/kangping/code_copy/SAUCE/Naru/eval_model.py', '--dataset=bjaq', '--model=transformer', '--end2end', '--query_seed=0', '--eval_type=estimate', '--num_workload=3', '--data_update=valueskew', '--model_update=adapt', '--random_seed=42']
Torch device: cuda:1
GET-MODEL-PATH=./models/end2end/transformer/origin-bjaq-0.4MB-model34.249-data18.543-300epochs-seed0.pt
ckpts [PosixPath('/home/kangping/code_copy/SAUCE/models/end2end/transformer/origin-bjaq-0.4MB-model34.249-data18.543-300epochs-seed0.pt')]
Validate Argument: DATASET="bjaq" is valid.
data size: 458601, total size: 458601, split index: [382167 458601]
Parsing... done, took 0.0s
Loading ckpt: /home/kangping/code_copy/SAUCE/models/end2end/transformer/origin-bjaq-0.4MB-model34.249-data18.543-300epochs-seed0.pt
query_seed:0
origin-bjaq_15.71 	max: 292.6667	99th: 38.3012	95th: 2.5000	median: 1.1229	mean: 2.6730
ReportEsts: [1.0215633423180592, 1.0339986839219126, 1.0509579371938922, 1.0470588235294118, 1.375, 2.0, 1.1244604316546762, 1.1489806960511195, 1.2, 1.0538461538461539, 1.1394588093806375, 1.0430089346769165, 1.1146577068458632, 1.3465116279069766, 1.0418025496590573, 1.082179132040628, 1.1815286624203822, 18.375, 1.2727272727272727, 1.0209205020920502, 1.109735122119023, 1.0051131150134471, 1.1627047015319598, 1.0075440067057837, 1.091773566736596, 1.0375674221828068, 2.0, 1.0331553807249227, 2.0, 1.4, 10.806017418844021, 1.0, 1.0419409524228882, 1.000537280898129, 2.855516293678838, 1.0368657987589731, 1.0413112442721184, 1.4197860962566844, 1.1818181818181819, 1.9950662165671254, 1.0833487854626367, 1.1281083969945613, 1.1772315653298835, 1.1304824561403508, 1.1760869565217391, 1.0190776482578507, 1.2272727272727273, 1.3801652892561984, 1.1913875598086126, 1.184380032206119, 57.8, 1.0446428571428572, 1.0387596899224807, 1.1724137931034482, 1.0922203802078922, 1.169170348551792, 1.0111408828091948, 1.3050397877984086, 1.1363636363636365, 1.042623366164621, 1.4545454545454546, 1.0692431694438504, 1.03725782414307, 1.1231884057971016, 1.1724137931034482, 2.0, 1.00365878251851, 1.321960465746006, 1.4, 1.0, 1.0000777181938292, 1.0616649537512848, 1.091881380651434, 1.1756756756756757, 1.0701080227146578, 1.6041666666666667, 1.0351994986421558, 1.3522012578616351, 1.5048543689320388, 1.332229520060527, 1.036549707602339, 8.324074074074074, 1.0, 1.6666666666666667, 1.0909090909090908, 1.1, 1.2171875, 9.61038961038961, 1.2857142857142858, 1.1113335361850007, 1.1093937575030013, 1.3372903378218757, 1.2664269469543303, 1.301958589815333, 1.3177570093457944, 1.056844547563805, 1.1285714285714286, 1.119804400977995, 1.1818181818181819, 1.330966469428008, 1.0, 3.0, 1.0807770175033955, 1.1815834767641997, 1.2632933104631219, 1.3713520271477049, 1.3103448275862069, 1.0145652293441065, 1.3151048579771702, 1.2688381347867463, 1.013900472616069, 1.0554984583761562, 1.2857142857142858, 2.0, 1.0460811343048444, 1.0343709239609404, 1.0533544638140517, 1.0333333333333334, 1.0634504678011767, 2.0, 1.3219804478082624, 1.063157894736842, 1.0, 1.0566037735849056, 1.2857142857142858, 1.2163265306122448, 1.0220237508766032, 1.0083478936128907, 1.0803571428571428, 1.5, 1.1431535269709543, 1.0, 2.5, 1.1260921548790581, 1.1666666666666667, 1.1053141657244387, 1.226809324058833, 1.090421365914787, 1.2, 1.4285714285714286, 1.018987341772152, 1.2279676258992807, 1.0766108574327753, 1.0410461769490678, 1.206451612903226, 1.2022178734507503, 1.1068839846122698, 1.5, 1.0216812476226702, 1.046831955922865, 1.099875930521092, 1.0839852398523986, 1.5, 1.1309775495822008, 1.0315656565656566, 1.0235690235690236, 1.2794117647058822, 1.0, 1.1892706449668475, 1.0808354283504158, 1.2049809978167705, 1.091254752851711, 1.308860759493671, 1.5510204081632653, 1.2671755725190839, 1.1899852724594993, 1.7142857142857142, 1.0467643462874061, 1.1413427561837455, 1.1564245810055866, 1.0994758776852729, 38.29545454545455, 1.1330130611019367, 1.1970684039087949, 1.1124031007751938, 1.1094031897236054, 14.885129490392648, 1.2105263157894737, 1.1051779935275081, 1.0353773584905661, 1.5669130767269948, 1.0174640713116245, 1.3582089552238805, 1.6666666666666667, 1.013826203331949, 1.0622183029590437, 1.5064377682403434, 1.1192540991375226, 1.3803827751196172, 3.0, 1.335243553008596, 1.3332532848468215, 1.1904761904761905, 1.1415571284125379, 1.5111043548760714, 1.034886181671969, 1.0217088952046924, 1.3161978661493696, 1.0229910586801876, 1.019869099418626, 1.0016427104722792, 1.0515417072379099, 1.0265151515151516, 1.0585942441492726, 1.0695815702867888, 1.0601933216168717, 1.266355140186916, 1.109375, 1.1566265060240963, 1.0, 1.425531914893617, 1.0909031198686372, 1.5714285714285714, 1.5402298850574712, 1.0028606456885982, 1.0526315789473684, 1.0446262203325203, 1.0198675496688743, 1.4310666602861655, 2.0, 1.0648259303721488, 1.0442596566523605, 1.2400769716813143, 1.0034741163972551, 23.5, 36.8965034965035, 1.110463876080928, 1.074796171570365, 1.0052356020942408, 1.1874015748031497, 1.078740157480315, 1.0928923527844392, 1.3228346456692914, 1.0092169147541137, 1.003093749715648, 1.304832713754647, 1.1419753086419753, 1.020971302428256, 2.0, 1.1418253447143796, 2.0, 1.2175270108043217, 1.0925001166752228, 1.1099703849950642, 1.1290322580645162, 1.1666666666666667, 1.6666666666666667, 1.0935060733111341, 1.309090909090909, 1.1025854879065888, 2.0, 1.0290846877673225, 1.204183266932271, 1.8571428571428572, 1.0000394670371306, 1.1767955801104972, 1.065981148243359, 1.3121827411167513, 1.0087320991966469, 1.1059156753257262, 1.1754385964912282, 2.0, 1.2799128164003866, 1.506804677017443, 1.0957142857142856, 1.0152074386911312, 1.1118504596942145, 1.1841993045988322, 1.0399032648125757, 1.0878734622144113, 1.035749265426053, 1.156636553161918, 1.0966036887089519, 1.0666666666666667, 1.0337671473795287, 1.1395833333333334, 1.4090909090909092, 1.2173913043478262, 36.353142857142856, 1.066, 1.0124772594652112, 1.0074711023400056, 1.0305164319248827, 1.6491228070175439, 1.0126236443955245, 1.084045584045584, 1.078696034066777, 1.042565156865095, 1.0, 1.0102781136638452, 1.1229656419529837, 1.0671348755805865, 1.2180314610593068, 1.0594353752817829, 1.2125732551944592, 1.0338095238095237, 1.0255098415405386, 1.123065195054854, 1.3479560668096444, 1.1316054829053095, 1.0512820512820513, 10.1, 1.0666666666666667, 1.0835825358851674, 1.1818181818181819, 1.0773584905660378, 1.0150150925850756, 1.0038502389803505, 1.7096774193548387, 1.0168067226890756, 1.273134328358209, 1.0810030669312647, 1.0907962632705885, 1.125, 1.4783401093509043, 1.058763566588715, 1.1378378378378378, 2.25, 2.0, 1.219298245614035, 1.4285714285714286, 1.0017906129822627, 1.1116352201257862, 1.0526315789473684, 1.2905264886164622, 1.0714285714285714, 1.5, 1.0124960355217254, 2.0, 1.1573275862068966, 1.2688953488372092, 20.424204616344355, 14.764297385620916, 1.1031941031941033, 1.105263157894737, 1.0343465710742683, 1.2913593469811673, 1.3548387096774193, 1.2144192508856542, 1.1232781410880757, 1.5, 1.2222222222222223, 1.0517514253570543, 1.5, 1.0590972545369939, 1.588235294117647, 1.4, 1.5555555555555556, 1.3705245628642797, 1.0996108949416343, 1.2121212121212122, 1.0388059701492538, 1.5454545454545454, 1.5, 1.032194716800518, 1.5, 1.1692307692307693, 1.009026608285618, 1.7239819004524888, 1.0321135175504108, 1.3163361661945232, 1.0, 1.25, 1.403747870528109, 1.005952380952381, 1.179814385150812, 1.1262021358192225, 1.4628062360801781, 1.0303030303030303, 1.5, 1.027026790965255, 1.196969696969697, 1.5, 2.3333333333333335, 109.58064516129032, 1.0, 1.3615384615384616, 1.030612244897959, 1.1587534193044158, 1.2848971548649804, 1.079563182527301, 1.0877998142381031, 1.114862138533961, 2.4607843137254903, 1.1017770597738288, 1.0935991367069915, 1.0654545454545454, 1.2058823529411764, 1.0006132335806708, 1.021531509294245, 20.598796033994333, 1.12, 1.0227272727272727, 1.1635220125786163, 4.0, 1.0, 1.9861111111111112, 1.0971428571428572, 1.1893491124260356, 1.0486111111111112, 1.1064341551413108, 1.048421052631579, 1.0117417767624646, 1.3003663003663004, 1.5617406046905906, 1.1704545454545454, 1.1607142857142858, 1.0883116883116883, 1.0, 1.1697665359074478, 1.5686274509803921, 1.1061518992123605, 1.0530217347749937, 1.0094438614900314, 1.149407114624506, 1.625, 1.384914032168608, 1.1666666666666667, 58.92265193370166, 1.3636363636363635, 1.0606436647363213, 1.0290556900726393, 1.0285545323984118, 1.1229235880398671, 1.1166902404526167, 3.0, 1.669325153374233, 1.0203092889436909, 1.1564727523568636, 2.0, 1.253968253968254, 1.2262658227848102, 1.4019292604501608, 1.1094239665721535, 1.0867033067932894, 1.0869565217391304, 1.3321829163071612, 1.0877369867346738, 1.0785342948180445, 1.0862996249380794, 1.0094765071614975, 38.86868686868687, 16.983050847457626, 1.156989247311828, 1.0644873580726948, 1.048780487804878, 1.0610810810810811, 1.0, 1.5, 1.223968565815324, 1.1153846153846154, 1.2030044660982542, 1.3544312498925914, 1.2880937692782233, 1.0, 1.228813559322034, 1.4, 1.2510916267859014, 1.0909090909090908, 1.0, 1.2927987768197313, 1.0, 1.0, 1.1582766439909298, 1.75, 1.1945631067961164, 1.0052631578947369, 1.0502793296089385, 1.3333333333333333, 1.0859474661872328, 1.1319261213720317, 1.7, 1.0147443671411247, 1.078740157480315, 1.3464566929133859, 1.0189445196211095, 1.5237694572991165, 1.226715129486597, 1.0, 1.0588235294117647, 1.0900760382140768, 1.1000179888469148, 1.0734237829209896, 2.0, 1.1268642975510956, 1.0100292176881915, 1.0272049144361561, 2.0, 1.0396270396270397, 1.0400656212107318, 1.0245476082463834, 1.365001890489121, 1.0230398861349257, 1.0776847733322783, 1.1004784688995215, 1.2629088942957556, 2.3333333333333335, 1.1047664195828306, 1.0987654320987654, 1.0466358999271315, 1.0104567969179967, 1.0135135135135136, 1.002874384184964, 1.1934826883910388, 1.1696246920521718, 1.0023006134969326, 1.151663350084882, 1.0108695652173914, 1.1112031375605953, 2.3875066524747206, 1.1136363636363635, 1.4148936170212767, 1.0911026885877626, 1.336734693877551, 1.004699322978893, 1.0926092070897382, 1.0, 1.1029595664860359, 1.5676470588235294, 3.5, 1.6170212765957446, 1.018639020324839, 1.0421455938697317, 1.0987124463519313, 2.0, 1.035294117647059, 1.0098240804203793, 1.3622507355344884, 1.013599274705349, 1.193656195863803, 1.1051964512040557, 57.71478260869565, 1.0045871559633028, 1.1594156986976416, 1.8551724137931034, 1.0497883491231605, 1.0757097791798107, 1.055, 1.15043603560332, 1.2417231751096929, 1.0193004723708832, 2.0, 1.1715817694369972, 1.0309278350515463, 1.0048373482241413, 1.1272727272727272, 1.081726354453627, 1.0652920962199313, 1.0212264150943395, 1.1011685016389514, 1.0, 1.4680851063829787, 1.3333333333333333, 1.0, 1.1764705882352942, 2.7586206896551726, 1.0038363171355498, 1.3349514563106797, 1.0728325255788906, 1.1158216783216783, 1.0329335140869975, 1.0381088542693748, 1.060766593954503, 1.3214533138326534, 1.0068021492722605, 1.0875739644970415, 1.2394366197183098, 1.0476032727249998, 1.0550322260783342, 1.1383219954648527, 1.1615776081424936, 1.1538461538461537, 1.0475323795818166, 1.1203599550056242, 1.1002363135092557, 1.3055555555555556, 1.4589691909012381, 1.5051302288871349, 2.0, 1.0261593341260404, 1.375, 2.1666666666666665, 1.0432098765432098, 1.0472390379901482, 1.0447139067828723, 1.0228426395939085, 1.2532467532467533, 1.0991325174518796, 1.1867350141228161, 1.3689956331877728, 1.2, 1.3, 1.0233955784503113, 1.0150943396226415, 1.1715370018975333, 1.0963377653370656, 1.0, 1.0652537646402678, 1.4285714285714286, 1.086585489256923, 1.1240768094534712, 1.0146860986547086, 1.2584958608110004, 1.0037916026692466, 1.844155844155844, 2.0, 1.12884834663626, 1.0, 1.001156069364162, 1.240174672489083, 1.3270175438596492, 292.6666666666667, 1.434782608695652, 1.0450072259307688, 1.0902255639097744, 1.0359897172236503, 1.1044706389707468, 1.2202072538860103, 1.143884892086331, 1.1528576259722692, 1.2105831533477323, 1.0583333333333333, 1.1666666666666667, 1.0041139605521165, 1.1252029377657518, 1.0476190476190477, 1.013586956521739, 1.1948515233320478, 94.6, 1.0096117398602913, 1.5555555555555556, 1.0274725274725274, 1.0554465161923454, 1.009478672985782, 1.046242774566474, 1.0567610035133561, 1.1238938053097345, 1.7, 1.130373001776199, 1.0020147750167898, 1.1339974565493853, 1.012153950033761, 1.0319153675935506, 1.171628525811602, 1.3191489361702127, 1.0740327380952381, 1.431438127090301, 1.0806709065344335, 1.2820189274447948, 1.0297709923664122, 1.0891132572431959, 1.0188598035763197, 1.3943661971830985, 1.0057273768613975, 1.2380952380952381, 1.6, 1.3031203566121843, 1.5951834862385321, 1.2779230481882704, 1.2238805970149254, 1.2142857142857142, 1.0, 1.0960086299892124, 1.0060240963855422, 1.0405967607732347, 2.3333333333333335, 1.0861412960764618, 1.5, 1.3925233644859814, 1.1538461538461537, 1.7112194845331594, 1.5, 1.3459915611814346, 1.0057851239669422, 1.0, 1.2610480066756355, 1.220066889632107, 1.4, 1.6666666666666667, 1.0676691729323309, 1.0911680911680912, 1.055885850178359, 1.0021030494216614, 1.0922190201729107, 37.421203438395416, 1.0458937198067633, 119.47619047619048, 1.0448979591836736, 1.265993265993266, 2.310344827586207, 1.5, 1.086837294332724, 1.2712842712842713, 1.0589254766031195, 1.2070443143812708, 1.1289415170208172, 1.0835401157981803, 1.2739750392790443, 1.224376647377829, 1.1435132032146957, 1.0004995004995005, 1.8571428571428572, 1.0, 1.0303030303030303, 1.0489155251141553, 1.0911764705882352, 1.1059782608695652, 1.625615763546798, 1.1391135554836622, 1.0464007293212871, 1.0073908959925886, 1.119047619047619, 1.2857142857142858, 1.105721393034826, 1.092362148111277, 1.1081681083977646, 1.0757715720410241, 1.0502793296089385, 1.3477554636739515, 1.0039485749574264, 1.0741545265348595, 1.0661157024793388, 1.2968616436683356, 1.00374531835206, 1.181038374717833, 3.1, 1.0263178500012047, 11.0, 1.0102951269732328, 1.0, 1.1330645161290323, 1.1770385224957143, 1.09375, 1.0541592037842555, 1.0152057245080501, 1.3513513513513513, 1.035026562157536, 1.2322638788752704, 1.2899543378995433, 1.128885519332828, 1.0063868613138687, 1.202087152728811, 1.1595197255574614, 3.6, 1.0, 1.25, 1.0254243710215216, 1.6666666666666667, 1.1229146374318695, 1.1155814997754827, 1.2093486929552504, 1.061160046534818, 1.1457870204374327, 1.146945019346711, 1.0356083086053411, 1.0390070921985815, 1.000054719776118, 1.1411026093780656, 1.0422610229864013, 1.481572925448633, 1.25, 1.0401416765053129, 1.0131147540983607, 1.3097681028805157, 1.021978021978022, 1.3027187571395933, 1.039274924471299, 3.107142857142857, 1.039036129318261, 1.0559284116331096, 1.290346889952153, 1.375, 1.1094539950753384, 1.040438262382245, 1.3081545064377682, 1.0699077359829667, 1.0, 185.71428571428572, 5.2734375, 1.1749699602551067, 1.1008684034736138, 1.0179552698435252, 1.1785714285714286, 1.2318779143704959, 1.2139077853363567, 1.0087390761548065, 1.1774193548387097, 1.007168458781362, 1.0607843137254902, 1.106644332774986, 1.0561724035459432, 1.0846303501945525, 1.100146453727596, 1.0973535280840068, 1.2307692307692308, 1.0906474820143885, 1.033561420658195, 5.658163265306122, 1.2619047619047619, 2.821121778676099, 1.167487684729064, 1.336931018301267, 1.0449293966623876, 1.0454270570239408, 1.2, 1.1193853427895981, 1.251684389966718, 1.038494623655914, 1.0420711974110033, 1.176909976527893, 1.299823927346863, 1.2585794094173983, 1.0796812749003983, 1.0964045312756525, 1.1140504343629343, 1.3308823529411764, 1.085, 1.0437424058323208, 1.0770765751476141, 1.0576923076923077, 2.5, 1.0500520338446224, 1.1852333023357584, 1.1921322690992018, 1.2045454545454546, 1.175920337960169, 1.0080442110305587, 1.1655381741769788, 1.0844510680576254, 1.5769230769230769, 1.2870619946091644, 1.2394366197183098, 1.365625, 1.2285714285714286, 1.0655065613978552, 1.1157731157731157, 1.0597609561752988, 1.0208333333333333, 25.671469740634006, 1.298981426003595, 1.0490196078431373, 46.0, 1.05375, 1.251207729468599, 1.0939868620515412, 1.0, 1.310534939560383, 1.2837606837606839, 1.1351877607788596, 1.1507936507936507, 1.0909090909090908, 1.2882234379498991, 1.0070173403700051, 1.1881421942326815, 1.2144772117962466, 1.3389830508474576, 1.1764705882352942, 1.1764705882352942, 1.054945054945055, 1.2, 1.1243311299968524, 1.0031433925558748, 1.0298862301366476, 1.103448275862069, 1.1966715534560461, 1.0460763858522508, 2.5, 1.011543939089631, 1.5856738258201557, 1.5, 2.5, 1.4606508875739646, 1.0590132600645084, 1.0672767668218366, 1.6024844720496894, 2.5, 1.1627906976744187, 1.1324675324675324, 15.0, 1.0872721548874547, 1.0775635829016612, 1.05541066892464, 1.17493439960015, 2.2857142857142856, 1.0413748345207636, 1.0241116751269035, 1.026431718061674, 1.3043478260869565, 1.030267753201397, 1.0, 1.0350456072971674, 1.1128820076907509, 1.007445770235809, 1.4502923976608186, 1.1, 1.0800951036481166, 1.0964987190435525, 1.0345911949685536, 1.15, 1.0322342165969594, 1.0946246112838738, 1.117516040025265, 2.2755102040816326, 1.3109243697478992, 1.0248833592534992, 1.125, 1.114100185528757, 1.0583756345177664, 1.0022248477508564, 1.1246537396121883, 3.0, 1.0137280137280138, 1.0531797781353205, 1.1553682667643825, 1.3007197043376775, 1.0748118992154658, 1.0038991783874112, 1.0940684410646389, 1.3776041666666667, 1.087719298245614, 1.0702409007593612, 1.092871460142879, 1.0829610721123166, 1.1523642732049038, 1.6666666666666667, 1.2, 1.0347251176365477, 1.1542461005199307, 1.1414916825743113, 1.093120693049813, 1.2166193181818181, 2.0, 1.051334702258727, 1.0150633952949097, 1.1704892966360856, 1.4220532319391634, 1.067526692452, 1.115068493150685, 1.1236559139784945, 1.0077783179387458, 1.0295034288420983, 1.0326734044026027, 1.2088846880907373, 1.1523687580025608, 1.027027027027027, 1.1786941580756014, 1.5339505192619176, 1.152985755385587, 1.094039400572487, 1.069003895381191, 1.2261724659606656, 1.7692307692307692, 1.18125, 3.0, 2.5, 1.5294117647058822, 1.002145922746781, 1.0203452527743526, 1.1347989156671248, 1.0014498291272815, 1.003613369467028, 1.2428870292887029, 1.1066666666666667, 1.175357280803399, 1.0396483555319949, 1.3333333333333333, 1.8333333333333333, 1.0932450331125827, 1.125, 1.082142857142857, 1.1377145249058183, 1.0252284915779137, 1.0019588394188361, 2.0, 1.045069653100246, 34.86837294332724, 1.1280231879693587, 1.0406546647347354, 1.116156282998944, 1.3366438356164383, 1.144835107956226, 1.0843645754869256, 1.0603085553997196, 1.0119047619047619, 1.3072625698324023, 1.3333333333333333, 1.0, 1.0414788433311228, 5.0, 1.7142857142857142, 2.303030303030303, 1.003076923076923, 1.091248554830278, 1.1788836583725621, 1.2037037037037037, 1.3333333333333333, 1.062628176090269, 1.0043103448275863, 1.0526315789473684, 1.5192307692307692]
origin-bjaq_15.71 	max: 292.6667	99th: 38.3012	95th: 2.5000	median: 1.1229	mean: 2.6730

...Done, result: results.csv

WORKLOAD-FINISHED | Type: QueryWorkload | Progress: 3/3 | Workload-time: 14.171417 | Model-update-time: 0.000000


Experiment Summary: #data-update-times=1, #drift=1 | total-time=37.318581