Input arguments = Namespace(data_update='valueskew', update_size=80000, dataset='bjaq', debug=False, drift_test='js', model_update='adapt', model='transformer', end2end=False, query_seed=0, random_seed=42, num_workload=3)
JSON-passed parameters = {'data_updater': {'skew_ratio': '1e-3'}, 'random_seed': 44, 'transformer': {'epochs': 0}}
MODEL-PATH=/home/kangping/code_copy/SAUCE/models/end2end/transformer/origin-bjaq-0.4MB-model34.249-data18.543-300epochs-seed0.pt
DATASET-PATH=/home/kangping/code_copy/SAUCE/data/bjaq/end2end/bjaq.npy
Workloads: ['QueryWorkload', 'DataUpdateWorkload', 'QueryWorkload']

WORKLOAD-START | Type: QueryWorkload | Progress: 1/3
Going to run: ['python', '/home/kangping/code_copy/SAUCE/Naru/eval_model.py', '--dataset=bjaq', '--model=transformer', '--query_seed=0', '--end2end', '--eval_type=first_estimate', '--num_workload=3', '--data_update=valueskew', '--model_update=adapt', '--random_seed=42']
Torch device: cuda:1
GET-MODEL-PATH=./models/end2end/transformer/origin-bjaq-0.4MB-model34.249-data18.543-300epochs-seed0.pt
ckpts [PosixPath('/home/kangping/code_copy/SAUCE/models/end2end/transformer/origin-bjaq-0.4MB-model34.249-data18.543-300epochs-seed0.pt')]
Validate Argument: DATASET="bjaq" is valid.
load_npy_dataset_from_path - df.shape = (382168, 5)
Parsing... done, took 0.0s
Loading ckpt: /home/kangping/code_copy/SAUCE/models/end2end/transformer/origin-bjaq-0.4MB-model34.249-data18.543-300epochs-seed0.pt
query_seed:0
origin-bjaq_15.71 	max: 5.0000	99th: 2.7525	95th: 1.6667	median: 1.0812	mean: 1.1734
ReportEsts: [1.1174603174603175, 1.0138020833333334, 1.0334331553896676, 1.0924369747899159, 1.5, 1.0, 1.0362639118163905, 1.0412528576683289, 1.0, 1.020969855832241, 1.1949614751969526, 1.0429577591804342, 1.0180596388072238, 1.130232558139535, 1.0653479335923701, 1.0, 1.267605633802817, 1.052780729720156, 3.0, 2.0, 1.173913043478261, 1.0761197493618009, 1.1071343982736388, 1.1297709923664123, 1.1090281203749384, 1.0, 1.1190650875170318, 1.5, 1.4, 1.0071942446043165, 1.0, 1.0442059441609126, 1.0055422961468432, 1.1159822419533851, 1.005874577764723, 1.2202899748027594, 1.1577540106951871, 1.0030347017906203, 1.1135408774709001, 1.0714285714285714, 1.1729323308270676, 1.1371951219512195, 1.0, 1.0402770131262495, 1.1403693931398418, 1.8615384615384616, 1.0510204081632653, 1.2720848056537102, 1.0344338280138239, 1.2037037037037037, 1.1012335853561481, 1.2920962199312716, 1.0374288402244152, 2.0, 1.0935064935064935, 1.283258354755784, 1.089540412044374, 1.3592233009708738, 1.093167701863354, 1.25, 1.07029262086514, 1.1133250311332503, 1.0272727272727273, 1.0116279069767442, 1.0909090909090908, 1.0602980035231944, 1.3403485695494903, 1.75, 1.0, 1.0979770672135731, 1.0371287128712872, 1.057836899942163, 1.0277777777777777, 1.0881847326116247, 1.1129411764705883, 1.0188679245283019, 1.0, 1.113152400835073, 1.6, 1.0082211828172976, 1.1428571428571428, 1.0274382398353061, 1.2515337423312884, 1.1051964512040557, 1.0976447497546615, 1.0, 1.0610925078602285, 1.0301447042111092, 1.0735294117647058, 1.75, 1.1718015665796344, 1.0599961178982535, 1.1682242990654206, 1.0185714285714285, 1.0895522388059702, 1.0545454545454545, 1.0305343511450382, 1.1301832208293154, 1.0, 1.2273573540685576, 1.0855291576673867, 1.0737564322469983, 1.2283918508885998, 1.2142857142857142, 1.0106871380403666, 1.0007963897000265, 1.2607638170151108, 1.1186954872961699, 1.0462906192519927, 1.3333333333333333, 1.6666666666666667, 1.0261682242990655, 1.0587936109427756, 1.085912823752369, 1.2337662337662338, 1.0633022483473604, 2.0, 1.121097445600757, 1.1572535991140642, 1.0, 1.0055248618784531, 1.1666666666666667, 1.2606516290726817, 1.022931869391278, 1.057078512075794, 1.087378640776699, 1.8, 1.1763245033112584, 1.0, 1.0769230769230769, 1.090010326036949, 1.3, 1.087890625, 1.023526160764192, 1.088398261017816, 1.0587449933244326, 1.126543209876543, 1.0272798129384255, 1.039972432804962, 1.076782449725777, 1.010635674716026, 1.3064516129032258, 1.010547132498352, 1.1385890399289287, 2.0, 1.0145852324521423, 1.006904487917146, 1.108665749656121, 1.1048173636844891, 1.5, 1.177282635020586, 1.0135135135135136, 1.004, 1.1074561403508771, 1.1795620437956205, 1.0734996628455833, 1.0855713382023118, 1.0892392318648396, 1.0669371196754565, 1.0625, 1.2448979591836735, 1.3663366336633664, 1.0338733431516938, 1.4285714285714286, 1.080570325464829, 1.0116203707233757, 1.1412614980289093, 1.3598407612389551, 1.137595552466991, 1.1297606742466406, 1.2147368421052631, 1.12, 1.0685581485426552, 1.0546006066734075, 1.097497842968076, 1.118561710398445, 1.0439456212456528, 1.114267213468595, 1.0746087913816151, 1.0, 1.1507936507936507, 1.0368331922099916, 1.027511961722488, 1.0618738951090159, 1.0394736842105263, 1.0931264680430215, 1.2608110705362292, 1.0912494859641149, 1.1153846153846154, 1.0686363636363636, 1.0935481848391748, 1.0, 1.0909090909090908, 1.0311125459021024, 1.0513126491646778, 1.0032377428307122, 1.3461538461538463, 1.0340836012861736, 1.0479557284307126, 1.056669998152683, 1.0626410835214446, 1.0762095499104036, 1.3672316384180792, 1.0666666666666667, 1.135135135135135, 1.0, 1.4414414414414414, 1.1533669768175367, 1.3135888501742161, 1.3793103448275863, 1.013346515076619, 1.0031277926720286, 1.0165096393305586, 1.0421706802796582, 1.183929257977701, 1.0227272727272727, 1.1632947976878614, 1.0022734654108476, 1.0842667585731518, 1.0005275229357797, 1.0, 1.0964803312629399, 1.0881964823823687, 1.0089161050242872, 1.15679012345679, 1.0163682593495074, 1.2761226252158895, 1.0357142857142858, 1.0029510181432968, 1.259412068076328, 1.007959067652075, 1.0666666666666667, 1.0572368421052631, 1.0545454545454545, 1.132283464566929, 2.0, 1.2509606857818505, 1.090497990174185, 1.0738396624472575, 1.0268199233716475, 1.0, 1.6666666666666667, 1.1091081760785073, 1.1090909090909091, 1.0774920503248997, 1.5, 1.0, 1.0256410256410255, 1.0405932864949259, 1.0408163265306123, 1.0083565459610029, 1.120253164556962, 1.033167495854063, 1.0025252525252526, 1.0323648400147112, 1.0526315789473684, 2.0, 1.1165463779738038, 1.0842943233390372, 1.0893169877408055, 1.0095388836129577, 1.105918040614555, 1.0203494209786466, 1.100953895071542, 1.1034804499762336, 1.0221291866028708, 1.0324293298895106, 1.0417039785083793, 1.0, 1.0050211416490487, 1.1087420042643923, 1.1818181818181819, 1.1904761904761905, 1.0128913443830572, 1.0555555555555556, 1.0683760683760684, 1.1430051813471502, 1.0945121951219512, 1.3859649122807018, 1.0272706069504165, 1.1732283464566928, 1.0268441580464642, 1.046114308868179, 1.25, 1.0503455802109858, 2.5, 1.0379204008865761, 1.0175824175824175, 1.0325337945473578, 1.0810810810810811, 1.6666666666666667, 1.4782608695652173, 1.0597014925373134, 1.0774221424970702, 1.0, 1.0171073094867806, 1.092760180995475, 1.0088141025641026, 1.0160424701454394, 1.0558659217877095, 1.1572327044025157, 1.0002768597946843, 1.098247576435496, 1.0904888578779817, 1.0854700854700854, 1.0, 1.1766109785202863, 1.2848101265822784, 1.0993150684931507, 1.0157453362998459, 1.0271059216013345, 1.0535211267605633, 1.3409090909090908, 1.0110957004160888, 1.0143941376602983, 1.2857142857142858, 1.011679956050248, 1.0340909090909092, 1.1176470588235294, 1.1223319833625218, 1.2857142857142858, 1.4, 1.0082799721042288, 2.0, 1.215363511659808, 1.0363372093023255, 1.0467596390484004, 1.094824016563147, 1.195822454308094, 1.123456790123457, 1.106738456959645, 1.061439594946569, 1.0138121546961325, 1.0267733108819197, 1.0929136253041363, 2.0, 1.0, 1.0417057062547133, 1.25, 1.067966573816156, 1.3529411764705883, 1.0, 1.4666666666666666, 1.358433734939759, 1.0679245283018868, 1.2772277227722773, 1.0227272727272727, 1.0, 1.177762982689747, 1.0764130614951102, 2.0, 1.193567599761763, 1.0, 1.1003416078342063, 1.0470588235294118, 1.0058859239316915, 1.152073732718894, 1.1363636363636365, 1.2958057395143487, 1.1203703703703705, 1.0193432632211092, 1.0116503473445677, 1.0577464788732394, 1.0, 1.0769230769230769, 1.5714285714285714, 1.5, 1.2307692307692308, 1.0690853984667499, 1.3333333333333333, 1.0083892617449663, 1.2023809523809523, 1.1232389355343675, 1.072266255111739, 1.2893923789907311, 1.0021843857743353, 1.0063805104408352, 1.069047619047619, 1.5, 1.2244897959183674, 1.0595744680851065, 1.0541774307787417, 1.1904761904761905, 1.5714285714285714, 1.0135440180586908, 1.0256410256410255, 1.0355558840922532, 1.0342205323193916, 1.1464387464387464, 1.0177838577291383, 1.0, 1.0907770515613653, 1.076271186440678, 1.25, 1.0240793201133145, 1.1826923076923077, 1.061466876971609, 1.0655038309728349, 1.005149581072354, 1.1168831168831168, 1.0571428571428572, 1.0914634146341464, 1.0, 1.0663060360987628, 1.0472881983378848, 1.0329289024475443, 1.0580609128610983, 1.0765904879555281, 1.15411503018748, 1.5714285714285714, 1.0735370274469187, 1.0, 1.2134927412467975, 1.25, 1.030552771696835, 1.0159420289855072, 1.0866294067067928, 1.1383399209486167, 1.024671052631579, 3.0, 1.1418060200668896, 1.007254921127552, 1.0906060327386427, 2.0, 1.0317460317460319, 1.2975047984644914, 1.3333333333333333, 1.0854898149273073, 1.2661122661122661, 1.05, 1.17946505608283, 1.0067529411764706, 1.0282282051774099, 1.1021261324176996, 1.1675438596491228, 1.0597014925373134, 1.233644859813084, 2.142857142857143, 1.0341207349081365, 1.5, 1.232968881412952, 1.0, 1.1750938891237843, 1.9230769230769231, 1.0688059790023132, 1.1207616559830895, 1.0900678593460826, 1.0, 1.14, 1.16, 1.2853998899614865, 1.3807439824945296, 1.0, 1.0578198397347334, 1.0931176168464305, 1.043514297554911, 1.5, 3.0, 1.0027258566978192, 1.011786038077969, 1.022950819672131, 1.1111111111111112, 1.0873876943492997, 1.0773143438453714, 1.4705882352941178, 1.0369868173258003, 1.0454545454545454, 1.1036745406824147, 1.0362903225806452, 1.2465292385359696, 1.0723839044830952, 1.0, 1.0571428571428572, 1.0874429060805024, 1.0397710371662634, 1.0379890441152637, 1.0, 1.1143552311435523, 1.0078439226836788, 1.0220010476689365, 2.0, 1.0414673046251994, 1.0032827149705972, 1.0071245620749552, 1.0063343672185574, 1.0204417585148111, 1.0500829187396352, 1.0680672268907563, 1.1072806171648988, 2.0, 1.0635691767016384, 1.4230769230769231, 1.25, 1.233160621761658, 1.1538461538461537, 1.0056721568365952, 1.1539215686274509, 1.0343005141732133, 1.1422670949977054, 1.1179723733990272, 1.0585689165426755, 1.0509264075268445, 1.197674418604651, 4.0, 1.0093818269115353, 1.102429149797571, 1.048319302786716, 1.0494815894725735, 1.1032470826991374, 1.0149544863459037, 2.6794871794871793, 2.4285714285714284, 1.0072917173881288, 1.0621483404454448, 1.0142286710533717, 1.1313543599257885, 1.094581565753953, 1.0341151385927505, 1.0873662371120414, 1.0334412081984898, 1.2114197530864197, 3.0, 1.0, 1.0124223602484472, 1.0761904761904761, 1.1016635859519408, 1.1616022099447514, 1.011764705882353, 1.3537414965986394, 1.148905109489051, 1.123456790123457, 1.0644677838792036, 1.2555555555555555, 1.013796714041544, 2.0, 1.15136476426799, 1.0476190476190477, 1.3055555555555556, 1.077094972067039, 1.0021929824561404, 1.0276679841897234, 1.0350194552529184, 1.1695503652067654, 1.0, 1.297872340425532, 1.0, 1.0, 1.2159090909090908, 1.1471774193548387, 1.0220820189274449, 1.058252427184466, 1.0647228452419097, 1.0788863109048723, 1.04674137158225, 1.1902358878065955, 1.0451010886469674, 1.0681170976193188, 1.0972972972972972, 1.093143596377749, 1.0182266009852217, 1.0814140332083557, 1.0592485549132948, 1.1716182048040455, 1.0370445446713628, 1.1107700702544165, 1.080363992587959, 2.0, 1.1818181818181819, 1.0744786494538232, 1.4205607476635513, 1.0, 1.1590909090909092, 1.25, 1.1945031712473573, 1.3703703703703705, 1.1666666666666667, 1.0085792310108992, 1.1282884183509785, 1.0263780749631393, 1.027452500969368, 1.2432432432432432, 1.1304945054945055, 2.0, 1.1755725190839694, 1.0072418787502586, 1.049486014821898, 1.0846915725456125, 1.052796446064472, 1.0070582304008067, 1.1636363636363636, 1.0566234481673127, 1.0994671403197158, 1.0283427136354464, 1.0326719252997987, 1.3333333333333333, 1.0646186440677967, 1.0, 1.2422535211267605, 1.2069991789819376, 3.0, 1.1047297297297298, 1.0604803593527983, 1.4285714285714286, 1.0487344163203627, 1.6, 1.0555555555555556, 1.0777062868744227, 1.6153846153846154, 1.0297849969181683, 1.045279794959419, 1.3571428571428572, 1.2608695652173914, 1.1134020618556701, 1.013868962219034, 1.0072847682119206, 1.0977150226513674, 1.1563529842548517, 1.0, 1.086899847925266, 1.1158536585365855, 2.0, 1.0310676476693499, 1.1293710528592438, 1.141911069063387, 1.0199879015568787, 1.0336734435526749, 1.036697247706422, 1.7142857142857142, 1.0940491052850603, 1.070967741935484, 1.194475081872635, 1.1597678916827854, 1.008843640253971, 1.0644756823026233, 1.164835164835165, 1.0773547094188376, 1.274247491638796, 1.0678373898734026, 1.1097791798107255, 1.0337078651685394, 1.0236344537815125, 1.0509544164793456, 3.0, 1.1509610452309829, 1.0475124429913159, 1.0452204469335091, 1.4615384615384615, 1.2556589362588528, 1.231818181818182, 1.1428571428571428, 1.088982154193412, 1.0420575865415722, 1.1593886462882097, 1.0303030303030303, 1.3333333333333333, 1.0657505716491167, 1.5, 1.1962616822429906, 1.0833333333333333, 1.053939013327751, 1.44, 1.0759493670886076, 1.039832285115304, 1.0, 1.5582010582010581, 1.3057216054654142, 1.25, 2.0, 1.146551724137931, 1.1827586206896552, 1.0682756430612892, 1.182382133995037, 1.1387900355871887, 1.2153392330383481, 1.1014466214978942, 1.0545454545454545, 1.2564102564102564, 1.1142857142857143, 1.0769230769230769, 1.0, 1.1143497757847534, 1.0952380952380953, 1.0031088082901554, 1.0224823870700372, 1.0868260814410757, 1.0040115798180314, 1.113375626241366, 1.04391989589358, 1.1509695290858726, 1.0345679012345679, 1.8333333333333333, 1.0, 1.2142857142857142, 1.0406389921833499, 1.0794351279788172, 1.107843137254902, 1.125615763546798, 1.0329896907216496, 1.042785597700989, 1.0079058791718645, 1.1142857142857143, 1.2941176470588236, 1.0571205007824727, 1.0212751855779427, 1.0542669442964827, 1.033578776246226, 1.0263157894736843, 1.0642350856467808, 1.034807631064133, 1.1451612903225807, 1.3462321792260692, 1.125, 1.0497630331753554, 1.0518018018018018, 1.1818181818181819, 1.057636887608069, 1.0701001430615165, 1.0, 1.0709046454767726, 1.0167055805846954, 1.0, 1.0702123086475772, 1.0296610169491525, 1.2647058823529411, 1.0905163301976535, 1.0379956741167988, 1.0526121407467097, 1.015267175572519, 1.090805902383655, 1.2058443764865783, 1.1839323467230445, 1.1428571428571428, 1.0, 1.4285714285714286, 1.060360905898026, 1.3333333333333333, 1.1703504894221661, 1.1051639653222767, 1.0531679220203811, 1.0653426017874876, 1.0499997510716366, 1.085209003215434, 1.028673835125448, 1.0235783633841886, 1.023594054523681, 1.089027934008249, 1.0444327625913687, 1.1727387691195954, 1.6666666666666667, 1.0491803278688525, 1.1027667984189724, 1.1137821068321259, 1.0260586319218241, 1.3005209761447765, 1.044362292051756, 2.220779220779221, 1.0231468332859983, 1.0832214765100672, 1.048480861244019, 1.125, 1.0705469136093004, 1.033502564124498, 1.2309558466763706, 1.0581052631578947, 1.28, 1.1460122699386504, 1.1355932203389831, 1.5625, 1.098195427428021, 1.5, 1.3315436241610739, 1.1070559610705597, 1.0236008091706001, 1.0127899045020463, 1.0167464114832536, 2.75, 1.0926829268292684, 1.0963822199345563, 1.034346352575143, 1.0102665313568133, 1.0169400244798041, 1.0623827066101341, 1.0, 1.0979202772963605, 1.0898445816478604, 1.0456493593463994, 1.0160320641282565, 1.0, 1.0632790028763184, 1.039689588091009, 1.396551724137931, 1.0141017021126013, 1.0, 1.3333333333333333, 1.0439813097975228, 1.0271715565833213, 1.2126688402421983, 1.048577518302289, 1.059856344772546, 1.0869565217391304, 1.0904081773466994, 1.0698680091651338, 1.1286764705882353, 1.0393258426966292, 1.0120481927710843, 1.1063049133657292, 1.0952380952380953, 1.75, 1.0476144056322774, 1.1734715429982616, 1.0515587529976018, 1.0397727272727273, 1.2186821144098479, 1.0226117253884168, 1.1852684846780994, 1.3114754098360655, 1.2692307692307692, 1.0357142857142858, 1.1585365853658536, 1.1625, 1.4333333333333333, 1.039836853279696, 1.1724479682854312, 1.1650082918739635, 1.0, 1.0666599792690674, 1.0509028044563964, 1.0683400267737617, 1.1327985739750446, 1.3333333333333333, 1.1666666666666667, 1.3333333333333333, 1.1302681992337165, 1.3846153846153846, 1.0, 1.1538461538461537, 1.0105960264900662, 1.0018148820326678, 1.0307525775025288, 1.0117847530775723, 1.1181818181818182, 1.2592592592592593, 1.1428571428571428, 1.0, 1.0405405405405406, 1.0571428571428572, 1.1403197158081706, 1.028160310138252, 1.033764980891247, 1.3195876288659794, 1.0525567113244838, 1.0472999349381913, 2.5, 1.0687625463577286, 1.2110726643598615, 3.0, 2.0, 1.191715976331361, 1.1283081115972173, 1.0625909568342593, 1.2732919254658386, 1.0, 1.0794979079497908, 1.3006134969325154, 3.0, 2.0, 1.0504006203153269, 1.1934399784917327, 1.0052757191307624, 1.6666666666666667, 1.0171535880513833, 1.0449264136328427, 1.0821309655937847, 1.0, 1.0751173708920188, 1.0254764555635603, 1.0921052631578947, 1.1661180045581159, 1.0689280657861562, 1.3198757763975155, 1.1640625, 1.0677255680564748, 1.0743119266055046, 1.0454545454545454, 1.2545454545454546, 1.027929753184648, 1.473418633988106, 1.0690398625836641, 1.0844155844155845, 1.2941176470588236, 1.2686567164179106, 1.060846560846561, 1.047883843064566, 1.0077954225598131, 1.0769572715079516, 1.0262008733624455, 1.5, 1.6666666666666667, 1.0636706514095762, 1.2097625329815302, 1.1546391752577319, 1.0323020090573263, 1.0148854323465462, 1.1104074308634158, 1.023201856148492, 1.0666666666666667, 1.100463800015722, 1.1113291282283084, 1.2589020771513353, 1.0106194690265486, 1.6666666666666667, 1.0416666666666667, 1.044726352905105, 1.1222847948511665, 1.0038207982962997, 1.0832195871011774, 1.0255681818181819, 2.0, 1.0686641697877652, 1.0121440769720174, 1.1830020562028787, 1.0115384615384615, 1.09764935869928, 1.019108280254777, 1.4150110375275937, 1.0323159784560143, 1.033020151764232, 1.0468052866402895, 1.0368663594470047, 1.0209150326797385, 1.0, 1.1523087525844244, 1.0493646585611116, 1.0384087791495198, 1.0659633017047465, 1.1065270935960592, 1.0, 1.125, 1.2868852459016393, 1.6666666666666667, 2.0, 1.1764705882352942, 1.0103359173126616, 1.0568720379146919, 1.0016738580568367, 1.005119541508062, 1.0822252374491181, 1.0377768128528007, 1.2119565217391304, 1.0425531914893618, 1.0810552971793739, 1.6, 1.5833333333333333, 1.1872586872586872, 1.1428571428571428, 1.0176151761517616, 1.1195866141732282, 1.0044359949302915, 1.106734187076983, 2.0, 1.0015503875968992, 1.2151162790697674, 1.045905059989567, 1.0398359587878565, 1.167929292929293, 1.1256849315068493, 1.14160905230865, 1.1736549633745896, 1.0362438220757826, 1.0597014925373134, 1.0963687150837989, 1.0, 1.0, 1.04170094059583, 5.0, 1.4285714285714286, 1.9285714285714286, 1.0180940892641737, 1.1325301204819278, 1.079268292682927, 1.1043546488819145, 1.1666666666666667, 1.0887647423960274, 1.014018691588785, 1.1925133689839573, 1.28125, 1.25, 1.0546683762676303, 1.1491130820399114, 1.1495535714285714, 1.069170695425809, 1.0181464551225725, 1.0820323863085426, 1.1328009464655426, 1.0, 1.2230401489190676, 1.0251773775045487, 1.0238970588235294, 1.1774193548387097, 1.104453054508784]
origin-bjaq_15.71 	max: 5.0000	99th: 2.7525	95th: 1.6667	median: 1.0812	mean: 1.1734

...Done, result: results.csv

WORKLOAD-FINISHED | Type: QueryWorkload | Progress: 1/3 | Workload-time: 14.282150 | Model-update-time: 0.000000


WORKLOAD-START | Type: DataUpdateWorkload | Progress: 2/3
Going to run: ['python', '/home/kangping/code_copy/SAUCE/Naru/eval_model.py', '--model=transformer', '--data_update=valueskew', '--dataset=bjaq', '--drift_test=js', '--end2end', '--update_size=80000', '--query_seed=0', '--eval_type=drift']
Torch device: cuda:1
GET-MODEL-PATH=./models/end2end/transformer/origin-bjaq-0.4MB-model34.249-data18.543-300epochs-seed0.pt
GET-DATASET-PATH=./data/bjaq/end2end/bjaq.npy
ValueSample - START
ValueSample - END
load_npy_dataset_from_path - df.shape = (458601, 5)
Parsing... done, took 0.0s
Data updated!
Previous data size: (382168, 5), new data size: (76433, 5)
[1.7881393e-06 2.4437904e-06 2.9802322e-07 8.8758469e-03 1.1920929e-07]
Distance score: 0.0017760992050170898
SAUCE Drift detection: True
Detection latency: 0.0233s

DRIFT-DETECTED after 2-th workload
Going to run: ['python', '/home/kangping/code_copy/SAUCE/Naru/incremental_train.py', '--dataset=bjaq', '--end2end', '--model=transformer', '--model_update=adapt', '--update_size=80000', '--epochs=0']
Torch device: cuda:1
GET-MODEL-PATH=./models/end2end/transformer/origin-bjaq-0.4MB-model34.249-data18.543-300epochs-seed0.pt
update_size: 76433
AdaptTask - START
GET-DATASET-PATH=./data/bjaq/end2end/bjaq.npy
load_npy_dataset_from_path - df.shape = (458601, 5)
Parsing... done, took 0.0s
done, took 0.0s
dataset size: 458601
train data shape: torch.Size([76433, 5]), transfer data shape:torch.Size([15286, 5])
Training done; evaluating likelihood on full data:
Epoch None Iter 0, test loss 26.1818 nats / 37.7724 bits
Saved to: /home/kangping/code_copy/SAUCE/models/end2end/transformer/origin-bjaq-0.4MB-model34.249-data18.543-300epochs-seed0.pt
AdaptTask - END

WORKLOAD-FINISHED | Type: DataUpdateWorkload | Progress: 2/3 | Workload-time: 4.059438 | Model-update-time: 4.991499


WORKLOAD-START | Type: QueryWorkload | Progress: 3/3
Going to run: ['python', '/home/kangping/code_copy/SAUCE/Naru/eval_model.py', '--dataset=bjaq', '--model=transformer', '--end2end', '--query_seed=0', '--eval_type=estimate', '--num_workload=3', '--data_update=valueskew', '--model_update=adapt', '--random_seed=42']
Torch device: cuda:1
GET-MODEL-PATH=./models/end2end/transformer/origin-bjaq-0.4MB-model34.249-data18.543-300epochs-seed0.pt
ckpts [PosixPath('/home/kangping/code_copy/SAUCE/models/end2end/transformer/origin-bjaq-0.4MB-model34.249-data18.543-300epochs-seed0.pt')]
Validate Argument: DATASET="bjaq" is valid.
data size: 458601, total size: 458601, split index: [382167 458601]
Parsing... done, took 0.0s
Loading ckpt: /home/kangping/code_copy/SAUCE/models/end2end/transformer/origin-bjaq-0.4MB-model34.249-data18.543-300epochs-seed0.pt
query_seed:0
origin-bjaq_15.71 	max: 62.4908	99th: 31.1236	95th: 2.3333	median: 1.1228	mean: 2.0317
ReportEsts: [1.0807799442896935, 1.0281782437745741, 1.043374202216997, 1.0688468158347677, 1.565217391304348, 2.0, 1.1340698869475847, 1.156686557498381, 1.2, 1.0787139689578713, 1.1392456433516351, 1.0417006314634851, 1.2318353632927341, 1.3232558139534885, 1.068875326939843, 1.352, 1.1294498381877023, 21.428571428571427, 1.0, 1.0318367346938775, 1.052591628713945, 1.0346114584662498, 1.3464373464373465, 1.017751479289941, 1.1888287913459539, 1.0266710436896, 2.0, 1.3489874406586142, 1.75, 1.4, 21.784784377542717, 1.0, 1.0466429478283976, 1.008794622409527, 3.196233026719229, 1.0140070035017508, 1.031422386704839, 1.4010695187165776, 1.2, 2.864352183249821, 1.047037144796819, 1.3025135592231878, 1.0078212290502793, 1.3327681874229347, 1.1782608695652175, 1.0331269045512632, 1.35, 1.0667779632721202, 1.105263157894737, 1.1505636070853462, 27.363636363636363, 1.0493273542600896, 1.050387596899225, 1.206896551724138, 1.0988413221124527, 1.189494354442808, 1.1161250577545048, 1.25, 1.0526315789473684, 1.0845515811301192, 1.318840579710145, 1.0971449211118225, 1.0639269406392695, 1.16793893129771, 1.1839080459770115, 1.0714285714285714, 1.114773055796473, 1.2645693656523982, 1.75, 1.0, 1.0734393175649477, 1.0068627450980392, 1.0902074288470815, 1.1554054054054055, 1.074676572306904, 1.9056603773584906, 1.1009159439085676, 1.3630573248407643, 1.4466019417475728, 1.343008147019156, 1.0865233350812795, 26.0, 1.0, 1.25, 1.127708095781072, 1.0266666666666666, 1.119496855345912, 38.857142857142854, 1.0, 1.107182373598884, 1.102430296704935, 1.2866515837104073, 1.2913531387507486, 1.2491326245103525, 1.3613707165109035, 1.0351699882766705, 1.3885778275475924, 1.1672816728167281, 1.1538461538461537, 1.244810027418723, 1.08, 1.5, 1.0600603930667394, 1.227972626176219, 1.2744425385934819, 1.3825588107952085, 1.4516129032258065, 1.0224132556976084, 1.2747544465091585, 1.2344382591093117, 1.0716357308584687, 1.0492975734355046, 1.2857142857142858, 1.0, 1.085940517574353, 1.0580746700097858, 1.0578642819568649, 1.0957446808510638, 1.0585903915113133, 2.0, 1.2967518133081046, 1.0909090909090908, 1.0, 1.0574162679425838, 1.0, 1.2993630573248407, 1.0234616020872815, 1.0775518084695586, 1.0535714285714286, 1.5, 1.129120879120879, 1.0, 1.3157894736842106, 1.1098366672783997, 1.0769230769230769, 1.1991101223581757, 1.1193178696612422, 1.0951989348370927, 2.0, 1.7142857142857142, 1.1051454138702461, 1.0153015301530153, 1.0659898477157361, 1.0407322909131378, 1.1761006289308176, 1.3665966386554622, 1.1932329911963975, 3.0, 1.007909604519774, 1.090735434574976, 1.098014888337469, 1.092635885447107, 1.5, 1.3310646078829744, 1.0150187734668334, 1.0395869191049913, 1.0138888888888888, 1.0, 1.208559373116335, 1.094562243502052, 1.234354858829889, 1.1273764258555132, 1.2704714640198511, 1.489795918367347, 1.4684684684684686, 1.2268041237113403, 1.8571428571428572, 1.0655659439029241, 1.032520325203252, 1.1502086230876216, 1.4480253734397381, 32.39393939393939, 1.1999699744783066, 1.199004975124378, 1.1285140562248996, 1.1812686510061978, 15.921506352087114, 1.3096446700507614, 1.0888888888888888, 1.03970549566132, 1.2626076830446347, 1.0166978290225408, 1.4402985074626866, 1.0465753424657533, 1.014600698615706, 1.082010582010582, 1.51931330472103, 1.147527411053927, 1.5172413793103448, 2.0, 1.225, 1.2879429826066073, 1.1904761904761905, 1.1543967280163598, 1.244523107454767, 1.0310203433389642, 1.0955927493618534, 1.23062558356676, 1.0296787396109452, 1.0830876769842332, 1.0259197324414715, 1.1012024048096192, 1.0241954996370675, 1.0575157558456758, 1.0615890926187117, 1.0718275440740095, 1.0654205607476634, 1.125, 1.170731707317073, 1.0, 1.3597122302158273, 1.0406071358170708, 1.5400696864111498, 1.4137931034482758, 1.02457309454394, 1.12, 1.0419992671413483, 1.0681818181818181, 1.4477676221467197, 2.0, 1.0196560196560196, 1.0579234972677596, 1.2264489631799644, 1.000019131798963, 32.8, 28.050632911392405, 1.111573156955518, 1.0051077943615256, 1.0835734870317002, 1.3869257950530036, 1.134517766497462, 1.0806350876039579, 1.3495934959349594, 1.0060169966095818, 1.0669604048824055, 1.312267657992565, 1.2972459639126306, 1.0212053571428572, 1.6666666666666667, 1.1594014313597918, 1.0, 1.1783720930232557, 1.1058394160583942, 1.1397303107289427, 1.019736842105263, 1.1666666666666667, 1.6666666666666667, 1.105702364394993, 1.4, 1.1487136716494515, 1.4, 1.033162073797291, 1.04995004995005, 1.0, 1.0122101374923045, 1.1961325966850829, 1.0993788819875776, 1.2040816326530612, 1.0091549295774649, 1.1135981912144703, 1.2280701754385965, 2.0, 1.3081035510867107, 1.442251103482099, 1.0461095100864553, 1.0028716511994398, 1.144802304268133, 1.1898084366594501, 1.0170523751522533, 1.094683899643254, 1.02803738317757, 1.1413481584433633, 1.0280904786954235, 1.3636363636363635, 1.0190897688220837, 1.2662192393736018, 1.4090909090909092, 1.5714285714285714, 29.27027027027027, 1.0955188679245282, 1.0489798493205003, 1.031985559566787, 1.1291866028708133, 1.6541353383458646, 1.0151039226805394, 1.023470839260313, 1.0406434377633966, 1.0543089248801976, 1.1, 1.5, 1.1511546536039188, 1.0811033482731347, 1.155455837427123, 1.0738720186869928, 1.1945606694560669, 1.4372496662216288, 1.038750354207991, 1.0271694930570199, 1.4075734927752865, 1.168630849220104, 1.0431519699812384, 15.0, 1.0714285714285714, 1.078031212484994, 1.2142857142857142, 1.0344202898550725, 1.0255210651015672, 1.0486164880394475, 1.7096774193548387, 1.0245901639344261, 1.3, 1.3181534622582658, 1.0443018088783158, 1.0476190476190477, 1.4266087200336464, 1.0724160854145366, 1.2180094786729858, 2.0, 3.3333333333333335, 1.228328173374613, 1.4285714285714286, 1.006239593993308, 1.1256038647342994, 1.0526315789473684, 1.3137313922942206, 1.2, 1.3846153846153846, 1.007835604960538, 2.0, 1.1924686192468619, 1.25, 23.452345383925906, 28.717770034843205, 1.2553763440860215, 1.2365591397849462, 1.320580635560546, 1.312837240248939, 2.2080152671755724, 1.1671803205200044, 1.1104772505913454, 1.5, 1.1111111111111112, 1.0295715549804474, 1.5, 1.0609019060901905, 1.588235294117647, 2.5, 1.4210526315789473, 1.3615062761506276, 1.1204065676309616, 1.2125984251968505, 1.1624758220502902, 1.5454545454545454, 1.5, 1.082693089806633, 1.0, 1.2063492063492063, 1.0191161198507634, 1.389763779527559, 1.005925925925926, 1.1825221238938053, 1.75, 1.0, 1.2571428571428571, 1.4907407407407407, 1.0383838383838384, 1.1292465542920636, 1.4948775055679286, 1.0218446601941749, 2.0, 1.0273760826843292, 1.01, 1.206896551724138, 1.75, 24.004640371229698, 1.1428571428571428, 1.2128205128205127, 1.0198019801980198, 1.1949769503992744, 1.259671976771561, 1.1990196078431372, 1.1009738316740112, 1.116169120626773, 2.4873949579831933, 1.0823909531502423, 1.133832227828486, 1.0818181818181818, 1.1515151515151516, 1.0020975478103589, 1.0672356765387978, 13.136873597606582, 1.1828571428571428, 1.048780487804878, 1.1485148514851484, 3.0, 1.0625, 1.9264705882352942, 1.2015810276679841, 2.02, 1.0606758832565284, 1.1100420926037282, 1.0231425091352009, 1.0253448341376297, 1.3612637362637363, 1.3045959834556164, 1.0714285714285714, 1.18348623853211, 1.1285347043701799, 1.0, 1.221632907746952, 1.6346153846153846, 1.1033074954846478, 1.1052023121387282, 1.1136081009060224, 1.1628586609989373, 1.375, 1.070518266779949, 1.0, 34.64802182810369, 1.0833333333333333, 1.10759671276809, 1.0240673886883274, 1.0019368421052632, 1.0803858520900322, 1.0976454293628808, 3.0, 1.7025862068965518, 1.0120953551592058, 1.1755624928617656, 3.0, 1.1904761904761905, 1.2327044025157232, 1.2648809523809523, 1.1209894045664826, 1.103028229610508, 1.1304347826086956, 1.111174134997164, 1.1018918486521079, 1.0529099662660073, 1.1194379391100702, 1.0753320074420991, 25.02355386214063, 43.0, 1.1446236559139784, 1.108377047210988, 1.2095238095238094, 1.0830429732868758, 1.0, 1.5, 1.3013698630136987, 1.0811965811965811, 1.1672756800649615, 1.316640602175669, 1.310919185687847, 1.0, 1.2307692307692308, 1.36, 1.4397660818713451, 1.0909090909090908, 1.0, 1.2916152554996054, 1.0, 1.0, 1.202721088435374, 1.5, 1.1957281553398058, 1.0045180722891567, 1.022038567493113, 1.4444444444444444, 1.0768455903593042, 1.0499583680266444, 1.45, 1.102623869971966, 1.0, 1.3845144356955381, 1.0026720106880427, 1.6482961716449305, 1.1602059791160062, 1.0, 1.2023809523809523, 1.0631866159258994, 1.0778917071415721, 1.0740445859872612, 1.25, 1.1139075316927667, 1.004319695788365, 1.0312775330396475, 2.0, 1.0233322379231022, 1.0060239781802485, 1.0048120820274906, 1.3892544627231362, 1.0010081193497267, 1.0771711830799735, 1.1214689265536724, 1.0100517729803653, 1.5, 1.0552197564977117, 1.0753280839895014, 1.0661583866207576, 1.0702341137123745, 1.0771349862258952, 1.0197202564084757, 1.048888888888889, 1.2025746754979, 1.0755881218665637, 1.1298301235567247, 1.0712678169542384, 1.3102325025401949, 1.2396709158303951, 1.0229885057471264, 1.7837837837837838, 1.0901221834840327, 1.316326530612245, 1.012147459596493, 1.0950560448358686, 1.0, 1.067777357061719, 1.13915857605178, 2.0, 1.1, 1.0091112863166563, 1.0076628352490422, 1.1009544787077827, 1.0, 1.164179104477612, 1.011896591169069, 1.4367440339980386, 1.0037668161434978, 1.2761195173925708, 1.0832277144064217, 39.59646910466583, 1.0168884339815762, 1.1593629003871877, 1.8344827586206895, 1.0175006200396826, 1.0939890710382514, 1.038647342995169, 1.1801015670892312, 1.0199233716475096, 1.021917628541448, 2.0, 1.2270114942528736, 1.0101010101010102, 1.021638141809291, 1.1081081081081081, 1.1483679525222552, 1.193126022913257, 1.1104972375690607, 1.0979269432191052, 1.0, 1.553191489361702, 1.2, 1.0, 1.179245283018868, 2.0, 1.0092470277410832, 1.2815533980582525, 1.0620021242697824, 1.0697350069735008, 1.0072305651820477, 1.038996253204496, 1.1940620918316085, 1.2285742001196385, 1.0173273248032897, 1.114792899408284, 1.0925373134328358, 1.0384250209438703, 1.0318471337579618, 1.0608695652173914, 1.2320217096336499, 1.1029411764705883, 1.0470768733850129, 1.1313012895662369, 1.0934823091247672, 1.3216374269005848, 1.3725885401670026, 1.0988657524970373, 1.5, 1.0, 1.0625, 3.5, 1.1877133105802047, 1.032889294356865, 1.0427382753403933, 1.0259067357512954, 1.2987012987012987, 1.0687852323509652, 1.2098545872999267, 1.2685589519650655, 1.0, 2.0, 1.122699754240844, 1.0756302521008403, 1.0683517265930935, 1.1149613673612737, 1.0, 1.0223089793641942, 1.387012987012987, 1.0597176803115704, 1.1172106824925816, 1.059192883772647, 1.3484046574928172, 1.0048742450005737, 1.7402597402597402, 1.0, 1.1598814124622796, 1.0, 1.0571428571428572, 1.1244813278008299, 1.300069783670621, 21.317735142723443, 1.5, 1.016131179972988, 1.0751879699248121, 1.2098765432098766, 1.7767638360794253, 1.2652929813264648, 1.2419470293486041, 1.1103595986923684, 1.2041036717062634, 1.0590277777777777, 1.2, 1.0416363427433255, 1.1717046772323154, 1.1, 1.04590395480226, 1.2317194660290895, 50.65989847715736, 1.0090619155606553, 1.3, 1.0107913669064748, 1.067555728608975, 1.0891089108910892, 1.2024539877300613, 1.080414530223153, 1.2035398230088497, 2.7142857142857144, 1.034291312867407, 1.028397565922921, 1.149795457751446, 1.0057027843005704, 1.0052239379273258, 1.031658187968574, 1.44, 1.0703125, 1.4481605351170568, 1.075213692263193, 1.24794952681388, 1.0, 1.1303587051618547, 1.0186225177464283, 1.4, 1.0134260757036557, 1.4210526315789473, 1.6, 1.3060921248142645, 1.641387419165197, 1.2611131864026897, 1.1013513513513513, 1.0714285714285714, 1.0056360708534622, 1.0945994925697717, 1.0509554140127388, 1.2429311097025921, 2.3333333333333335, 1.0795819298593223, 1.5, 1.2686915887850467, 1.1538461538461537, 1.2590537994557254, 1.4838709677419355, 1.3206751054852321, 1.0375626043405677, 1.0, 1.0306742658057675, 1.2622498274672187, 1.5, 2.5, 1.0902255639097744, 1.1340782122905029, 1.1712247324613556, 1.006295907660021, 1.1010248901903368, 31.110795454545453, 1.0496277915632755, 62.49079754601227, 1.036734693877551, 1.1666666666666667, 2.3448275862068964, 1.0, 1.1230046948356807, 1.517094017094017, 1.0338541666666667, 1.0031187732825089, 1.1903269285020217, 1.1216294458229943, 1.3146770225002222, 1.1587244175181601, 1.206855791962175, 1.0401831129196337, 1.5, 1.0, 1.0303030303030303, 1.0087326012893094, 1.0480699198834669, 1.1243093922651934, 1.1798029556650247, 1.0936228800300394, 1.046684424505818, 1.008273189534979, 1.1566265060240963, 1.2857142857142858, 1.207070707070707, 1.0164289282344452, 1.0777616167802189, 1.021952290355627, 1.0054054054054054, 1.2908298877731836, 1.0142133892584462, 1.029846521892953, 1.0573770491803278, 1.2965798397475037, 1.2350746268656716, 1.1160270880361174, 1.227810650887574, 1.0357652485312059, 6.0, 1.0777126099706744, 1.0, 1.0236220472440944, 1.157664068311932, 1.03125, 1.0513020355767468, 1.0008849557522124, 1.2325581395348837, 1.0614904434004762, 1.076257839122591, 1.2893835616438356, 1.2337786259541985, 1.045004500450045, 1.2037691068855423, 1.209471766848816, 3.590909090909091, 1.0, 1.25, 1.0206620876027475, 1.1, 1.1913431248210122, 1.0996744414217545, 1.2680549401860877, 1.0863765215941303, 1.0457365984805143, 1.1325268817204301, 1.0579268292682926, 1.033878504672897, 1.0009819416624937, 1.0853064815720013, 1.043183088953241, 1.454624834397206, 1.375, 1.0410742496050553, 1.0, 1.3260424971402822, 1.0807799442896935, 1.288418206399279, 1.0699523052464228, 3.104693140794224, 1.0912930128622924, 1.0569196428571428, 1.278397129186603, 1.375, 1.2875297107758925, 1.0650490356384337, 1.3607651245551602, 1.062367864693446, 1.0666666666666667, 38.67717528373266, 1.540956146854491, 1.130973287734541, 1.5384615384615385, 1.0178894689010334, 1.5757575757575757, 1.1482831708350996, 1.2962962962962963, 1.025445292620865, 1.0010266940451746, 1.0081521739130435, 1.0532019704433497, 1.1474036850921272, 1.0749130975038144, 1.0639312977099236, 1.3217556745276757, 1.1428407864176127, 1.1538461538461537, 1.087238644556597, 1.1607813673929377, 4.886579572446556, 1.0334656834940443, 3.03015350877193, 1.089128305582762, 1.3608247422680413, 1.0690104166666667, 1.0503828812710228, 1.625, 1.1174041297935102, 1.2445153731162377, 1.0314573079392253, 1.080068143100511, 1.209994189424753, 1.3297377444166436, 1.2250598563447725, 1.0905511811023623, 1.0933167159993769, 1.0945644305019304, 1.3290441176470589, 1.1488372093023256, 1.0308056872037914, 1.0902389399531731, 1.1702127659574468, 1.6, 1.040175408704074, 1.1790172137165855, 1.1516533637400228, 1.1875, 1.232286995515695, 1.0262412023198486, 1.1496598639455782, 1.1506756756756757, 1.4615384615384615, 1.2641509433962264, 1.3846153846153846, 1.36875, 1.2285714285714286, 1.0876804364342008, 1.1160092807424593, 1.092526690391459, 1.0408163265306123, 18.603286384976524, 1.1302761855132881, 1.058252427184466, 22.8, 1.0246305418719213, 1.2173913043478262, 1.0380173243503368, 1.0833333333333333, 1.3657765397975974, 1.1108545034642032, 1.115855354659249, 1.2066115702479339, 1.1818181818181819, 1.294779348139602, 1.0598822177535192, 1.1759145760126393, 1.1479654747225647, 1.3015873015873016, 1.2352941176470589, 1.0285714285714285, 1.0555555555555556, 1.1714285714285715, 1.115078275199121, 1.0041486593785802, 1.0310435890458403, 1.1228070175438596, 1.3144648926639448, 1.0451817258545195, 2.5, 1.0106706852056349, 1.454650416933932, 1.5, 1.8, 1.4958579881656804, 1.1215333932315064, 1.1018051252859848, 1.546583850931677, 1.0, 1.244186046511628, 1.2772277227722773, 30.714285714285715, 1.0325604818632654, 1.1346156488287422, 1.0591538278406964, 1.2300387354741973, 1.7142857142857142, 1.0362813671040936, 1.050682261208577, 1.0227870289219982, 1.0666666666666667, 1.0035211267605635, 1.0, 1.3103448275862069, 1.1232396156388225, 1.0208968638654383, 1.23, 1.0557377049180328, 1.0835950351428145, 1.1152860802732707, 1.033003300330033, 1.0615384615384615, 1.0282115593584058, 1.3815457854942592, 1.1351054591189946, 1.1193181818181819, 1.1869918699186992, 1.1312559017941455, 1.0, 1.0987124463519313, 1.038659793814433, 1.0103989342017616, 1.1081593927893738, 2.5, 1.1724137931034482, 1.0473032528856243, 1.1312839059674502, 1.3808597549114958, 1.0892042987407728, 1.026963168867269, 1.1049429657794676, 1.4435483870967742, 1.0377358490566038, 1.0923227703364913, 1.096402951512094, 1.0666247642991828, 1.3975481611208407, 2.3333333333333335, 1.1066666666666667, 1.1452991452991452, 1.1282495667244368, 1.1435281623983988, 1.2001984512176709, 1.203125, 2.0, 1.1127982646420824, 1.0144164332399626, 1.1752323155698843, 1.5399239543726235, 1.2782446478806084, 1.0236220472440944, 1.4239332096474953, 1.0154365653642066, 1.030388457939694, 1.031605085731349, 1.2753456221198156, 1.12291933418694, 1.0, 1.2108620689655172, 1.1935257908884744, 1.1806890744509158, 1.0717727618564545, 1.1129660545353366, 1.235249621785174, 1.0898876404494382, 1.214442013129103, 1.6666666666666667, 2.0, 1.411764705882353, 1.006423982869379, 1.0334384858044163, 1.1790263284934457, 1.0049980036504678, 1.0072202166064983, 1.242050209205021, 1.1926605504587156, 2.0897297297297297, 1.2358845935310085, 1.3333333333333333, 1.6666666666666667, 1.1634885901844327, 1.0, 1.0478413068844807, 1.1202321724709785, 1.0025650697849868, 1.0043002199823516, 2.0, 1.0874387412948157, 36.4612676056338, 1.0465702409389284, 1.0396198148756792, 1.1502057613168724, 1.3383561643835618, 1.1556359297512957, 1.0479393091574303, 1.0080213903743316, 1.036144578313253, 1.335195530726257, 1.0, 1.0, 1.041326253230359, 5.0, 1.7142857142857142, 1.736842105263158, 1.006122448979592, 1.0615326685999031, 1.4788164088769333, 1.1759259259259258, 1.3333333333333333, 1.1285235560812144, 1.0430906389301635, 1.2564102564102564, 1.6177884615384615]
origin-bjaq_15.71 	max: 62.4908	99th: 31.1236	95th: 2.3333	median: 1.1228	mean: 2.0317

...Done, result: results.csv

WORKLOAD-FINISHED | Type: QueryWorkload | Progress: 3/3 | Workload-time: 14.047578 | Model-update-time: 0.000000


Experiment Summary: #data-update-times=1, #drift=1 | total-time=37.408173