Input arguments = Namespace(data_update='tupleskew', update_size=80000, dataset='bjaq', debug=False, drift_test='js', model_update='adapt', model='transformer', end2end=False, query_seed=0, random_seed=42, num_workload=3)
JSON-passed parameters = {'data_updater': {'skew_ratio': '1e-3'}, 'random_seed': 42, 'transformer': {'epochs': 0}}
MODEL-PATH=/home/kangping/code_copy/SAUCE/models/end2end/transformer/origin-bjaq-0.4MB-model34.249-data18.543-300epochs-seed0.pt
DATASET-PATH=/home/kangping/code_copy/SAUCE/data/bjaq/end2end/bjaq.npy
Workloads: ['QueryWorkload', 'DataUpdateWorkload', 'QueryWorkload']

WORKLOAD-START | Type: QueryWorkload | Progress: 1/3
Going to run: ['python', '/home/kangping/code_copy/SAUCE/Naru/eval_model.py', '--dataset=bjaq', '--model=transformer', '--query_seed=0', '--end2end', '--eval_type=first_estimate', '--num_workload=3', '--data_update=tupleskew', '--model_update=adapt', '--random_seed=42']
Torch device: cuda:1
GET-MODEL-PATH=./models/end2end/transformer/origin-bjaq-0.4MB-model34.249-data18.543-300epochs-seed0.pt
ckpts [PosixPath('/home/kangping/code_copy/SAUCE/models/end2end/transformer/origin-bjaq-0.4MB-model34.249-data18.543-300epochs-seed0.pt')]
Validate Argument: DATASET="bjaq" is valid.
load_npy_dataset_from_path - df.shape = (382168, 5)
Parsing... done, took 0.0s
Loading ckpt: /home/kangping/code_copy/SAUCE/models/end2end/transformer/origin-bjaq-0.4MB-model34.249-data18.543-300epochs-seed0.pt
query_seed:0
origin-bjaq_15.71 	max: 5.0000	99th: 2.5007	95th: 1.7500	median: 1.0813	mean: 1.1758
ReportEsts: [1.019047619047619, 1.0341145833333334, 1.0387063640177654, 1.056910569105691, 1.5, 1.0, 1.106310403638431, 1.0390660936229528, 1.0, 1.0372836218375499, 1.2063313421637376, 1.0431317900775237, 1.0470536499560246, 1.155813953488372, 1.0526315789473684, 1.0, 1.2777777777777777, 1.0435706695005313, 3.0, 2.0, 1.125, 1.0784724160387014, 1.0852293246659444, 1.150322959483265, 1.056240749876665, 1.0, 1.1342823754382236, 1.5, 1.2, 1.0296296296296297, 1.0, 1.0459329424146744, 1.0069324836376163, 1.1753607103218646, 1.0155676310765165, 1.2350334448160536, 1.1310160427807487, 1.0142596788493745, 1.2032164749638405, 1.0238095238095237, 1.2745098039215685, 1.0335365853658536, 1.0, 1.0578407684601332, 1.0719246031746033, 1.8615384615384616, 1.0618556701030928, 1.1802120141342756, 1.019174628989632, 1.1111111111111112, 1.0673266053866426, 1.1323024054982818, 1.0395301566373443, 2.0, 1.1506493506493507, 1.2389188350719356, 1.1187957689178194, 1.3526570048309179, 1.0320512820512822, 1.25, 1.0853326063249726, 1.094022415940224, 1.1363636363636365, 1.0116279069767442, 1.1818181818181819, 1.0807646266646715, 1.3093478959203342, 1.75, 1.0, 1.029831266896616, 1.0282208588957056, 1.0633720930232557, 1.0373831775700935, 1.0405171264827402, 1.0847058823529412, 1.0093457943925233, 1.3333333333333333, 1.113152400835073, 2.0, 1.006411182025587, 1.391304347826087, 1.0513017433376852, 1.0429447852760736, 1.0941028858218318, 1.1172718351324828, 1.0, 1.0750524434775852, 1.0025423828102118, 1.0637254901960784, 1.75, 1.112543381259296, 1.0823417308291816, 1.0288461538461537, 1.0056100981767182, 1.0129509713228493, 1.0649350649350648, 1.062992125984252, 1.1478942213516161, 1.0, 1.2361570703728215, 1.004483656349436, 1.1200686106346485, 1.2112236611531393, 1.3076923076923077, 1.0142097142659623, 1.0605256172020174, 1.271488961953969, 1.1259006446719757, 1.0508890251379521, 1.1666666666666667, 2.0, 1.047663551401869, 1.0542472779385064, 1.0581174984207202, 1.0909090909090908, 1.0597426297077053, 1.0, 1.1128981393882056, 1.1433260393873086, 1.0, 1.0459770114942528, 1.1666666666666667, 1.2330827067669172, 1.0189135748318932, 1.0761823406072843, 1.12, 1.8, 1.1316225165562914, 1.0, 1.0357142857142858, 1.0926787375653044, 1.3, 1.04931640625, 1.0303403317276592, 1.077877675066481, 1.0667556742323097, 1.028169014084507, 1.0070643642072215, 1.039972432804962, 1.0712979890310785, 1.025487056311716, 1.265625, 1.014559894109861, 1.1397695050565284, 2.0, 1.01640838650866, 1.0045714285714287, 1.108665749656121, 1.0765837303688017, 1.5, 1.1367159118430612, 1.076555023923445, 1.0309278350515463, 1.1074561403508771, 1.0277372262773723, 1.096931894807822, 1.1859274383540128, 1.20775472417361, 1.0583501006036218, 1.069078947368421, 1.2857142857142858, 1.4081632653061225, 1.0250368188512518, 1.2857142857142858, 1.059225815018923, 1.06687050606562, 1.1420118343195267, 1.3403196478131878, 1.116643929058663, 1.0664440380588907, 1.2778947368421052, 1.0484581497797356, 1.0838578483586714, 1.0312825860271115, 1.0479204339963835, 1.0777453838678328, 1.032520325203252, 1.1196321679535004, 1.034174726743729, 1.0, 1.126984126984127, 1.0373298199385157, 1.0285087719298245, 1.1925876902713435, 1.144736842105263, 1.097767790634156, 1.266384778012685, 1.0749951301863516, 1.1153846153846154, 1.255, 1.0233526961215749, 1.0, 1.0909090909090908, 1.0043772544887124, 1.0149769585253456, 1.0407869481765835, 1.4, 1.047588424437299, 1.0531916533499128, 1.07623541217393, 1.0626410835214446, 1.0160219247391167, 1.0960451977401129, 1.1228070175438596, 1.1506849315068493, 1.0, 1.4545454545454546, 1.1356252956946853, 1.4320557491289199, 1.264367816091954, 1.0143351458230352, 1.0031277926720286, 1.0368232201222112, 1.0125679724780823, 1.2066614420062696, 1.1812080536912752, 1.0852601156069364, 1.0116655865197668, 1.0354557987247974, 1.0105636249913128, 1.0, 1.0766045548654244, 1.1508675871033818, 1.0139035512722476, 1.1719824890556598, 1.006540887058946, 1.2760537535754763, 1.0357142857142858, 1.0068335912223942, 1.053764827230531, 1.0016949152542374, 1.1098265895953756, 1.2777630532732573, 1.0297872340425531, 1.178740157480315, 2.0, 1.2217090069284064, 1.0769316659222867, 1.1533052039381153, 1.1703056768558953, 1.0, 1.6666666666666667, 1.0391832714866076, 1.1454545454545455, 1.1141927874477286, 1.5, 1.0, 1.0526315789473684, 1.0163934426229508, 1.1428571428571428, 1.0662983425414365, 1.128691983122363, 1.0631399317406143, 1.0008396305625524, 1.0910357910222412, 1.0175438596491229, 2.0, 1.0919128986490654, 1.093159315931593, 1.1015761821366024, 1.0019898621758618, 1.0990342209568469, 1.0238103234039695, 1.1144674085850557, 1.0966850342411492, 1.020334928229665, 1.0758074162679425, 1.0915549597855227, 1.3636363636363635, 1.0393008739076155, 1.0932400932400932, 1.2045454545454546, 1.3888888888888888, 1.0258181818181817, 1.0555555555555556, 1.0769230769230769, 1.0799542426485431, 1.0306406685236769, 1.3709273182957393, 1.008211346801742, 1.0251677852348993, 1.0242215118147528, 1.0498495989304812, 1.25, 1.0317751909785378, 2.5, 1.0347884745109377, 1.0717592592592593, 1.056997860816531, 1.0526315789473684, 2.0, 1.2608695652173914, 1.0597014925373134, 1.0773868754582592, 1.0, 1.010703363914373, 1.0633484162895928, 1.0044070512820513, 1.0161847730124065, 1.111764705882353, 1.150943396226415, 1.0019775699620306, 1.1664191664191663, 1.1583823597535554, 1.1196581196581197, 1.0, 1.1288782816229117, 1.2608695652173914, 1.088135593220339, 1.0552653748946925, 1.0025020850708923, 1.1198738170347002, 1.3111111111111111, 1.0125, 1.0273477812177503, 1.2857142857142858, 1.0064041380584379, 1.058139534883721, 1.0, 1.0961170096322241, 1.1904761904761905, 1.4, 1.0158287368710244, 2.0, 1.1755829903978052, 1.0334302325581395, 1.0352748154224773, 1.0989193682460516, 1.2044025157232705, 1.0963855421686748, 1.104343944046862, 1.065634559366455, 1.0591630591630592, 1.0169866075151353, 1.0455338958393947, 2.0, 1.0, 1.0551200895815718, 1.25, 1.0691578360290017, 1.3529411764705883, 1.0, 1.4666666666666666, 1.2961847389558232, 1.0500927643784788, 1.131578947368421, 1.025974025974026, 1.0, 1.1504660452729694, 1.0425563340033264, 2.0, 1.2930315664085765, 1.0, 1.0945874136491307, 1.0337078651685394, 1.0220152191025977, 1.1359447004608294, 1.1363636363636365, 1.3651162790697675, 1.2777777777777777, 1.0301974362206126, 1.0176043858137396, 1.097953216374269, 1.0, 1.0769230769230769, 1.5714285714285714, 1.5, 1.2307692307692308, 1.0695180929514663, 1.3333333333333333, 1.0083194675540765, 1.2317073170731707, 1.1763040238450075, 1.1005780951633577, 1.2420185375901134, 1.0091270881490837, 1.0121809744779582, 1.0726190476190476, 1.5, 1.1320754716981132, 1.0808510638297872, 1.0377771418668107, 1.0952380952380953, 1.5714285714285714, 1.0819277108433736, 1.0141509433962264, 1.0285213840457852, 1.0342205323193916, 1.1464387464387464, 1.0202462380300958, 1.095890410958904, 1.0907770515613653, 1.0582627118644068, 1.1923076923076923, 1.0226628895184136, 1.2058823529411764, 1.065584672630829, 1.0643670563132015, 1.0306405008427644, 1.1168831168831168, 1.2065217391304348, 1.0783132530120483, 1.0, 1.0089281229594655, 1.0471028097542137, 1.0892681728880158, 1.0576450037431822, 1.064752596212584, 1.1607880521131235, 1.8333333333333333, 1.3566753926701571, 1.0, 1.223740392826644, 1.25, 1.033271770920461, 1.0058309037900874, 1.076848667239897, 1.0869565217391304, 1.044425817267393, 3.0, 1.1387591727818547, 1.0170725839286374, 1.1526117344123599, 2.0, 1.125, 1.3042226487523991, 1.3488372093023255, 1.072245779662373, 1.15625, 1.2352941176470589, 1.2010353753235548, 1.0380658935416565, 1.0922173753516247, 1.1038392041811576, 1.0833333333333333, 1.1558872305140961, 1.32, 2.142857142857143, 1.1354466858789625, 1.5, 1.2186201163757273, 1.121212121212121, 1.0895945758959458, 2.0833333333333335, 1.07553645506909, 1.1427073845572187, 1.0783466995681679, 1.0, 1.14, 1.16, 1.2836663336663336, 1.474835886214442, 1.0, 1.0033964095099466, 1.0816593609046439, 1.1280563613758807, 1.5, 2.0, 1.0236893203883495, 1.013623978201635, 1.0557377049180328, 1.1111111111111112, 1.082756711873789, 1.105427974947808, 1.4705882352941178, 1.063352165725047, 1.0454545454545454, 1.1377952755905512, 1.010483870967742, 1.331089608750526, 1.0139689191548804, 1.0, 1.0422535211267605, 1.0854674977738201, 1.0378769640650327, 1.0388318044795954, 1.0, 1.0867064808670648, 1.0081689743143545, 1.0220010476689365, 1.0, 1.062200956937799, 1.0566873118921474, 1.0181646892572203, 1.0613778340832642, 1.0219608331074446, 1.0521203506278134, 1.0101867572156198, 1.092092574734812, 2.0, 1.0451702930384, 2.176470588235294, 1.0, 1.1295336787564767, 1.1346153846153846, 1.0191044577067983, 1.1198858230256898, 1.0445648641932832, 1.0060018467220684, 1.0948670605612998, 1.021642093872582, 1.0668307962596946, 1.2261904761904763, 4.0, 1.0079702316648662, 1.2107287449392712, 1.0479895545861895, 1.0342601739864379, 1.1073059360730593, 1.068545803971813, 2.3222222222222224, 2.2857142857142856, 1.001059064128159, 1.0393078782881908, 1.0157615583196433, 1.1330360460795244, 1.0322261858850752, 1.0020661157024793, 1.0747251485789124, 1.0609492988133764, 1.2208398133748055, 3.0, 1.0833333333333333, 1.0076687116564418, 1.0782442748091603, 1.0976058931860038, 1.1153846153846154, 1.088235294117647, 1.4214285714285715, 1.148905109489051, 1.1304347826086956, 1.0683789648919408, 1.2282608695652173, 1.0099842926237539, 2.0, 1.1580698835274543, 1.024390243902439, 1.236842105263158, 1.1201117318435754, 1.0351075877689695, 1.1126482213438735, 1.1167315175097277, 1.1019756640062803, 1.0, 1.3191489361702127, 1.1666666666666667, 1.0, 1.1136363636363635, 1.1068548387096775, 1.0123456790123457, 1.0922330097087378, 1.0634412047420698, 1.008187134502924, 1.0979219558063, 1.1576304074877297, 1.037837837837838, 1.118185267494173, 1.0972972972972972, 1.0826393337604099, 1.0019351717464926, 1.0657165479018211, 1.2557803468208093, 1.1889031430404104, 1.0476359397962804, 1.187905755343205, 1.073282424728835, 2.0, 1.0393120393120394, 1.1007121057985758, 1.4074074074074074, 1.0, 1.1333333333333333, 1.25, 1.0089285714285714, 1.2592592592592593, 1.1666666666666667, 1.001739004127613, 1.1301920141399533, 1.0278913060348172, 1.02777131331937, 1.2, 1.1166892808683853, 1.0, 1.203125, 1.0075177598455065, 1.0575610274391054, 1.083778223391234, 1.0732429661692675, 1.0246592408031658, 1.148051948051948, 1.0846427273094479, 1.0657193605683837, 1.0136332040271767, 1.1330314953218246, 1.3636363636363635, 1.0534591194968554, 1.0, 1.2387640449438202, 1.210303167513944, 3.0, 1.10497859878351, 1.0604074523913194, 1.4285714285714286, 1.0034582132564842, 1.4, 1.1176470588235294, 1.0637095741395026, 1.6153846153846154, 1.0325888594805603, 1.0299017513882955, 1.4074074074074074, 1.2083333333333333, 1.0536082474226804, 1.010144927536232, 1.0198675496688743, 1.043702446079356, 1.1542573443187183, 1.0, 1.0193352161633717, 1.1341463414634145, 2.0, 1.0141039434906676, 1.1091011333160308, 1.1229895931882687, 1.0221210481072305, 1.038934269791587, 1.0272727272727273, 1.7142857142857142, 1.0281475846329402, 1.0306451612903227, 1.1209339419340607, 1.1948983658828218, 1.0029450921854197, 1.0887724822023155, 1.283882783882784, 1.0607734806629834, 1.1973244147157192, 1.053437261911739, 1.0757097791798107, 1.0615942028985508, 1.0204831932773109, 1.064517333084496, 3.0, 1.13620183786843, 1.0023713918475932, 1.0280718050635098, 1.4615384615384615, 1.3632134425774198, 1.9357142857142857, 1.1428571428571428, 1.0995626719334133, 1.0420575865415722, 1.1200873362445414, 1.0294117647058822, 1.3333333333333333, 1.0758887876025525, 1.5, 1.091121495327103, 1.0833333333333333, 1.0117547389600763, 1.3846153846153846, 1.2531645569620253, 1.070230607966457, 1.0, 1.6693121693121693, 1.293570219966159, 1.25, 2.0, 1.0901639344262295, 1.2137931034482758, 1.0515786183182245, 1.194235588972431, 1.0996563573883162, 1.1592920353982301, 1.1014466214978942, 1.0571428571428572, 1.183574879227053, 1.4244897959183673, 1.04, 1.0, 1.1721698113207548, 1.0101010101010102, 1.0308839190628327, 1.0060454450698353, 1.0827877761488296, 1.0938701651210134, 1.0616088103637387, 1.2186234817813766, 1.1383561643835616, 1.0133010882708586, 1.8333333333333333, 1.0, 1.2142857142857142, 1.0270698945131669, 1.053839364518976, 1.107843137254902, 1.1305418719211822, 1.0390383242085217, 1.0060429873083807, 1.0022089555886882, 1.1142857142857143, 1.2222222222222223, 1.0227100681302044, 1.001526717557252, 1.0765617273776167, 1.0276823189035738, 1.0328947368421053, 1.0107796810395748, 1.0274677363097313, 1.0953716690042077, 1.3110997963340123, 1.125, 1.0462919225318847, 1.7109826589595376, 1.0833333333333333, 1.0730994152046784, 1.0701001430615165, 1.0, 1.0554216867469879, 1.0513840712779705, 1.0384615384615385, 1.1143935232727533, 1.0350877192982457, 1.2647058823529411, 1.0740133505094274, 1.0461067051189619, 1.0809159280150415, 1.015267175572519, 1.042603550295858, 1.2099969313648606, 1.2173913043478262, 1.0714285714285714, 1.0, 1.4285714285714286, 1.065956158411045, 1.3333333333333333, 1.2502951593860685, 1.1137795487588176, 1.0343376163048295, 1.0742800397219463, 1.0554963341090509, 1.07502679528403, 1.0465949820788532, 1.015256588072122, 1.0164134595064223, 1.1150403074615673, 1.04252246309456, 1.2012224497169697, 1.6666666666666667, 1.1228070175438596, 1.0079681274900398, 1.1131581683940517, 1.0651465798045603, 1.268181818181818, 1.0761904761904761, 2.28, 1.053386889509607, 1.0738255033557047, 1.0135645933014354, 1.125, 1.0915150730708587, 1.043279277412224, 1.260934393638171, 1.0581052631578947, 1.28, 1.0503211991434689, 1.225609756097561, 1.625, 1.069966424780678, 1.8846153846153846, 1.1189516129032258, 1.0990338164251208, 1.031018206338503, 1.0045462199023405, 1.0047281323877069, 2.2, 1.0980392156862746, 1.104617816831501, 1.0772709594977499, 1.0191509099172575, 1.0596261262040223, 1.079699779249448, 1.1818181818181819, 1.0875536480686696, 1.025440705128205, 1.0397586166879424, 1.0180360721442885, 1.0, 1.1123370110330992, 1.002643153176013, 1.389505549949546, 1.0055263157894736, 1.0, 1.3333333333333333, 1.063111572597592, 1.0215610176800345, 1.2138561238286167, 1.1102400148271707, 1.0710295291300878, 1.1568123393316196, 1.1029758208396172, 1.1090963835268142, 1.0955882352941178, 1.0054054054054054, 1.0400582665695557, 1.0818730672949493, 1.0833333333333333, 1.75, 1.0463677178557906, 1.1724048372697022, 1.061101028433152, 1.0057142857142858, 1.2313540912382333, 1.0211015101921999, 1.1610908068597132, 1.2012012012012012, 1.2307692307692308, 1.0579514824797844, 1.1473429951690821, 1.1375, 1.4827586206896552, 1.0450664878757403, 1.1942517343904857, 1.1650082918739635, 1.024390243902439, 1.0254789848530443, 1.1002689204763734, 1.0646251673360108, 1.209348385818974, 1.3333333333333333, 1.0769230769230769, 1.3333333333333333, 1.128526645768025, 1.3461538461538463, 1.0, 1.1538461538461537, 1.0582781456953643, 1.1594202898550725, 1.0317045878403581, 1.053485445851858, 1.0700389105058365, 1.4166666666666667, 1.0666666666666667, 1.1612903225806452, 1.1081081081081081, 1.0285714285714285, 1.0936967632027257, 1.030314798430398, 1.0306148194872176, 1.3333333333333333, 1.0727382149183098, 1.047765377108253, 2.5, 1.0698002789969718, 1.3232514177693762, 3.0, 2.0, 1.1718934911242604, 1.1346195223409596, 1.0646793294956, 1.2018633540372672, 1.0, 1.0278884462151394, 1.3895705521472392, 3.0, 1.5, 1.0471527956712188, 1.2493614733163059, 1.0892165437960766, 1.6666666666666667, 1.0229683533592824, 1.0472501936483347, 1.0225641025641026, 1.0, 1.0610328638497653, 1.0232121422650842, 1.25, 1.1807692307692308, 1.0138864645759391, 1.2463343108504399, 1.13671875, 1.059220028887819, 1.0842592592592593, 1.078512396694215, 1.2545454545454546, 1.0391262621705644, 1.2557210873905698, 1.044987146529563, 1.3688524590163935, 1.1372549019607843, 1.2835820895522387, 1.1001371742112482, 1.0537433985709848, 1.0257284435980916, 1.0700210768346428, 1.0600436681222707, 1.5, 1.6666666666666667, 1.0448763024995205, 1.1367634124890063, 1.1914024508850418, 1.017568512904849, 1.0322796454256564, 1.1155885471898197, 1.0425531914893618, 1.0212765957446808, 1.0332521028221051, 1.104846828707033, 1.2235039653929345, 1.126232741617357, 2.5, 1.0869565217391304, 1.0753057199211045, 1.1634695579649708, 1.0279167468411263, 1.0743022006379397, 1.0262784090909092, 2.0, 1.0808080808080809, 1.0017565178965975, 1.180031985378113, 1.2243346007604563, 1.0783090163543603, 1.0605095541401275, 1.239514348785872, 1.0591304347826087, 1.0330455546725021, 1.066503914470915, 1.0069124423963134, 1.064032697547684, 1.0, 1.2054794520547945, 1.05391260627114, 1.048476454293629, 1.0875209810571027, 1.141677255400254, 1.0340393343419063, 1.2, 1.246031746031746, 1.6666666666666667, 2.0, 1.2352941176470589, 1.0025641025641026, 1.037124802527646, 1.0453804347826088, 1.0146015995894102, 1.0317503392130258, 1.00335852225021, 1.141304347826087, 1.225, 1.0610071760769377, 1.6, 1.5833333333333333, 1.176808266360505, 1.1428571428571428, 1.0315934065934067, 1.1495704901465387, 1.0104551599819738, 1.1005826881563356, 2.0, 1.0808049535603714, 1.180232558139535, 1.1318092012418854, 1.0398543079167317, 1.14520202020202, 1.140068493150685, 1.1491708998142636, 1.1569970119521913, 1.0396694214876032, 1.6136363636363635, 1.079608938547486, 1.0, 1.0, 1.0415847072708415, 5.0, 1.4285714285714286, 2.5714285714285716, 1.0310945273631842, 1.1604938271604939, 1.0726164079822615, 1.1322087092977637, 1.1666666666666667, 1.094972067039106, 1.014018691588785, 1.1736842105263159, 1.3004807692307692, 1.4285714285714286, 1.0797136038186157, 1.0022222222222221, 1.1318681318681318, 1.069170695425809, 1.0195758564437194, 1.0450458887432104, 1.1144631765749777, 1.0, 1.1632609891272159, 1.0390264395534847, 1.0545642037302725, 1.1774193548387097, 1.066854652653166]
origin-bjaq_15.71 	max: 5.0000	99th: 2.5007	95th: 1.7500	median: 1.0813	mean: 1.1758

...Done, result: results.csv

WORKLOAD-FINISHED | Type: QueryWorkload | Progress: 1/3 | Workload-time: 13.907382 | Model-update-time: 0.000000


WORKLOAD-START | Type: DataUpdateWorkload | Progress: 2/3
Going to run: ['python', '/home/kangping/code_copy/SAUCE/Naru/eval_model.py', '--model=transformer', '--data_update=tupleskew', '--dataset=bjaq', '--drift_test=js', '--end2end', '--update_size=80000', '--query_seed=0', '--eval_type=drift']
Torch device: cuda:1
GET-MODEL-PATH=./models/end2end/transformer/origin-bjaq-0.4MB-model34.249-data18.543-300epochs-seed0.pt
GET-DATASET-PATH=./data/bjaq/end2end/bjaq.npy
TupleSkewSample - START
0.001
TupleSkewSample - END
load_npy_dataset_from_path - df.shape = (458601, 5)
Parsing... done, took 0.0s
Data updated!
Previous data size: (382168, 5), new data size: (76433, 5)
[1.06453896e-04 7.21216202e-06 1.40666962e-05 5.57303429e-05
 9.35792923e-06]
Distance score: 3.8564205169677734e-05
SAUCE Drift detection: True
Detection latency: 0.0226s

DRIFT-DETECTED after 2-th workload
Going to run: ['python', '/home/kangping/code_copy/SAUCE/Naru/incremental_train.py', '--dataset=bjaq', '--end2end', '--model=transformer', '--model_update=adapt', '--update_size=80000', '--epochs=0']
Torch device: cuda:1
GET-MODEL-PATH=./models/end2end/transformer/origin-bjaq-0.4MB-model34.249-data18.543-300epochs-seed0.pt
update_size: 76433
AdaptTask - START
GET-DATASET-PATH=./data/bjaq/end2end/bjaq.npy
load_npy_dataset_from_path - df.shape = (458601, 5)
Parsing... done, took 0.0s
done, took 0.0s
dataset size: 458601
train data shape: torch.Size([76433, 5]), transfer data shape:torch.Size([15286, 5])
Training done; evaluating likelihood on full data:
Epoch None Iter 0, test loss 26.8720 nats / 38.7680 bits
Saved to: /home/kangping/code_copy/SAUCE/models/end2end/transformer/origin-bjaq-0.4MB-model34.249-data18.543-300epochs-seed0.pt
AdaptTask - END

WORKLOAD-FINISHED | Type: DataUpdateWorkload | Progress: 2/3 | Workload-time: 4.010859 | Model-update-time: 4.995428


WORKLOAD-START | Type: QueryWorkload | Progress: 3/3
Going to run: ['python', '/home/kangping/code_copy/SAUCE/Naru/eval_model.py', '--dataset=bjaq', '--model=transformer', '--end2end', '--query_seed=0', '--eval_type=estimate', '--num_workload=3', '--data_update=tupleskew', '--model_update=adapt', '--random_seed=42']
Torch device: cuda:1
GET-MODEL-PATH=./models/end2end/transformer/origin-bjaq-0.4MB-model34.249-data18.543-300epochs-seed0.pt
ckpts [PosixPath('/home/kangping/code_copy/SAUCE/models/end2end/transformer/origin-bjaq-0.4MB-model34.249-data18.543-300epochs-seed0.pt')]
Validate Argument: DATASET="bjaq" is valid.
data size: 458601, total size: 458601, split index: [382167 458601]
Parsing... done, took 0.0s
Loading ckpt: /home/kangping/code_copy/SAUCE/models/end2end/transformer/origin-bjaq-0.4MB-model34.249-data18.543-300epochs-seed0.pt
query_seed:0
origin-bjaq_15.71 	max: 230.0000	99th: 70.3700	95th: 3.4067	median: 1.1281	mean: 3.5126
ReportEsts: [1.3015873015873016, 1.015727391874181, 1.0665287956848801, 1.1442307692307692, 1.25, 1.0, 1.0590750275836704, 1.0433285621850552, 1.2, 1.1784338896020539, 1.1607310328243357, 1.0402593253781829, 1.125194401244168, 1.0433275563258233, 1.111145606954362, 3.402439024390244, 1.4076923076923078, 85.5, 1.0909090909090908, 1.374749498997996, 1.1414073071718538, 1.0541556976306883, 3.208791208791209, 1.0381944444444444, 1.0004360718646432, 1.0372114287045449, 2.0, 1.184048706240487, 1.5, 1.4, 1.1377091377091377, 1.0, 1.0498326022341802, 1.0010562233861189, 1.06787109375, 1.1277426302328712, 1.25399260757375, 1.3368983957219251, 1.7736842105263158, 1.2105971404541631, 1.0746967236603304, 1.0569781701339485, 1.0412654745529573, 1.1835138387484958, 1.191304347826087, 1.0601074202045773, 1.5, 1.762208067940552, 1.4559386973180077, 1.2793880837359097, 22.8, 1.0833333333333333, 1.29, 1.103448275862069, 1.0433000098493057, 1.0694919496120798, 1.0235371466140697, 1.0513513513513513, 1.2820512820512822, 1.0817032997710818, 1.4259259259259258, 1.1061088829152246, 1.1609589041095891, 1.2818181818181817, 1.1264367816091954, 103.5, 1.1283461436522662, 1.2927088877062267, 1.75, 1.0, 1.0373846036469063, 1.1610978520286397, 1.1723804925156929, 1.1486486486486487, 1.1042749173358526, 1.1422701592193119, 1.1143013327780091, 1.2105263157894737, 3.1553398058252426, 1.1045963067798894, 1.271631982475356, 74.0, 1.0, 9.26086956521739, 1.032017075773746, 1.5098039215686274, 1.0651541593949971, 5.794117647058823, 230.0, 1.0996263613959774, 1.1657728706624606, 1.1891118941831367, 1.0193050193050193, 1.0316171554112141, 1.317617866004963, 1.262272089761571, 4.612244897959184, 1.0900621118012421, 8.346153846153847, 1.1823507872574148, 1.12, 200.0, 1.0513010831571226, 1.2189723320158103, 1.3961640211640212, 1.2598104572808186, 1.0294117647058822, 1.02346876608439, 1.0434874393075786, 1.136616082603254, 1.111455108359133, 1.0678673975463326, 1.5, 18.583333333333332, 1.2408878504672898, 1.0783471523718908, 1.2924826279216677, 1.4285714285714286, 1.0555055521250876, 2.0, 1.281929990539262, 1.5242990654205608, 1.0, 1.8086124401913874, 1.1428571428571428, 1.4411027568922306, 1.0025809686744145, 1.0926791776084033, 1.0625, 1.5, 1.0688360450563203, 1.0, 25.625, 1.1283067563830769, 1.0, 1.4236311239193085, 1.0243292958039774, 1.0705522550708335, 42.2, 1.2142857142857142, 1.1491442542787287, 1.0349867139061115, 1.1553503530689841, 1.0110182631485065, 1.0864197530864197, 1.0218550106609807, 1.1266932270916334, 3.0, 1.1316785864535128, 1.2468571428571429, 1.0151006711409396, 1.1197893152746425, 1.5, 1.1242614827520487, 1.1437823834196892, 1.1966386554621848, 3.9692307692307693, 1.0, 1.0634755463059313, 1.1760793943114385, 1.1856239777198179, 1.070342205323194, 1.2763157894736843, 1.469387755102041, 2.712, 1.187039764359352, 1.7142857142857142, 1.0801055701511244, 3.0232558139534884, 1.1263940520446096, 1.0529373767822419, 1.127212389380531, 1.0830852853630129, 1.0714285714285714, 1.28131021194605, 1.1035099122521936, 1.001357773251867, 1.151359294636297, 1.050834597875569, 1.17467018469657, 1.0414524721936629, 1.2335076636288318, 1.7487437185929648, 1.9526315789473685, 1.0448543853548975, 1.0306208239302623, 1.1617250673854447, 1.0678394893550773, 1.1836158192090396, 203.0, 1.0280898876404494, 1.070729872084274, 1.0416666666666667, 1.2271739130434782, 1.0588431790734127, 1.0482191875420817, 1.0657407407407407, 1.282172373081464, 1.0976444602974262, 1.1812532012975927, 1.0152263374485597, 1.0503372104388622, 1.088677934707108, 1.0536955148452305, 1.0709920075223318, 1.0206512425021423, 1.5706214689265536, 1.078125, 1.037037037037037, 1.0, 1.1428571428571428, 1.1489578037620742, 1.6236933797909407, 1.4827586206896552, 1.2155215027187345, 7.8076923076923075, 1.0422053191146967, 1.1576086956521738, 1.149913312921908, 12.529411764705882, 1.2929642445213378, 1.1058981233243967, 1.0699419544012925, 1.0235916267416396, 230.0, 1.163151207115629, 1.0788822987539797, 1.3300685602350637, 1.2246835443037976, 1.31610337972167, 1.1012514220705347, 1.0116739282269598, 1.6732673267326732, 1.0070760795707492, 1.0228551550732952, 1.338289962825279, 1.3584905660377358, 1.2442953020134229, 3.7857142857142856, 1.3708661417322834, 2.0, 1.0948158253751705, 1.1100850899245793, 1.1021456079222447, 1.0763052208835342, 1.1666666666666667, 2.0, 1.112786943252687, 1.309090909090909, 1.0803586975448372, 1.2, 1.2799013563501849, 1.0199401794616152, 1.0, 1.0135904240744655, 1.2348066298342542, 1.1273046532045654, 1.2453580901856764, 1.0324792493684591, 1.1277542137285739, 1.1754385964912282, 2.0, 1.060593829620847, 1.0703448275862069, 1.320490367775832, 1.0471045732082842, 1.1436435248896692, 1.0558152958152958, 1.010909090909091, 1.0619901415352686, 1.0988184747583243, 1.0810717172883704, 1.0156267074636651, 1.2727272727272727, 1.0211334567055528, 1.2437619961612285, 1.4318181818181819, 1.0416666666666667, 1.4011925042589437, 1.4493569131832797, 1.0078334399695654, 1.0522754126535143, 1.200557103064067, 1.6390977443609023, 1.0271880022490807, 1.252167060677699, 1.073804391755355, 1.0580438440792053, 1.0, 1.130695443645084, 1.0515046296296295, 1.0347814212980122, 1.022725155442828, 1.075947542873613, 1.1269680040629761, 1.1921808761187, 1.0712729317494905, 1.0593005575266092, 1.1037903310013575, 1.0265995589289822, 1.1547619047619047, 11.6, 1.4545454545454546, 1.0830314009661837, 19.636363636363637, 1.2407002188183807, 1.0180624596820096, 1.063861758076634, 1.7096774193548387, 1.306930693069307, 1.1798780487804879, 1.0018376211159372, 1.1482315793527023, 1.2, 1.2584597432905484, 1.0124870031192514, 1.6752136752136753, 54.0, 3.3333333333333335, 1.080834998889629, 1.4285714285714286, 1.0125182571380562, 1.1556776556776556, 1.105263157894737, 1.094226169383416, 1.5238095238095237, 1.0769230769230769, 1.023427516184752, 2.0, 5.384615384615385, 1.4663573085846868, 1.2955, 1.1721311475409837, 1.195822454308094, 1.0769230769230769, 1.1217160679324318, 1.0609381264198852, 1.0165289256198347, 1.0450298940347327, 1.026999213027423, 3.0, 1.1111111111111112, 1.0376033906532982, 1.5, 1.1210224308815857, 1.588235294117647, 68.33333333333333, 1.2222222222222223, 1.6114457831325302, 1.0380434782608696, 1.0, 1.3035175879396985, 1.5454545454545454, 1.3333333333333333, 1.0788561905179597, 16.0, 3.486842105263158, 1.026110927763002, 1.126086956521739, 1.052870090634441, 1.2040441176470589, 1.75, 1.0, 1.1470160116448327, 1.1515151515151516, 1.1958285052143685, 1.1469163516068053, 1.203059639058205, 1.19533527696793, 1.5, 1.0206939835773103, 3.7580645161290325, 1.0, 70.33333333333333, 1.420731707317073, 1.0, 1.3, 1.0495049504950495, 1.2718946312622077, 1.0419604951352746, 1.257934508816121, 1.0882119355570683, 1.216904726844353, 22.2, 1.0888529886914378, 1.150062808000773, 1.0872727272727272, 1.2, 1.0104743421428164, 1.0530538448499915, 1.0306666666666666, 1.1942857142857144, 1.2571428571428571, 1.2879377431906616, 2.0, 1.1428571428571428, 1.2808988764044944, 1.385321100917431, 1.198581560283688, 1.1875, 1.08959711365003, 1.1141552511415524, 1.0124620694447661, 1.0999237223493517, 1.0627934719155308, 1.058139534883721, 1.009009009009009, 1.4455958549222798, 1.0, 5.06, 1.34, 1.163713748391567, 1.0352203145072814, 1.139771620784279, 1.1174974567650051, 1.375, 1.0778414517669532, 1.0, 1.052034428794992, 1.1818181818181819, 1.2277618818524803, 1.208695652173913, 1.1796229802513465, 1.3359683794466404, 1.0930979133226324, 3.0, 1.2902941176470588, 1.01880851981777, 1.1420632820474048, 2.0, 1.3492063492063493, 1.3225283630470017, 1.897887323943662, 1.0563389739457427, 1.0650083148558758, 1.2380952380952381, 1.2421965317919075, 1.0110834297820586, 1.0423032864910216, 1.031197617300806, 1.054697794684369, 1.2669491525423728, 38.0, 1.1283446712018141, 1.062219056028255, 1.1296296296296295, 1.0338345864661653, 1.0, 1.5, 1.2489795918367348, 1.0598290598290598, 1.0230366492146596, 1.0937046105324315, 1.033932135728543, 1.0, 2.7280701754385963, 1.36, 1.0611202572839695, 1.0454545454545454, 1.0, 1.0093637020968909, 1.0, 1.0, 1.2143130501339456, 2.0, 1.0012437810945274, 1.0153374233128833, 1.296875, 1.3333333333333333, 1.0712010768427325, 1.0984455958549222, 1.25, 1.004785894206549, 1.2636363636363637, 1.3412073490813647, 1.0853573907009022, 1.350709219858156, 1.0125245933106195, 1.0, 1.1216216216216217, 1.42, 1.0151781434733984, 1.044035228182546, 1.0, 1.1402945619335347, 1.0170781100115602, 1.2262964903090623, 2.0, 1.0194741966893865, 1.0026659002616347, 1.0182834430505527, 1.0381912163921014, 1.0187682309936121, 1.0740774463071072, 1.027916964924839, 1.0542073032433659, 2.0, 1.1649727042741111, 1.5975056689342404, 1.0539369130748857, 1.3223031105228327, 1.2825396825396826, 1.0041566541191504, 1.182232346241458, 1.0438194951057809, 1.2122825701100461, 1.0758762720077533, 2.9425837320574164, 1.1256021765718993, 1.0307737183694305, 1.1733333333333333, 1.173913043478261, 1.092540385734103, 1.280612244897959, 1.041008936774409, 1.0652134596642118, 1.0, 1.2264150943396226, 1.2130584192439862, 5.0, 3.0625, 1.0205771374903196, 1.049808429118774, 1.0345285524568393, 1.0, 1.454225352112676, 1.0446808510638297, 1.1080274740586529, 1.0644734354320287, 1.0083452944987108, 1.189114024632499, 1.0409638554216867, 1.1583803177857508, 1.0133876686331338, 1.8620689655172413, 1.0427988392483047, 1.2653508771929824, 1.0494505494505495, 1.2232195236419101, 1.056379821958457, 1.0039199958600704, 2.0, 1.0057471264367817, 1.3055555555555556, 1.0638687113263385, 1.7844444444444445, 1.2621832358674463, 1.2707964601769912, 1.3147410358565736, 1.1337129789476044, 1.0, 3.890625, 1.5, 1.0, 1.3068181818181819, 17.071428571428573, 1.1728395061728396, 1.5404411764705883, 1.1330679556440149, 2.306451612903226, 1.0279407291530873, 1.1634414860080509, 1.0659420788333218, 1.1161271093176817, 1.015213987052613, 1.0386740331491713, 1.1595744680851063, 1.04037013743158, 1.2466076696165191, 1.007085020242915, 1.165859564164649, 1.079136690647482, 1.03333200111906, 1.7868453105968332, 1.1204091866412595, 2.1739130434782608, 1.3420533070088845, 1.2116991643454038, 2.0, 1.1673699015471168, 1.2857142857142858, 99.0, 1.252212389380531, 1.0515224678277584, 1.0571319018404908, 1.2293577981651376, 1.3116883116883118, 1.1372086646558814, 1.0344898378156435, 1.1162393162393163, 1.0, 43.25, 1.0325321288379847, 1.2324324324324325, 1.1366208569118836, 1.1104637047827142, 1.0, 1.2208657047724751, 1.406015037593985, 1.1280696571021394, 1.0710455764075066, 1.016209170082935, 1.0090193704600485, 1.0104779368611054, 1.7272727272727273, 28.25, 1.1041228115212816, 1.0, 1.127027027027027, 1.0172413793103448, 1.6632996632996633, 1.3535031847133758, 1.5, 1.0705387848681696, 1.0676691729323309, 1.2490530303030303, 1.0152271412037037, 1.043554006968641, 1.0514246004169563, 1.1074738710313548, 1.2030237580993521, 1.1038194444444445, 1.0, 1.023009834848766, 1.0791276387529707, 1.2222222222222223, 1.0549607423269094, 1.3382619191309595, 1.0952970297029703, 1.0093006157522286, 1.1111111111111112, 1.0426179604261796, 1.161730958365206, 1.1876750700280112, 1.5934579439252337, 1.0689117327811881, 2.366412213740458, 2.0, 1.0487323016134342, 1.0730263157894737, 1.082241753288825, 1.2383612662942272, 1.0205837455557274, 1.0108570041272154, 1.4377289377289377, 1.1114121232644767, 1.414715719063545, 1.0887389436441748, 1.1050884955752212, 1.034741144414169, 1.1549369747899159, 1.0137068334553196, 2.63302752293578, 1.078943154523619, 10.826086956521738, 1.6, 1.0034324942791761, 1.6616959064327486, 1.1235697940503433, 1.3051282051282052, 1.1666666666666667, 1.1779257849666984, 1.002876663070838, 1.207142857142857, 1.0607548389703803, 2.0, 1.0632373497344143, 1.0, 1.380952380952381, 1.1538461538461537, 1.0221265432978814, 1.2, 1.5021097046413503, 1.1679261125104954, 1.0, 1.1833910034602075, 1.2596644784828592, 1.5, 2.0, 1.0902255639097744, 1.486206896551724, 1.0102907126318497, 1.2085953878406708, 1.0765625, 1.1536631779257849, 1.2365339578454333, 1.2893081761006289, 1.0040816326530613, 1.4040816326530612, 1.2307692307692308, 1.0, 1.5310119695321, 1.3001443001443, 1.067579908675799, 1.0624508690715346, 1.0754717971875951, 1.071790969051243, 1.0726128208247172, 1.1970321017565113, 1.2274881516587677, 1.032435129740519, 1.375, 1.0, 1.0303030303030303, 1.0017165446082332, 1.1111111111111112, 1.3300653594771241, 1.3866995073891626, 1.0855166910493417, 1.0776196015878918, 1.0225689578207564, 1.0512820512820513, 1.0476190476190477, 1.0905405405405406, 1.128142789373814, 1.0693048921100312, 1.0483648247451152, 1.1907894736842106, 1.1282230852486153, 1.105203011562248, 1.0966512537205242, 1.0280629705681041, 1.084719242120266, 1.1194029850746268, 1.0609013398294762, 3.7222222222222223, 1.0395350680871565, 61.666666666666664, 1.0083988079111352, 1.0, 1.1506849315068493, 1.0406578026592022, 1.1296296296296295, 1.0785341707472855, 1.1747881355932204, 1.075, 1.0568986674129728, 1.0563156608844368, 1.0419360278823993, 1.2290076335877862, 1.0843373493975903, 1.2042955910687974, 1.0232142857142856, 1.5, 1.0, 1.1111111111111112, 1.0753960952673005, 1.6666666666666667, 1.1898942743374983, 1.0679761930715734, 1.049375487900078, 1.0956700325175424, 1.1515127844607613, 1.1053707489314253, 1.2473118279569892, 1.2302357836338418, 1.00561603594263, 1.116889164855635, 1.0375806934646612, 1.1649212760296999, 1.4285714285714286, 1.1223241590214068, 1.284584980237154, 1.1066404925997062, 1.1791530944625408, 1.4133333333333333, 1.205607476635514, 2.588447653429603, 1.0378131917335671, 1.0051177072671442, 1.0432980738869593, 1.375, 1.0705514472029483, 1.0110400540909827, 1.4796003330557868, 1.173608407940833, 1.032258064516129, 16.807692307692307, 1.1962144332439348, 1.0389827242951641, 1.5941837409120951, 1.0177718982625705, 1.064516129032258, 1.0039014373716633, 1.03202416918429, 1.0752823086574654, 1.3605371900826446, 1.2525724976613657, 1.1687289088863893, 1.0060544904137234, 1.0064201781540212, 1.048158640226629, 1.1288076588337685, 1.0570414218227906, 1.1538461538461537, 1.11681136543015, 1.002458613342075, 1.0127374333820007, 1.6027972027972028, 1.4546599496221662, 1.3088057901085646, 1.074903474903475, 1.173848439821694, 1.0534498226155038, 9.84, 1.175667287399131, 1.263956530489032, 1.1405101599654128, 1.2, 1.112950307824638, 1.0702860058221542, 1.2482043096568236, 1.3081632653061224, 1.1162895474569483, 1.0374228187919463, 1.3149171270718232, 1.75, 1.2009803921568627, 1.09535675215753, 1.2976190476190477, 1.4, 1.0313542361574384, 1.1634649063720868, 1.1440511307767944, 1.1931818181818181, 1.0629796242392167, 1.0363788068418858, 1.4017430418892325, 1.1146106736657917, 1.4615384615384615, 1.0682492581602374, 190.0, 1.34375, 1.303030303030303, 1.0677078444990895, 1.4469772051536174, 10.95, 1.2195121951219512, 1.0473163841807909, 1.2686640471512771, 1.2823529411764707, 2.0994475138121547, 1.2301410541945064, 1.2753623188405796, 1.0064338235294117, 1.0833333333333333, 1.0356593880945864, 1.066287878787879, 1.0575335715165701, 1.5368421052631578, 35.666666666666664, 1.1156639004149378, 1.0075897552517126, 1.0397954859259866, 1.3545454545454545, 1.096774193548387, 1.0625, 1.1612903225806452, 1.2837837837837838, 1.1571428571428573, 1.343402225755167, 1.0338944872888634, 1.0298311514200456, 1.1130434782608696, 1.0626162777665702, 1.0431281844720264, 2.5, 1.0819731999887632, 1.4588235294117646, 1.5, 2.0, 1.1987472898096845, 1.0591319870579048, 1.069173297313269, 1.4782608695652173, 1.0, 1.1511627906976745, 1.0756457564575646, 22.5, 1.0160002322316406, 1.1132640885176548, 1.0518107885839603, 1.0274217272536248, 1.4285714285714286, 1.036506403479195, 1.0989159891598916, 1.1056410256410256, 1.0560560560560561, 1.1875, 1.0, 1.110583446404342, 1.1654119165411916, 1.0273643626145628, 4.0, 1.9101449275362319, 1.1042342410298962, 1.1067463706233989, 1.2933884297520661, 1.0454545454545454, 1.0672084897824698, 1.6404402102496716, 1.0298737647798024, 1.1283783783783783, 1.3137254901960784, 2.064935064935065, 1.0, 1.1152531842187015, 1.349875930521092, 1.0120541253865396, 1.0362190812720848, 1.5, 5.224489795918367, 1.0774365821094793, 1.0101940151266031, 1.0453060011883542, 1.0008052826542115, 1.0185004868549172, 1.0801060637778244, 1.3752711496746204, 1.1666666666666667, 1.094691827314689, 1.0787975113891344, 1.2515078407720144, 1.2146263910969792, 1.6666666666666667, 1.16, 1.0303991541104942, 1.0866551126516464, 1.0348312531334933, 1.0941764158899725, 1.0695121951219513, 1.6, 1.3051201671891326, 1.08033403330566, 1.115674318507891, 1.5148514851485149, 1.0662390532777404, 1.321656050955414, 1.111413043478261, 1.1907246376811593, 1.03188032170803, 1.1929158760278304, 1.17722681359045, 1.0985603543743079, 1.1875, 1.3280521080890766, 1.1613861941344699, 1.010814204155118, 2.460674157303371, 1.3907741251325556, 1.275340393343419, 2.514018691588785, 1.0351648351648353, 1.6666666666666667, 2.0, 1.411764705882353, 1.2046035805626598, 1.735885788449059, 1.0576985836433652, 1.0101807781785586, 1.1240506329113924, 1.0404214890309207, 1.391304347826087, 1.9467455621301775, 1.0309378989261846, 1.6, 1.8333333333333333, 1.2270306258322237, 1.0, 1.1621951219512194, 1.022857142857143, 1.0579016107966914, 1.0886403743044333, 2.0, 1.175299890948746, 1.0726359454807122, 1.0396826854215253, 1.0395496844582308, 1.1460221550855991, 1.3554794520547946, 1.1131232622798888, 1.121361490167592, 1.0867279894875164, 1.1267605633802817, 1.392282958199357, 1.0, 168.0, 1.0393452615460093, 5.0, 1.8571428571428572, 1.7419354838709677, 1.2135102533172497, 1.1268471424665025, 1.0663316582914573, 1.1944444444444444, 1.1666666666666667, 1.5032537960954446, 1.0004810004810005, 2.0449640287769784, 1.5192307692307692]
origin-bjaq_15.71 	max: 230.0000	99th: 70.3700	95th: 3.4067	median: 1.1281	mean: 3.5126

...Done, result: results.csv

WORKLOAD-FINISHED | Type: QueryWorkload | Progress: 3/3 | Workload-time: 14.083529 | Model-update-time: 0.000000


Experiment Summary: #data-update-times=1, #drift=1 | total-time=37.041210