Input arguments = Namespace(data_update='valueskew', update_size=80000, dataset='bjaq', debug=False, drift_test='js', model_update='adapt', model='transformer', end2end=False, query_seed=0, random_seed=42, num_workload=3)
JSON-passed parameters = {'data_updater': {'skew_ratio': '1e-3'}, 'random_seed': 16, 'transformer': {'epochs': 0}}
MODEL-PATH=/home/kangping/code_copy/SAUCE/models/end2end/transformer/origin-bjaq-0.4MB-model34.249-data18.543-300epochs-seed0.pt
DATASET-PATH=/home/kangping/code_copy/SAUCE/data/bjaq/end2end/bjaq.npy
Workloads: ['QueryWorkload', 'DataUpdateWorkload', 'QueryWorkload']

WORKLOAD-START | Type: QueryWorkload | Progress: 1/3
Going to run: ['python', '/home/kangping/code_copy/SAUCE/Naru/eval_model.py', '--dataset=bjaq', '--model=transformer', '--query_seed=0', '--end2end', '--eval_type=first_estimate', '--num_workload=3', '--data_update=valueskew', '--model_update=adapt', '--random_seed=42']
Torch device: cuda:1
GET-MODEL-PATH=./models/end2end/transformer/origin-bjaq-0.4MB-model34.249-data18.543-300epochs-seed0.pt
ckpts [PosixPath('/home/kangping/code_copy/SAUCE/models/end2end/transformer/origin-bjaq-0.4MB-model34.249-data18.543-300epochs-seed0.pt')]
Validate Argument: DATASET="bjaq" is valid.
load_npy_dataset_from_path - df.shape = (382168, 5)
Parsing... done, took 0.0s
Loading ckpt: /home/kangping/code_copy/SAUCE/models/end2end/transformer/origin-bjaq-0.4MB-model34.249-data18.543-300epochs-seed0.pt
query_seed:0
origin-bjaq_15.71 	max: 5.0000	99th: 2.5025	95th: 1.6679	median: 1.0857	mean: 1.1751
ReportEsts: [1.0380952380952382, 1.0018229166666666, 1.0455926392083676, 1.0743801652892562, 1.5, 1.0, 1.0125396742806598, 1.0445259224661374, 1.0, 1.0223097112860893, 1.172019738550775, 1.0426521697972873, 1.0374727668845316, 1.1465116279069767, 1.0406216884493111, 1.0, 1.3636363636363635, 1.0003543586109143, 3.0, 2.0, 1.08, 1.08361375958123, 1.1161815818099812, 1.118027011156782, 1.0493339911198816, 1.0, 1.1327981326920356, 2.0, 1.2, 1.0296296296296297, 1.0, 1.0538226081687392, 1.006366566605974, 1.232519422863485, 1.0444853505138825, 1.225249885944175, 1.1283422459893049, 1.00042250443144, 1.1644052620703904, 1.05, 1.1572700296735905, 1.0335365853658536, 1.0, 1.0174866795147943, 1.1678976760943973, 1.8615384615384616, 1.0510204081632653, 1.2720848056537102, 1.0238951006302095, 1.0925925925925926, 1.0933730179634409, 1.1632302405498283, 1.0411542132767488, 2.0, 1.283116883116883, 1.164200859995627, 1.2287756925826632, 1.3725490196078431, 1.124223602484472, 1.0, 1.1122091966557615, 1.0896637608966375, 1.0454545454545454, 1.0, 1.0909090909090908, 1.0460552518193997, 1.2829713566257475, 1.75, 1.0, 1.0363568565302508, 1.0011933174224343, 1.0602898550724638, 1.0373831775700935, 1.131012169209967, 1.108235294117647, 1.0505836575875487, 1.0, 1.1173277661795407, 2.0, 1.0041321128296363, 1.103448275862069, 1.008365955297386, 1.165644171779141, 1.117948717948718, 1.1108930323846908, 1.04, 1.065299680494784, 1.023013927909618, 1.107843137254902, 1.75, 1.1136476426799007, 1.052149566792737, 1.0591900311526479, 1.0448807854137447, 1.0508637236084453, 1.0363636363636364, 1.08, 1.1603960396039603, 1.0, 1.232080035180299, 1.0688264938804897, 1.0874785591766725, 1.225841335755688, 1.2142857142857142, 1.0197559649690635, 1.059729227501991, 1.185374397898117, 1.1338642396662875, 1.0539546290619253, 1.1666666666666667, 1.6666666666666667, 1.0460280373831776, 1.0492219922574557, 1.0442198357548957, 1.0909090909090908, 1.0583041644934048, 1.0, 1.152948596657206, 1.144578313253012, 1.0, 1.0282485875706215, 1.0, 1.2531328320802004, 1.0127163458987574, 1.0530749100425254, 1.087378640776699, 1.8, 1.1440397350993377, 1.0, 1.2727272727272727, 1.1047837155330178, 1.1818181818181819, 1.1604817708333333, 1.0351699146501536, 1.1091998957518896, 1.0040214477211795, 1.0458452722063036, 1.0237724084177708, 1.039972432804962, 1.0719073735527118, 1.0562847914232698, 1.2857142857142858, 1.0319634703196348, 1.1119616409682247, 2.0, 1.0209662716499543, 1.010392609699769, 1.0761014686248331, 1.1055232045173813, 1.5, 1.131629934608864, 1.0029717682020802, 1.0060362173038229, 1.1074561403508771, 1.0467153284671533, 1.0623209169054442, 1.114640843199197, 1.1033281926272325, 1.1027253668763102, 1.0855263157894737, 1.2857142857142858, 1.38, 1.0309278350515463, 1.4285714285714286, 1.055656127846025, 1.0028745930201526, 1.182437031994554, 1.3167544189544942, 1.1038435603506407, 1.1045029286263284, 1.2378947368421052, 1.1414868105515588, 1.08259901229786, 1.0596562184024267, 1.0311387900355873, 1.06511175898931, 1.056301983365323, 1.078916569135596, 1.0921758276323033, 1.0, 1.1349206349206349, 1.0135478408128704, 1.0285087719298245, 1.1739413680781758, 1.0657894736842106, 1.1012541566512648, 1.2829137036325198, 1.1258576282925352, 1.1372549019607843, 1.4145454545454546, 1.1117981539089195, 1.0, 1.1, 1.0070618619103344, 1.0011363636363637, 1.0193637621023512, 1.4583333333333333, 1.0604501607717043, 1.052569919380116, 1.0741625296731976, 1.0626410835214446, 1.0152840729419206, 1.2881355932203389, 1.1228070175438596, 1.2727272727272727, 1.0, 1.415929203539823, 1.1670083583031068, 1.2926829268292683, 1.3563218390804597, 1.0108749382105784, 1.0031277926720286, 1.0227436000770969, 1.0052151602197619, 1.1676778401334749, 1.035294117647059, 1.1459537572254335, 1.0032509752925878, 1.0113734275374806, 1.0045274281915504, 1.0, 1.0472049689440994, 1.1100191046422312, 1.0097891403079151, 1.1412911084043849, 1.061812685672591, 1.2786761127034774, 1.0357142857142858, 1.0037696158862384, 1.1498194945848375, 1.0095882684715172, 1.1925465838509317, 1.0542313579706977, 1.0452611218568666, 1.1362204724409448, 2.0, 1.24287812041116, 1.119249665029031, 1.1526019690576652, 1.2822966507177034, 1.0, 1.6666666666666667, 1.0328872161938762, 1.1272727272727272, 1.1033872509114075, 1.5, 1.0, 1.0526315789473684, 1.0097580015612801, 1.065217391304348, 1.0359116022099448, 1.1139240506329113, 1.0505902192242833, 1.0083963056255247, 1.135460018195544, 1.0363636363636364, 2.0, 1.1021117348302594, 1.0662082083546711, 1.136602451838879, 1.032861592491168, 1.1002011847546664, 1.037168081378536, 1.1041335453100158, 1.0816154076369207, 1.0287081339712918, 1.0397498262682419, 1.166786072503224, 1.4545454545454546, 1.0214729195808485, 1.1666666666666667, 1.2045454545454546, 1.3888888888888888, 1.007695126419934, 1.0555555555555556, 1.017094017094017, 1.1359262499158873, 1.2336769759450172, 1.3959899749373434, 1.014139970952544, 1.0110262934690415, 1.0385523075128804, 1.0548500299436387, 1.1111111111111112, 1.0447435431065841, 1.6666666666666667, 1.0393527644178122, 1.0345572354211663, 1.0281689499795184, 1.0526315789473684, 2.0, 1.3043478260869565, 1.0441176470588236, 1.0523848805161753, 1.0, 1.0672782874617737, 1.0520361990950227, 1.0092147435897436, 1.0176455555039263, 1.0441988950276244, 1.1635220125786163, 1.0033997557114573, 1.1202459432048681, 1.109602413915513, 1.0769230769230769, 1.0, 1.1431980906921242, 1.2807570977917981, 1.1464285714285714, 1.1361415332771694, 1.0688073394495412, 1.180281690140845, 1.3111111111111111, 1.0054869684499315, 1.0193498452012384, 1.2857142857142858, 1.0164342242330955, 1.024390243902439, 1.1176470588235294, 1.0699567644483363, 1.2380952380952381, 1.4, 1.0068725036454702, 2.0, 1.224965706447188, 1.0363372093023255, 1.1017227235438884, 1.087171052631579, 1.0788732394366196, 1.1375, 1.0934536452062393, 1.0909017144989979, 1.0530846484935437, 1.0186175099811237, 1.0400868306801736, 2.0, 1.0, 1.061598756827167, 1.25, 1.0697544642857142, 1.3529411764705883, 1.0, 1.375, 1.320281124497992, 1.0709555345316935, 1.3298969072164948, 1.050865800865801, 1.0, 1.1750998668442076, 1.0847342117219445, 2.5, 1.273972602739726, 1.0, 1.0999316784331588, 1.141025641025641, 1.077512463920231, 1.140552995391705, 1.1363636363636365, 1.3779342723004695, 1.3240740740740742, 1.020025356059876, 1.0205844657724557, 1.0713266761768903, 1.0, 1.0769230769230769, 1.5714285714285714, 1.5, 1.3333333333333333, 1.0698263262267298, 1.3333333333333333, 1.0399334442595674, 1.2784810126582278, 1.118876162395101, 1.1071001944422647, 1.2760041194644696, 1.0040617767911963, 1.0133410672853829, 1.0595238095238095, 1.5, 1.256544502617801, 1.0893617021276596, 1.0695827362037096, 1.0, 1.5714285714285714, 1.0556792873051224, 1.0011627906976743, 1.0316773976349787, 1.0238393977415308, 1.1464387464387464, 1.0202462380300958, 1.0, 1.0907770515613653, 1.0720338983050848, 1.2115384615384615, 1.0254957507082152, 1.1714285714285715, 1.0535074124516663, 1.0810595932886142, 1.0368374153249877, 1.011764705882353, 1.2758620689655173, 1.0948012232415902, 1.0, 1.0016700989502234, 1.0446707625123088, 1.0880924345010303, 1.0586550687438356, 1.0866583541147132, 1.144264378773435, 1.5714285714285714, 1.0282738095238095, 1.0, 1.1742100768573869, 1.25, 1.0373422001803427, 1.002906976744186, 1.1148968185726569, 1.0869565217391304, 1.002413515687852, 3.0, 1.13271400132714, 1.017961169544426, 1.1500137943718962, 2.0, 1.1428571428571428, 1.2754318618042226, 1.2608695652173914, 1.1097586221173352, 1.1995841995841996, 1.1666666666666667, 1.1207937877480587, 1.0082237617229841, 1.0869441739694905, 1.0947146325484605, 1.1299342105263157, 1.033167495854063, 1.263157894736842, 1.875, 1.0765027322404372, 1.5, 1.2350463352990733, 1.0606060606060606, 1.16791911801058, 1.7857142857142858, 1.087742597567233, 1.133358538555397, 1.0832819247378163, 1.0, 1.175257731958763, 1.16, 1.286751452032846, 1.1597374179431073, 1.0, 1.0185758513931888, 1.0758702616629912, 1.1367592208868629, 1.5, 2.0, 1.0054666146036704, 1.0182481751824817, 1.0131147540983607, 1.2222222222222223, 1.0857327030511388, 1.0454096742349457, 1.4705882352941178, 1.0180790960451978, 1.0454545454545454, 1.0511811023622046, 1.020967741935484, 1.3251998317206564, 1.0445497061997842, 1.0, 1.0422535211267605, 1.0679317353518363, 1.0529940972928964, 1.0192275925864747, 1.0, 1.1121433311214333, 1.0093082966966218, 1.0220010476689365, 2.0, 1.0554226475279107, 1.0007061814415517, 1.0277033591426974, 1.0108339522082914, 1.0052628128073435, 1.046529258469557, 1.0109243697478991, 1.2054001928640308, 2.0, 1.130446017882061, 2.1142857142857143, 1.0, 1.1709844559585492, 1.1346153846153846, 1.002204681092255, 1.2710583153347732, 1.0502226809641226, 1.1936668196420377, 1.1504197007126504, 1.1728662248072501, 1.0519204318226476, 1.2560975609756098, 4.0, 1.0045337256131381, 1.2410931174089068, 1.0490292761750868, 1.0427724652554646, 1.1136478944698123, 1.1157969978556113, 2.4022988505747125, 2.4285714285714284, 1.0073769294444175, 1.046104308491081, 1.0078801766053764, 1.1263391207979312, 1.06934535287312, 1.0185567010309278, 1.0567875137248464, 1.0922330097087378, 1.2265625, 3.0, 1.0, 1.049079754601227, 1.0865384615384615, 1.075812274368231, 1.1080368906455862, 1.0666666666666667, 1.1845238095238095, 1.148905109489051, 1.103030303030303, 1.0984467360673875, 1.2150537634408602, 1.0020941440955915, 2.0, 1.197934595524957, 1.0476190476190477, 1.0930232558139534, 1.1089385474860336, 1.0842230130486359, 1.0810276679841897, 1.105058365758755, 1.120939084605454, 1.0, 1.3191489361702127, 1.0, 1.0, 1.1477272727272727, 1.1391129032258065, 1.0, 1.0970873786407767, 1.0616789490547902, 1.0986078886310904, 1.0982317531978931, 1.1559810793867897, 1.041860465116279, 1.1110787957128239, 1.0324324324324323, 1.0882163554410818, 1.0367682631833575, 1.0388474401852328, 1.2080924855491328, 1.127433090024331, 1.063852429939695, 1.220215794994755, 1.0822288054575282, 2.0, 1.0933660933660934, 1.055609756097561, 1.4074074074074074, 1.0, 1.2142857142857142, 1.25, 1.0844529750479845, 1.4444444444444444, 1.1666666666666667, 1.005679209260736, 1.1255800928148503, 1.0311311725600765, 1.0382415171224826, 1.2054054054054053, 1.1367403314917126, 1.0, 1.0921985815602837, 1.0034485136905993, 1.086328259887906, 1.0846256092157731, 1.0653263469643468, 1.0341703339373545, 1.148051948051948, 1.0946799836934367, 1.1154529307282415, 1.0233311657734825, 1.12952051055178, 1.2727272727272727, 1.0601265822784811, 1.0, 1.2387640449438202, 1.2072221880068157, 3.0, 1.090242276061347, 1.0655352660787067, 1.4285714285714286, 1.0080981951556087, 1.1, 1.1176470588235294, 1.053283304862857, 1.6153846153846154, 1.0078254353842622, 1.0572404955147372, 1.3571428571428572, 1.0357142857142858, 1.0206185567010309, 1.0052606408417026, 1.0688741721854305, 1.062782135425004, 1.1573418030784266, 1.0, 1.093580273734521, 1.1432926829268293, 2.0, 1.007880422148868, 1.116186521325374, 1.121097445600757, 1.0178356522015983, 1.029983475661289, 1.036697247706422, 2.0, 1.00076074553062, 1.0241935483870968, 1.1771672916702018, 1.1144981412639405, 1.0370528329942539, 1.049513088786414, 1.1355311355311355, 1.1452918619514274, 1.2274247491638797, 1.0605164876011115, 1.0725552050473186, 1.0231696014828544, 1.028633171258779, 1.0476247325356083, 3.0, 1.1390008659559856, 1.0363224311099666, 1.0608303148509335, 1.5833333333333333, 1.3459936119983336, 1.5310734463276836, 1.1428571428571428, 1.112894124285815, 1.0420575865415722, 1.158296943231441, 1.0303030303030303, 1.3333333333333333, 1.051032353046788, 1.5, 1.088785046728972, 1.0833333333333333, 1.0362255965292841, 1.44, 1.139240506329114, 1.0450733752620545, 1.0, 1.5, 1.278428093645485, 1.25, 2.0, 1.1271186440677967, 1.206896551724138, 1.0297265160523186, 1.185323383084577, 1.0865874363327674, 1.2920353982300885, 1.1014466214978942, 1.051948051948052, 1.047008547008547, 1.1510204081632653, 1.1153846153846154, 1.0, 1.155813953488372, 1.1443001443001444, 1.0134297520661157, 1.2256507936507937, 1.0924664957984265, 1.0272314032031946, 1.076831292799336, 1.2244794679005204, 1.187142857142857, 1.0163735597331716, 1.5714285714285714, 1.0, 1.2592592592592593, 1.042619716172118, 1.0820829655781112, 1.107843137254902, 1.061576354679803, 1.0093928980526918, 1.0240708013097146, 1.0186161623689571, 1.1142857142857143, 1.2222222222222223, 1.0408320493066257, 1.07237539766702, 1.0763665727328158, 1.044523290167601, 1.0066225165562914, 1.03566154754873, 1.025754083195584, 1.2416534181240064, 1.3385947046843176, 1.125, 1.0633701392222756, 1.6629213483146068, 1.2093023255813953, 1.0396600566572238, 1.0701001430615165, 1.0, 1.0092165898617511, 1.053354229838847, 1.1020408163265305, 1.088091769557153, 1.0183387270765911, 1.303030303030303, 1.0522162589396122, 1.0257029560201874, 1.1146253021756647, 1.0305343511450382, 1.0550898203592813, 1.2014761147035922, 1.1570247933884297, 1.2142857142857142, 1.0, 1.4285714285714286, 1.0687174518590288, 1.3333333333333333, 1.3156057737813536, 1.1148295729901458, 1.0203810367744794, 1.0540218470705065, 1.0544830930917417, 1.1812433011789925, 1.007168458781362, 1.0166435506241331, 1.0147603728837438, 1.0875984251968505, 1.0445268923804087, 1.2583403589064193, 1.6666666666666667, 1.032258064516129, 1.0592885375494072, 1.1188949356996776, 1.0293159609120521, 1.2818918918918918, 1.018018018018018, 2.220779220779221, 1.0612509108950805, 1.0523489932885906, 1.0430502392344498, 1.1875, 1.076636151836773, 1.0381158598408688, 1.3124676668391102, 1.0581052631578947, 1.1851851851851851, 1.250334672021419, 1.0414507772020725, 1.5, 1.1053220452765449, 1.6923076923076923, 1.2701664532650447, 1.0990338164251208, 1.0277200277200278, 1.0045669824086603, 1.0167464114832536, 2.75, 1.108910891089109, 1.0889003272179125, 1.037840991166176, 1.010534245637191, 1.0296242774566473, 1.0859614376937219, 1.0769230769230769, 1.0682967959527825, 1.0711445909186021, 1.0008713331397037, 1.0200400801603207, 1.0, 1.1558103178738925, 1.020631906077348, 1.3825301204819278, 1.027187354385462, 1.0, 1.3333333333333333, 1.0581571855917329, 1.0147058823529411, 1.2226918380764535, 1.1642294504679827, 1.025538707102953, 1.053864168618267, 1.1149914737163753, 1.0880210042664917, 1.1599264705882353, 1.022099447513812, 1.0408163265306123, 1.079921955529377, 1.0833333333333333, 1.75, 1.0653500462616206, 1.1705427612919956, 1.0168115942028986, 1.0114942528735633, 1.2574221578566256, 1.039997396661942, 1.1689626089401182, 1.1976047904191616, 1.2307692307692308, 1.0923180592991915, 1.0894495412844036, 1.1625, 1.5925925925925926, 1.079103810481618, 1.1873141724479683, 1.1608623548922057, 1.025, 1.007396261744742, 1.0386092969650402, 1.0694109772423026, 1.236383442265795, 1.3333333333333333, 1.1666666666666667, 1.3333333333333333, 1.1452455590386625, 1.3461538461538463, 1.0, 1.1538461538461537, 1.1019867549668874, 1.0452898550724639, 1.0424542919119926, 1.0321175561728497, 1.049090909090909, 1.3333333333333333, 1.1428571428571428, 1.0, 1.0945945945945945, 1.0857142857142856, 1.1403197158081706, 1.0320302844059623, 1.0294497421245965, 1.3333333333333333, 1.0669456925381096, 1.0477203343176018, 2.5, 1.0684052941376612, 1.192504258943782, 3.0, 2.0, 1.2159763313609468, 1.0992612780606756, 1.098124607658506, 1.2670807453416149, 1.0, 1.15695067264574, 1.0920245398773005, 3.0, 2.0, 1.0327827191867853, 1.2310794461621186, 1.0052480319880046, 1.6666666666666667, 1.0329923474706322, 1.040278853601859, 1.0071794871794872, 1.0, 1.0093896713615023, 1.0261697394063778, 1.3818181818181818, 1.160680529300567, 1.0407284575551288, 1.2801204819277108, 1.12109375, 1.099200581395349, 1.041814946619217, 1.0867768595041323, 1.1896551724137931, 1.0367393141010393, 1.5054317805192414, 1.0405170127638967, 1.2934131736526946, 1.1764705882352942, 1.208955223880597, 1.116991643454039, 1.0596688534832865, 1.0073297271209958, 1.047871239701092, 1.0524017467248907, 1.5, 1.6666666666666667, 1.0436936648980375, 1.175461741424802, 1.0721649484536082, 1.0206796676525816, 1.0976751965211573, 1.1249893061853025, 1.1544502617801047, 1.0434782608695652, 1.1468438015879254, 1.1070966283824044, 1.3073959938366717, 1.1348511383537654, 2.5, 1.0273972602739727, 1.0891401630174204, 1.128032345013477, 1.0398047071418144, 1.1070665678538734, 1.0191761363636365, 2.0, 1.0426309378806333, 1.0435948487185094, 1.1807173863376743, 1.015209125475285, 1.0648869975683022, 1.0254777070063694, 1.2880794701986755, 1.0457971014492753, 1.0334810330999895, 1.0707130229817325, 1.0276497695852536, 1.0511440107671601, 1.0, 1.1570934256055363, 1.0576835176890027, 1.0066050198150593, 1.0387878372669248, 1.122423485321674, 1.0158850226928895, 1.2, 1.2593582887700534, 1.6666666666666667, 2.0, 1.1764705882352942, 1.0025641025641026, 1.0252764612954186, 1.01077246452969, 1.0098584320602197, 1.0430229266911972, 1.0542567269519187, 1.1793478260869565, 1.2894736842105263, 1.053304993791957, 1.6, 1.5, 1.2489845653939886, 1.0, 1.0053547523427042, 1.161899897854954, 1.0414601171698963, 1.0795880605735988, 2.0, 1.0157232704402517, 1.187984496124031, 1.0, 1.0402258777764526, 1.1174242424242424, 1.1294520547945206, 1.1474761468504904, 1.1556301685009016, 1.0112540192926045, 1.1126760563380282, 1.1340782122905029, 1.0, 1.0, 1.0417411752083259, 5.0, 1.4285714285714286, 2.25, 1.0234567901234568, 1.0804597701149425, 1.1003325942350333, 1.1020007846214201, 1.0, 1.074487895716946, 1.0239485981308412, 1.1736842105263159, 1.2596153846153846, 1.4285714285714286, 1.0571328426218016, 1.1158536585365855, 1.162528216704289, 1.0230568984752697, 1.0119255942354177, 1.0396988977506945, 1.1650399290150844, 1.0, 1.253416254177772, 1.0399342529187554, 1.0234487087517934, 1.1774193548387097, 1.0204992398607229]
origin-bjaq_15.71 	max: 5.0000	99th: 2.5025	95th: 1.6679	median: 1.0857	mean: 1.1751

...Done, result: results.csv

WORKLOAD-FINISHED | Type: QueryWorkload | Progress: 1/3 | Workload-time: 14.026986 | Model-update-time: 0.000000


WORKLOAD-START | Type: DataUpdateWorkload | Progress: 2/3
Going to run: ['python', '/home/kangping/code_copy/SAUCE/Naru/eval_model.py', '--model=transformer', '--data_update=valueskew', '--dataset=bjaq', '--drift_test=js', '--end2end', '--update_size=80000', '--query_seed=0', '--eval_type=drift']
Torch device: cuda:1
GET-MODEL-PATH=./models/end2end/transformer/origin-bjaq-0.4MB-model34.249-data18.543-300epochs-seed0.pt
GET-DATASET-PATH=./data/bjaq/end2end/bjaq.npy
ValueSample - START
ValueSample - END
load_npy_dataset_from_path - df.shape = (458601, 5)
Parsing... done, took 0.0s
Data updated!
Previous data size: (382168, 5), new data size: (76433, 5)
[6.5565109e-07 8.9210272e-03 3.5762787e-07 1.1920929e-07 1.1920929e-07]
Distance score: 0.0017844557296484709
SAUCE Drift detection: True
Detection latency: 0.0233s

DRIFT-DETECTED after 2-th workload
Going to run: ['python', '/home/kangping/code_copy/SAUCE/Naru/incremental_train.py', '--dataset=bjaq', '--end2end', '--model=transformer', '--model_update=adapt', '--update_size=80000', '--epochs=0']
Torch device: cuda:1
GET-MODEL-PATH=./models/end2end/transformer/origin-bjaq-0.4MB-model34.249-data18.543-300epochs-seed0.pt
update_size: 76433
AdaptTask - START
GET-DATASET-PATH=./data/bjaq/end2end/bjaq.npy
load_npy_dataset_from_path - df.shape = (458601, 5)
Parsing... done, took 0.0s
done, took 0.0s
dataset size: 458601
train data shape: torch.Size([76433, 5]), transfer data shape:torch.Size([15286, 5])
Training done; evaluating likelihood on full data:
Epoch None Iter 0, test loss 27.8059 nats / 40.1154 bits
Saved to: /home/kangping/code_copy/SAUCE/models/end2end/transformer/origin-bjaq-0.4MB-model34.249-data18.543-300epochs-seed0.pt
AdaptTask - END

WORKLOAD-FINISHED | Type: DataUpdateWorkload | Progress: 2/3 | Workload-time: 4.078982 | Model-update-time: 4.999955


WORKLOAD-START | Type: QueryWorkload | Progress: 3/3
Going to run: ['python', '/home/kangping/code_copy/SAUCE/Naru/eval_model.py', '--dataset=bjaq', '--model=transformer', '--end2end', '--query_seed=0', '--eval_type=estimate', '--num_workload=3', '--data_update=valueskew', '--model_update=adapt', '--random_seed=42']
Torch device: cuda:1
GET-MODEL-PATH=./models/end2end/transformer/origin-bjaq-0.4MB-model34.249-data18.543-300epochs-seed0.pt
ckpts [PosixPath('/home/kangping/code_copy/SAUCE/models/end2end/transformer/origin-bjaq-0.4MB-model34.249-data18.543-300epochs-seed0.pt')]
Validate Argument: DATASET="bjaq" is valid.
data size: 458601, total size: 458601, split index: [382167 458601]
Parsing... done, took 0.0s
Loading ckpt: /home/kangping/code_copy/SAUCE/models/end2end/transformer/origin-bjaq-0.4MB-model34.249-data18.543-300epochs-seed0.pt
query_seed:0
origin-bjaq_15.71 	max: 2030.0000	99th: 68.9046	95th: 2.9101	median: 1.1093	mean: 10.5290
ReportEsts: [1.0383561643835617, 1.05724197745013, 1.0345498695492368, 1.0944055944055944, 1.4782608695652173, 1.0, 1.0234344143590643, 1.0608475233116363, 1.0, 1.0165745856353592, 1.3535047470637462, 1.04480595859498, 1.0746996996996998, 1.188212927756654, 1.0137708760621154, 829.0, 1.353846153846154, 1.0, 1.0909090909090908, 1.2715430861723447, 1.5746277012652559, 1.079037697217873, 2.632107023411371, 1.0515202702702702, 1.0000694058856192, 1.0261586366916713, 2.0, 1.1715877267746255, 1.0, 1.4, 1.2162162162162162, 1.0, 1.0452688991761592, 1.0000686270273567, 3.1710144927536232, 1.2518725216625055, 1.2283393501805053, 1.2004504504504505, 30.5, 1.0172112564737203, 1.0225432462274568, 1.087507578450024, 1.0, 1.102439024390244, 1.1978260869565218, 1.3290581162324648, 1.5, 1.047008547008547, 1.0452261306532664, 1.1859903381642511, 1.0526315789473684, 1.0934579439252337, 1.036144578313253, 1.2058823529411764, 1.0814668932138811, 1.0225846925972397, 1.1074711683102123, 1.1796875, 1.099009900990099, 1.1870665211654103, 1.537037037037037, 1.2644761288865622, 1.0174165457184325, 1.3590909090909091, 1.1264367816091954, 55.666666666666664, 1.069083405198965, 1.290186792949224, 1.6, 1.0, 1.2968211056213295, 1.02882703777336, 1.047342995169082, 1.3690248565965584, 1.1730034198350432, 68.80867630700779, 2.951917545541707, 1.1032608695652173, 1.8155339805825244, 1.103815747383814, 1.169953596287703, 1.1, 1.0, 1.0625, 1.1471610660486675, 1.0153846153846153, 78.39950372208436, 30.102040816326532, 1.1, 1.0452048573981572, 1.1204545454545454, 1.016609180153887, 1.2973139098899749, 1.1522104085058757, 1.3426791277258567, 1.0094451003541913, 40.33744221879815, 1.437888198757764, 1.0731707317073171, 1.5805991440798859, 1.3461538461538463, 3.0, 1.0398970618310723, 1.5870570107858244, 1.0650929899856938, 1.2630410654827968, 1.1724137931034482, 1.0067867960367576, 1.0677440779278282, 1.0126831670976482, 1.1133922931143398, 1.0720791048659901, 1.0, 51.333333333333336, 1.0614000782166602, 1.0682775318764237, 1.0248704663212436, 1.3246753246753247, 1.0572895674886285, 1.0, 1.3415326395458846, 1.108274647887324, 1.0, 1.0523809523809524, 1.0, 1.198329853862213, 1.0183559457302473, 1.0477579056505961, 1.1219512195121952, 1.8333333333333333, 1.101775956284153, 1.0, 1.4, 1.1163519115614924, 1.0833333333333333, 1.2810945273631842, 1.1921759677162427, 1.1119790720488318, 45.0, 1.7142857142857142, 1.010438413361169, 1.272922252010724, 1.058705469141997, 1.0169570971655453, 1.0062111801242235, 1.0038084874863982, 1.3311995716250258, 3.0, 1.0071187710753091, 1.0397672162948595, 1.2331838565022422, 1.0424178154825026, 1.5, 1.4865584887381933, 1.09171974522293, 1.0033613445378151, 1.1058823529411765, 1.0, 1.2471368294153105, 1.042248978714255, 1.869216426000607, 1.7019867549668874, 1.104109589041096, 1.2666666666666666, 1.694915254237288, 1.0173697270471465, 1.7142857142857142, 1.1788307222009935, 1.1575757575757575, 1.0718390804597702, 1.3196115957684134, 1.0729070346397325, 1.2226392433568534, 1.5263157894736843, 1.3216911764705883, 1.2077034110765024, 1.0769644779332617, 1.2260569456427954, 1.559939301972686, 1.0399789584429249, 1.0693354628150822, 1.2108698445329564, 1.1049382716049383, 1616.0, 1.0057373063832742, 1.0573333910708873, 1.371841155234657, 2.1785714285714284, 1.0585365853658537, 51.0, 1.2598870056497176, 1.058912235563179, 1.3157894736842106, 1.3668280871670702, 1.0983385805864279, 1.0493292376615142, 1.0616978943129016, 1.111328125, 1.03896975726608, 1.6357277374226527, 1.0285714285714285, 2.357527027761178, 3.2420101899027327, 1.1532025937055195, 1.2703338034790785, 1.0696839709358312, 1.887005649717514, 1.0684931506849316, 1.9125, 1.0, 1.4210526315789473, 1.3130421069231983, 1.602787456445993, 1.179245283018868, 1.0008149959250203, 1.173913043478261, 1.0439078765214578, 1.0223214285714286, 1.2216388225934764, 2.0, 1.1734104046242775, 1.0090262582056893, 1.037548656603057, 1.0350103785707225, 47.5, 2.1486486486486487, 1.0976210816849576, 1.001087796016491, 1.0233160621761659, 1.0234113712374582, 1.0807204803202135, 1.0730337078651686, 1.6435643564356435, 1.0088932552074197, 1.0595081556351302, 1.1293375394321767, 1.087448559670782, 1.2053691275167786, 169.0, 1.3645669291338582, 2.0, 1.2757757757757757, 1.0968005856263188, 1.070608830966738, 1.0708955223880596, 1.5, 2.0, 1.0946175720442086, 1.088235294117647, 1.196610376150704, 1.2, 1.1188271604938271, 1.0300120048019208, 1.0, 1.0155477588993573, 1.0184331797235022, 1.370253164556962, 1.0316901408450705, 1.020600558659218, 1.2970906486517877, 2.588235294117647, 1.0, 1.1177826526590002, 1.1268697680801427, 1.1042857142857143, 1.005257843239667, 1.1367875896132544, 1.0324626813075286, 1.07557003257329, 1.0783334312746078, 1.0148662041625371, 1.1733364628564722, 1.0025473812920318, 1.2727272727272727, 1.0461603021401595, 1.0511727078891258, 1.2307692307692308, 1.0869565217391304, 2.4585798816568047, 1.076036866359447, 1.0222007891275757, 1.2225310591703518, 1.16991643454039, 1.3278350515463917, 1.0778406356502352, 1.1803691275167785, 1.2166666666666666, 1.048676241965798, 1.0, 1.0793478260869565, 1.1762563729060451, 1.0484604772667234, 1.6227362579346079, 1.0703437941269704, 1.420418516169943, 1.1907931225734887, 3.495135279221645, 1.0046788019534851, 1.1082194007477109, 1.0182764140875133, 1.031278748850046, 1.3636363636363635, 1.3636363636363635, 1.0719198564593302, 1.7142857142857142, 1.0383211678832116, 1.0325941660105107, 3.1277846534653464, 1.4444444444444444, 1.1083333333333334, 42.311688311688314, 1.0357142857142858, 1.027431972073853, 1.1, 1.307864853497827, 1.0245965778382282, 1.4704225352112676, 1.0909090909090908, 2.5, 1.0047413793103448, 1.1, 1.012316057313687, 1.0707395498392283, 1.105263157894737, 1.0759144709112243, 1.5238095238095237, 1.1666666666666667, 1.0014119519443387, 2.0, 1.032544378698225, 1.0301568154402896, 1.0642519804996953, 1.056653000372717, 1.3315926892950392, 1.0918367346938775, 1.1062004756591035, 1.0883062961936125, 1.0478260869565217, 1.2118293389071702, 1.0464847785137024, 3.0, 1.1, 1.0611170354572115, 1.5, 1.0702652396463472, 1.173913043478261, 49.0, 1.2222222222222223, 1.5853413654618473, 1.034965034965035, 1.015748031496063, 1.0223214285714286, 1.3116883116883118, 1.3333333333333333, 1.1612465826718559, 19.666666666666668, 1.1470588235294117, 1.0225776013376422, 1.0229885057471264, 1.0662604722010662, 1.0056818181818181, 1.4, 1.0, 1.035007610350076, 1.1282051282051282, 1.0367298578199051, 1.126640489582228, 1.2917025199754149, 1.0732984293193717, 2.0, 1.2339838318625498, 2.2542372881355934, 1.7272727272727273, 147.0, 1.0375212749497138, 1.0, 1.2974358974358975, 1.01, 1.06058532877233, 1.1112094737758687, 1.8913690476190477, 1.2719292499181134, 1.111708562978895, 1.089385474860335, 1.0953150242326333, 1.3704933694242887, 1.0589171974522293, 1.054054054054054, 1.0100742109725542, 1.1042196146289587, 1.012098167991704, 1.0, 1.0731707317073171, 1.0404255319148936, 2.0, 1.1428571428571428, 1.3411764705882352, 1.3211009174311927, 1.6035502958579881, 1.023485784919654, 1.1928418803418803, 1582.0, 1.0126556492067937, 1.6090474439132034, 1.1738643991944506, 1.036144578313253, 1.4680851063829787, 1.1074168797953965, 1.0, 1.069632735246659, 1.5686274509803921, 1.328612539937912, 1.0521144449252267, 1.8855721393034826, 1.148295003965107, 1.375, 1.1307284129281234, 1.3333333333333333, 2.0653266331658293, 1.0909090909090908, 1.047684890517891, 1.0286396181384247, 1.3964961306964747, 1.2902298850574712, 1.0489566613162118, 3.0, 1.0440366972477064, 1.0302056817024743, 1.4360400956409785, 3.0, 1.2063492063492063, 1.5335892514395393, 1.3475409836065573, 1.0998081929031374, 1.0119182969380953, 1.1904761904761905, 1.4305435720448663, 1.0277722357447827, 1.0269781871681698, 1.767563473744951, 1.0372581564148933, 1.1791754756871036, 1.3333333333333333, 1.0746616892207186, 1.2565406016031535, 1.1018518518518519, 1.1879895561357703, 1.0, 1.5, 1.459607843137255, 1.1019607843137256, 1.0595322466335932, 1.098013699609604, 1.0555555555555556, 1.0, 1.027027027027027, 1.2962962962962963, 1.9445665975039486, 1.0434782608695652, 1.0, 1.0592636807435674, 1.0, 1.0, 1.015174506828528, 1.5, 1.0325732899022801, 1.0098859315589355, 1.0588235294117647, 1.3333333333333333, 1.0733414979637608, 1.1743589743589744, 1.4, 1.7315518652789148, 1.2545454545454546, 1.2650918635170603, 1.003986710963455, 1.5868742111905763, 1.096359630717583, 1.0, 1.25, 1.064990803188228, 1.193491019028988, 1.127717391304348, 1.25, 1.1201478743068392, 1.0139541884458554, 1.0169491525423728, 2.0, 1.0437541750167, 1.000932826661168, 1.0309387528682015, 1.029788934500672, 1.0173069411998792, 1.0737118493002191, 1.0174216027874565, 1.1701373780070865, 1.5, 2.0180297246812313, 1.0152777777777777, 1.0660814435503536, 1.1292479108635098, 1.0157894736842106, 1.0083941098840037, 48.753246753246756, 1.0408314595991006, 1.4924277191372188, 1.0998628342769923, 2030.0, 1.0833644580563233, 1.0178625263792584, 1.1866666666666668, 1.2098765432098766, 1.2997543184428506, 1.2474489795918366, 1.0344027015618404, 1.0610924641356505, 1.0, 1.419134396355353, 1.0331491712707181, 1.1111111111111112, 1.0925925925925926, 1.0243958712144101, 1.1103202846975089, 1.1463654223968567, 1.0, 1.1578947368421053, 1.0121336996336996, 1.1531943076452806, 1.042561065877128, 1.1161462979482606, 1.1511254019292605, 1.4803149606299213, 1.027277406073083, 1.1852868708201338, 1.8206896551724139, 1.2074301675977654, 9.88888888888889, 1.0954773869346734, 1.7889528649354283, 53.37361769352291, 1.2975498770657239, 2.0, 1.021551724137931, 1.027027027027027, 1.122993589425036, 1.0726392251815982, 1.0773042616451933, 1.2134387351778657, 1.0943952802359882, 1.3162818182831786, 1.0, 1.3148148148148149, 1.0, 1.0, 1.2, 92.93478260869566, 1.056910569105691, 1.0481927710843373, 1.0632506004803843, 1.0423749102226478, 1.0702126361389914, 1.160574850299401, 1.0573708629031786, 1.7190931760418164, 1.0095965568100906, 1.1238253178551687, 1.1030666452028333, 1.089968598775415, 1.0259117082533589, 1.0963855421686748, 1.5930521091811414, 1.1278195488721805, 1.2500363565853896, 1.1540229885057471, 1.0994038132341657, 1.2994350282485876, 1.0946272991287511, 1.1212295317437517, 1.3333333333333333, 1.0377358490566038, 1.2857142857142858, 59.0, 1.1411290322580645, 1.0844328626484463, 1.2469470827679783, 1.010443864229765, 1.1229050279329609, 1.0688043534864344, 1.0259260362964508, 1.125, 1.6, 2.0, 1.1873677460724592, 1.2790697674418605, 1.1870182555780933, 1.0975780158360504, 2.0, 1.0971074380165289, 1.3272727272727274, 1.064798435899823, 1.2984014209591475, 1.1912684709733838, 1.7209560867148417, 1.005738472076255, 1.7532467532467533, 22.0, 1.1313622948273183, 1.0, 1.0315052508751459, 1.1631799163179917, 1.612794612794613, 1.0270833333333333, 1.434782608695652, 1.0656253537068479, 1.034013605442177, 64.17857142857143, 1.0738007380073802, 1.39375, 1.1653926337734537, 1.061734541471672, 1.0163636363636364, 1.0690972222222221, 1.0, 1.3108692354368932, 1.0492862458561667, 1.2777777777777777, 1.035294117647059, 1.2436849925705795, 1.2830188679245282, 1.0250731487733513, 1.1111111111111112, 1.511777301927195, 1.3104176442984514, 1.4901960784313726, 1.0909090909090908, 1.4627669928683926, 1.0884955752212389, 2.2857142857142856, 2.838851351351351, 1.0526315789473684, 1.1602239553217595, 1.2479045776918118, 1.024237662800287, 1.1313571033720287, 1.2637362637362637, 1.1351728955640936, 1.2877094972067038, 1.1557912671797825, 1.0909571655208885, 1.147644927536232, 1.1334033613445378, 1.0466088074574091, 2.4193548387096775, 1.1994123408423114, 1.6666666666666667, 1.6, 1.115621156211562, 1.3224699828473414, 1.0664596273291926, 1.038338658146965, 1.1666666666666667, 1.016976556184317, 1.040808956301914, 1.2571428571428571, 1.04008501011209, 2.3333333333333335, 1.037876254180602, 1.5, 1.0316831683168317, 1.0769230769230769, 1.0075401376146789, 1.6129032258064515, 1.2226277372262773, 1.251572327044025, 2.0, 1.2500693866222592, 1.2442489851150202, 1.0, 2.0, 1.1079136690647482, 1.513793103448276, 1.0339805825242718, 1.224468085106383, 1.0765625, 1.0030120481927711, 1.027431421446384, 1.038014783526927, 1.0938775510204082, 1.273469387755102, 1.03125, 1.5, 2.9099264705882355, 1.3564213564213565, 1.2231404958677685, 1.0615734424738517, 1.065727626539803, 1.0481762369086314, 1.06056190182155, 1.3182475419317525, 1.0036231884057971, 1.0004952947003467, 1.5714285714285714, 1.0, 4.0, 1.0253912296329992, 9.450901803607215, 1.5282555282555284, 1.103448275862069, 1.2698054875692386, 1.3477192940415283, 1.0327840340884387, 1.0705882352941176, 1.380952380952381, 1.2459893048128343, 1.0725211841091669, 1.0603206439984278, 1.0607899189078818, 1.011173184357542, 1.1905715429944506, 1.0270955327986382, 1.0130821350160664, 1.3540925266903914, 1.0804264779559118, 1.4067164179104477, 1.0661881977671452, 1.0, 1.03691993073709, 1.15, 1.4107648725212465, 1.0, 1.1506849315068493, 1.0259319286871962, 1.7118644067796611, 1.0478908007458676, 1.1408898305084745, 1.048780487804878, 1.097973822619269, 1.017292623615239, 1.086224790328462, 1.0607513988808952, 1.0235183443085607, 1.2013708676520365, 1.1764705882352942, 1.6521739130434783, 1.0, 1.0, 1.054498548855208, 1.6666666666666667, 1.537095684803002, 1.1010706349740758, 1.1613905612740338, 1.0556199304750868, 1.0459374113787738, 1.0206430398246256, 1.2222222222222223, 1.048951048951049, 1.0134998629654282, 1.3138592050993625, 1.043191529274444, 1.44276165241479, 1.7142857142857142, 1.1134361233480177, 1.0170068027210883, 1.0871644464992631, 1.002680965147453, 1.2901694915254238, 1.0526315789473684, 2.2205882352941178, 1.142442314703891, 1.0700344431687716, 1.061736135992675, 1.411764705882353, 1.0691111143690715, 1.0312541121492003, 1.3215686274509804, 1.060499472388322, 1.0666666666666667, 1.7063197026022305, 1.0458687727825031, 1.0233457507261017, 1.105263157894737, 1.0176977279017196, 1.3636363636363635, 1.0743003696160518, 1.0217669654289372, 1.0075757575757576, 1.0342717258261933, 1.027198549410698, 1.081592039800995, 1.063976377952756, 1.0097716937863455, 1.2840646651270209, 1.159346818158659, 1.0839995862089349, 1.1538461538461537, 1.1142020497803806, 1.0506978653530377, 1.021441746080541, 2.9130434782608696, 1.1530226700251889, 1.0848303393213572, 143.94570135746605, 1.1797919762258544, 1.0708328561165312, 1.054054054054054, 1.3338028169014085, 1.244564559719253, 1.0410487857296369, 4.378787878787879, 1.3248921593504186, 1.1035487002480855, 1.0679676985195155, 1.0334645669291338, 1.3175030310199012, 1.080308838322051, 1.182370820668693, 1.0458715596330275, 1.016004742145821, 1.0576196750109794, 1.0891089108910892, 2.25, 1.0478314656456842, 1.1917839492909326, 1.040677966101695, 1.014018691588785, 1.497103548153512, 1.1863227062545632, 1.172680412371134, 60.37095088819227, 1.0789473684210527, 1.0506963788300836, 3.911111111111111, 1.172872340425532, 1.5588235294117647, 1.0649342178823002, 1.1907131011608623, 3.979591836734694, 2.5510204081632653, 1.1416337285902503, 1.186431014823261, 1.0285714285714285, 1.0952380952380953, 1.0127737226277371, 1.016, 1.103134479271992, 1.0714285714285714, 1.0081098973849718, 1.4313725490196079, 1.0484126018732514, 1.5263157894736843, 1.0, 1.454004896817069, 1.0868563084279395, 1.0428063476251748, 1.5580168776371308, 1.2, 1.3529411764705883, 1.2903225806451613, 1.1, 1.1168831168831168, 2.179700499168053, 1.026580148461638, 1.2386924418388927, 1.3652173913043477, 1.0890717539863326, 1.0466997924083137, 2.5, 1.0300824682510408, 2.8467864757843437, 1.5, 2.0, 1.1642786561264822, 1.033845119354477, 1.0925544597377261, 1.2242268041237114, 1.0, 1.069767441860465, 1.5061349693251533, 1.2131147540983607, 1.074646598189769, 1.0529101217101842, 1.115877876481824, 1.2853929776333874, 1.5714285714285714, 1.0349961614017658, 1.254841208365608, 1.1517948717948718, 1666.0, 1.0183696900114811, 1.0, 48.61097659402744, 1.174720596061735, 1.0380604964974014, 40.0089552238806, 1.33984375, 1.2299008445681376, 1.2212666145426114, 1.0868055555555556, 1.0454545454545454, 1.026726788276286, 1.3229773462783172, 1.0715735487767448, 1.0121212121212122, 1.392156862745098, 1.0465116279069768, 1.25, 1.083486801718846, 1.0564102564102564, 1.0111642743221692, 1.0800727934485896, 1.5, 1.111842105263158, 1.157126337091645, 1.3852242744063326, 1.1377526273241714, 1.0304970309946673, 1.1046656513913886, 1.0852982685621837, 1.256235827664399, 1.1666666666666667, 1.2991903152267903, 1.261202769616404, 1.2801648028251913, 1.0280210157618213, 1.25, 1.1071428571428572, 1.0361649040233634, 1.105511811023622, 1.0165899957698816, 1.074619704794965, 1.0147841513897102, 1.6, 1.046487603305785, 1.0228113099946652, 1.1805714285714286, 1.3688212927756653, 1.0742932901668893, 1.0158311345646438, 1.4150110375275937, 1.1892292490118577, 1.0308797507599703, 1.1031908831908832, 1.0565134099616857, 1.0677025527192008, 1.1875, 1.1133083486165378, 1.078167732439609, 1.0082741348438213, 17.081850533807827, 1.226631853785901, 1.0403530895334174, 1.3823529411764706, 1.2147505422993492, 1.6666666666666667, 2.0, 1.2105263157894737, 1.0042735042735043, 1.0398406374501992, 1.0104937693244636, 1.0010559963468235, 1.3579375848032564, 1.1550009043226623, 1.1805555555555556, 1.0393220338983051, 1.0754186515474764, 1.8, 1.375, 1.104405552202776, 1.625, 1.006857142857143, 1.145929987347111, 1.03332337118948, 1.3075262534287708, 2.0, 1.3346749226006192, 1.1717171717171717, 1.1349472401051388, 1.037026450186752, 1.1795142555438225, 1.1180496150556032, 1.147827382615336, 1.1994576836835793, 1.204638472032742, 1.028169014084507, 1.1192443919716648, 1.0, 2.0, 1.0416385685810623, 6.0, 1.625, 1.148936170212766, 1.0635245901639345, 1.0036155791103534, 1.19502353732347, 1.1402214022140222, 1.2857142857142858, 4.101416430594901, 1.219626168224299, 1.046770601336303, 1.2649402390438247]
origin-bjaq_15.71 	max: 2030.0000	99th: 68.9046	95th: 2.9101	median: 1.1093	mean: 10.5290

...Done, result: results.csv

WORKLOAD-FINISHED | Type: QueryWorkload | Progress: 3/3 | Workload-time: 14.023407 | Model-update-time: 0.000000


Experiment Summary: #data-update-times=1, #drift=1 | total-time=37.156727