Input arguments = Namespace(data_update='tupleskew', update_size=80000, dataset='bjaq', debug=False, drift_test='js', model_update='adapt', model='transformer', end2end=False, query_seed=0, random_seed=42, num_workload=3)
JSON-passed parameters = {'data_updater': {'skew_ratio': '1e-3'}, 'random_seed': 79, 'transformer': {'epochs': 0}}
MODEL-PATH=/home/kangping/code_copy/SAUCE/models/end2end/transformer/origin-bjaq-0.4MB-model34.249-data18.543-300epochs-seed0.pt
DATASET-PATH=/home/kangping/code_copy/SAUCE/data/bjaq/end2end/bjaq.npy
Workloads: ['QueryWorkload', 'DataUpdateWorkload', 'QueryWorkload']

WORKLOAD-START | Type: QueryWorkload | Progress: 1/3
Going to run: ['python', '/home/kangping/code_copy/SAUCE/Naru/eval_model.py', '--dataset=bjaq', '--model=transformer', '--query_seed=0', '--end2end', '--eval_type=first_estimate', '--num_workload=3', '--data_update=tupleskew', '--model_update=adapt', '--random_seed=42']
Torch device: cuda:1
GET-MODEL-PATH=./models/end2end/transformer/origin-bjaq-0.4MB-model34.249-data18.543-300epochs-seed0.pt
ckpts [PosixPath('/home/kangping/code_copy/SAUCE/models/end2end/transformer/origin-bjaq-0.4MB-model34.249-data18.543-300epochs-seed0.pt')]
Validate Argument: DATASET="bjaq" is valid.
load_npy_dataset_from_path - df.shape = (382168, 5)
Parsing... done, took 0.0s
Loading ckpt: /home/kangping/code_copy/SAUCE/models/end2end/transformer/origin-bjaq-0.4MB-model34.249-data18.543-300epochs-seed0.pt
query_seed:0
origin-bjaq_15.71 	max: 5.0000	99th: 2.5000	95th: 1.6934	median: 1.0816	mean: 1.1706
ReportEsts: [1.0465116279069768, 1.0161458333333333, 1.0659404250394224, 1.0699588477366255, 1.5789473684210527, 1.0, 1.0739514348785872, 1.067909193360457, 1.0, 1.015645371577575, 1.1315037659077136, 1.042971867630415, 1.0153518123667378, 1.158139534883721, 1.0660543977393147, 1.0, 1.3043478260869565, 1.0655331207934822, 3.0, 2.0, 1.2272727272727273, 1.1103927203065134, 1.098519466276732, 1.091015854374633, 1.1406018746916626, 1.0, 1.152650329266976, 2.0, 1.2, 1.0359712230215827, 1.0, 1.0579045063177905, 1.0007689090103833, 1.037180910099889, 1.0355411954765752, 1.237776008714962, 1.0962566844919786, 1.014229704569858, 1.107135477649976, 1.0238095238095237, 1.244019138755981, 1.103658536585366, 1.0, 1.0333601980312015, 1.1016142735768903, 1.890625, 1.0510204081632653, 1.2332155477031803, 1.0254076031713764, 1.1296296296296295, 1.0867607403722805, 1.1546391752577319, 1.0392245730413465, 2.0, 1.3220779220779222, 1.2337993357534565, 1.1752136752136753, 1.3793103448275863, 1.0186335403726707, 1.25, 1.0911941112322792, 1.0890410958904109, 1.1136363636363635, 1.0114942528735633, 1.0909090909090908, 1.0676644493717664, 1.3039027511196417, 1.75, 1.0, 1.0748578353686957, 1.0108564535585043, 1.057836899942163, 1.0113895216400912, 1.0853607674127623, 1.0823529411764705, 1.026615969581749, 1.0, 1.1110647181628392, 2.0, 1.039197681425579, 1.21875, 1.0275594350851984, 1.196319018404908, 1.0941028858218318, 1.1133464180569186, 1.0, 1.0733567771629517, 1.0114058665420125, 1.107843137254902, 1.75, 1.1572975760701392, 1.0546082312320968, 1.0685358255451713, 1.004225352112676, 1.0291353383458646, 1.0233766233766233, 1.062992125984252, 1.1501472031403337, 1.0, 1.2357481530488477, 1.0971922246220303, 1.0660377358490567, 1.2247288128268292, 1.36, 1.004289310033843, 1.0960976904698698, 1.2730170341728497, 1.1281759575274934, 1.049662783568363, 1.1666666666666667, 1.6666666666666667, 1.0983644859813084, 1.0808293933100614, 1.0315855969677827, 1.013157894736842, 1.059909371263138, 2.0, 1.0775780510879849, 1.130952380952381, 1.0, 1.0055248618784531, 1.0, 1.1779448621553885, 1.0264301909751086, 1.0769589190028734, 1.1428571428571428, 1.8, 1.1630794701986755, 1.0, 1.0769230769230769, 1.1013178476858432, 1.1818181818181819, 1.0965169270833333, 1.0169506427929937, 1.0363215778580415, 1.009433962264151, 1.0252808988764044, 1.0479345284489479, 1.039972432804962, 1.0712979890310785, 1.0259234228596699, 1.35, 1.0182648401826484, 1.1317009650606662, 2.0, 1.0191431175934367, 1.0198135198135199, 1.1186675919500346, 1.070231162872772, 1.5, 1.1190360862194235, 1.0150375939849625, 1.037344398340249, 1.1074561403508771, 1.0686131386861313, 1.0268037761294673, 1.070155049746308, 1.1006997865899053, 1.0134874759152215, 1.075657894736842, 1.2857142857142858, 1.3269230769230769, 1.0334855403348555, 1.4285714285714286, 1.0873303343654457, 1.0431646447933267, 1.185665529010239, 1.314283033033033, 1.1352288488210818, 1.0724073043386075, 1.2694736842105263, 1.1121495327102804, 1.086569187566573, 1.0717896865520729, 1.0220458553791887, 1.063168124392614, 1.046592709984152, 1.1484249866524292, 1.038358103326256, 1.0, 1.0327868852459017, 1.0166525543324867, 1.0279106858054226, 1.1059738134206218, 1.105263157894737, 1.0989547731198965, 1.251009033250048, 1.1196026232062852, 1.1153846153846154, 1.204090909090909, 1.0910580905075882, 1.0, 1.2727272727272727, 1.0228804325894838, 1.0576230492196879, 1.0207058823529411, 1.5909090909090908, 1.07459807073955, 1.0553189084201278, 1.0887310883357735, 1.0626410835214446, 1.0582902919784969, 1.0508474576271187, 1.0666666666666667, 1.2173913043478262, 1.0, 1.4035087719298245, 1.1556536823844819, 1.3135888501742161, 1.3333333333333333, 1.013840830449827, 1.0031277926720286, 1.019083036524897, 1.0597048052380424, 1.2534190817323347, 1.1282051282051282, 1.079479768786127, 1.0314171122994653, 1.030960997185364, 1.0190146931719966, 1.0, 1.0658385093167702, 1.1242786520394699, 1.0121853435331924, 1.1468788249694002, 1.0212383384583312, 1.2787452677122768, 1.0357142857142858, 1.0083427721332814, 1.1980402269210932, 1.0131428571428571, 1.1098265895953756, 1.0811841220004486, 1.0205029013539653, 1.1826771653543307, 2.0, 1.2074179743223965, 1.112941045109424, 1.1235349273323958, 1.102880658436214, 1.0, 1.6666666666666667, 1.0704173334974763, 1.1272727272727272, 1.0715660662725148, 1.5, 1.0, 1.1111111111111112, 1.0370804059328649, 1.0315789473684212, 1.0303867403314917, 1.1160337552742616, 1.0541455160744502, 1.001682085786375, 1.04694063219837, 1.0363636363636364, 2.0, 1.0911109740299796, 1.1488254769036734, 1.115586690017513, 1.0323180801471665, 1.1038407625455564, 1.0030505805943712, 1.0794912559618441, 1.1062443885006075, 1.0173444976076556, 1.058243859391087, 1.058455114822547, 1.2727272727272727, 1.0188101969135122, 1.193384223918575, 1.2045454545454546, 1.4705882352941178, 1.0021818181818183, 1.0, 1.0683760683760684, 1.0810712603458716, 1.0, 1.3583959899749374, 1.0366255491720175, 1.0127442650807137, 1.0296623282989223, 1.0524937314666414, 1.1111111111111112, 1.0773917788286649, 1.6666666666666667, 1.0064259244658205, 1.0153508771929824, 1.0480314960629922, 1.0810810810810811, 2.0, 1.391304347826087, 1.0597014925373134, 1.037693496011854, 1.0, 1.013953488372093, 1.0203619909502262, 1.0080128205128205, 1.0164809953069096, 1.08, 1.0943396226415094, 1.0067017648713261, 1.036965323006513, 1.058051959042058, 1.0512820512820513, 1.0, 1.0990453460620524, 1.264797507788162, 1.1342756183745584, 1.1365627632687447, 1.0175145954962468, 1.008450704225352, 1.4047619047619047, 1.0164609053497942, 1.0503095975232197, 1.2857142857142858, 1.0111870318596459, 1.0479846449136276, 1.1176470588235294, 1.0561378064798599, 1.3333333333333333, 1.4, 1.005980684291722, 2.0, 1.2043895747599451, 1.0479651162790697, 1.1271534044298606, 1.0853858784893267, 1.052219321148825, 1.0705882352941176, 1.1038163395067575, 1.1040140210803047, 1.0280112044817926, 1.0306520857278074, 1.041971728887278, 2.0, 1.0, 1.0325190246577847, 1.25, 1.07035175879397, 1.3529411764705883, 1.0, 1.375, 1.3524096385542168, 1.078095238095238, 1.131578947368421, 1.0389610389610389, 1.0, 1.1724367509986684, 1.0626321335768192, 2.0, 1.1989279332936271, 1.0, 1.0954224550216352, 1.0853658536585367, 1.0226449750721596, 1.1382488479262673, 1.1363636363636365, 1.2053388090349075, 1.3148148148148149, 1.0232578829914218, 1.020980686415242, 1.0852601156069364, 1.0, 1.0769230769230769, 1.5714285714285714, 3.0, 1.2307692307692308, 1.0691587118718455, 1.3333333333333333, 1.0397923875432526, 1.1477272727272727, 1.2412719381015287, 1.082537689537611, 1.2564366632337796, 1.0398857034902942, 1.0127610208816706, 1.082142857142857, 1.5, 1.1162790697674418, 1.0893617021276596, 1.0603899152465592, 1.1428571428571428, 1.5714285714285714, 1.0274599542334095, 1.0141509433962264, 1.0132952615825495, 1.0024509803921569, 1.1464387464387464, 1.0202462380300958, 1.1428571428571428, 1.0907770515613653, 1.1260593220338984, 1.0961538461538463, 1.0240793201133145, 1.0884955752212389, 1.0388706216520787, 1.0816456404787018, 1.0227947702601214, 1.1466666666666667, 1.168421052631579, 1.0948012232415902, 1.0, 1.0393902216189408, 1.0540460274090953, 1.00818274803955, 1.0631884781291219, 1.0523244113503722, 1.1550683190340005, 1.8333333333333333, 1.632283464566929, 1.0, 1.2032450896669513, 1.25, 1.0506170161759838, 1.0304347826086957, 1.0793207222699914, 1.0434782608695652, 1.1368613138686132, 3.0, 1.123395853899309, 1.010084332219319, 1.0831800625344858, 2.0, 1.126984126984127, 1.2907869481765835, 1.2794117647058822, 1.0855777408772427, 1.16008316008316, 1.105263157894737, 1.184641932700604, 1.001052828599504, 1.0343416404455341, 1.100855479233072, 1.0483552631578947, 1.1260364842454396, 1.095435684647303, 2.142857142857143, 1.0368421052631578, 1.5, 1.2226855713094245, 1.0, 1.1152629591162309, 1.9230769230769231, 1.0713797306537445, 1.0989534104383991, 1.0857495373226402, 1.0, 1.1515151515151516, 1.16, 1.284757286407039, 1.1925601750547046, 1.0, 1.0239072004526808, 1.0812609546066503, 1.0505594695399918, 1.5, 2.0, 1.0050741608118656, 1.0108695652173914, 1.019672131147541, 1.1111111111111112, 1.0784622362137501, 1.0182692307692307, 1.4705882352941178, 1.0113900422841036, 1.0454545454545454, 1.1601049868766404, 1.0419354838709678, 1.3340344972654608, 1.0280302136197332, 1.0, 1.0, 1.0772752178447071, 1.0234954299054326, 1.0602654695147644, 1.0, 1.099977880999779, 1.004642656623994, 1.0214772132006287, 2.0, 1.0482456140350878, 1.0324195586662779, 1.0382724408985191, 1.017648857629636, 1.0194646878380056, 1.0135039090262972, 1.004201680672269, 1.0335101253616201, 2.0, 1.022533464261719, 2.0, 1.25, 1.1761658031088082, 1.0961538461538463, 1.015574467375721, 1.0818014705882353, 1.0364986524456679, 1.0830019880715707, 1.104437766961359, 1.0357094548897605, 1.0636869054636662, 1.2409638554216869, 4.0, 1.0054842400513664, 1.1161943319838057, 1.0436846149299603, 1.0534236195701172, 1.082699137493658, 1.0870473537604457, 2.2967032967032965, 2.2857142857142856, 1.0285471027194872, 1.0821699553218276, 1.0219590287025755, 1.133878765340275, 1.0786733513305051, 1.0341151385927505, 1.0715437680134015, 1.0439189189189189, 1.222741433021807, 3.0, 1.0909090909090908, 1.0107361963190185, 1.0907335907335907, 1.099630996309963, 1.1109643328929988, 1.0240963855421688, 1.0641711229946524, 1.148905109489051, 1.1097560975609757, 1.1180617343097665, 1.2417582417582418, 1.0018975624807158, 2.0, 1.2495511669658887, 1.024390243902439, 1.184873949579832, 1.0849162011173183, 1.0529953917050692, 1.001980198019802, 1.1608300907911804, 1.0777912854309297, 1.0, 1.3404255319148937, 1.0, 1.0, 1.1363636363636365, 1.0403225806451613, 1.0553745928338762, 1.1310679611650485, 1.0674463313040692, 1.0962877030162412, 1.0504705183799055, 1.167693281906626, 1.0386398763523956, 1.1207853875324618, 1.0162162162162163, 1.1184645929847783, 1.043057571359458, 1.0453015790836138, 1.2052023121387283, 1.1635279347143754, 1.055845537931384, 1.1388111888111887, 1.0795496122841597, 2.0, 1.0515970515970516, 1.0681145113524186, 1.4074074074074074, 1.0, 1.1333333333333333, 1.25, 1.116600790513834, 1.3333333333333333, 1.1666666666666667, 1.0030168281817669, 1.1295794439425875, 1.0242181639462997, 1.0249091049740853, 1.2054054054054053, 1.1320495185694635, 1.0, 1.1492537313432836, 1.0293813366439064, 1.077217308152044, 1.085002650629633, 1.07899532976421, 1.0194670263570413, 1.1454545454545455, 1.0626446902392213, 1.1136767317939609, 1.043164338408413, 1.1083604736534949, 1.3333333333333333, 1.055672268907563, 1.0, 1.2387640449438202, 1.2083633001130176, 3.0, 1.0815876515986769, 1.1139383726528647, 1.4285714285714286, 1.0534304796599878, 1.2, 1.0555555555555556, 1.1001682976999314, 1.6153846153846154, 1.005776923727687, 1.036736437419906, 1.3571428571428572, 1.1153846153846154, 1.043298969072165, 1.0095648015303682, 1.0483443708609272, 1.0764291967962645, 1.154327662620509, 1.0, 1.0519769715402998, 1.1128048780487805, 2.0, 1.0181746892082018, 1.0960896271303746, 1.1371807000946075, 1.0111305676716864, 1.0371922871732338, 1.118811881188119, 1.7142857142857142, 1.0516, 1.007311129163282, 1.0927493933789219, 1.2064386317907445, 1.013094421615017, 1.0540269438136503, 1.1080586080586081, 1.1204668611921633, 1.1672240802675586, 1.049929906542056, 1.061198738170347, 1.0147058823529411, 1.0362394957983194, 1.0615258637535243, 3.0, 1.130946556963902, 1.0300513996682572, 1.0361633337324871, 1.7272727272727273, 1.292667685043744, 1.1338912133891212, 1.1428571428571428, 1.0828807222966776, 1.0420575865415722, 1.148471615720524, 1.0, 1.3333333333333333, 1.0666360562066353, 1.5, 1.02803738317757, 1.0, 1.0334240457748936, 1.3846153846153846, 1.1645569620253164, 1.0744234800838575, 1.0, 1.582010582010582, 1.2163882259347654, 1.25, 2.0, 1.1176470588235294, 1.1586206896551725, 1.0059453032104637, 1.2032828282828283, 1.1169284467713787, 1.224188790560472, 1.1014466214978942, 1.0597402597402596, 1.1722488038277512, 1.2244897959183674, 1.0384615384615385, 1.0, 1.159859976662777, 1.124098124098124, 1.0330578512396693, 1.0593787729118649, 1.0734807668212003, 1.0492059359541785, 1.09172027391575, 1.109384037015616, 1.2131386861313869, 1.016990291262136, 1.5714285714285714, 1.0, 1.2142857142857142, 1.0107154088653325, 1.088261253309797, 1.107843137254902, 1.2848101265822784, 1.0069492172584955, 1.0833490340439718, 1.0137587885343429, 1.0985915492957747, 1.2222222222222223, 1.048913043478261, 1.0561373276776247, 1.0578527120483294, 1.0218251556527964, 1.0, 1.1015948021264028, 1.0197183846165512, 1.12051649928264, 1.3609979633401221, 1.125, 1.0794346978557505, 1.4439024390243902, 1.1555555555555554, 1.013623978201635, 1.0701001430615165, 1.0, 1.028169014084507, 1.0040107384286963, 1.0555555555555556, 1.1060826785756932, 1.0205405405405406, 1.2647058823529411, 1.0146597366093604, 1.0378514780100938, 1.0866908407198497, 1.0381679389312977, 1.0272417707150965, 1.2031869808442108, 1.2173913043478262, 1.2857142857142858, 1.0, 1.4285714285714286, 1.0755722417342861, 1.3333333333333333, 1.2689147552208149, 1.1115179581067256, 1.0765561650369664, 1.0728897715988084, 1.0551900456790062, 1.0366559485530547, 1.025089605734767, 1.0554785020804438, 1.0023961285341718, 1.1528402699662543, 1.041710359429148, 1.219890401059858, 1.4285714285714286, 1.125, 1.0630252100840336, 1.0664841069014523, 1.0977198697068404, 1.2798165137614679, 1.0680529300567108, 2.1829787234042555, 1.0324685119541444, 1.0536912751677852, 1.0448086124401914, 1.125, 1.0765479020073894, 1.0497515031453097, 1.3331581713084604, 1.0581052631578947, 1.25, 1.1253012048192772, 1.1754385964912282, 1.6875, 1.0715525345288885, 1.6923076923076923, 1.1022222222222222, 1.0508083140877598, 1.06998556998557, 1.001347028119212, 1.0047281323877069, 1.5714285714285714, 1.0717703349282297, 1.0961064745027391, 1.0689427190399468, 1.0167290295668632, 1.0068520161687864, 1.0384285483775084, 1.0833333333333333, 1.0998263888888888, 1.1039465171447056, 1.0207152105004689, 1.0380761523046091, 1.0277777777777777, 1.012785388127854, 1.0280808593419606, 1.3715139442231075, 1.033466164193368, 1.0, 1.3333333333333333, 1.025365274790477, 1.0106655290102389, 1.2244744391666276, 1.0522657770364192, 1.0750199521149242, 1.1568123393316196, 1.104336083429439, 1.0777983679573457, 1.15625, 1.0393258426966292, 1.0214592274678111, 1.0993349040396603, 1.119047619047619, 1.75, 1.0629031726320648, 1.1718531979102444, 1.039715471250741, 1.0340909090909092, 1.224112961622013, 1.0036922435072837, 1.1869552994096149, 1.3071895424836601, 1.1923076923076923, 1.0882749326145553, 1.099537037037037, 1.15625, 1.5925925925925926, 1.0588557380712929, 1.1873141724479683, 1.165837479270315, 1.0975609756097562, 1.0402180091617348, 1.0858624663849406, 1.0653949129852744, 1.2204396910279263, 1.3333333333333333, 1.12, 1.3333333333333333, 1.1668408220132358, 1.1923076923076923, 1.0, 1.1538461538461537, 1.042384105960265, 1.0797101449275361, 1.0155803463829494, 1.0318461917673158, 1.1363636363636365, 1.3333333333333333, 1.1428571428571428, 1.064516129032258, 1.0135135135135136, 1.0285714285714285, 1.1243432574430823, 1.0218319228976855, 1.0299692033690773, 1.3061224489795917, 1.0829623246684859, 1.0476853010359841, 2.5, 1.067988499880916, 1.2915129151291513, 1.5, 2.0, 1.2094674556213019, 1.1255110091085132, 1.072211155378486, 1.2329192546583851, 1.0, 1.0886075949367089, 1.1013513513513513, 3.0, 2.0, 1.0216535433070866, 1.2373974996639334, 1.0512307884543297, 1.6666666666666667, 1.0292353848616214, 1.0418280402788536, 1.0533333333333332, 1.1428571428571428, 1.0610328638497653, 1.024053918227693, 1.027027027027027, 1.1175150154704847, 1.003820717208743, 1.2354651162790697, 1.07421875, 1.088145805542649, 1.069406392694064, 1.0289256198347108, 1.15, 1.0148056400876035, 1.6031372549019607, 1.0188660073160818, 1.3832335329341316, 1.1764705882352942, 1.2388059701492538, 1.0837837837837838, 1.058016219588272, 1.0143361917971874, 1.0623491090247175, 1.037117903930131, 1.5, 1.6666666666666667, 1.1365786613820879, 1.0927880386983289, 1.106399533164754, 1.0241958247935101, 1.0381334671349725, 1.0739515700926947, 1.5528169014084507, 1.0212765957446808, 1.1007782407043472, 1.0901358098251526, 1.2147458840372227, 1.052539404553415, 2.5, 1.056338028169014, 1.1051692681937968, 1.1091969255234562, 1.0049065713569099, 1.1038808617182203, 1.0340909090909092, 2.0, 1.0960307298335468, 1.0023489451802512, 1.1752341786611835, 1.144486692015209, 1.0729866971820912, 1.085987261146497, 1.1147902869757174, 1.0284057971014493, 1.0316121048486895, 1.0593484300025255, 1.0345622119815667, 1.0511440107671601, 1.0, 1.1371939370384765, 1.0496160526556357, 1.0587412587412588, 1.0222313568321173, 1.1017780502759043, 1.01285930408472, 1.2, 1.2764227642276422, 1.6666666666666667, 2.0, 1.2352941176470589, 1.0051413881748072, 1.0268562401263823, 1.0478210116731517, 1.0021430714500021, 1.1180461329715061, 1.0061039781098715, 1.1195652173913044, 1.1395348837209303, 1.039030002034274, 1.6, 1.4166666666666667, 1.3237193284545845, 1.1428571428571428, 1.1093057607090104, 1.1437908496732025, 1.0626376783832967, 1.0765610037168687, 2.0, 1.0439628482972136, 1.246124031007752, 1.0356404958677685, 1.0394689762103544, 1.1186868686868687, 1.1441780821917809, 1.1578769362584835, 1.1199758963543236, 1.0227642276422764, 1.0985915492957747, 1.1103351955307263, 1.0, 1.0, 1.0417411752083259, 5.0, 1.5714285714285714, 1.6363636363636365, 1.040150564617315, 1.1604938271604939, 1.082039911308204, 1.0890545311887014, 1.0, 1.1284916201117319, 1.0110981308411215, 1.1861702127659575, 1.2956730769230769, 1.4285714285714286, 1.0068523430592395, 1.1274944567627494, 1.1469933184855234, 1.0316102640386762, 1.022078548491536, 1.026794515637602, 1.0700976042590948, 1.0, 1.1580149765198628, 1.0478766135865918, 1.0548332137733143, 1.1774193548387097, 1.0949223888450408]
origin-bjaq_15.71 	max: 5.0000	99th: 2.5000	95th: 1.6934	median: 1.0816	mean: 1.1706

...Done, result: results.csv

WORKLOAD-FINISHED | Type: QueryWorkload | Progress: 1/3 | Workload-time: 13.934269 | Model-update-time: 0.000000


WORKLOAD-START | Type: DataUpdateWorkload | Progress: 2/3
Going to run: ['python', '/home/kangping/code_copy/SAUCE/Naru/eval_model.py', '--model=transformer', '--data_update=tupleskew', '--dataset=bjaq', '--drift_test=js', '--end2end', '--update_size=80000', '--query_seed=0', '--eval_type=drift']
Torch device: cuda:1
GET-MODEL-PATH=./models/end2end/transformer/origin-bjaq-0.4MB-model34.249-data18.543-300epochs-seed0.pt
GET-DATASET-PATH=./data/bjaq/end2end/bjaq.npy
TupleSkewSample - START
0.001
TupleSkewSample - END
load_npy_dataset_from_path - df.shape = (458601, 5)
Parsing... done, took 0.0s
Data updated!
Previous data size: (382168, 5), new data size: (76433, 5)
[1.7881393e-05 6.9081783e-05 1.2755394e-05 4.6193600e-05 1.2457371e-05]
Distance score: 3.16739096888341e-05
SAUCE Drift detection: True
Detection latency: 0.0228s

DRIFT-DETECTED after 2-th workload
Going to run: ['python', '/home/kangping/code_copy/SAUCE/Naru/incremental_train.py', '--dataset=bjaq', '--end2end', '--model=transformer', '--model_update=adapt', '--update_size=80000', '--epochs=0']
Torch device: cuda:1
GET-MODEL-PATH=./models/end2end/transformer/origin-bjaq-0.4MB-model34.249-data18.543-300epochs-seed0.pt
update_size: 76433
AdaptTask - START
GET-DATASET-PATH=./data/bjaq/end2end/bjaq.npy
load_npy_dataset_from_path - df.shape = (458601, 5)
Parsing... done, took 0.0s
done, took 0.0s
dataset size: 458601
train data shape: torch.Size([76433, 5]), transfer data shape:torch.Size([15286, 5])
Training done; evaluating likelihood on full data:
Epoch None Iter 0, test loss 24.3402 nats / 35.1155 bits
Saved to: /home/kangping/code_copy/SAUCE/models/end2end/transformer/origin-bjaq-0.4MB-model34.249-data18.543-300epochs-seed0.pt
AdaptTask - END

WORKLOAD-FINISHED | Type: DataUpdateWorkload | Progress: 2/3 | Workload-time: 3.999268 | Model-update-time: 4.995503


WORKLOAD-START | Type: QueryWorkload | Progress: 3/3
Going to run: ['python', '/home/kangping/code_copy/SAUCE/Naru/eval_model.py', '--dataset=bjaq', '--model=transformer', '--end2end', '--query_seed=0', '--eval_type=estimate', '--num_workload=3', '--data_update=tupleskew', '--model_update=adapt', '--random_seed=42']
Torch device: cuda:1
GET-MODEL-PATH=./models/end2end/transformer/origin-bjaq-0.4MB-model34.249-data18.543-300epochs-seed0.pt
ckpts [PosixPath('/home/kangping/code_copy/SAUCE/models/end2end/transformer/origin-bjaq-0.4MB-model34.249-data18.543-300epochs-seed0.pt')]
Validate Argument: DATASET="bjaq" is valid.
data size: 458601, total size: 458601, split index: [382167 458601]
Parsing... done, took 0.0s
Loading ckpt: /home/kangping/code_copy/SAUCE/models/end2end/transformer/origin-bjaq-0.4MB-model34.249-data18.543-300epochs-seed0.pt
query_seed:0
origin-bjaq_15.71 	max: 208.0000	99th: 69.9000	95th: 3.2472	median: 1.1159	mean: 3.4307
ReportEsts: [1.2857142857142858, 1.0311682650392329, 1.029457382627516, 1.1365384615384615, 1.3043478260869565, 1.0, 1.0535665975290829, 1.0533411906155574, 1.2, 1.1810012836970476, 1.0941286752937949, 1.04410897909995, 1.121212121212121, 1.0543293718166384, 1.0840464547677262, 1.413625304136253, 1.4461538461538461, 25.625, 1.0909090909090908, 1.1113013698630136, 1.0005613562366678, 1.0301412668446064, 1.097452934662237, 1.0024772914946325, 1.0130017849018305, 1.0106421987055403, 2.0, 1.1626318493668208, 1.2, 1.4, 1.0041455550437586, 1.0, 1.0483446026862207, 1.0225353419742012, 1.2032244378447179, 1.0134647751863428, 1.2530748898678414, 1.3556149732620322, 2.489539748953975, 1.1072100313479625, 1.0869992144540455, 1.0015777314475687, 1.8288770053475936, 1.0633506422519814, 1.1978260869565218, 1.0112645231888255, 9.576923076923077, 4.2, 1.1954022988505748, 1.2648953301127215, 5.291666666666667, 1.0353982300884956, 1.28, 1.206896551724138, 1.0149564328481722, 1.0161134250494341, 1.084684943304148, 1.0918918918918918, 1.2820512820512822, 1.0902301449413332, 1.5740740740740742, 1.0680787462100183, 1.1506849315068493, 1.259090909090909, 1.1494252873563218, 49.75, 1.0681705809641533, 1.236905078436586, 1.4, 1.0, 1.0247694535477478, 1.2806484295846, 1.0193164933135215, 1.162162162162162, 1.0396103403835948, 1.0311155246607084, 1.171383552511969, 3.046153846153846, 1.2524271844660195, 1.0697133368611207, 1.0493039443155452, 28.142857142857142, 1.0, 12.210526315789474, 1.1987381703470033, 1.2941176470588236, 1.0065402223675606, 68.0, 100.5, 1.1294784803487725, 1.2059351051687592, 1.4024908869987849, 1.0919540229885059, 1.0401822323462415, 1.3302180685358256, 1.0292134831460673, 1.175104228707564, 1.0793854033290653, 12.6875, 1.4314830875975715, 1.04, 197.0, 1.0337323814141683, 1.011666059059424, 1.08100147275405, 1.2117832117832117, 1.0625, 1.0213544604325984, 1.000418672807201, 1.2708376897662164, 1.297864768683274, 1.0066518847006651, 1.5, 93.0, 1.0926580290537888, 1.0589932526411026, 1.2659507264687302, 1.2987012987012987, 1.0499690740022434, 2.0, 1.0102088167053365, 1.0210526315789474, 1.0, 1.1703296703296704, 1.0, 1.5213032581453634, 1.0180661562634246, 1.0347947998980371, 1.0982142857142858, 1.5, 1.0247608328643782, 1.0, 208.0, 1.1048749775139413, 1.0, 1.11395101171459, 1.0312077832143223, 1.008016920820114, 69.66666666666667, 1.2142857142857142, 1.176039119804401, 1.1407725321888411, 1.2949421084704449, 1.0452309953504149, 1.0125, 1.2825258573761569, 1.0960659859565205, 3.0, 1.1269016697588126, 1.0358180058083253, 1.119753777280358, 1.1158306973941858, 1.5, 1.202717777101714, 1.0773130544993663, 1.1139455782312926, 7.181818181818182, 1.0, 1.2290536467751658, 1.151995015705719, 1.1639601669352506, 1.2590673575129534, 1.3717105263157894, 1.5714285714285714, 1.1219512195121952, 1.051497005988024, 1.8571428571428572, 1.061267056219848, 15.466666666666667, 1.506155950752394, 1.0224975033942618, 1.2847555129434325, 1.0529906659411494, 1.4673684210526317, 1.069327731092437, 1.1198250273394783, 4.2105263157894735, 1.066562255285826, 1.2633624878522838, 1.040599455040872, 1.1312459032924924, 1.1901099468332215, 1.6542553191489362, 1.5857664233576643, 1.0032405668905857, 1.089707524000893, 1.3128654970760234, 1.1857629041406692, 1.3357487922705313, 50.0, 1.5833333333333333, 1.1037541490214031, 1.04, 1.1025390625, 1.0207088305920162, 1.0114526219346343, 1.0648454436316213, 1.0525812619502868, 1.1208185271412816, 1.0914729031821564, 1.167963949201147, 1.1077283372365339, 1.1087124132613724, 1.0723441892022876, 1.0196548418024929, 1.1148352694724815, 1.4745762711864407, 1.234375, 1.0, 1.0, 1.1940298507462686, 1.0070237050043898, 1.613240418118467, 1.5517241379310345, 1.1042696629213482, 15.083333333333334, 1.0433455674861511, 1.1875, 1.1871226595338173, 65.66666666666667, 1.1358381502890174, 1.202329360780065, 1.0128956058524357, 1.0231189413755963, 8.23076923076923, 1.248819641170916, 1.0667650732371976, 1.0068027210884354, 1.2341772151898733, 1.0948012232415902, 1.1601067378252168, 1.0656352710733374, 1.6435643564356435, 1.000434757202127, 1.0603020330329407, 1.2899628252788105, 1.2376543209876543, 1.0096670247046187, 19.454545454545453, 1.1609822646657573, 2.0, 1.1800981079187105, 1.1561633169497298, 1.168817865191559, 1.0559701492537314, 1.1666666666666667, 1.6666666666666667, 1.0275666924344744, 1.309090909090909, 1.0904025134862767, 1.2, 4.516129032258065, 1.221938775510204, 1.1428571428571428, 1.007104420092898, 1.212707182320442, 1.3027426160337552, 1.0370879120879122, 1.1115830115830116, 1.0259381378552364, 1.1228070175438596, 2.0, 1.0406715555821775, 1.0004125655684564, 1.3309982486865148, 1.04767425010868, 1.1297327666226977, 1.0109911541408372, 1.0296846011131726, 1.1134306869600987, 1.229066985645933, 1.0074795203609166, 1.0705590865022083, 1.3636363636363635, 1.00394146420342, 1.4676724137931034, 1.4318181818181819, 1.0416666666666667, 1.1802757158006363, 1.0547945205479452, 1.0071657698675496, 1.0655371958446629, 1.4178272980501392, 1.6040100250626566, 1.037668125264665, 1.0753375977256574, 1.0882921125543326, 1.0445124212087504, 1.0, 1.1499068901303537, 1.2170429715950473, 1.0070242426425562, 1.0815936405791615, 1.0921579223545812, 1.3200224971878516, 1.4279038718291055, 1.0693233407797074, 1.0411126952024137, 1.0986701602627376, 1.054435004129166, 1.1536796536796536, 7.178571428571429, 1.4545454545454546, 1.165695792880259, 9.272727272727273, 1.2385120350109409, 1.0445717248856834, 1.0268524609772143, 1.6451612903225807, 1.2574257425742574, 3.5157232704402515, 1.0363410742776105, 1.0082418946427685, 1.3, 1.085118006993007, 1.0402851312783454, 1.447887323943662, 111.0, 1.0, 1.0214556163230963, 1.4285714285714286, 1.0046078072993825, 1.8021806853582554, 1.263157894736842, 1.025040962766258, 1.4761904761904763, 1.1666666666666667, 1.0021401724830936, 2.0, 1.1717011128775834, 1.2412790697674418, 1.4941569282136895, 1.1226343679031037, 1.1721311475409837, 1.043956043956044, 1.092792935224501, 1.1281407887152013, 1.0333333333333334, 1.0071820265182518, 1.0016770483948252, 3.0, 1.1111111111111112, 1.0339411394457265, 1.5, 1.0715281003251278, 1.588235294117647, 206.0, 1.2222222222222223, 1.6285140562248996, 1.0194552529182879, 1.0078125, 1.6772908366533865, 1.5606060606060606, 1.3333333333333333, 1.094246397879023, 3.4473684210526314, 1.3571428571428572, 1.0180219823202692, 1.1043478260869566, 1.0382848392036754, 1.174778761061947, 1.75, 1.0, 1.3014318010550112, 1.0909090909090908, 1.0019323671497584, 1.1249187035131907, 1.303198519693365, 1.2679425837320575, 1.5, 1.0223236435064427, 4.955555555555556, 1.2692307692307692, 207.0, 1.2486368593238821, 1.0, 1.6586956521739131, 1.0891089108910892, 1.0905134496967452, 1.095697530457206, 4.981481481481482, 1.0702557801854127, 1.137650144967555, 1.251937984496124, 1.0775444264943457, 1.1385070438558238, 1.08, 1.2333333333333334, 1.0121830381156398, 1.058961410195331, 1.0038387715930903, 1.2228571428571429, 1.2285714285714286, 1.097872340425532, 2.0, 1.1428571428571428, 2.566666666666667, 1.3876146788990826, 2.3254437869822486, 1.066427289048474, 1.1046301864101022, 1.4824707846410685, 1.0176213211336163, 1.3337912087912087, 1.0524911762291718, 1.127906976744186, 1.0990990990990992, 1.442159383033419, 1.0, 1.015626064639215, 1.3137254901960784, 1.086221313760104, 1.0570139156969798, 1.097579748567519, 1.1591030432461291, 1.375, 1.0299319727891156, 1.1666666666666667, 1.1634877384196185, 1.0909090909090908, 1.0829307056579784, 1.2492753623188406, 1.2359771514186721, 1.4197530864197532, 1.0296819787985865, 3.0, 1.0399673735725938, 1.0037433727024094, 1.0771962754407272, 2.0, 1.4126984126984128, 1.2216867469879518, 1.0419161676646707, 1.0475234725813036, 1.0216919427873212, 1.2380952380952381, 1.3008915304606241, 1.0498682343401582, 1.0677315860055339, 1.065362770415214, 1.0448823950440556, 1.2030959752321981, 5.4523809523809526, 1.1731182795698925, 1.046284716018502, 1.1296296296296295, 1.2419354838709677, 1.0, 1.5, 1.4172549019607843, 1.1196581196581197, 1.0095642933049946, 1.0605896054530646, 1.0520481927710843, 1.0, 1.0087719298245614, 1.24, 1.0602714305316876, 1.0909090909090908, 1.0, 1.0029856687898089, 1.0, 1.0, 1.1345496009122007, 2.0, 1.1309394269133115, 1.1908602150537635, 1.3153846153846154, 1.3333333333333333, 1.0664448388050873, 1.0827526132404182, 1.25, 1.0573363431151241, 1.2545454545454546, 1.5865580448065173, 1.1162952646239555, 1.2011222681630243, 1.0456533055700157, 1.0, 1.162162162162162, 1.110851467796115, 1.0631408526713437, 1.1340579710144927, 1.0, 1.0657091561938958, 1.0105873469754916, 1.103155911446067, 2.0, 1.0725034199726402, 1.058021293170605, 1.0086521396174324, 1.0096228293330385, 1.0003622020435439, 1.0310397359400787, 1.130035335689046, 1.0535884008838574, 2.0, 1.1425817193935677, 1.696078431372549, 1.0943495400788437, 1.0912143256855065, 1.3788659793814433, 1.0120874093269678, 1.2067736185383244, 1.0478088280736226, 1.1684019918515165, 1.058331728771649, 3.2366863905325443, 1.1447880756925672, 1.0063066328379848, 1.16, 1.0740740740740742, 1.078744111832277, 1.278061224489796, 1.001831939466348, 1.0531345508758851, 1.0, 1.3001250521050438, 1.9759450171821307, 18.583333333333332, 1.4318181818181819, 1.0120798133441509, 1.0689655172413792, 1.0198412698412698, 1.0, 2.4476987447698746, 1.1260180995475113, 1.179480651731161, 1.0532808868228143, 1.0327746932181006, 1.1206896551724137, 1.230561555075594, 1.3375188347564038, 1.0274097128066066, 1.8206896551724139, 1.0306918021717453, 1.0114352392065344, 1.032967032967033, 1.0703152466893238, 1.5210355987055015, 1.0179329244768456, 2.0, 1.1619170984455958, 1.3134920634920635, 1.2885311871227365, 1.0968523002421307, 1.1433260393873086, 1.183794466403162, 1.362962962962963, 1.0970378940015717, 1.0, 1.6170212765957446, 1.1666666666666667, 1.0, 1.375, 9.0, 1.1558641975308641, 1.3300970873786409, 1.0171550212872527, 2.256666666666667, 1.0533174813663175, 1.1318718058938722, 1.3745771206615713, 1.106358644196175, 1.0097846221367395, 1.0149492792311798, 1.0293647200845029, 1.0492619530826537, 1.1385669125395153, 1.3107932379713914, 1.2349869451697129, 1.06, 1.021416479666155, 1.0277777777777777, 1.0822700511533636, 1.065934065934066, 1.1892589723728375, 1.0392609699769053, 1.5, 1.3122362869198312, 1.3571428571428572, 8.586206896551724, 2.2824074074074074, 1.0267077037576848, 1.0134203844758796, 1.434108527131783, 1.8159203980099503, 1.081654671526124, 1.035952763694819, 1.3231441048034935, 1.0, 42.8, 1.167569249922191, 1.2702702702702702, 1.109765329295988, 1.0173060884070058, 1.0, 1.1102082275266634, 1.4285714285714286, 1.0914035118009635, 1.3623445825932505, 1.0062965188849338, 1.009625098215288, 1.0018791317474363, 1.6623376623376624, 26.625, 1.1889495593880088, 1.0, 1.3051428571428572, 1.008695652173913, 1.1643489254108723, 1.1031976744186047, 1.375, 1.0227336850114994, 1.0902255639097744, 1.7868852459016393, 1.0131902176464145, 1.2769541778975741, 1.2036914963744232, 1.0744167733044592, 1.0152329749103943, 1.0564930300807043, 1.4, 1.0408337538330164, 1.0284832421914316, 1.0555555555555556, 1.0367751060820367, 1.1649363369245838, 2.7545454545454544, 1.0060121325918971, 1.1111111111111112, 1.0414110429447854, 1.1979051263974216, 2.145658263305322, 1.45, 1.0750056671351498, 1.1946902654867257, 2.5714285714285716, 1.0702127659574467, 1.2123778501628664, 1.1403025940666722, 1.083698953763078, 1.013507439965591, 1.0081516270852307, 1.4578754578754578, 1.0231433506044905, 1.5618729096989967, 1.0663665639737185, 1.0493295019157087, 1.068840579710145, 1.2170130497825036, 1.07920952458087, 1.6703296703296704, 1.0124069478908189, 1.2777777777777777, 1.6, 1.080865603644647, 1.685324825986079, 1.1900278940027893, 1.5643564356435644, 1.1666666666666667, 1.004885993485342, 1.057356608478803, 2.046783625730994, 1.0475080686257856, 2.0, 1.1302190988011576, 1.5, 1.1117117117117117, 1.1538461538461537, 1.010518496508691, 1.1612903225806452, 1.4514767932489452, 1.1100993377483444, 1.0, 1.1626052281789987, 1.1129032258064515, 1.5, 2.0, 1.037593984962406, 1.1604651162790698, 1.15249929398475, 1.2045929018789143, 1.084375, 2.3846153846153846, 1.2900302114803626, 1.065560821484992, 1.0244897959183674, 1.5673469387755101, 1.2307692307692308, 1.0, 1.059806508355321, 1.0208574739281575, 1.009789156626506, 1.0081021576398062, 1.0818481322068123, 1.0225115868461707, 1.09465447053567, 1.1281141945207909, 1.1462857142857144, 1.4732279449260581, 1.2222222222222223, 1.0, 1.0625, 1.0201846247356625, 1.1253776435045317, 1.3300653594771241, 1.3201970443349753, 1.0353317659352141, 1.0751409347154028, 1.0068539585526823, 1.0769230769230769, 1.0476190476190477, 26.875, 1.0871109607577807, 1.0443467081669937, 1.019508388607101, 1.1907894736842106, 1.0922222965291246, 1.1266289648389476, 1.0702345594394944, 1.2891459074733096, 1.0786557971860815, 1.0634328358208955, 1.0207100591715976, 1.343108504398827, 1.0256883338064149, 29.571428571428573, 1.6085106382978724, 1.0, 1.2315175097276265, 1.0066028436786887, 1.0925925925925926, 1.0488142498955286, 1.0044365572315883, 1.0, 1.0317049982374242, 1.0333225398133703, 1.0993459177233347, 1.2442748091603053, 1.0441458733205373, 1.2180334786889857, 1.018181818181818, 1.7142857142857142, 1.0, 1.1111111111111112, 1.0551690860106961, 1.6666666666666667, 1.216067461118966, 1.107806944035513, 1.2725974290961029, 1.0384742404227212, 1.0468021721924192, 1.1141428320758027, 1.2652329749103943, 1.0688448074679113, 1.019532051180916, 1.0953941174255264, 1.0401492761608977, 1.155090157316566, 1.25, 1.5309882747068677, 1.1264822134387351, 1.095099459319919, 1.3940217391304348, 1.2377544173562962, 1.1557522123893806, 1.8722627737226278, 1.0737039795356669, 1.1941848390446521, 1.0730801604198643, 1.3125, 1.0463160141451087, 1.0086337959411396, 1.4416376306620209, 1.1681518791166214, 1.032258064516129, 1.3910604415490408, 1.1682027649769586, 1.0223784564200746, 2.152854511970534, 1.0197982249867252, 1.0909090909090908, 1.2319708619991907, 1.2577475434618293, 1.0728395061728395, 1.3755530973451326, 1.3665158371040724, 1.0688976377952757, 1.1465308102862688, 1.0055250774525335, 1.041899441340782, 1.0854932966655209, 1.0684288592238382, 1.3846153846153846, 1.45746962115797, 1.1311130587204208, 1.0796369061377151, 8.6875, 1.3178334184977005, 1.056701030927835, 9.454545454545455, 1.1991084695393759, 1.0229058569280258, 104.0, 1.0744456177402324, 1.2586088847718393, 1.0908445706174592, 1.2258064516129032, 1.0998750846277807, 1.161317464202668, 1.1159522136331694, 1.1666666666666667, 1.1051659451659452, 1.0923196491520248, 1.0271370420624153, 1.145945945945946, 1.0948687350835322, 1.0853862860688799, 1.3214285714285714, 1.75, 1.0229622355146861, 1.162105945595505, 1.0618293306080735, 1.2613636363636365, 1.4645184648805214, 1.0124695039306044, 1.1312970139047185, 1.5712719298245614, 1.4230769230769231, 1.2466307277628033, 2.712962962962963, 1.365625, 1.1944444444444444, 1.0692304123950458, 1.4291377601585729, 1.7959183673469388, 1.170731707317073, 1.0039651070578905, 1.155152224824356, 1.2823529411764707, 12.833333333333334, 1.0929778933680103, 1.5210727969348659, 1.0184171229467396, 1.0833333333333333, 1.0225797022778045, 1.0485074626865671, 1.1472986748216105, 1.5368421052631578, 196.0, 1.2702078521939955, 1.0127992211659604, 1.0679431148109608, 1.126149802890933, 1.0303030303030303, 1.0625, 1.1935483870967742, 1.337837837837838, 1.1571428571428573, 1.0650510204081634, 1.023193264098871, 1.0329442386996655, 1.1130434782608696, 1.081249112039326, 1.0362516676097524, 2.5, 1.023220414963301, 1.2022700321870234, 1.5, 2.0, 1.257934508816121, 1.1525591770975339, 1.0655807835042725, 1.3726708074534162, 1.0, 1.1124031007751938, 1.303680981595092, 23.22222222222222, 1.0920644761314322, 1.0841108557822752, 1.0557914965497903, 1.0653992395437262, 1.4285714285714286, 1.016644830788308, 1.0420792079207921, 1.1866666666666668, 1.356115107913669, 1.098809523809524, 1.0, 6.170731707317073, 1.2218727583733378, 1.0219349215572342, 2.1359223300970873, 2.003125, 1.06699088894361, 1.0768573868488471, 1.2892561983471074, 1.1311475409836065, 1.0343522286363207, 1.6403957131079967, 1.0856098729930506, 1.1059602649006623, 1.4019607843137254, 3.5714285714285716, 1.0, 1.0760502913216805, 1.3619791666666667, 1.0098238607649546, 1.0682226211849193, 1.5, 1.4724592707525213, 1.0523305690591935, 1.4489885664028144, 1.1280679672750158, 1.0728619944427293, 1.0938511326860842, 1.0810713643717418, 1.0626506024096385, 1.1666666666666667, 1.0566012986161213, 1.1163172475118848, 1.2639138240574506, 1.0214669051878353, 1.6666666666666667, 1.1066666666666667, 1.0122544048870123, 1.1351819757365684, 1.0555427330120155, 1.112389663031455, 1.0836477987421385, 1.6, 1.1074766355140186, 1.0731920090726685, 1.1997670355270822, 1.0570342205323193, 1.0633730449447594, 1.2707006369426752, 1.2056159420289856, 1.067700258397933, 1.0281722393465245, 1.111742165047215, 1.2546082949308757, 1.0732519422863485, 1.1875, 1.2620964251709512, 1.3180394990366089, 1.0476856967464703, 1.1253417167851285, 1.0651085141903172, 1.0148367952522255, 2.6447368421052633, 1.4439746300211416, 1.6666666666666667, 2.5, 1.3529411764705883, 1.2148337595907928, 1.0502828409805154, 1.06866296653262, 1.0130383753601024, 1.1100564971751412, 1.0776419841840403, 1.4130434782608696, 1.0286307053941908, 1.0069781658381296, 1.3333333333333333, 1.75, 1.340964273326396, 1.0, 1.0972037283621838, 1.2929589270746018, 1.0659634640373004, 1.0995594006779479, 2.0, 1.1815500134084205, 1.054985638079606, 1.1091394065127995, 1.0313272283457404, 1.3257575757575757, 1.0444621938232161, 1.1359099478762338, 1.0896305833415867, 1.2527821939586645, 1.0140845070422535, 1.031111111111111, 1.0, 112.0, 1.0311763599553043, 5.0, 1.8571428571428572, 1.35, 1.063959390862944, 1.0874210565420908, 1.061127596439169, 1.2175925925925926, 1.1666666666666667, 1.0705110173464605, 1.2225467289719627, 1.1812080536912752, 1.0209339774557167]
origin-bjaq_15.71 	max: 208.0000	99th: 69.9000	95th: 3.2472	median: 1.1159	mean: 3.4307

...Done, result: results.csv

WORKLOAD-FINISHED | Type: QueryWorkload | Progress: 3/3 | Workload-time: 14.007690 | Model-update-time: 0.000000


Experiment Summary: #data-update-times=1, #drift=1 | total-time=36.964300