Input arguments = Namespace(data_update='tupleskew', update_size=80000, dataset='bjaq', debug=False, drift_test='js', model_update='adapt', model='transformer', end2end=False, query_seed=0, random_seed=42, num_workload=3)
JSON-passed parameters = {'data_updater': {'skew_ratio': '1e-3'}, 'random_seed': 74, 'transformer': {'epochs': 0}}
MODEL-PATH=/home/kangping/code_copy/SAUCE/models/end2end/transformer/origin-bjaq-0.4MB-model34.249-data18.543-300epochs-seed0.pt
DATASET-PATH=/home/kangping/code_copy/SAUCE/data/bjaq/end2end/bjaq.npy
Workloads: ['QueryWorkload', 'DataUpdateWorkload', 'QueryWorkload']

WORKLOAD-START | Type: QueryWorkload | Progress: 1/3
Going to run: ['python', '/home/kangping/code_copy/SAUCE/Naru/eval_model.py', '--dataset=bjaq', '--model=transformer', '--query_seed=0', '--end2end', '--eval_type=first_estimate', '--num_workload=3', '--data_update=tupleskew', '--model_update=adapt', '--random_seed=42']
Torch device: cuda:1
GET-MODEL-PATH=./models/end2end/transformer/origin-bjaq-0.4MB-model34.249-data18.543-300epochs-seed0.pt
ckpts [PosixPath('/home/kangping/code_copy/SAUCE/models/end2end/transformer/origin-bjaq-0.4MB-model34.249-data18.543-300epochs-seed0.pt')]
Validate Argument: DATASET="bjaq" is valid.
load_npy_dataset_from_path - df.shape = (382168, 5)
Parsing... done, took 0.0s
Loading ckpt: /home/kangping/code_copy/SAUCE/models/end2end/transformer/origin-bjaq-0.4MB-model34.249-data18.543-300epochs-seed0.pt
query_seed:0
origin-bjaq_15.71 	max: 5.0000	99th: 2.7525	95th: 1.7500	median: 1.0829	mean: 1.1765
ReportEsts: [1.0412698412698413, 1.0059895833333334, 1.0548948975015553, 1.0810810810810811, 1.5789473684210527, 1.0, 1.0588747415387965, 1.056232790338502, 1.0, 1.0196335078534031, 1.1258476899546936, 1.0432211798664983, 1.0197002141327622, 1.0790697674418606, 1.039208760155422, 1.0, 1.0666666666666667, 1.0425079702444209, 3.0, 2.0, 1.0384615384615385, 1.065389210550501, 1.081741276902111, 1.060481503229595, 1.0355204736063148, 1.0, 1.171923020635153, 2.0, 1.4, 1.0296296296296297, 1.0, 1.0458820668155386, 1.0049517740268687, 1.0504994450610432, 1.0916434131296813, 1.2381910390209145, 1.1657754010695187, 1.0109234621238157, 1.1926441214959709, 1.0833333333333333, 1.196319018404908, 1.0731707317073171, 1.0, 1.0236954662104363, 1.155614973262032, 1.8615384615384616, 1.0097087378640777, 1.2897526501766785, 1.0258833096157756, 1.0925925925925926, 1.148346404415121, 1.1151202749140894, 1.034805628231804, 2.0, 1.2597402597402598, 1.1760721516657464, 1.261467889908257, 1.3461538461538463, 1.0248447204968945, 1.25, 1.0780398037077425, 1.0902864259028642, 1.0909090909090908, 1.0235294117647058, 1.1818181818181819, 1.0475344452501814, 1.2713661883967562, 1.75, 1.0, 1.0035550566002431, 1.0096385542168675, 1.0664723032069972, 1.0325581395348837, 1.1133770678836281, 1.0870588235294119, 1.0756972111553784, 1.0, 1.1089770354906054, 2.6666666666666665, 1.0062513534974373, 1.125, 1.0417128693496835, 1.2331288343558282, 1.0832298136645964, 1.1167811579980373, 1.04, 1.0697332817935834, 1.0232830680554392, 1.0490196078431373, 1.75, 1.1310483870967742, 1.076753857103364, 1.043613707165109, 1.0434782608695652, 1.017351598173516, 1.07012987012987, 1.0444444444444445, 1.155818540433925, 1.0, 1.2371122640468042, 1.0030329289428077, 1.0917667238421955, 1.2233541981437515, 1.2142857142857142, 1.020224175368362, 1.02920095566764, 1.1240138408304499, 1.068259385665529, 1.0450643776824033, 1.3333333333333333, 1.6666666666666667, 1.066588785046729, 1.0574718855209757, 1.047378395451674, 1.103896103896104, 1.0591228114308715, 1.0, 1.1163670766319773, 1.2108922363847046, 1.0, 1.0055248618784531, 1.0, 1.1604010025062657, 1.0297304276158707, 1.1004115865496622, 1.1428571428571428, 1.8, 1.1746688741721854, 1.0, 1.1428571428571428, 1.1058163192278987, 1.3, 1.1468098958333333, 1.0347742531103394, 1.0474588785430083, 1.006675567423231, 1.0082191780821919, 1.0763834762275917, 1.039972432804962, 1.0853138330286412, 1.0339028655993543, 1.361344537815126, 1.005218525766471, 1.0826203891883999, 2.0, 1.0191431175934367, 1.0114285714285713, 1.0951086956521738, 1.1138168343038646, 1.5, 1.1788568660692662, 1.0514018691588785, 1.0183299389002036, 1.1074561403508771, 1.0855784469096672, 1.0956778721832288, 1.0856962098119285, 1.0651234271443666, 1.047808764940239, 1.1019736842105263, 1.3061224489795917, 1.393939393939394, 1.0338733431516938, 1.4285714285714286, 1.0652326330098014, 1.0073427933114245, 1.1696969696969697, 1.3654089889831336, 1.1196990424076607, 1.0769923935225676, 1.3157894736842106, 1.127962085308057, 1.0878280236273845, 1.0920121334681496, 1.0371009490940466, 1.0767735665694849, 1.0241935483870968, 1.0884250474383301, 1.0406856963120232, 1.0, 1.1031746031746033, 1.0129833474456675, 1.0283094098883572, 1.2037408149632598, 1.2105263157894737, 1.0804374389051807, 1.28618104939458, 1.1005345973205203, 1.1153846153846154, 1.1263636363636365, 1.1040983502779078, 1.0, 1.0, 1.026149065816553, 1.0614457831325301, 1.003701989819528, 1.4, 1.0643086816720257, 1.0504683557962562, 1.0658687498506891, 1.0626410835214446, 1.1203752503425741, 1.7175141242937852, 1.032258064516129, 1.2173913043478262, 1.0, 1.391304347826087, 1.0318561741050307, 1.3519163763066202, 1.2528735632183907, 1.0143351458230352, 1.0031277926720286, 1.0236942719842856, 1.060786816113639, 1.1843846153846154, 1.3037037037037038, 1.0534682080924855, 1.0045366169799093, 1.0639611695100235, 1.026991395242075, 1.0, 1.0803312629399586, 1.1257164240836666, 1.0065570522366112, 1.151105651105651, 1.0063463757474038, 1.2855589386689865, 1.0357142857142858, 1.0034628368905687, 1.0858690046415678, 1.0169204737732656, 1.1162790697674418, 1.0949352714058596, 1.018181818181818, 1.126771653543307, 2.0, 1.2067293983461649, 1.1521326485037964, 1.1237693389592123, 1.2407407407407407, 1.0909090909090908, 1.6666666666666667, 1.078384129719843, 1.0909090909090908, 1.1248466479035866, 1.5, 1.0, 1.0, 1.1342701014832162, 1.030612244897959, 1.0359116022099448, 1.121308016877637, 1.031456953642384, 1.0020990764063813, 1.1306982056096475, 1.0175438596491229, 2.0, 1.0666111488084222, 1.093487394957983, 1.1050788091068302, 1.0096880408628477, 1.0878899234658637, 1.0245686544643442, 1.0914149443561207, 1.0827421086914424, 1.019736842105263, 1.0725503822098679, 1.0576698272502922, 1.1818181818181819, 1.0020420911012877, 1.0064377682403434, 1.1818181818181819, 1.25, 1.0234462225530332, 1.0555555555555556, 1.1452991452991452, 1.1251867303680776, 1.1197771587743732, 1.3834586466165413, 1.0163902415933446, 1.0503355704697988, 1.022050210476213, 1.050786128456735, 1.25, 1.022844670789378, 1.6666666666666667, 1.026803157332212, 1.0259179265658747, 1.0243775886395703, 1.0810810810810811, 2.0, 1.434782608695652, 1.0441176470588236, 1.0616517004696289, 1.0, 1.0856269113149848, 1.0588235294117647, 1.0076121794871795, 1.0158537010361972, 1.0738636363636365, 1.1320754716981132, 1.0021050133595837, 1.1370026055907614, 1.0953611634324762, 1.0940170940170941, 1.0, 1.077565632458234, 1.2492307692307691, 1.1505376344086022, 1.0670598146588037, 1.0275229357798166, 1.1408450704225352, 1.2826086956521738, 1.00960219478738, 1.008849557522124, 1.2857142857142858, 1.0077266648939656, 1.056092843326886, 1.2666666666666666, 1.0591615586690017, 1.2380952380952381, 1.2727272727272727, 1.0096705340349543, 2.0, 1.1989026063100137, 1.0261627906976745, 1.0828547990155866, 1.1401466149202242, 1.2120253164556962, 1.0963855421686748, 1.1142602037365223, 1.0928734289168553, 1.0208623087621698, 1.0135550679831122, 1.005245122036506, 2.0, 1.0, 1.0760986311387373, 1.25, 1.070949720670391, 1.3529411764705883, 1.0, 1.375, 1.322289156626506, 1.0709555345316935, 1.2403846153846154, 1.0422077922077921, 1.0, 1.1637816245006658, 1.05302416085617, 2.0, 1.2477665276950565, 1.0, 1.0981097699840583, 1.141025641025641, 1.0001311991603254, 1.1497695852534562, 1.1363636363636365, 1.248936170212766, 1.4074074074074074, 1.0255710674011522, 1.0251982742523562, 1.0387275242047027, 1.0, 1.0769230769230769, 1.5714285714285714, 3.0, 1.1428571428571428, 1.0691733757594877, 1.3333333333333333, 1.0898502495840265, 1.2023809523809523, 1.152128218602207, 1.0800265069275505, 1.2770339855818744, 1.0239810135549994, 1.0127610208816706, 1.0571428571428572, 1.5, 1.1136890951276102, 1.0425531914893618, 1.057011962331382, 1.0, 1.5714285714285714, 1.018140589569161, 1.0123602118893467, 1.0233657538821173, 1.0448143405889885, 1.1464387464387464, 1.0205198358413132, 1.095890410958904, 1.0907770515613653, 1.06885593220339, 1.1730769230769231, 1.0254957507082152, 1.1826923076923077, 1.0568660091714304, 1.0744660302148756, 1.0037881632414662, 1.058139534883721, 1.018018018018018, 1.0948012232415902, 1.0, 1.0102117187400896, 1.0567278751001494, 1.0195145497172804, 1.0603959454802563, 1.0535966149506346, 1.1452176676199555, 1.8333333333333333, 1.0308304326205868, 1.0, 1.219470538001708, 1.25, 1.0307893911563102, 1.0333333333333334, 1.110275150472915, 1.0948616600790513, 1.1154879140555058, 3.0, 1.2796101949025487, 1.0052006962714117, 1.1477607136288395, 2.0, 1.2857142857142858, 1.265834932821497, 1.2125435540069687, 1.1171126114862049, 1.2765072765072765, 1.2352941176470589, 1.0215703192407248, 1.0111482459625587, 1.0584307838179519, 1.0973682939784635, 1.105263157894737, 1.1276948590381426, 1.353846153846154, 2.142857142857143, 1.0944444444444446, 1.5, 1.2267782426778242, 1.0909090909090908, 1.1052446898100496, 1.1363636363636365, 1.109646826985251, 1.1027857498839988, 1.082048118445404, 1.0, 1.175257731958763, 1.12, 1.2899809256098784, 1.1378555798687089, 1.0, 1.030809615915999, 1.1113838120104438, 1.0580190634065478, 1.5, 2.0, 1.0097087378640777, 1.0090415913200723, 1.1245901639344262, 1.1111111111111112, 1.0965612651795322, 1.0917525773195875, 1.4705882352941178, 1.0222940972623311, 1.0454545454545454, 1.1351706036745406, 1.0596774193548386, 1.2313840976020194, 1.0837999253452781, 1.0, 1.0422535211267605, 1.0994281797355556, 1.0263951495143167, 1.0285971281319892, 1.0, 1.0849369608493695, 1.0158881297054507, 1.0220010476689365, 2.0, 1.0279106858054226, 1.0391116111831324, 1.0155150587334767, 1.0039031663889133, 1.007133785855047, 1.084482350153992, 1.0101867572156198, 1.0954676952748312, 2.0, 1.0472892655951211, 1.608695652173913, 1.25, 1.1036269430051813, 1.1346153846153846, 1.0132614276664555, 1.160749506903353, 1.0782346082535315, 1.265259293253786, 1.0891424932959457, 1.0378736642770188, 1.0600633401528023, 1.197674418604651, 4.0, 1.0060208858480375, 1.1228744939271256, 1.0457800072253052, 1.0477455616193976, 1.1024860476915272, 1.0568720379146919, 2.6794871794871793, 2.5714285714285716, 1.0034814262853793, 1.092141766849019, 1.0080304074826256, 1.1488319517709118, 1.0988719629772465, 1.0146443514644352, 1.0690854354821966, 1.0164473684210527, 1.2114197530864197, 3.0, 1.0, 1.0219435736677116, 1.0844529750479845, 1.0642857142857143, 1.206599713055954, 1.1490196078431372, 1.259493670886076, 1.148905109489051, 1.1097560975609757, 1.0615186493543318, 1.2840909090909092, 1.0034337803920361, 2.0, 1.178662150719729, 1.0285714285714285, 1.3428571428571427, 1.0860335195530726, 1.0258136924803591, 1.0630252100840336, 1.0051880674448768, 1.1302655769824335, 1.0, 1.425531914893617, 1.0, 1.0, 1.2159090909090908, 1.094758064516129, 1.0046296296296295, 1.087378640776699, 1.0628003844921499, 1.0754060324825987, 1.0267494416207945, 1.1633402156457904, 1.0298850574712644, 1.114994216778908, 1.1189189189189188, 1.1236702127659575, 1.0290275761973875, 1.0620725933719095, 1.2586705202312138, 1.0810731991834355, 1.0673997871585668, 1.1567694274754936, 1.0770946687596634, 2.0, 1.1867321867321867, 1.07876370887338, 1.3944954128440368, 1.0, 1.2439024390243902, 1.25, 1.162551440329218, 1.2592592592592593, 1.1666666666666667, 1.001169430285825, 1.1251524664573793, 1.0318942548953671, 1.0344316052467208, 1.2162162162162162, 1.1258549931600548, 2.0, 1.1407407407407408, 1.0269868253293668, 1.064440725688634, 1.0829603414177162, 1.0778562478642215, 1.0252227151079665, 1.1818181818181819, 1.075476610060878, 1.1261101243339253, 1.0004374404127643, 1.119542913081948, 1.2727272727272727, 1.0414507772020725, 1.0, 1.2422535211267605, 1.2074204874443053, 3.0, 1.1393728222996515, 1.0655598028830655, 1.4285714285714286, 1.0054755043227666, 1.3, 1.1176470588235294, 1.081926012198486, 1.6153846153846154, 1.0086412143625443, 1.0444254592054678, 1.3103448275862069, 1.1153846153846154, 1.1608247422680413, 1.008130081300813, 1.1454746136865341, 1.0393888158306719, 1.1563000594992905, 1.0, 1.0472517923093634, 1.1280487804878048, 2.0, 1.0069675081868221, 1.0956830175620729, 1.1579943235572374, 1.0156770352446751, 1.0253531738557167, 1.1414141414141414, 1.7142857142857142, 1.1225448334756618, 1.021774193548387, 1.100554867391784, 1.1826429980276134, 1.0125113062760773, 1.0671784226584378, 1.1794871794871795, 1.1153526970954357, 1.1304347826086956, 1.0463240002328424, 1.040378548895899, 1.0588768115942029, 1.090861344537815, 1.0314183935481538, 3.0, 1.1538857125570983, 1.0334268133583984, 1.0467377079828004, 1.5833333333333333, 1.2792667685043744, 1.3091787439613527, 1.1428571428571428, 1.063306764477675, 1.0420575865415722, 1.1233624454148472, 1.0294117647058822, 1.3333333333333333, 1.035204493046812, 1.5, 1.0257009345794392, 1.0, 1.0233061196008653, 1.3846153846153846, 1.1434599156118144, 1.049266247379455, 1.0, 1.8386243386243386, 1.280569514237856, 1.5, 2.0, 1.1176470588235294, 1.1482758620689655, 1.0751038670501758, 1.2093908629441625, 1.0940170940170941, 1.2182890855457227, 1.1014466214978942, 1.0571428571428572, 1.1036036036036037, 1.0571428571428572, 1.0, 1.0, 1.0463157894736843, 1.098124098124098, 1.09400826446281, 1.1122378428209265, 1.054403475521205, 1.1052703752799744, 1.0796623484421783, 1.1557258530942742, 1.1720733427362482, 1.001194743130227, 1.5714285714285714, 1.0, 1.2142857142857142, 1.032382181073082, 1.027360988526037, 1.107843137254902, 1.145320197044335, 1.0193834656702476, 1.0348742229790533, 1.0044953591847108, 1.1142857142857143, 1.2222222222222223, 1.0448569218870842, 1.0088258892752073, 1.0569454333613826, 1.0332259033676563, 1.0328947368421053, 1.0617985823981098, 1.0282563200436754, 1.2089783281733746, 1.3513238289205702, 1.125, 1.044811320754717, 1.060931899641577, 1.1555555555555554, 1.0485714285714285, 1.0701001430615165, 1.0, 1.020979020979021, 1.0016172332373774, 1.037037037037037, 1.071923833178102, 1.048888888888889, 1.34375, 1.0071995997510648, 1.0348594087959626, 1.08883964544722, 1.058206106870229, 1.0196759259259258, 1.1991619922957357, 1.2147505422993492, 1.0714285714285714, 1.0, 1.25, 1.0705340922853337, 1.3333333333333333, 1.1613661287795707, 1.0878251036562383, 1.0248116969428445, 1.0679245283018868, 1.0516070484757223, 1.0377277599142551, 1.010752688172043, 1.030513176144244, 1.0142437833141569, 1.07074896887889, 1.0395146622816853, 1.1910454052752018, 1.6666666666666667, 1.103448275862069, 1.051383399209486, 1.0780789628756628, 1.0098684210526316, 1.2607655502392345, 1.0700757575757576, 2.2017167381974247, 1.055873074638838, 1.0483221476510067, 1.0660047846889953, 1.1875, 1.0376238439272352, 1.0354112747030493, 1.3050411522633745, 1.0581052631578947, 1.2307692307692308, 1.1404151404151404, 1.2331288343558282, 1.625, 1.1098752949106843, 1.5384615384615385, 1.0110887096774193, 1.1097560975609757, 1.069214131218457, 1.0277824549587473, 1.0240963855421688, 2.75, 1.1428571428571428, 1.0996176330012133, 1.037285404744708, 1.003866292281735, 1.0141509433962264, 1.0970392966086489, 1.1818181818181819, 1.0979202772963605, 1.0279116465863454, 1.0099781240233938, 1.0420841683366733, 1.0, 1.066859066859067, 1.01986155140066, 1.377, 1.0891211401425178, 1.0, 1.3333333333333333, 1.015377388810601, 1.0288448009005207, 1.2203993625199212, 1.0926883514039478, 1.014365522745411, 1.094890510948905, 1.1049472158973297, 1.0815254624343458, 1.0900735294117647, 1.0818713450292399, 1.024390243902439, 1.0914936435478328, 1.130952380952381, 1.75, 1.0438719564841996, 1.1575050482387257, 1.01036866359447, 1.0113636363636365, 1.2172338884866039, 1.001197413030917, 1.1453472026989036, 1.408450704225352, 1.1923076923076923, 1.0235849056603774, 1.1202830188679245, 1.153125, 1.34375, 1.0324840764331211, 1.2031714568880079, 1.1650082918739635, 1.0, 1.0054636038385663, 1.0868228966577027, 1.0661311914323963, 1.2214299861358684, 1.3333333333333333, 1.12, 2.0, 1.13967258794845, 1.2692307692307692, 1.25, 1.1538461538461537, 1.0, 1.065217391304348, 1.0597121120901976, 1.0689989785495404, 1.2527272727272727, 1.3076923076923077, 1.1428571428571428, 1.0, 1.027027027027027, 1.0, 1.1204188481675392, 1.028342664946678, 1.029928388557011, 1.3333333333333333, 1.0878110830717467, 1.048025624343126, 2.5, 1.0690007145044402, 1.3592233009708738, 3.0, 2.0, 1.1931952662721894, 1.1244352004590117, 1.0834731218870164, 1.2701863354037266, 1.0, 1.205607476635514, 1.6042944785276074, 3.0, 2.0, 1.028860759493671, 1.1262266433660437, 1.0111181301326595, 1.6666666666666667, 1.0274334899342548, 1.04570100697134, 1.035031847133758, 1.0, 1.136150234741784, 1.02286737882971, 1.105263157894737, 1.1872381566226233, 1.0099504436565923, 1.2039660056657224, 1.125, 1.0796020640325963, 1.0772769089236431, 1.0702479338842976, 1.2777777777777777, 1.0361159187289297, 2.048609371084941, 1.0701173959445038, 1.3253968253968254, 1.1568627450980393, 1.2985074626865671, 1.091156462585034, 1.0603313535479837, 1.020701950995874, 1.0742671009771987, 1.0665938864628821, 1.5, 1.6666666666666667, 1.0975835837115642, 1.1904133685136324, 1.1886792452830188, 1.0119966617984562, 1.0476668339187154, 1.1432297326668115, 1.0498866213151927, 1.0666666666666667, 1.0208316956214134, 1.1205132419716053, 1.2551775147928994, 1.021015761821366, 2.5, 1.056338028169014, 1.01379360945009, 1.1456337257049, 1.0294684438734543, 1.0891942664505005, 1.0426136363636365, 2.0, 1.0821744627054362, 1.0473797890894812, 1.153986748914782, 1.167300380228137, 1.069994755161398, 1.0541401273885351, 1.2792494481236203, 1.0139130434782608, 1.0323270152671478, 1.0598114319387153, 1.0011534025374855, 1.0568335588633289, 1.0, 1.1659693165969316, 1.0509644391626292, 1.0271370420624153, 1.0479909567362038, 1.1133828996282529, 1.0423600605143721, 1.2857142857142858, 1.262734584450402, 1.6666666666666667, 2.0, 1.1176470588235294, 1.0129533678756477, 1.0007898894154819, 1.0414990717821782, 1.0059065052820666, 1.0404341926729987, 1.0507803912947902, 1.2228260869565217, 1.0204081632653061, 1.076320349053361, 1.6, 1.5, 1.244435451234318, 1.1428571428571428, 1.0401662049861495, 1.1295928500496524, 1.0476864966949953, 1.0970037817922125, 2.0, 1.1377245508982037, 1.2209302325581395, 1.0491889063317634, 1.0401937668009211, 1.1123737373737375, 1.138013698630137, 1.1576681169548457, 1.0862653419053185, 1.011128775834658, 1.109375, 1.0810055865921788, 1.0, 1.0, 1.0412985944708701, 5.0, 1.5714285714285714, 1.6363636363636365, 1.0120627261761157, 1.0930232558139534, 1.0703991130820398, 1.091800706159278, 1.0, 1.095592799503414, 1.0216121495327102, 1.2054054054054053, 1.3076923076923077, 1.4285714285714286, 1.0132138857782755, 1.062638580931264, 1.1469933184855234, 1.0702863518036445, 1.023979743818886, 1.1038623532574603, 1.0792664892043775, 1.0, 1.202013791936371, 1.047029716579157, 1.016409612625538, 1.1774193548387097, 1.0664719147191473]
origin-bjaq_15.71 	max: 5.0000	99th: 2.7525	95th: 1.7500	median: 1.0829	mean: 1.1765

...Done, result: results.csv

WORKLOAD-FINISHED | Type: QueryWorkload | Progress: 1/3 | Workload-time: 13.926677 | Model-update-time: 0.000000


WORKLOAD-START | Type: DataUpdateWorkload | Progress: 2/3
Going to run: ['python', '/home/kangping/code_copy/SAUCE/Naru/eval_model.py', '--model=transformer', '--data_update=tupleskew', '--dataset=bjaq', '--drift_test=js', '--end2end', '--update_size=80000', '--query_seed=0', '--eval_type=drift']
Torch device: cuda:1
GET-MODEL-PATH=./models/end2end/transformer/origin-bjaq-0.4MB-model34.249-data18.543-300epochs-seed0.pt
GET-DATASET-PATH=./data/bjaq/end2end/bjaq.npy
TupleSkewSample - START
0.001
TupleSkewSample - END
load_npy_dataset_from_path - df.shape = (458601, 5)
Parsing... done, took 0.0s
Data updated!
Previous data size: (382168, 5), new data size: (76433, 5)
[6.7710876e-05 4.0531158e-05 2.6375055e-04 3.1530857e-05 2.2828579e-05]
Distance score: 8.52704033604823e-05
SAUCE Drift detection: True
Detection latency: 0.0229s

DRIFT-DETECTED after 2-th workload
Going to run: ['python', '/home/kangping/code_copy/SAUCE/Naru/incremental_train.py', '--dataset=bjaq', '--end2end', '--model=transformer', '--model_update=adapt', '--update_size=80000', '--epochs=0']
Torch device: cuda:1
GET-MODEL-PATH=./models/end2end/transformer/origin-bjaq-0.4MB-model34.249-data18.543-300epochs-seed0.pt
update_size: 76433
AdaptTask - START
GET-DATASET-PATH=./data/bjaq/end2end/bjaq.npy
load_npy_dataset_from_path - df.shape = (458601, 5)
Parsing... done, took 0.0s
done, took 0.0s
dataset size: 458601
train data shape: torch.Size([76433, 5]), transfer data shape:torch.Size([15286, 5])
Training done; evaluating likelihood on full data:
Epoch None Iter 0, test loss 26.3685 nats / 38.0417 bits
Saved to: /home/kangping/code_copy/SAUCE/models/end2end/transformer/origin-bjaq-0.4MB-model34.249-data18.543-300epochs-seed0.pt
AdaptTask - END

WORKLOAD-FINISHED | Type: DataUpdateWorkload | Progress: 2/3 | Workload-time: 3.995204 | Model-update-time: 4.983375


WORKLOAD-START | Type: QueryWorkload | Progress: 3/3
Going to run: ['python', '/home/kangping/code_copy/SAUCE/Naru/eval_model.py', '--dataset=bjaq', '--model=transformer', '--end2end', '--query_seed=0', '--eval_type=estimate', '--num_workload=3', '--data_update=tupleskew', '--model_update=adapt', '--random_seed=42']
Torch device: cuda:1
GET-MODEL-PATH=./models/end2end/transformer/origin-bjaq-0.4MB-model34.249-data18.543-300epochs-seed0.pt
ckpts [PosixPath('/home/kangping/code_copy/SAUCE/models/end2end/transformer/origin-bjaq-0.4MB-model34.249-data18.543-300epochs-seed0.pt')]
Validate Argument: DATASET="bjaq" is valid.
data size: 458601, total size: 458601, split index: [382167 458601]
Parsing... done, took 0.0s
Loading ckpt: /home/kangping/code_copy/SAUCE/models/end2end/transformer/origin-bjaq-0.4MB-model34.249-data18.543-300epochs-seed0.pt
query_seed:0
origin-bjaq_15.71 	max: 232.0000	99th: 70.3800	95th: 4.6218	median: 1.1357	mean: 3.5671
ReportEsts: [1.3051282051282052, 1.1628309824300915, 1.0222778246714097, 1.1634615384615385, 1.25, 1.0, 1.0332642291745193, 1.0586831539314785, 1.2, 1.099236641221374, 1.0942788860166806, 1.044762945685773, 1.052835505459669, 1.033500837520938, 1.1141793360223395, 1.7241379310344827, 1.4153846153846155, 5.2272727272727275, 1.0909090909090908, 1.1145299145299146, 1.2300693733651769, 1.0553415379032989, 1.1029976940814759, 1.140650406504065, 1.027410932292502, 1.026659643228314, 2.0, 1.0905742209547575, 1.0, 1.4, 5.5, 1.0, 1.0469370032866894, 1.0048306212260771, 1.094870630957785, 1.2378693412849011, 1.2725707002859012, 1.4171122994652405, 66.66666666666667, 1.0448615269047645, 1.0753173483779972, 1.0016533929486284, 1.2728476821192054, 1.0112998979508228, 1.1960431654676258, 1.0295172863666013, 1.5, 1.3683193818415968, 2.2111111111111112, 1.4446749654218534, 5.222222222222222, 1.0042735042735043, 1.28, 1.1379310344827587, 1.0879562182499969, 1.1137686392794937, 1.0040433446546984, 1.1243243243243244, 1.2820512820512822, 1.0645314831257036, 1.8333333333333333, 1.1181106508460297, 1.1267123287671232, 1.3181818181818181, 1.2528735632183907, 31.125, 1.1684468459411912, 1.2420382165605095, 1.4, 1.0, 1.0716637917516074, 1.1957040572792363, 1.0944309927360776, 1.2053231939163498, 1.0350069627108154, 1.0648694187026115, 1.0056764427625355, 1.069767441860465, 3.4854368932038833, 1.0725819007757333, 1.0644316396018858, 22.666666666666668, 1.0, 96.5, 1.0125786163522013, 1.2156862745098038, 1.2703533026113671, 10.904761904761905, 80.0, 1.163124398602225, 1.1591158488791347, 1.1304945054945055, 1.0434440344403444, 1.1650948079023131, 1.32398753894081, 1.0806257521058966, 213.0, 1.0248447204968945, 19.083333333333332, 1.3387673956262425, 1.2, 70.33333333333333, 1.0608789811106718, 1.1163793103448276, 1.0353569046030686, 1.27911653929133, 1.1333333333333333, 1.0158899417981635, 1.1528816011574632, 1.3091843575418995, 1.1664451827242526, 1.0700703308153166, 1.5, 17.916666666666668, 1.1242339832869082, 1.0949582388406438, 1.0274327122153208, 1.4285714285714286, 1.0722873206872996, 1.0, 1.004764292878636, 1.1660412757973733, 1.0, 1.2252747252747254, 1.1428571428571428, 1.4110275689223057, 1.0263233907097382, 1.118655284230031, 1.0625, 1.5, 1.288098693759071, 1.0, 49.25, 1.2774668325041458, 1.0, 1.175282961150199, 1.0346834342285696, 1.0378380279213701, 27.714285714285715, 1.2142857142857142, 1.1271393643031784, 1.0012091898428053, 1.0476190476190477, 1.0191707039438067, 1.0657894736842106, 1.021505376344086, 1.0759477097852799, 3.0, 1.115284492376348, 1.2342857142857142, 1.019673974142777, 1.1149287321830457, 1.5, 1.2264774494556765, 1.1481481481481481, 1.202, 1.2555350553505535, 1.0, 1.31885593220339, 1.0608837254520709, 1.145511366068753, 1.1634980988593155, 1.213032581453634, 1.5510204081632653, 1.1596638655462186, 1.2533136966126657, 1.7142857142857142, 1.0787229799792615, 15.6, 1.1340996168582376, 1.2279867679571788, 1.3919491525423728, 1.1022356085351885, 1.568421052631579, 1.290448343079922, 1.0534948271511482, 24.22222222222222, 1.2243313201035375, 1.1004901960784315, 1.0444025834230355, 1.0808583550913837, 1.25723680803687, 1.4328358208955223, 1.1270464963981663, 1.00283402872001, 1.0215149359886202, 1.188365650969529, 1.0766502942795444, 1.2033898305084745, 28.857142857142858, 1.0309859154929577, 1.077968552063726, 1.3157894736842106, 1.0080357142857144, 1.0859220696190248, 1.1040471451430356, 1.1718899003034244, 1.1841620626151013, 1.2305101946674046, 1.0542013262485146, 1.2031326480665687, 1.0191203927805823, 1.1309739085507622, 1.0608498520914544, 1.0260492040520983, 1.1552060949404181, 1.5875706214689265, 1.140625, 1.0595238095238095, 1.0, 1.2030075187969924, 1.0590594914835842, 1.519163763066202, 1.4252873563218391, 1.0703824247355573, 8.962962962962964, 1.0522414909692739, 1.2119565217391304, 1.3483610046828438, 21.875, 1.2124277456647399, 1.0032458750338111, 1.0340576359993836, 1.0026420581442868, 11.952380952380953, 78.0, 1.1887895577687888, 1.002339065691507, 1.3556701030927836, 1.4543918918918919, 1.0383052814857807, 1.0839870031835637, 1.6435643564356435, 1.0076196231647787, 1.0371231947271493, 1.3531598513011152, 1.0751028806584362, 1.1892617449664429, 31.571428571428573, 1.1165165165165165, 2.0, 1.3496780584447747, 1.0443037974683544, 1.1276150627615062, 1.044776119402985, 1.1666666666666667, 2.0, 1.1559187485407425, 1.3636363636363635, 1.0126169303614736, 1.2, 1.0286195286195285, 1.022022022022022, 1.1428571428571428, 1.0076053475596203, 1.2043010752688172, 1.1253309796999118, 1.8544973544973544, 1.113804004214963, 1.0406034163540643, 1.1929824561403508, 2.0, 1.1156565961819076, 1.1145176926805622, 1.3117338003502628, 1.0434970629572238, 1.1429660975249718, 1.0711605785458247, 1.131740614334471, 1.0973932202885173, 1.1108730583824318, 1.0599078341013826, 1.012630662020906, 1.2727272727272727, 1.000786433022121, 1.070362473347548, 1.4090909090909092, 1.0, 1.2949029126213591, 1.044529262086514, 1.053897459486236, 1.0239715487467087, 1.1754874651810585, 1.215170278637771, 1.032220823877994, 1.188427299703264, 1.0734705160533449, 1.062731161504838, 1.1, 1.0465299684542586, 1.337946103423161, 1.008851618914512, 1.0775983448751472, 1.075819061375152, 1.2959466962798445, 1.4399198931909212, 1.0006990074094786, 1.0428419645611269, 1.1149938087260542, 1.056704969998868, 1.2157943067033976, 6.472222222222222, 1.4545454545454546, 1.14446916719644, 118.5, 1.5435168738898757, 1.023121546201853, 1.0224306241088077, 1.7419354838709677, 1.2871287128712872, 1.3479166666666667, 1.1383368705382984, 1.0817096165933375, 1.1, 1.2758366141732282, 1.0012191795677334, 1.2901408450704226, 24.125, 2.5, 1.0188519381486973, 1.4285714285714286, 1.0036449229617457, 1.8267716535433072, 1.105263157894737, 1.0660928195741328, 1.4285714285714286, 1.0769230769230769, 1.0006814631538115, 2.0, 3.436619718309859, 1.5023640661938533, 1.0136922479616928, 1.0344827586206897, 1.2584856396866841, 1.043956043956044, 1.1627485795454546, 1.1080662801015249, 1.5044404973357015, 1.033108004301736, 1.023250166939841, 3.0, 1.2222222222222223, 1.0538720538720538, 1.5, 1.020446980504042, 1.6470588235294117, 68.0, 1.1578947368421053, 1.3208020050125313, 1.127208480565371, 1.0310077519379846, 1.263276836158192, 1.5606060606060606, 1.6, 1.0368666845380023, 1.7922077922077921, 1.3571428571428572, 1.0253200859395506, 1.1478260869565218, 1.0736100234925607, 1.1758849557522124, 1.75, 1.0, 1.2190923317683882, 1.1590909090909092, 1.0793838862559242, 1.1540674369252535, 1.3194498507850005, 1.119533527696793, 1.5, 1.0327247906914068, 8.217391304347826, 1.375, 204.0, 7.161764705882353, 1.0, 1.5897435897435896, 1.0495049504950495, 1.2280085522296884, 1.1126912334972914, 1.0768725361366622, 1.0771442791572194, 1.1895857307249713, 1.3572895277207393, 1.5217391304347827, 1.238475770578278, 1.915966386554622, 1.2333333333333334, 1.0043011560530788, 1.128918661836433, 1.3345070422535212, 1.2342857142857142, 1.2571428571428571, 1.0151187904967602, 2.0, 1.1428571428571428, 1.1929824561403508, 1.4382402707275803, 1.0828402366863905, 1.6272727272727272, 1.096430474160895, 1.0230034722222223, 1.0181228440508676, 1.1971890971039183, 1.2066347799376893, 3.388888888888889, 1.054054054054054, 1.100558659217877, 1.0, 1.051820985388061, 1.3673469387755102, 1.1485808052196675, 1.0583269003390758, 1.0505371723248818, 1.052093476144109, 1.375, 1.3329969727547932, 36.333333333333336, 1.579062159214831, 1.0909090909090908, 1.0086621751684313, 1.1342534504391468, 1.0827851345578812, 1.2885375494071147, 1.1827338129496403, 3.0, 1.123788424259208, 1.0189150469018058, 1.1353135952597642, 2.0, 1.253968253968254, 1.2722177742193754, 1.0807453416149069, 1.0402898948959263, 1.0216458595438562, 1.1428571428571428, 1.1033769813921432, 1.0081760631858863, 1.087757517539496, 1.076154806491885, 1.0744118508706009, 2.2510460251046025, 75.0, 1.32803738317757, 1.0703306846456377, 1.2222222222222223, 1.0221445221445222, 1.0, 1.5, 1.3607843137254902, 1.1495726495726495, 1.1228260869565216, 1.1015159679040032, 1.2461443553362122, 1.0, 1.0, 1.48, 1.1358822534258162, 1.0909090909090908, 1.0, 1.0431726907630523, 1.0, 1.0, 1.0046189376443417, 1.5, 1.2102849656075991, 1.0061022120518688, 1.3825136612021858, 1.3333333333333333, 1.0845974115389405, 1.1019830028328612, 1.25, 1.0291409108111518, 1.2545454545454546, 1.332020997375328, 1.2838709677419355, 1.3957955781080102, 1.1130434782608696, 1.0, 1.1486486486486487, 1.1697983815663147, 1.2675788015240734, 1.1295289855072463, 1.0, 1.2156783103168156, 1.0223609647356138, 1.0116681071737252, 2.0, 1.0209948320413436, 1.063007473342992, 1.0754397394136808, 1.0453637014970398, 1.0253584176524382, 1.0106697273055751, 1.0123367198838897, 1.7625570776255708, 1.5, 1.0948958829386553, 1.1458202388434946, 1.0234948604992657, 1.2905360688285903, 1.2536585365853659, 1.009848664316272, 1.3158198614318706, 1.051509437029571, 1.02438149874507, 1.1081851183353952, 1.0811293781272338, 1.1497012131004591, 1.0192747001713307, 1.1733333333333333, 1.08, 1.1274787535410764, 1.3137755102040816, 1.0147296101597876, 1.0666683247115003, 1.0, 1.2593984962406015, 1.5498281786941581, 7.382352941176471, 1.2272727272727273, 1.010799715112831, 1.0114942528735633, 1.078811369509044, 1.0, 59.75, 1.1797600181118406, 1.1852330045275354, 1.1416343998369676, 1.0317374725571005, 1.0683229813664596, 1.1447638603696098, 1.1800310398344542, 1.0401392989628284, 1.8689655172413793, 1.040274705161465, 1.1942148760330578, 1.0824175824175823, 1.1157144396717626, 1.0166503428011753, 1.0168802951801807, 2.0, 1.0724191063174113, 1.2182539682539681, 1.025509528559197, 1.3095238095238095, 1.088621444201313, 1.2984189723320159, 1.0139643134212568, 1.1465681470306461, 1.0, 1.2553191489361701, 1.0, 1.0, 1.375, 7.2, 1.3618925831202047, 1.2766990291262137, 1.1045950048295847, 1.0192539109506618, 1.0773372710458804, 1.2010647992709482, 1.120317051123238, 1.1625488250976501, 1.0263502191286413, 1.1147629310344827, 1.0499703166902086, 1.0587525351183884, 1.1466953250940355, 1.229800629590766, 1.0039735099337748, 1.0273972602739727, 1.0764066496163682, 1.4632701421800949, 1.155944575034022, 2.4566473988439306, 1.3437328954570333, 2.676470588235294, 2.0, 1.2784810126582278, 10.2, 167.0, 1.4365482233502538, 1.0439870305488967, 1.1799056945955748, 1.3216957605985038, 1.2532467532467533, 1.0989379615756885, 1.0690550523940527, 1.3253275109170306, 1.0, 232.0, 1.1234319526627219, 1.3945945945945946, 1.0718901453957996, 1.0912981455064195, 1.0, 1.0199182839632277, 1.4467532467532467, 1.063291981241893, 1.0554016620498614, 1.0332590062754616, 1.054872715793178, 1.027716671678246, 1.7272727272727273, 34.833333333333336, 1.1072900239100574, 1.0, 1.1474056603773586, 1.0, 1.6069023569023568, 1.3054662379421222, 1.5, 1.0469717093903572, 1.0751879699248121, 1.0929368029739777, 1.0681879656724125, 1.3099455040871935, 1.1193390452876377, 1.0198809066461776, 1.2289416846652268, 1.1548611111111111, 1.25, 1.0163707718183517, 1.0171455361328778, 1.1666666666666667, 1.2576815642458101, 1.1473124749298034, 5.046511627906977, 1.0192526219705296, 1.25, 1.3790149892933619, 1.008056008439628, 2.2408963585434174, 1.4214285714285715, 1.0711365993533037, 1.2035398230088497, 2.5714285714285716, 1.2257095158597662, 1.1017881705639614, 1.1131481372491319, 1.288468041934393, 1.0161424537876564, 1.0487184918449481, 1.5457875457875458, 1.053869757927037, 1.4247491638795986, 1.048194109126026, 1.0151975683890577, 1.163594470046083, 1.302092050209205, 1.129256428075052, 1.0158102766798418, 1.0676018252492818, 1.2777777777777777, 1.6, 1.2897473997028233, 1.5726346433770015, 1.1906750173973557, 1.1418378995433789, 1.1666666666666667, 1.1356066613798572, 1.3222302679217959, 1.3428571428571427, 1.0586608662238568, 2.0, 1.015772455473227, 1.5, 1.158699808795411, 1.1538461538461537, 1.0642222990891272, 1.2, 1.3206751054852321, 1.2442348008385744, 1.0, 1.0224842387160364, 1.3354037267080745, 1.5, 2.0, 1.0751879699248121, 1.22, 1.107035175879397, 1.0041972717733474, 1.0625, 1.2753623188405796, 1.2235649546827794, 6.153846153846154, 1.0204081632653061, 1.0751173708920188, 1.1538461538461537, 1.0, 1.090543259557344, 1.3189033189033188, 1.0131810193321618, 1.114497676081516, 1.097097033557615, 1.0352535587188612, 1.0783892617449664, 1.2301594732078769, 1.03971119133574, 1.0626272912423624, 1.375, 1.0, 1.0303030303030303, 1.0151801441152923, 1.2859664607237422, 1.230958230958231, 1.2438423645320198, 1.096676737160121, 1.0649776453055142, 1.0103821271013131, 1.1153846153846154, 1.0476190476190477, 1.0607843137254902, 1.0192994199018295, 1.0632336134453781, 1.0725986337655096, 1.1776315789473684, 1.1485062059502276, 1.1008625092209046, 1.1835677411116583, 1.3140569395017794, 1.0892883895131087, 1.0075187969924813, 1.1328502415458936, 1.109865470852018, 1.0408980974609663, 67.0, 1.3729024238657552, 1.0, 1.6296296296296295, 1.0038557247942246, 1.2222222222222223, 1.1207503729386201, 1.1832627118644068, 1.048780487804878, 1.107826641593261, 1.0793198471848187, 1.011451909986386, 1.251908396946565, 1.312145289443814, 1.250049584903522, 1.6411149825783973, 1.4285714285714286, 1.0, 1.1111111111111112, 1.0780163725369205, 1.6666666666666667, 1.1144629573714693, 1.152572291255371, 1.0351366424986057, 1.037663581232046, 1.3393106196453477, 1.024023489634309, 1.2508960573476702, 1.2635228848821083, 1.0252470672994096, 1.146156449718279, 1.0508414474397805, 1.2109031427652044, 1.25, 1.0889328063241106, 1.1422924901185771, 1.1057266144957214, 1.201954397394137, 1.1732247851650837, 1.2044374009508716, 1.8387096774193548, 1.0558708966506931, 1.0031217481789803, 1.0582685628414756, 1.375, 1.0909140755066844, 1.0353145841445162, 1.3633172444054409, 1.2694736842105263, 1.09375, 1.0386398763523956, 1.2257202686114521, 1.010170297029703, 1.1875968992248063, 1.0246003672800326, 1.3333333333333333, 1.0326513452914798, 1.2386428982173663, 1.2240853658536586, 1.0121792083514571, 1.2219827586206897, 1.0434782608695652, 1.1091370558375635, 1.01001515295009, 1.0438842203548087, 1.0055082316324022, 1.0993577578829081, 1.0, 1.34016973125884, 1.085748585148345, 1.0389101427638332, 1.9295774647887325, 1.1117977528089888, 1.3027744270205066, 2.0059171597633134, 1.1099873577749684, 1.0591659856120914, 5.2272727272727275, 1.036105032822757, 1.2727124979684707, 1.2281426707264027, 1.6372549019607843, 1.2403099156294377, 1.1185651826430352, 1.0789473684210527, 1.3629032258064515, 1.0944670583987133, 1.0394520242180743, 1.306985294117647, 1.172972972972973, 1.1589635854341738, 1.09825826329358, 1.3214285714285714, 1.75, 1.0443091233181625, 1.2071527157587074, 1.1345313258863525, 1.7981220657276995, 1.1213307240704502, 1.0532102422447163, 1.3456429330499469, 19.90909090909091, 1.4615384615384615, 1.1164587046939989, 1.9954954954954955, 1.353125, 1.34375, 1.08512995975816, 1.4162537165510407, 4.601941747572815, 1.2439024390243902, 1.024027643844423, 1.072976054732041, 1.2588235294117647, 5.795454545454546, 1.0382775119617225, 1.2463768115942029, 1.2907836372597339, 1.0833333333333333, 1.0023585618820114, 1.1717352415026834, 1.0305558964290098, 1.5263157894736843, 37.166666666666664, 1.3606604866743917, 1.0503454937216732, 1.0993284875675517, 1.3727272727272728, 1.0625, 1.0625, 1.1612903225806452, 1.2702702702702702, 1.3, 2.8095238095238093, 1.0232262089431443, 1.0393948355565241, 1.0940170940170941, 1.107922922085787, 1.0517044883183053, 2.5, 1.0672364234964988, 1.0420275089149262, 1.5, 2.0, 1.2059415911379658, 1.2050394306597423, 1.0782465363814613, 1.0761099365750528, 1.0, 1.1124031007751938, 1.5674846625766872, 38.6, 1.0443842700518156, 1.1609625128108896, 1.0466638656601115, 1.0303030303030303, 1.6666666666666667, 1.0411520406535562, 1.0817275747508306, 1.1563573883161513, 2.012987012987013, 1.2013888888888888, 1.0, 2.1666666666666665, 1.2147673080085513, 1.0016677461139896, 1.4182242990654206, 1.3125, 1.0532082146015525, 1.367601246105919, 1.3099173553719008, 1.0, 1.0403726708074534, 1.2671532846715328, 1.0540826017016494, 2.442953020134228, 1.4313725490196079, 1.5242566510172144, 1.0, 1.2693374422187982, 1.3944723618090453, 1.0101182274053055, 1.0279531109107305, 1.5, 1.3216704288939052, 1.0412705090450147, 1.143308746048472, 1.167032967032967, 1.0588252993921887, 1.033795493934142, 1.029962416481069, 1.3918918918918919, 1.2291666666666667, 1.047637219360173, 1.1497937609385855, 1.1476997578692494, 1.2833607907742999, 1.6666666666666667, 1.0933333333333333, 1.1315242881072027, 1.8537360890302066, 1.0182312279035408, 1.0934471998686155, 1.2691401648998821, 1.6, 1.1168224299065421, 1.0454536775376155, 1.2210977033865318, 1.3524096385542168, 1.1131337559637948, 1.3121019108280254, 1.0947940947940948, 1.0841358337557019, 1.0399848906705984, 1.2714806594800254, 1.0281954887218046, 1.1331626120358516, 5.552631578947368, 1.1211453744493391, 1.0760404304947415, 1.08696032599185, 1.114865145659311, 1.1407520325203253, 1.0704874835309617, 2.4589371980676327, 2.185745140388769, 1.6666666666666667, 2.0, 1.411764705882353, 1.2020460358056266, 1.0636114911080712, 1.122126254286803, 1.0013189188420533, 1.071588868940754, 1.0090734601291222, 1.423913043478261, 1.036271186440678, 1.062936899582445, 1.3333333333333333, 1.6666666666666667, 1.2390062821245003, 1.0, 1.1214953271028036, 1.0377992440151198, 1.0243513882567137, 1.139192628223055, 2.0, 1.0265712825753706, 1.0430292598967297, 1.172452001531116, 1.0459661819957775, 1.1555783009211873, 1.1753753753753753, 1.1796176924077204, 1.0130587162129723, 1.471004243281471, 1.0422535211267605, 1.0240174672489082, 1.0, 202.0, 1.0490144586087622, 5.0, 1.8571428571428572, 1.542857142857143, 1.159847764034253, 1.0465514812008028, 1.0722021660649819, 1.2222222222222223, 1.1666666666666667, 1.0188507956851436, 1.2067651262505956, 1.0878112712975099, 1.5216346153846154]
origin-bjaq_15.71 	max: 232.0000	99th: 70.3800	95th: 4.6218	median: 1.1357	mean: 3.5671

...Done, result: results.csv

WORKLOAD-FINISHED | Type: QueryWorkload | Progress: 3/3 | Workload-time: 14.035655 | Model-update-time: 0.000000


Experiment Summary: #data-update-times=1, #drift=1 | total-time=37.006912