Input arguments = Namespace(data_update='valueskew', update_size=80000, dataset='bjaq', debug=False, drift_test='js', model_update='adapt', model='transformer', end2end=False, query_seed=0, random_seed=42, num_workload=3)
JSON-passed parameters = {'data_updater': {'skew_ratio': '1e-3'}, 'random_seed': 75, 'transformer': {'epochs': 0}}
MODEL-PATH=/home/kangping/code_copy/SAUCE/models/end2end/transformer/origin-bjaq-0.4MB-model34.249-data18.543-300epochs-seed0.pt
DATASET-PATH=/home/kangping/code_copy/SAUCE/data/bjaq/end2end/bjaq.npy
Workloads: ['QueryWorkload', 'DataUpdateWorkload', 'QueryWorkload']

WORKLOAD-START | Type: QueryWorkload | Progress: 1/3
Going to run: ['python', '/home/kangping/code_copy/SAUCE/Naru/eval_model.py', '--dataset=bjaq', '--model=transformer', '--query_seed=0', '--end2end', '--eval_type=first_estimate', '--num_workload=3', '--data_update=valueskew', '--model_update=adapt', '--random_seed=42']
Torch device: cuda:1
GET-MODEL-PATH=./models/end2end/transformer/origin-bjaq-0.4MB-model34.249-data18.543-300epochs-seed0.pt
ckpts [PosixPath('/home/kangping/code_copy/SAUCE/models/end2end/transformer/origin-bjaq-0.4MB-model34.249-data18.543-300epochs-seed0.pt')]
Validate Argument: DATASET="bjaq" is valid.
load_npy_dataset_from_path - df.shape = (382168, 5)
Parsing... done, took 0.0s
Loading ckpt: /home/kangping/code_copy/SAUCE/models/end2end/transformer/origin-bjaq-0.4MB-model34.249-data18.543-300epochs-seed0.pt
query_seed:0
origin-bjaq_15.71 	max: 5.0000	99th: 2.5005	95th: 1.7161	median: 1.0815	mean: 1.1750
ReportEsts: [1.0603174603174603, 1.0252604166666666, 1.0562547921820522, 1.0633946830265848, 1.5, 1.0, 1.0520624966210737, 1.0815962314158307, 1.0, 1.0183006535947712, 1.1553400859954406, 1.0428778185064451, 1.0256194876102478, 1.1325581395348838, 1.1013776050865418, 1.0, 1.40625, 1.0035423308537017, 3.0, 2.0, 1.0740740740740742, 1.1000142335246952, 1.0463872652655142, 1.107457428068115, 1.0177602368031573, 1.0, 1.1562285673031802, 2.0, 1.2, 1.0296296296296297, 1.0, 1.0428569538935013, 1.0022070155970655, 1.0638179800221976, 1.0493464532236745, 1.2266234844710182, 1.1764705882352942, 1.0132066466237926, 1.1129554377023212, 1.0952380952380953, 1.0684931506849316, 1.021341463414634, 1.0, 1.031045376220563, 1.1183370708987408, 1.8333333333333333, 1.0729166666666667, 1.1731448763250882, 1.0268713153079894, 1.1666666666666667, 1.0787541741921234, 1.0893470790378006, 1.0373121004236967, 2.0, 1.2935064935064935, 1.251439539347409, 1.104417670682731, 1.3658536585365855, 1.0, 1.0, 1.134019447473646, 1.101494396014944, 1.0909090909090908, 1.0740740740740742, 1.0909090909090908, 1.1416660080613292, 1.256086286594761, 1.75, 1.0, 1.0743917218234362, 1.0358467243510507, 1.059675550405562, 1.023041474654378, 1.1560787798015697, 1.0705882352941176, 1.0650887573964498, 1.0, 1.1068893528183716, 2.0, 1.017331917702086, 1.1428571428571428, 1.0593210033496578, 1.2883435582822085, 1.1208226221079691, 1.113837095191364, 1.0, 1.0761881922884975, 1.0053220860697627, 1.0686274509803921, 1.75, 1.1408235892221656, 1.064260547846904, 1.043613707165109, 1.0056100981767182, 1.015769944341373, 1.0051948051948052, 1.0465116279069768, 1.140077821011673, 1.0, 1.2373854477199955, 1.0144609991235758, 1.097770154373928, 1.212882516584635, 1.3076923076923077, 1.0195171462419046, 1.0881337934696045, 1.2790319193616129, 1.1164201744406523, 1.0444512568976088, 1.3333333333333333, 2.0, 1.035981308411215, 1.0710798265971888, 1.0391661402400505, 1.0909090909090908, 1.0575996784666881, 1.0, 1.0488804793440556, 1.051307847082495, 1.0, 1.0055248618784531, 1.0, 1.1478696741854637, 1.0288036730608014, 1.1171856798943853, 1.1666666666666667, 1.8, 1.1804635761589404, 1.0, 1.4, 1.0970647473188087, 1.3, 1.0791015625, 1.02601317615731, 1.058969893008211, 1.0734312416555407, 1.0138888888888888, 1.0455962587685113, 1.039972432804962, 1.0712979890310785, 1.0323230627151372, 1.208955223880597, 1.0384866275277234, 1.125835148653418, 2.0, 1.0227894257064722, 1.010392609699769, 1.076820307281229, 1.1279336509617082, 1.5, 1.1907241462823928, 1.1306532663316582, 1.0060362173038229, 1.1074561403508771, 1.0875912408759123, 1.0111260957518544, 1.1471195916383081, 1.1659744492928867, 1.1144067796610169, 1.0133333333333334, 1.2448979591836735, 1.3269230769230769, 1.011782032400589, 1.7142857142857142, 1.0506800144894128, 1.036340345713654, 1.1696969696969697, 1.3263566625627428, 1.1204654346338125, 1.0683522832684, 1.2336842105263157, 1.1695331695331694, 1.1247216035634744, 1.0748230535894843, 1.041329739442947, 1.1166180758017492, 1.0283400809716599, 1.084082318353633, 1.0203821656050955, 1.0, 1.1454545454545455, 1.0777186311787073, 1.0283094098883572, 1.174961964790263, 1.1973684210526316, 1.1032602592735847, 1.3109744378243322, 1.067506438975824, 1.1372549019607843, 1.015, 1.0911536536536537, 1.0, 1.1818181818181819, 1.03676203543037, 1.0138089758342923, 1.0258183494698017, 1.4583333333333333, 1.0508038585209003, 1.052174270490245, 1.0715105695196285, 1.0626410835214446, 1.1417729524612628, 1.1346153846153846, 1.1228070175438596, 1.2352941176470589, 1.0, 1.322314049586777, 1.090048888187983, 1.3658536585365855, 1.264367816091954, 1.013840830449827, 1.0031277926720286, 1.0204727438022307, 1.0203917434247032, 1.1682094081942336, 1.2137931034482758, 1.027456647398844, 1.0038885288399222, 1.0807484634384514, 1.027293707611153, 1.0, 1.0372670807453417, 1.1488192543280877, 1.0097457981307139, 1.141986593540524, 1.0020891001201233, 1.280407234918228, 1.0357142857142858, 1.008010477840213, 1.046544610624033, 1.0107163000564017, 1.0726256983240223, 1.1616867469879517, 1.0274661508704062, 1.1346456692913385, 2.0, 1.2217090069284064, 1.099263063867798, 1.1685419596812001, 1.2946859903381642, 1.0, 1.6666666666666667, 1.0986264750883734, 1.1090909090909091, 1.0820172850647323, 1.5, 1.0, 1.0526315789473684, 1.0441061670569867, 1.0769230769230769, 1.0718232044198894, 1.130801687763713, 1.0559322033898304, 1.000419991600168, 1.1344147422620545, 1.0178571428571428, 2.0, 1.0884173297966402, 1.0319337251292218, 1.0998248686514887, 1.0485971065322226, 1.0772640218878249, 1.0399631581640485, 1.1104928457869634, 1.0785697938489165, 1.0173444976076556, 1.088502269288956, 1.0538371942539149, 1.1818181818181819, 1.0039071921277314, 1.2213541666666667, 1.2045454545454546, 1.3157894736842106, 1.001456664238893, 1.0555555555555556, 1.0085470085470085, 1.1281340421236794, 1.1848184818481848, 1.3358395989974938, 1.0195513980970923, 1.0880872483221478, 1.0223021339816316, 1.043744808107659, 1.25, 1.0774099672608222, 2.5, 1.0458881967988647, 1.0086393088552916, 1.053980246688817, 1.0810810810810811, 1.6666666666666667, 1.3043478260869565, 1.109375, 1.0652525697123476, 1.0, 1.047400611620795, 1.0407239819004526, 1.0100160256410255, 1.0175410064588077, 1.0327868852459017, 1.1572327044025157, 1.0199031430178596, 1.0950492595575934, 1.1282259519942248, 1.1196581196581197, 1.0, 1.1420047732696896, 1.2608695652173914, 1.0771812080536913, 1.122535804549284, 1.0512927439532944, 1.0394366197183098, 1.4390243902439024, 1.0013717421124828, 1.003365260160497, 1.2857142857142858, 1.0101557942881867, 1.0419847328244274, 1.0, 1.0958844133099825, 1.2380952380952381, 1.4, 1.0074430989665886, 2.0, 1.1646090534979423, 1.0450581395348837, 1.0828547990155866, 1.0721816707218168, 1.0268096514745308, 1.123456790123457, 1.1155589226044724, 1.0676387299887216, 1.0222841225626742, 1.035878400761057, 1.0859776367482623, 2.0, 1.0, 1.0419228044516557, 1.25, 1.0697544642857142, 1.3529411764705883, 1.0, 1.4666666666666666, 1.3805220883534137, 1.0500927643784788, 1.303030303030303, 1.053030303030303, 1.0, 1.1644474034620507, 1.0829975718440643, 2.0, 1.5533055390113162, 1.0, 1.0918849161162985, 1.0987654320987654, 1.0409078981894515, 1.1428571428571428, 1.1363636363636365, 1.2476089266737513, 1.4259259259259258, 1.0202181214273534, 1.014845657693767, 1.037292817679558, 1.0, 1.0769230769230769, 1.5714285714285714, 1.5, 1.1428571428571428, 1.0689607887501629, 1.3333333333333333, 1.0083194675540765, 1.2625, 1.2930441335473937, 1.0723708877204914, 1.25437693099897, 1.0241345109337363, 1.0104408352668213, 1.042857142857143, 1.5, 1.167883211678832, 1.1531914893617021, 1.0495966476302283, 1.1428571428571428, 1.5714285714285714, 1.0, 1.0213776722090262, 1.023689805519502, 1.0086526576019776, 1.1464387464387464, 1.0191518467852256, 1.125, 1.0907770515613653, 1.034957627118644, 1.1538461538461537, 1.0297450424929178, 1.1081081081081081, 1.0671730546613596, 1.0659678871112919, 1.0302860974519445, 1.0886075949367089, 1.2758620689655173, 1.1049382716049383, 1.0, 1.0076169749727966, 1.055345306705016, 1.027402019827666, 1.0660226016897794, 1.0402864816472694, 1.1553860819828408, 1.5714285714285714, 1.145303867403315, 1.0, 1.1742100768573869, 1.25, 1.0395097983848196, 1.0072463768115942, 1.0789982803095444, 1.1106719367588933, 1.0778491171749598, 3.0, 1.152210597367533, 1.013907679818951, 1.1097342284347986, 2.0, 1.1454545454545455, 1.2869481765834934, 1.288888888888889, 1.093193033973653, 1.0623700623700623, 1.1666666666666667, 1.0155306298533218, 1.0261901906703441, 1.0923732441744307, 1.0995239108977957, 1.1225877192982456, 1.0381426202321724, 1.2272727272727273, 2.142857142857143, 1.0101522842639594, 1.5, 1.2288348700754401, 1.0303030303030303, 1.0774686431014824, 2.272727272727273, 1.1137620916648638, 1.070992799326333, 1.0709438618136953, 1.0, 1.14, 1.2, 1.2864937925510613, 1.188183807439825, 1.0, 1.0344017684443216, 1.1153954496917766, 1.1085785329465396, 1.5, 2.0, 1.0015533980582525, 1.011786038077969, 1.0459016393442624, 1.2222222222222223, 1.0645458615331946, 1.0795107033639144, 1.4705882352941178, 1.0352919020715632, 1.0454545454545454, 1.099737532808399, 1.0225806451612902, 1.3390828775767774, 1.058191095183138, 1.0, 1.0277777777777777, 1.0842509739739918, 1.0553656088584975, 1.016012446922304, 1.0, 1.0889183808891838, 1.0100733172011414, 1.0220010476689365, 2.0, 1.04585326953748, 1.0178254827734918, 1.0564177526202843, 1.027871215761653, 1.0015809002856944, 1.0088130774697939, 1.0378151260504203, 1.131870781099325, 2.0, 1.0449635640084758, 1.5416666666666667, 1.0, 1.1709844559585492, 1.1346153846153846, 1.013778214916814, 1.1317307692307692, 1.0730737618747253, 1.0322122216958787, 1.081054473856924, 1.102935208981469, 1.0520764705202446, 1.2560975609756098, 4.0, 1.0002353212375015, 1.15, 1.0459224773141895, 1.0524548968454168, 1.1235413495687467, 1.1494845360824741, 2.548780487804878, 2.4285714285714284, 1.013086137215757, 1.0527001882945417, 1.0567725679014757, 1.1201322556943425, 1.0049411878133436, 1.0041237113402062, 1.0646865437101978, 1.0021621621621621, 1.2381703470031546, 3.0, 1.0909090909090908, 1.0015337423312884, 1.103515625, 1.1161048689138577, 1.06861499364676, 1.1372549019607843, 1.5307692307692307, 1.148905109489051, 1.0833333333333333, 1.1088854743259837, 1.2696629213483146, 1.056341715042422, 2.0, 1.1580698835274543, 1.0862068965517242, 1.3055555555555556, 1.1187150837988826, 1.0868014268727706, 1.007905138339921, 1.0065274151436032, 1.0796702944532042, 1.0, 1.2765957446808511, 1.1666666666666667, 1.5, 1.1818181818181819, 1.0040485829959513, 1.0188679245283019, 1.0922330097087378, 1.067766741429029, 1.060324825986079, 1.086783320923306, 1.1683658775416164, 1.0491803278688525, 1.1200551628280722, 1.0864864864864865, 1.119946984758118, 1.0449927431059507, 1.0981778623878162, 1.1445086705202312, 1.1487449643631855, 1.0612679268230882, 1.2083998070715691, 1.0801987560045794, 2.0, 1.2457002457002457, 1.083083083083083, 1.4205607476635513, 1.0, 1.186046511627907, 1.25, 1.3325471698113207, 1.3703703703703705, 1.1666666666666667, 1.0025115888424079, 1.1237368694332388, 1.023254610828009, 1.01837048424289, 1.227027027027027, 1.1526610644257702, 1.0, 1.193798449612403, 1.0295192771915305, 1.0544532100831407, 1.0841358469594213, 1.0813304476591867, 1.0299425456688274, 1.1584415584415584, 1.0761878043404205, 1.0550621669626998, 1.0275242729331568, 1.1385379995858356, 1.303030303030303, 1.0172064777327936, 1.0, 1.2422535211267605, 1.2057617387738364, 3.0, 1.0763660302830809, 1.0529753100466492, 1.4285714285714286, 1.0036743515850144, 1.2, 1.0555555555555556, 1.0611993356230789, 1.6153846153846154, 1.0596908499812674, 1.0521144809910294, 1.3571428571428572, 1.2083333333333333, 1.0865979381443298, 1.0234337637494022, 1.0637969094922737, 1.041769967048486, 1.155119334288414, 1.0, 1.084998913751901, 1.1067073170731707, 2.0, 1.0059044675600248, 1.113660351241457, 1.10879848628193, 1.0162087299818523, 1.0132906444287257, 1.0, 1.7142857142857142, 1.0273544353262993, 1.032258064516129, 1.1313186160555206, 1.1579760525299343, 1.0245344072180167, 1.0362501567310773, 1.0167597765363128, 1.0491803278688525, 1.1906354515050168, 1.0696420601624566, 1.0599369085173502, 1.0480072463768115, 1.0330982094411285, 1.045608278415809, 3.0, 1.12489309622814, 1.0142968048960004, 1.0150958487748953, 1.3571428571428572, 1.3548812664907652, 1.6325301204819278, 1.1428571428571428, 1.1169499894194823, 1.0420575865415722, 1.168122270742358, 1.0, 1.3333333333333333, 1.0864555881370401, 1.5, 1.044392523364486, 1.0833333333333333, 1.020653799586924, 1.44, 1.1139240506329113, 1.0324947589098532, 1.0, 1.6243386243386244, 1.3330427201394943, 1.25, 2.0, 1.1176470588235294, 1.1896551724137931, 1.0431007751937984, 1.188279301745636, 1.1347517730496455, 1.2153392330383481, 1.1014466214978942, 1.0571428571428572, 1.206896551724138, 1.383673469387755, 1.1538461538461537, 1.0, 1.0132517838939856, 1.0404040404040404, 1.0114942528735633, 1.0880396798557097, 1.1017952905772965, 1.098691384950927, 1.0865028310556428, 1.146688837478311, 1.2131386861313869, 1.0151423379769837, 1.5714285714285714, 1.0, 1.2142857142857142, 1.0068847473427627, 1.0679611650485437, 1.107843137254902, 1.0628272251308901, 1.0085528827796868, 1.0698286842896194, 1.0152805719768485, 1.0985915492957747, 1.2222222222222223, 1.0637795275590551, 1.065084835630965, 1.0609284646871548, 1.0434052789489685, 1.013157894736842, 1.0012551683402244, 1.0142172548187016, 1.1553254437869822, 1.3070264765784114, 1.125, 1.0643921191734742, 1.492436974789916, 1.1063829787234043, 1.0544959128065394, 1.0701001430615165, 1.0, 1.123076923076923, 1.005029595368244, 1.1020408163265305, 1.1074598587793247, 1.0084745762711864, 1.303030303030303, 1.033365049953677, 1.0587238644556598, 1.0597636314799892, 1.0610687022900764, 1.0601589103291713, 1.1985544935661454, 1.1546391752577319, 1.2142857142857142, 1.0, 1.1111111111111112, 1.080198619353276, 1.3333333333333333, 1.241985926505082, 1.1153141995584515, 1.0588787239033544, 1.0421052631578946, 1.0492423111747908, 1.057341907824223, 1.025089605734767, 1.058252427184466, 1.0198840021602837, 1.1327099737532809, 1.0446628875891355, 1.208659520655185, 1.4285714285714286, 1.046875, 1.0355731225296443, 1.0899857880689106, 1.1042345276872965, 1.269879518072289, 1.0865384615384615, 2.1829787234042555, 1.0024457934549396, 1.0550335570469798, 1.0731818181818182, 1.125, 1.0745534558633187, 1.0344803966059029, 1.3423280423280424, 1.0581052631578947, 1.1851851851851851, 1.0447427293064877, 1.1618497109826589, 1.5625, 1.0932531631561475, 1.5384615384615385, 1.2156862745098038, 1.1070559610705597, 1.0143638850889194, 1.0308132682269742, 1.0131108462455305, 2.2, 1.0821256038647342, 1.1007022316996948, 1.0490305016945385, 1.0223323517143053, 1.0132286068623397, 1.0776064157927205, 1.0833333333333333, 1.092241379310345, 1.0001953888237594, 1.0659404437698112, 1.0370741482965933, 1.0138888888888888, 1.0316279069767442, 1.0486551636640447, 1.338192419825073, 1.0020805650744806, 1.0, 1.3333333333333333, 1.0578011817350244, 1.0337695230054875, 1.231016548463357, 1.1263274951348345, 1.0782122905027933, 1.0465116279069768, 1.0993977388098688, 1.0554936483173614, 1.1488970588235294, 1.0, 1.037037037037037, 1.0851126490943896, 1.0952380952380953, 1.75, 1.0617480460173883, 1.1682896056420045, 1.006310958118187, 1.0056818181818181, 1.2353367125271542, 1.009058123544105, 1.1599662637053696, 1.0025062656641603, 1.2692307692307692, 1.0269541778975741, 1.130952380952381, 1.14375, 1.5925925925925926, 1.080746452117555, 1.193260654112983, 1.1633499170812605, 1.025, 1.0505901628381316, 1.0324625432193624, 1.0626506024096385, 1.2876807288571994, 1.3333333333333333, 1.12, 2.0, 1.1455938697318007, 1.2307692307692308, 1.0, 1.1538461538461537, 1.0781456953642383, 1.0507246376811594, 1.032761767035086, 1.0564453716477675, 1.278181818181818, 1.3333333333333333, 1.1428571428571428, 1.0689655172413792, 1.1216216216216217, 1.0144927536231885, 1.1382978723404256, 1.0237736639133341, 1.031356906979333, 1.3333333333333333, 1.0820595939079352, 1.047259896902057, 2.5, 1.0697322309550543, 1.2727272727272727, 3.0, 2.0, 1.1665680473372781, 1.0497740801836046, 1.0685815368169207, 1.2422360248447204, 1.0, 1.1168831168831168, 1.1042944785276074, 3.0, 2.0, 1.0282972440944882, 1.1997580319935475, 1.0012510947078694, 1.6666666666666667, 1.024942264845819, 1.0433772269558481, 1.051779935275081, 1.0, 1.0751173708920188, 1.0234198160264745, 1.0133333333333334, 1.1338175550904839, 1.0069044432807743, 1.2318840579710144, 1.1796875, 1.0736627279314985, 1.106805293005671, 1.0950413223140496, 1.2777777777777777, 1.060354515105034, 1.9489868891537545, 1.0505710194530786, 1.1928571428571428, 1.0980392156862746, 1.2388059701492538, 1.0881953867028493, 1.0491803278688525, 1.0125217285847112, 1.0634834259436674, 1.0676855895196506, 1.5, 1.6666666666666667, 1.0886658569328134, 1.150395778364116, 1.227776697140634, 1.0065966298891766, 1.0347884261582205, 1.125422568359793, 1.489864864864865, 1.0434782608695652, 1.072950239761025, 1.1130652750097594, 1.2069701280227596, 1.0938697318007662, 1.6666666666666667, 1.0135135135135136, 1.0455277692543725, 1.1421943231441047, 1.0018875282739257, 1.093914227130968, 1.0078125, 2.0, 1.0620347394540943, 1.0448093098283213, 1.175462645647704, 1.0958333333333334, 1.0784997377580698, 1.1815286624203822, 1.206401766004415, 1.016231884057971, 1.0317064585079783, 1.0588854280663356, 1.0495391705069124, 1.0371845949535192, 1.0, 1.2146118721461188, 1.062414297467776, 1.011889035667107, 1.0308064718711107, 1.1031307550644567, 1.0219364599092284, 1.2857142857142858, 1.18639798488665, 1.6666666666666667, 2.0, 1.1764705882352942, 1.0, 1.0394944707740916, 1.0045885249570992, 1.0021769813096104, 1.0257801899592944, 1.0163179916317993, 1.1304347826086956, 1.1666666666666667, 1.0678675898061827, 2.0, 1.5833333333333333, 1.0599793174767322, 1.1428571428571428, 1.0330123796423658, 1.1518987341772151, 1.0992767264440702, 1.0989433705020208, 2.0, 1.061801446416831, 1.2286821705426356, 1.203842689882918, 1.0396754039101994, 1.1111111111111112, 1.1202054794520548, 1.1397341145659943, 1.1435427305728174, 1.02442996742671, 1.1639344262295082, 1.0754189944134078, 1.0, 1.0, 1.041459532920854, 5.0, 1.4285714285714286, 2.4545454545454546, 1.0628205128205128, 1.119047619047619, 1.0814855875831486, 1.1255394272263632, 1.0, 1.0732464307883303, 1.0192757009345794, 1.238888888888889, 1.2884615384615385, 1.4285714285714286, 1.0047524314765695, 1.2178492239467849, 1.1444444444444444, 1.0011169024571853, 1.0247394884500474, 1.189151747655584, 1.0955338657202012, 1.0, 1.1983331218005668, 1.0212356351117284, 1.0307568149210904, 1.1774193548387097, 1.049158011495412]
origin-bjaq_15.71 	max: 5.0000	99th: 2.5005	95th: 1.7161	median: 1.0815	mean: 1.1750

...Done, result: results.csv

WORKLOAD-FINISHED | Type: QueryWorkload | Progress: 1/3 | Workload-time: 13.940202 | Model-update-time: 0.000000


WORKLOAD-START | Type: DataUpdateWorkload | Progress: 2/3
Going to run: ['python', '/home/kangping/code_copy/SAUCE/Naru/eval_model.py', '--model=transformer', '--data_update=valueskew', '--dataset=bjaq', '--drift_test=js', '--end2end', '--update_size=80000', '--query_seed=0', '--eval_type=drift']
Torch device: cuda:1
GET-MODEL-PATH=./models/end2end/transformer/origin-bjaq-0.4MB-model34.249-data18.543-300epochs-seed0.pt
GET-DATASET-PATH=./data/bjaq/end2end/bjaq.npy
ValueSample - START
ValueSample - END
load_npy_dataset_from_path - df.shape = (458601, 5)
Parsing... done, took 0.0s
Data updated!
Previous data size: (382168, 5), new data size: (76433, 5)
[8.3446503e-07 1.7881393e-07 1.7881393e-07 8.7964535e-03 3.5762787e-07]
Distance score: 0.001759600592777133
SAUCE Drift detection: True
Detection latency: 0.0232s

DRIFT-DETECTED after 2-th workload
Going to run: ['python', '/home/kangping/code_copy/SAUCE/Naru/incremental_train.py', '--dataset=bjaq', '--end2end', '--model=transformer', '--model_update=adapt', '--update_size=80000', '--epochs=0']
Torch device: cuda:1
GET-MODEL-PATH=./models/end2end/transformer/origin-bjaq-0.4MB-model34.249-data18.543-300epochs-seed0.pt
update_size: 76433
AdaptTask - START
GET-DATASET-PATH=./data/bjaq/end2end/bjaq.npy
load_npy_dataset_from_path - df.shape = (458601, 5)
Parsing... done, took 0.0s
done, took 0.0s
dataset size: 458601
train data shape: torch.Size([76433, 5]), transfer data shape:torch.Size([15286, 5])
Training done; evaluating likelihood on full data:
Epoch None Iter 0, test loss 26.5278 nats / 38.2715 bits
Saved to: /home/kangping/code_copy/SAUCE/models/end2end/transformer/origin-bjaq-0.4MB-model34.249-data18.543-300epochs-seed0.pt
AdaptTask - END

WORKLOAD-FINISHED | Type: DataUpdateWorkload | Progress: 2/3 | Workload-time: 4.075279 | Model-update-time: 5.019124


WORKLOAD-START | Type: QueryWorkload | Progress: 3/3
Going to run: ['python', '/home/kangping/code_copy/SAUCE/Naru/eval_model.py', '--dataset=bjaq', '--model=transformer', '--end2end', '--query_seed=0', '--eval_type=estimate', '--num_workload=3', '--data_update=valueskew', '--model_update=adapt', '--random_seed=42']
Torch device: cuda:1
GET-MODEL-PATH=./models/end2end/transformer/origin-bjaq-0.4MB-model34.249-data18.543-300epochs-seed0.pt
ckpts [PosixPath('/home/kangping/code_copy/SAUCE/models/end2end/transformer/origin-bjaq-0.4MB-model34.249-data18.543-300epochs-seed0.pt')]
Validate Argument: DATASET="bjaq" is valid.
data size: 458601, total size: 458601, split index: [382167 458601]
Parsing... done, took 0.0s
Loading ckpt: /home/kangping/code_copy/SAUCE/models/end2end/transformer/origin-bjaq-0.4MB-model34.249-data18.543-300epochs-seed0.pt
query_seed:0
origin-bjaq_15.71 	max: 273.6571	99th: 34.8824	95th: 2.6683	median: 1.1236	mean: 2.4646
ReportEsts: [1.0342105263157895, 1.0078930059197544, 1.0516917010777118, 1.064957264957265, 1.608695652173913, 1.0, 1.1158273381294963, 1.1474290466970438, 1.2, 1.0621592148309706, 1.1318169821732766, 1.0422482294817124, 1.1940361192776145, 1.2883720930232558, 1.081450653983353, 1.3191489361702127, 1.1832797427652733, 43.0, 1.4545454545454546, 1.1029787234042554, 1.0614816424071258, 1.2683224755700326, 1.0954728821156432, 1.0442773600668338, 1.1058357888863704, 1.0337932413517297, 3.0, 1.0476101276888015, 1.1666666666666667, 1.1666666666666667, 19.19622012229016, 2.0, 1.0538687670276972, 1.0068522252350383, 3.3567171022466757, 1.067109144542773, 1.0296249825735397, 1.4064171122994653, 1.3333333333333333, 2.188268212251424, 1.0066574202496532, 1.1122842453176642, 1.1392722710163112, 1.117362494410342, 1.1717391304347826, 1.0819368131868132, 1.2857142857142858, 1.2041728763040238, 1.275, 1.2334943639291465, 14.352941176470589, 1.1090047393364928, 1.0194552529182879, 1.206896551724138, 1.1044947807677716, 1.162690230731468, 1.0796407185628742, 1.249357326478149, 1.075268817204301, 1.049860814338629, 1.3076923076923077, 1.0693771441264304, 1.0542168674698795, 1.0703703703703704, 1.160919540229885, 1.5, 1.1011079013364655, 1.3819250139899273, 1.75, 1.0, 1.0631685010075957, 1.0362903225806452, 1.071255453223461, 1.15990990990991, 1.0768114085649632, 1.9859154929577465, 1.02005893019039, 1.0628019323671498, 1.5339805825242718, 1.3338962050022478, 1.0779556014455343, 15.60759493670886, 1.0, 1.3333333333333333, 1.085549132947977, 1.3970588235294117, 1.0486322188449848, 10.13978494623656, 1.3333333333333333, 1.0967292637241246, 1.1091454272863568, 1.404562123189757, 1.2412871104554675, 1.3163961947397873, 1.3582554517133956, 1.019036954087346, 1.0518134715025906, 1.4372163388804842, 3.0, 1.3069267515923566, 1.16, 2.0, 1.0930520879647048, 1.2114137483787288, 1.2701543739279588, 1.369583838960668, 1.2727272727272727, 1.0045459068508074, 1.3055481815768517, 1.207828209690099, 1.0330739299610896, 1.0461420148679825, 1.5, 2.0, 1.061366267850251, 1.0781359672262008, 1.0708245243128964, 1.2117647058823529, 1.059941658534538, 2.0, 1.2948596657205929, 1.0267942583732057, 1.0, 1.0610328638497653, 1.1428571428571428, 1.2217573221757323, 1.0143907236773992, 1.009778994719343, 1.1071428571428572, 1.5, 1.1289222373806276, 1.0, 1.125, 1.1109163052505306, 1.25, 1.0162911084043849, 1.1790474167684384, 1.100093984962406, 1.5, 1.5714285714285714, 1.023157894736842, 1.0801612180922526, 1.070264765784114, 1.0596084653086664, 1.3082191780821917, 1.4116022099447514, 1.0824204803635182, 3.0, 1.0177760968229954, 1.1148977604673806, 1.0887096774193548, 1.1243591621502855, 1.5, 1.2271251775207952, 1.0390428211586902, 1.0033670033670035, 1.1846153846153846, 1.0, 1.279686558167571, 1.1427298418922016, 1.2519161121873157, 1.1273764258555132, 1.3449131513647643, 1.5510204081632653, 1.4083333333333334, 1.223858615611193, 1.7142857142857142, 1.0643607410201934, 1.4444444444444444, 1.1861471861471862, 1.2551290259722183, 33.860986547085204, 1.2280438372616724, 1.156507413509061, 1.1037181996086105, 1.120285570058412, 19.09079391891892, 1.2165660051768765, 1.0892857142857142, 1.0246469833119385, 1.3339902094183518, 1.002252771164529, 1.3507462686567164, 1.6, 1.0085438630000418, 1.143151087595532, 1.6437768240343347, 1.0437333333333334, 1.4622871046228711, 3.0, 1.2294617563739376, 1.2904816631788398, 1.0416666666666667, 1.1526288922919856, 1.5386699079701338, 1.0656091854354635, 1.13458565798229, 1.2700460829493088, 1.2052631578947368, 1.6688701923076923, 1.0077047850770477, 1.06411730879816, 1.0014323227500597, 1.0604867459952783, 1.075223319228961, 1.0660294633461944, 1.3623188405797102, 1.0625, 1.2592592592592593, 1.0, 1.416058394160584, 1.0510436040504236, 1.588850174216028, 1.4482758620689655, 1.0069529652351739, 1.25, 1.0461285126959705, 1.0251141552511416, 1.4739914820309135, 3.5, 1.0567632850241546, 1.0297941495124594, 1.2371474524671147, 1.0094874664065265, 27.666666666666668, 34.85071942446043, 1.0741560144215012, 1.024158062126955, 1.0238095238095237, 1.2388535031847134, 1.0734939759036144, 1.075221673265059, 1.2671755725190839, 1.0032212175221151, 1.018146588441373, 1.3308550185873607, 1.139917695473251, 1.0121145374449338, 1.0, 1.063109954456734, 2.0, 1.222195646974408, 1.085890423658107, 1.1502651738361815, 1.0576271186440678, 1.1666666666666667, 2.0, 1.1108751934905001, 1.3272727272727274, 1.1038686084557645, 1.4, 1.0410109680495947, 1.0508826583592938, 1.125, 1.0014177917106444, 1.2265193370165746, 1.1015625, 1.103448275862069, 1.0049036777583187, 1.1178421222905208, 1.1929824561403508, 2.0, 1.2732403923261983, 1.395001776619685, 1.0973451327433628, 1.0006106177707217, 1.0677350535886625, 1.1928590172538214, 1.0416918429003021, 1.0907038785142622, 1.0322108345534406, 1.2155663655316191, 1.0168198913497701, 1.0, 1.027686676879106, 1.236323851203501, 1.4090909090909092, 1.3333333333333333, 38.01632653061225, 1.1349557522123894, 1.0257985150037345, 1.0263066080524736, 1.1270207852193996, 1.6290726817042607, 1.0274674092265388, 1.0259552992069214, 1.3117154811715481, 1.0456088963219974, 1.1, 1.1670761670761671, 1.0079901659496004, 1.0411570247933883, 1.1804816924802937, 1.0455471706563362, 1.2158311345646438, 1.0121836925960637, 1.041876641351409, 1.1040464301925945, 1.3389657936353199, 1.1660627067906097, 1.0556603773584905, 10.733333333333333, 1.1428571428571428, 1.0842042400716632, 1.0, 1.0287769784172662, 1.0457893400094336, 1.0254886680953308, 1.7096774193548387, 1.1454545454545455, 1.1400462962962963, 1.0085284280936455, 1.0045121782770845, 1.0, 1.2917426047946166, 1.0768576386535256, 1.2755344418052257, 1.6, 1.8181818181818181, 1.2100103199174406, 1.4285714285714286, 1.0089396828663582, 1.0941915227629513, 1.105263157894737, 1.2830834063047285, 1.2916666666666667, 1.6666666666666667, 1.0010849998767046, 2.0, 1.0026666666666666, 1.2325581395348837, 15.218934911242604, 17.0, 1.1512820512820512, 1.2808988764044944, 1.0236804594591782, 1.3064352539292292, 1.4045714285714286, 1.163045901730721, 1.1612633922359816, 3.0, 1.2222222222222223, 1.0335122048857668, 1.5, 1.0580315691736304, 1.588235294117647, 1.25, 1.368421052631579, 1.3575605680868839, 1.1017214397496087, 1.25, 1.1282051282051282, 1.5303030303030303, 1.3333333333333333, 1.060221778279626, 1.7142857142857142, 1.196969696969697, 1.0331894346221293, 1.4747081712062258, 1.041014168530947, 1.2730627306273063, 1.4, 1.0, 1.3131955484896662, 1.4324324324324325, 1.122340425531915, 1.1271720563114802, 1.500816629547142, 1.0098522167487685, 1.5, 1.033235857794451, 1.0, 1.5, 3.0, 34.156734207389746, 1.5714285714285714, 1.2076923076923076, 1.063157894736842, 1.186441102129683, 1.3044285751654503, 1.0460210930009588, 1.0084070553327107, 1.1075110456553756, 1.3756345177664975, 1.0759289176090467, 1.1067262535979396, 1.0909090909090908, 1.088235294117647, 1.0011343977765803, 1.0592140201805629, 16.462448255470136, 1.1942857142857144, 1.0465116279069768, 1.1485943775100402, 3.0, 1.1458333333333333, 1.3611111111111112, 1.053016453382084, 1.5297029702970297, 1.0689655172413792, 1.1028262176788937, 2.2196969696969697, 1.014300154596266, 1.2573260073260073, 1.4053590229522004, 1.1333333333333333, 1.280373831775701, 1.1376623376623376, 1.0, 1.1722003042114268, 1.7843137254901962, 1.1047883808010892, 1.0316827390493208, 1.0620037168440615, 1.1554789068718494, 1.625, 1.1607225567392312, 1.0, 52.82066869300912, 1.0, 1.020223496421546, 1.035670356703567, 1.010799319727891, 1.2033898305084745, 1.0712830957230142, 4.0, 1.5909221488078138, 1.016644906945191, 1.0978826862700053, 3.0, 1.3333333333333333, 1.220820189274448, 1.3086816720257235, 1.0868154006864648, 1.0367937821008135, 1.1666666666666667, 1.263157894736842, 1.1149185799534742, 1.0581207832812243, 1.0352469906195902, 1.0450092732047946, 27.895149253731343, 33.333333333333336, 1.14247311827957, 1.046047875331352, 1.072, 1.0830878020035357, 1.0, 1.5, 1.0072273324572931, 1.0811965811965811, 1.1863580998781973, 1.3201979755623916, 1.2714373843306601, 1.0, 1.1092436974789917, 1.32, 1.2619877317178125, 1.0909090909090908, 1.0, 1.190605090436081, 2.0, 1.0, 1.1850340136054422, 1.5, 1.2236893203883494, 1.0075700227100681, 1.0676056338028168, 1.4444444444444444, 1.0857748233696667, 1.1240105540897098, 1.4, 1.0405468970491392, 1.0298507462686568, 1.3753280839895012, 1.0468540829986612, 1.5881363062684055, 1.1700919285748665, 1.0, 1.0481927710843373, 1.013472255875939, 1.1318582478863104, 1.0689655172413792, 1.2, 1.0823311748381128, 1.014255376211666, 1.0073118279569893, 2.0, 1.0686997319034852, 1.0184125081172886, 1.0066587454824496, 1.4300428566283718, 1.0030359330858534, 1.011790518235957, 1.116955017301038, 1.0290660247977834, 2.6666666666666665, 1.0693399082965656, 1.0600347308360207, 1.0211703139866795, 1.0088397790055248, 1.1049723756906078, 1.00570134143079, 1.2777777777777777, 1.1979286012367691, 1.0584024114544084, 1.1610284776327475, 1.1702127659574468, 1.111371515062741, 2.5641319121539454, 1.0, 1.1238938053097345, 1.104079537677743, 1.2168367346938775, 1.005424284920488, 1.0864882296033538, 1.0, 1.12552783109405, 1.747093023255814, 1.1428571428571428, 1.1587301587301588, 1.0261784974653174, 1.0766283524904214, 1.1233425068801601, 1.0, 1.5, 1.0149390944610435, 1.4078538738149722, 1.0180864532465184, 1.2067485320946205, 1.1039290240811153, 65.02590673575129, 1.0132992327365729, 1.196779303062302, 1.8758620689655172, 1.0332188302071137, 1.2083333333333333, 1.0964467005076142, 1.1557403500062058, 1.1949685534591195, 1.051285854921581, 2.0, 1.1913455037187288, 1.0586206896551724, 1.0583031920226427, 1.1306306306306306, 1.1388349514563108, 1.0778761061946902, 1.123076923076923, 1.0639430868640947, 1.0, 1.4893617021276595, 1.2, 1.0, 1.2121212121212122, 5.8, 1.053475935828877, 1.2864077669902914, 1.064196870402568, 1.056545313710302, 1.022021802898297, 1.0184381778741864, 1.3274978116793799, 1.1559553456419065, 1.0252025871682402, 1.1041420118343195, 1.1671297285744817, 1.0509209915863125, 1.0685404339250493, 1.037473233404711, 1.2192513368983957, 1.0, 1.0735885475309634, 1.16, 1.1012093206174418, 1.2912087912087913, 1.3268067952778577, 1.7361702127659575, 2.0, 1.0201660735468565, 1.0555555555555556, 2.0, 1.5925925925925926, 1.0298475281071924, 1.026433358153388, 1.036649214659686, 1.3246753246753247, 1.0929257820486609, 1.1412630330927225, 1.3253275109170306, 1.2, 1.6, 1.1242791926958193, 1.0434782608695652, 1.0992092020129403, 1.0938156359393232, 1.0, 1.0139431121026212, 1.3662337662337662, 1.0850509835542341, 1.1246290801186944, 1.026214845723481, 1.4699762907049887, 1.0012378694021666, 1.6623376623376624, 2.2857142857142856, 1.1903524443722593, 1.0, 1.0184757505773672, 1.2456140350877194, 1.2679558011049723, 273.65714285714284, 1.32, 1.084551217884551, 1.0827067669172932, 1.1609589041095891, 1.0942993812261377, 1.1415584415584417, 1.1145833333333333, 1.1545485289144404, 1.1900647948164147, 1.0597222222222222, 1.2, 1.0838042213727772, 1.127174333204484, 1.1363636363636365, 1.004120879120879, 1.187096151991513, 30.226519337016576, 1.0492391058929782, 1.5, 1.201086956521739, 1.0848562573474405, 1.1613756613756614, 1.3173652694610778, 1.1201832289426943, 1.1150442477876106, 1.75, 1.0044828690361831, 1.0589430894308942, 1.0703557312252965, 1.0416944629753169, 1.007434105699641, 1.0310202205882353, 1.236760124610592, 1.1104910714285714, 1.3678929765886287, 1.0689726912922224, 1.2958990536277601, 1.0029828486204324, 1.0026030368763557, 1.067116610423697, 1.4242424242424243, 1.0530017994438083, 1.1904761904761905, 1.6, 1.326894502228826, 1.5935967695413902, 1.2775494957041464, 1.0009174311926605, 1.1428571428571428, 1.008849557522124, 1.1026200873362446, 1.0685714285714285, 1.0424101954910518, 2.0, 1.0749588138385502, 1.5, 1.3014018691588785, 1.1538461538461537, 1.3236689693671062, 1.4516129032258065, 1.4641350210970465, 1.030176026823135, 1.0, 1.0558442458255386, 1.2410291130670277, 1.4, 2.0, 1.0601503759398496, 1.190883190883191, 1.1429845422116527, 1.0095338983050848, 1.084406294706724, 33.46886912325286, 1.0730478589420656, 59.820598006644516, 1.0204081632653061, 1.234527687296417, 2.7, 1.5, 1.2461538461538462, 1.256854256854257, 1.0095652173913043, 1.1177039976768948, 1.110557983997572, 1.08631100082713, 1.243196573088667, 1.1663195387726766, 1.0984682713347922, 1.0044820717131475, 1.5, 1.0, 1.0, 1.0599775891212277, 1.1065573770491803, 1.102981029810298, 1.2463054187192117, 1.0965796019900498, 1.0057820855614974, 1.0193076484904977, 1.130952380952381, 1.1428571428571428, 1.0728643216080402, 1.0046945763835193, 1.1312255990201332, 1.019404175041829, 1.0276243093922652, 1.203780271707029, 1.0002593145289527, 1.0694314291724838, 1.0840840840840842, 1.2614764646758785, 1.0485074626865671, 1.147178329571106, 1.8804347826086956, 1.0405080148568078, 16.75, 1.0104895104895104, 1.0, 1.068, 1.1640197949348254, 1.0, 1.0934974030323128, 1.0123893805309734, 1.108695652173913, 1.03856677114673, 1.10271761460351, 1.271488047273704, 1.1617086193745232, 1.0269016697588127, 1.2122452460134732, 1.228937728937729, 3.1363636363636362, 1.0, 1.25, 1.0207764834296253, 1.6666666666666667, 1.1522797258368929, 1.115584531971143, 1.2086840939299957, 1.0424755267960844, 1.054869103120008, 1.0909253624485413, 1.002932551319648, 1.0163360560093349, 1.0225578903738923, 1.123263786854736, 1.0446166946329736, 1.465885824400819, 1.4285714285714286, 1.0148367952522255, 1.0133333333333334, 1.3506880654442095, 1.0521978021978022, 1.2655592469545958, 1.0307692307692307, 3.0071942446043165, 1.0163174921288822, 1.1017341040462427, 1.2647488038277512, 1.375, 1.1514094576412621, 1.0630953064034887, 1.288284518828452, 1.0578947368421052, 1.03125, 81.58035714285714, 1.5262382075471699, 1.1552823736019966, 1.2790697674418605, 1.0178311588415994, 1.0606060606060606, 1.116150911403137, 1.344671201814059, 1.0126903553299493, 1.1917098445595855, 1.0062724014336917, 1.039331366764995, 1.1161362367392518, 1.0510871486653703, 1.1004926108374384, 1.1009223674096849, 1.144877163139128, 1.1538461538461537, 1.0964028776978416, 1.0853122251539138, 1.593145366598778, 1.013347022587269, 3.031719532554257, 1.13595166163142, 1.0032102728731942, 1.04472049689441, 1.0196561048325592, 2.3333333333333335, 1.1273809523809524, 1.241077549703593, 1.0396124865446716, 1.0629139072847682, 1.1934314073686374, 1.337318135483273, 1.2585794094173983, 1.0729783037475344, 1.1054797896812356, 1.0730574324324325, 1.3823529411764706, 1.102803738317757, 1.0676090964966196, 1.08017106434352, 1.1111111111111112, 2.0, 1.0550087857461512, 1.1654766059109334, 1.1875712656784492, 1.2159090909090908, 1.2097986173730086, 1.0001390168036561, 1.1641158464798682, 1.03490990990991, 1.4615384615384615, 1.2654986522911051, 1.0638297872340425, 1.371875, 1.3870967741935485, 1.0506557159888728, 1.1496062992125984, 1.18898931799507, 1.1777777777777778, 47.59340659340659, 1.1206284845413077, 1.0392156862745099, 50.1, 1.0493046776232617, 1.2222222222222223, 1.0222737819025522, 1.0769230769230769, 1.2714019139233432, 1.1650793650793652, 1.211404728789986, 1.2695652173913043, 3.0, 1.3163145539906103, 1.1206010726537712, 1.2063487624108515, 1.0885245901639344, 1.28125, 1.2352941176470589, 1.1515151515151516, 1.0106382978723405, 1.4, 1.1929203539823008, 1.0037118035903663, 1.0321632814650545, 1.1130434782608696, 1.3167490750429138, 1.0448005994505036, 2.5, 1.0047776020669532, 1.7880374862183022, 1.5, 3.0, 1.4284023668639054, 1.055406931811426, 1.0769173173601454, 1.484472049689441, 1.0, 1.0617283950617284, 1.272264631043257, 11.824561403508772, 1.0423203335412894, 1.1212957243840505, 1.0475966386554623, 1.2111708109458952, 2.0, 1.0269276632385138, 1.0501955671447196, 1.0025597269624573, 1.2261904761904763, 1.037825059101655, 1.0, 1.0655594405594406, 1.1969664255640722, 1.0047632611723003, 3.2, 1.0375, 1.0853925866879235, 1.1041844577284372, 1.0096463022508038, 1.0869565217391304, 1.0204393361325543, 1.2959089103667416, 1.092683088993052, 1.251572327044025, 1.1666666666666667, 1.1531040268456376, 1.0, 1.1137742718446602, 1.0848806366047745, 1.0013115385755358, 1.0846223839854414, 2.5, 1.3178327645051195, 1.0425069940289782, 1.1168017686072218, 1.367243726901381, 1.0751827081361782, 1.1002881053642475, 1.0967300380228138, 1.3520408163265305, 1.0363636363636364, 1.0757874015748032, 1.089597355666307, 1.0353874313605858, 1.0070052539404553, 1.75, 1.1866666666666668, 1.0060235197593328, 1.10051993067591, 1.1715888006919353, 1.0947588107895254, 1.2265625, 2.0, 1.096774193548387, 1.0157679400542454, 1.179056603773585, 1.231939163498099, 1.0826208147859153, 1.0853333333333333, 1.3058933582787653, 1.0376993716771388, 1.0292133203321931, 1.1185465796624288, 1.2153558052434457, 1.1331626120358516, 1.027027027027027, 1.2044889916902253, 1.4367769334656753, 1.1405936425513998, 1.0927608587119322, 1.0445186421814134, 1.2382753403933435, 1.0722222222222222, 1.241150442477876, 1.6666666666666667, 2.5, 1.4705882352941178, 1.019438444924406, 1.0553410553410554, 1.1733818559916818, 1.0198318464796867, 1.0208572083428833, 1.2046025104602511, 1.158590308370044, 1.1172927002126152, 1.024997143339083, 1.3333333333333333, 1.9166666666666667, 1.145101663585952, 1.125, 1.025462962962963, 1.155574395930479, 1.0739520958083832, 1.0040340905553722, 2.0, 1.0891884884625356, 124.30232558139535, 1.0950094161958568, 1.0398192708910694, 1.068893528183716, 1.3339041095890412, 1.1543887730792137, 1.0008608630151727, 1.0381991814461118, 1.4915254237288136, 1.3058659217877095, 1.0, 3.0, 1.0413776920269073, 5.0, 1.7142857142857142, 2.129032258064516, 1.039832285115304, 1.093278463648834, 1.2165433759246806, 1.1851851851851851, 1.1666666666666667, 1.0902764163889433, 1.0219619326500733, 2.2244897959183674, 1.6514423076923077]
origin-bjaq_15.71 	max: 273.6571	99th: 34.8824	95th: 2.6683	median: 1.1236	mean: 2.4646

...Done, result: results.csv

WORKLOAD-FINISHED | Type: QueryWorkload | Progress: 3/3 | Workload-time: 14.023652 | Model-update-time: 0.000000


Experiment Summary: #data-update-times=1, #drift=1 | total-time=37.085743