Input arguments = Namespace(data_update='tupleskew', update_size=80000, dataset='bjaq', debug=False, drift_test='js', model_update='adapt', model='transformer', end2end=False, query_seed=0, random_seed=42, num_workload=3)
JSON-passed parameters = {'data_updater': {'skew_ratio': '1e-3'}, 'random_seed': 10, 'transformer': {'epochs': 0}}
MODEL-PATH=/home/kangping/code_copy/SAUCE/models/end2end/transformer/origin-bjaq-0.4MB-model34.249-data18.543-300epochs-seed0.pt
DATASET-PATH=/home/kangping/code_copy/SAUCE/data/bjaq/end2end/bjaq.npy
Workloads: ['QueryWorkload', 'DataUpdateWorkload', 'QueryWorkload']

WORKLOAD-START | Type: QueryWorkload | Progress: 1/3
Going to run: ['python', '/home/kangping/code_copy/SAUCE/Naru/eval_model.py', '--dataset=bjaq', '--model=transformer', '--query_seed=0', '--end2end', '--eval_type=first_estimate', '--num_workload=3', '--data_update=tupleskew', '--model_update=adapt', '--random_seed=42']
Torch device: cuda:1
GET-MODEL-PATH=./models/end2end/transformer/origin-bjaq-0.4MB-model34.249-data18.543-300epochs-seed0.pt
ckpts [PosixPath('/home/kangping/code_copy/SAUCE/models/end2end/transformer/origin-bjaq-0.4MB-model34.249-data18.543-300epochs-seed0.pt')]
Validate Argument: DATASET="bjaq" is valid.
load_npy_dataset_from_path - df.shape = (382168, 5)
Parsing... done, took 0.0s
Loading ckpt: /home/kangping/code_copy/SAUCE/models/end2end/transformer/origin-bjaq-0.4MB-model34.249-data18.543-300epochs-seed0.pt
query_seed:0
origin-bjaq_15.71 	max: 5.0000	99th: 2.5025	95th: 1.7423	median: 1.0826	mean: 1.1748
ReportEsts: [1.0063492063492063, 1.0044467695527073, 1.0584899382260609, 1.0358565737051793, 1.5789473684210527, 1.0, 1.070348165667455, 1.0710854395064922, 1.0, 1.015645371577575, 1.151069171500303, 1.0432729388522792, 1.0059146599070554, 1.069767441860465, 1.0420346167432002, 1.0, 1.1688311688311688, 1.0251505490612822, 3.0, 2.0, 1.08, 1.1210773173444224, 1.091281678815076, 1.1315325895478567, 1.1065614208189443, 1.0, 1.1233823168379335, 1.2, 1.2, 1.0220588235294117, 1.0, 1.0400870693256525, 1.0112106933713891, 1.0188679245283019, 1.0640328976354825, 1.2329201619298027, 1.160427807486631, 1.004822378165748, 1.1240443556718782, 1.1666666666666667, 1.0788381742738589, 1.0274390243902438, 1.0, 1.0578407684601332, 1.1367701209889531, 1.890625, 1.0842105263157895, 1.2862190812720848, 1.030002032933523, 1.1203703703703705, 1.0487475209378119, 1.4192439862542956, 1.0412022826064564, 2.0, 1.1818181818181819, 1.2242958421153478, 1.3070342205323193, 1.3592233009708738, 1.0454545454545454, 1.25, 1.1378589603780442, 1.0797011207970113, 1.1272727272727272, 1.0609756097560976, 1.0, 1.082830478617743, 1.2697819314641745, 1.75, 1.0, 1.0310457516339868, 1.0194647201946472, 1.0572254335260116, 1.004524886877828, 1.1305208283052566, 1.0823529411764705, 1.0325047801147227, 1.3333333333333333, 1.1073068893528184, 2.0, 1.0032138655341616, 1.032258064516129, 1.0160967074916494, 1.049079754601227, 1.1122448979591837, 1.120215897939156, 1.0, 1.0743012422360247, 1.01633113605321, 1.0588235294117647, 1.75, 1.0767754318618041, 1.0497908958832076, 1.0934579439252337, 1.0140252454417953, 1.0138888888888888, 1.0337662337662337, 1.062992125984252, 1.1411879259980526, 1.0, 1.224006116207951, 1.0539956803455723, 1.0934819897084047, 1.2236711429681766, 1.36, 1.0081135520200608, 1.0929121316697636, 1.3526733662761645, 1.1539628365566932, 1.0490496627835684, 1.1666666666666667, 1.6666666666666667, 1.074766355140187, 1.05770623655449, 1.071383449147189, 1.1948051948051948, 1.0575930368379407, 1.0, 1.0678019552191738, 1.1248654467169, 1.0, 1.0224719101123596, 1.1666666666666667, 1.2255639097744362, 1.0144672753062358, 1.0645336646734487, 1.12, 1.8, 1.1688741721854305, 1.0, 1.1666666666666667, 1.1071147416957192, 1.3, 1.08349609375, 1.0342341437067835, 1.0804772784970804, 1.0080106809078773, 1.0167130919220055, 1.054559625876851, 1.039972432804962, 1.0822669104204754, 1.0146386546300727, 1.132867132867133, 1.025440313111546, 1.0665076486838423, 2.0, 1.020510483135825, 1.032, 1.1063829787234043, 1.1101111699311805, 1.5, 1.1024461128602567, 1.0448916408668731, 1.0309278350515463, 1.1074561403508771, 1.047400611620795, 1.0367498314227916, 1.0472386341571662, 1.1380920613742496, 1.0436507936507937, 1.0855263157894737, 1.346938775510204, 1.2660550458715596, 1.0500736377025037, 1.2857142857142858, 1.0573954047694574, 1.044712502573409, 1.1427631578947368, 1.3187382297551788, 1.1204654346338125, 1.1530571678460682, 1.3094736842105263, 1.1553398058252426, 1.0991575481746878, 1.0859453993933266, 1.006950477845352, 1.0680272108843538, 1.0351097178683386, 1.1371927042030134, 1.0292679090980577, 1.0, 1.1454545454545455, 1.0279424216765454, 1.0281100478468899, 1.1764961915125136, 1.1842105263157894, 1.113401412795749, 1.3378819911589468, 1.0906867519425145, 1.1372549019607843, 1.0918181818181818, 1.0950037042152714, 1.0, 1.5454545454545454, 1.0043365485936613, 1.0770171149144254, 1.0050714615029968, 1.5217391304347827, 1.0662379421221866, 1.0492916857211858, 1.0687385320002107, 1.0626410835214446, 1.133656582692105, 1.2881355932203389, 1.0666666666666667, 1.1666666666666667, 1.0, 1.415929203539823, 1.1152815013404827, 1.3310104529616724, 1.3103448275862069, 1.0113692535837864, 1.0031277926720286, 1.0235865600448935, 1.0497447564088336, 1.1403495778403199, 1.0340909090909092, 1.0191458026509572, 1.028323892035988, 1.0452639439370441, 1.0289778155185225, 1.0, 1.0861283643892339, 1.1555157268627025, 1.0182501524715877, 1.144777031154551, 1.0068744752308985, 1.2800606355909263, 1.0357142857142858, 1.004327364264727, 1.1547189272821041, 1.0016920473773265, 1.177914110429448, 1.0713333333333332, 1.0154738878143132, 1.2149606299212599, 2.0, 1.1992065741003117, 1.0566100937918714, 1.1692451945616502, 1.130801687763713, 1.0, 1.6666666666666667, 1.085541935597334, 1.1272727272727272, 1.093862942559388, 1.5, 1.0, 1.0810810810810811, 1.0146534653465347, 1.0425531914893618, 1.0082872928176796, 1.0928270042194093, 1.0488215488215489, 1.0020990764063813, 1.131472484078899, 1.0526315789473684, 2.0, 1.0751958546665845, 1.079875518672199, 1.1751313485113835, 1.071761437469194, 1.152803396281657, 1.0329860228716645, 1.088235294117647, 1.0695561854127422, 1.0287081339712918, 1.0339129185227762, 1.068915725912313, 1.0909090909090908, 1.03414949254028, 1.3174157303370786, 1.1818181818181819, 1.3157894736842106, 1.0326699211415697, 1.0555555555555556, 1.0427350427350428, 1.0805463966085729, 1.2256267409470751, 1.3709273182957393, 1.0219838408358024, 1.0436241610738255, 1.0287876368109332, 1.0578577803222928, 1.1111111111111112, 1.0278172436999926, 2.5, 1.0423927041446557, 1.079913606911447, 1.0385826771653544, 1.0526315789473684, 2.0, 1.434782608695652, 1.0289855072463767, 1.0523108598905315, 1.0, 1.073394495412844, 1.0248868778280542, 1.0056089743589745, 1.0141983411551507, 1.1524390243902438, 1.150943396226415, 1.0071747568948042, 1.1791433146517214, 1.0971393471393471, 1.0940170940170941, 1.0, 1.081145584725537, 1.2530864197530864, 1.1223776223776223, 1.006950294860994, 1.0118143459915612, 1.095679012345679, 1.2040816326530612, 1.0027510316368637, 1.0130684788290643, 1.2857142857142858, 1.0028263645741853, 1.038022813688213, 1.0526315789473684, 1.10016692206655, 1.1904761904761905, 1.2727272727272727, 1.0012484130342785, 2.0, 1.1893004115226338, 1.0247093023255813, 1.0467596390484004, 1.1109243697478992, 1.0295698924731183, 1.1375, 1.0936295133862741, 1.0895953522715287, 1.0110192837465564, 1.0539984616315348, 1.0750130880263256, 2.0, 1.0, 1.0514522726753353, 1.25, 1.0715483510340973, 1.3529411764705883, 1.0, 1.4666666666666666, 1.3694779116465863, 1.0619136960600375, 1.3578947368421053, 1.002169197396963, 1.0, 1.1611185086551266, 1.1233506085536558, 2.0, 1.0881477069684335, 1.0, 1.0992940104759736, 1.0595238095238095, 1.0143007084754658, 1.1543778801843319, 1.1363636363636365, 1.238396624472574, 1.1111111111111112, 1.0162738454466596, 1.0250706688896387, 1.0592383638928067, 1.0, 1.0769230769230769, 1.5714285714285714, 3.0, 1.1428571428571428, 1.0687263080687948, 1.3333333333333333, 1.0134907251264755, 1.2469135802469136, 1.183287359078916, 1.0759981514905788, 1.2451081359423275, 1.0456123364662542, 1.011600928074246, 1.0642857142857143, 1.5, 1.095890410958904, 1.0723404255319149, 1.0424787646663483, 1.0952380952380953, 1.5714285714285714, 1.0298165137614679, 1.0324129651860745, 1.0257385628663178, 1.0238393977415308, 1.1464387464387464, 1.0199726402188782, 1.0256410256410255, 1.0907770515613653, 1.103813559322034, 1.1153846153846154, 1.0254957507082152, 1.1495327102803738, 1.0858382948513159, 1.069414506262744, 1.01053137489671, 1.162162162162162, 1.2065217391304348, 1.0948012232415902, 1.0, 1.0061529520271892, 1.0694179650691387, 1.0145706573951232, 1.0625111404228014, 1.0648610121168924, 1.1544327931363203, 1.8333333333333333, 1.3443579766536966, 1.2, 1.219470538001708, 1.25, 1.0317196074145072, 1.0043478260869565, 1.1320937231298367, 1.0671936758893281, 1.1655753040224508, 3.0, 1.0745986779981114, 1.0096018713851374, 1.0861688431120102, 2.0, 1.2222222222222223, 1.2869481765834934, 1.3231939163498099, 1.096322957994192, 1.2432432432432432, 1.2352941176470589, 1.0043327556325823, 1.0093892283375403, 1.0754470826726612, 1.109844600072279, 1.1605263157894736, 1.1774461028192371, 1.0232558139534884, 2.142857142857143, 1.1036414565826331, 1.5, 1.2278056951423786, 1.2424242424242424, 1.1889028686462002, 1.7857142857142858, 1.0824822780247507, 1.1589647527883278, 1.0598396051819865, 1.0, 1.1875, 1.12, 1.2862362362362363, 1.424507658643326, 1.0, 1.043658469190384, 1.0873721923835922, 1.0066750104297038, 1.5, 2.0, 1.0019455252918288, 1.012704174228675, 1.022950819672131, 1.1111111111111112, 1.0875729774812344, 1.059, 1.4705882352941178, 1.0130320150659133, 1.0454545454545454, 1.110236220472441, 1.0040485829959513, 1.2759781236853176, 1.0418012199497668, 1.0, 1.0724637681159421, 1.0865317764506641, 1.0469421621402841, 1.0280866098343653, 1.0, 1.1201061712010618, 1.0099715333571924, 1.0214772132006287, 2.0, 1.0446570972886762, 1.0753711602475666, 1.001501457296788, 1.0804246210300992, 1.0152791389646738, 1.0549632788438759, 1.015126050420168, 1.06099324975892, 2.0, 1.0575740348338416, 1.6818181818181819, 1.0, 1.160621761658031, 1.1346153846153846, 1.0262769646250791, 1.144941634241245, 1.062914540206816, 1.0220284534189996, 1.0532504440497337, 1.0803462735019613, 1.0713039055908087, 1.1573033707865168, 4.0, 1.0092713959908775, 1.1388663967611337, 1.047113309139211, 1.0317568410047862, 1.1017250126839169, 1.0269736842105264, 2.247311827956989, 2.4285714285714284, 1.0047333080564083, 1.0750058493866501, 1.024688201369357, 1.1193098384728342, 1.0472425761666024, 1.029723991507431, 1.0625390127265317, 1.0302049622437972, 1.2003058103975535, 3.0, 1.2, 1.0168711656441718, 1.0907335907335907, 1.0935779816513762, 1.0421313506815366, 1.0705882352941176, 1.2756410256410255, 1.148905109489051, 1.064327485380117, 1.0477961970623735, 1.2417582417582418, 1.0199456598558259, 2.0, 1.1561461794019934, 1.00398406374502, 1.236842105263158, 1.1019553072625698, 1.0855106888361046, 1.1145374449339207, 1.1776913099870299, 1.1187057526531805, 1.0, 1.4042553191489362, 1.2, 1.0, 1.1704545454545454, 1.1411290322580645, 1.0285714285714285, 1.0728155339805825, 1.0642422300544698, 1.0870069605568446, 1.069110753003223, 1.1714021714021714, 1.032258064516129, 1.0937480117914025, 1.0486486486486486, 1.0988296488946685, 1.0367682631833575, 1.0407216494845362, 1.239884393063584, 1.0757399883923389, 1.0322809506917348, 1.2452685910915695, 1.0767287877536087, 2.0, 1.085995085995086, 1.083083083083083, 1.4074074074074074, 1.0, 1.186046511627907, 1.25, 1.0123893805309734, 1.2962962962962963, 1.1666666666666667, 1.0013452878674367, 1.1312826698833935, 1.0236038179983962, 1.0628961091054954, 1.1837837837837837, 1.1383125864453665, 2.0, 1.2125984251968505, 1.0199071468767587, 1.0778680904188913, 1.082687988344766, 1.1118578425788814, 1.0327190812068392, 1.2025974025974027, 1.083570405342695, 1.0870337477797514, 1.00419945733554, 1.0913797322991774, 1.2727272727272727, 1.0567823343848581, 1.0, 1.2422535211267605, 1.2078420901285791, 3.0, 1.1260330578512396, 1.0242601323682405, 1.4285714285714286, 1.0535104364326375, 1.3, 1.1176470588235294, 1.0558746111509931, 1.6153846153846154, 1.026558137848519, 1.036736437419906, 1.3103448275862069, 1.2083333333333333, 1.1608247422680413, 1.0129124820659972, 1.036644591611479, 1.050971949597923, 1.1547145664792724, 1.0, 1.0032587442971974, 1.1097560975609757, 2.0, 1.0083492861590977, 1.0889955878536206, 1.1447492904446548, 1.022101945302302, 1.0311410819821185, 1.018018018018018, 1.5714285714285714, 1.0076657723265618, 1.021774193548387, 1.0736090136256426, 1.2465696465696465, 1.0159530629535067, 1.092868387689993, 1.3205128205128205, 1.1322662173546756, 1.2107023411371238, 1.0668106901852323, 1.0744479495268138, 1.0932971014492754, 1.0253096392030157, 1.0506446859458465, 3.0, 1.1366927913699079, 1.0192810391294655, 1.0269958243868753, 1.7272727272727273, 1.3676572698236356, 1.3284313725490196, 1.0, 1.1106722155604147, 1.0420575865415722, 1.1637554585152838, 1.0294117647058822, 1.3333333333333333, 1.0790698017356426, 1.5, 1.0981308411214954, 1.0833333333333333, 1.0148628846556416, 1.3846153846153846, 1.160337552742616, 1.0576519916142557, 1.0, 1.6283068783068784, 1.280569514237856, 1.25, 2.0, 1.1367521367521367, 1.203448275862069, 1.0276456599286563, 1.186799501867995, 1.1072664359861593, 1.2713864306784661, 1.1014466214978942, 1.0571428571428572, 1.1951219512195121, 1.3755102040816327, 1.0, 1.0, 1.1032186459489457, 1.101010101010101, 1.0041322314049588, 1.0036261914629092, 1.0708442439051826, 1.0423761693322413, 1.062001600806332, 1.2033328513591672, 1.1306122448979592, 1.0108564535585043, 1.5714285714285714, 2.0, 1.2592592592592593, 1.0069059725278895, 1.0573698146513681, 1.107843137254902, 1.0074441687344913, 1.0621611302023672, 1.0442569361012546, 1.0121603524990281, 1.1142857142857143, 1.2222222222222223, 1.0384319754035358, 1.0545466595970308, 1.0891460587970452, 1.0403653233587544, 1.006578947368421, 1.1410218546958062, 1.0281994510244006, 1.0597014925373134, 1.355906313645621, 1.125, 1.0731589147286822, 1.842323651452282, 1.1304347826086956, 1.1650793650793652, 1.0701001430615165, 1.0, 1.076167076167076, 1.0393142280863938, 1.0, 1.0911088290784037, 1.0031779661016949, 1.2285714285714286, 1.0497672525627655, 1.0170511896178802, 1.088235294117647, 1.0419847328244274, 1.0280046674445742, 1.2028607260278616, 1.1789473684210525, 1.2857142857142858, 1.0, 1.4285714285714286, 1.0726171733074967, 1.3333333333333333, 1.195195356586231, 1.0980561089871306, 1.13070447496677, 1.0653426017874876, 1.0476058017087224, 1.0147922558190123, 1.028673835125448, 1.0374479889042996, 1.0127221922182825, 1.1088770153730783, 1.0464655483767407, 1.1767433457786343, 1.6666666666666667, 1.046875, 1.0039525691699605, 1.0688932025373497, 1.003257328990228, 1.2843216896831844, 1.0865384615384615, 2.2304347826086954, 1.0320404086094463, 1.044295302013423, 1.0824401913875599, 1.125, 1.1035229331889957, 1.0285402948099656, 1.2666000998502247, 1.0581052631578947, 1.4545454545454546, 1.006423982869379, 1.0923913043478262, 1.5625, 1.0630200860832137, 1.5769230769230769, 1.0829694323144106, 1.1097560975609757, 1.066139468008627, 1.0178234790059983, 1.0107015457788346, 2.75, 1.0467289719626167, 1.0979080113239457, 1.0631701761208956, 1.0170340993282239, 1.000391676866585, 1.0730294680309598, 1.0, 1.088487972508591, 1.1490460157126823, 1.0350238849948659, 1.0240480961923848, 1.0208333333333333, 1.1570161711006781, 1.0112492599171108, 1.3330106485963213, 1.0088632993108262, 1.0, 1.3333333333333333, 1.0507206605849342, 1.0092303322919625, 1.2253388554216869, 1.1035492540079697, 1.0438946528332003, 1.079136690647482, 1.095987225360026, 1.0786750829700007, 1.0790441176470589, 1.0054347826086956, 1.0221904080171798, 1.120600795170078, 1.0952380952380953, 1.75, 1.0731396110020082, 1.1715490673154907, 1.0017103762827821, 1.0057142857142858, 1.2128892107168718, 1.0254993261503575, 1.1588417205510262, 1.1428571428571428, 1.2307692307692308, 1.0087601078167117, 1.1363636363636365, 1.13125, 1.5925925925925926, 1.0841546541513019, 1.2011892963330029, 1.1600331674958542, 1.024390243902439, 1.0429531547798174, 1.0893200153668843, 1.068239625167336, 1.1977619330560507, 1.3333333333333333, 1.2173913043478262, 2.0, 1.1340996168582376, 1.5769230769230769, 1.0, 1.1538461538461537, 1.0609271523178807, 1.0415094339622641, 1.0098049441952643, 1.0346344598045838, 1.2127272727272727, 1.2830188679245282, 1.0666666666666667, 1.032258064516129, 1.0, 1.1714285714285715, 1.1546762589928057, 1.0327158034080088, 1.0276761530184408, 1.3473684210526315, 1.0921811206171397, 1.0474650918372455, 2.5, 1.0704212173794698, 1.1456628477905073, 1.5, 2.0, 1.205621301775148, 1.135480169260561, 1.057279206225289, 1.295031055900621, 1.0, 1.2285714285714286, 1.0828220858895705, 3.0, 2.0, 1.0575071558678115, 1.28390912757091, 1.0363895363895363, 1.6666666666666667, 1.026125395106284, 1.048024786986832, 1.0082730093071355, 1.0, 1.051643192488263, 1.026424650586697, 1.1973684210526316, 1.2056551904699568, 1.029120593988264, 1.3621794871794872, 1.1328125, 1.0848450434834584, 1.0743119266055046, 1.078512396694215, 1.2105263157894737, 1.0399219115270726, 1.3585908939847124, 1.0260482990722213, 1.143835616438356, 1.2156862745098038, 1.2985074626865671, 1.0664893617021276, 1.053416149068323, 1.0047435666004774, 1.0871967809925274, 1.0600436681222707, 1.5, 1.6666666666666667, 1.0988940740267212, 1.1631486367634125, 1.2927446022174673, 1.0117880242019612, 1.0123766516139823, 1.0776480229461176, 1.1365979381443299, 1.0212765957446808, 1.0679191887430233, 1.08634505146802, 1.254249815225425, 1.0773584905660378, 1.6666666666666667, 1.0273972602739727, 1.121400362020734, 1.1719406328759452, 1.0046954215739803, 1.0890634783130773, 1.0071022727272727, 1.6, 1.1263157894736842, 1.0498656972166907, 1.1747772446881426, 1.231939163498099, 1.1008797024746102, 1.019108280254777, 1.2417218543046358, 1.001159420289855, 1.032297983371982, 1.0724387574711676, 1.0334101382488479, 1.0757575757575757, 1.0, 1.2165055607525206, 1.0585062619983545, 1.0224570673712021, 1.0409458888546341, 1.1359039190897597, 1.0385779122541603, 1.2, 1.2107969151670952, 1.6666666666666667, 2.0, 1.1764705882352942, 1.0051150895140666, 1.05608214849921, 1.0859343495443181, 1.006381249732689, 1.030393487109905, 1.0330543933054392, 1.1141304347826086, 1.0612244897959184, 1.0383074840239344, 2.0, 1.4166666666666667, 1.0869565217391304, 1.1428571428571428, 1.119225037257824, 1.114103819784525, 1.0719806763285025, 1.0944636509714174, 2.0, 1.030030959752322, 1.2267441860465116, 1.0544307125953194, 1.0403910199363284, 1.2247474747474747, 1.1232876712328768, 1.1453008608769348, 1.0936157693439248, 1.0190779014308426, 1.0597014925373134, 1.0405027932960893, 1.0, 1.0, 1.041718822645828, 5.0, 1.4285714285714286, 1.7419354838709677, 1.06145966709347, 1.1058823529411765, 1.0920177383592018, 1.1278932914868576, 1.0, 1.1253879577901924, 1.0204439252336448, 1.109452736318408, 1.2572115384615385, 1.25, 1.0897266048416234, 1.0886917960088691, 1.1393805309734513, 1.076236519152101, 1.013015717092338, 1.215312568067959, 1.1490683229813665, 1.0, 1.2168210855861572, 1.0331976996527779, 1.028559899569584, 1.1774193548387097, 1.115883740883741]
origin-bjaq_15.71 	max: 5.0000	99th: 2.5025	95th: 1.7423	median: 1.0826	mean: 1.1748

...Done, result: results.csv

WORKLOAD-FINISHED | Type: QueryWorkload | Progress: 1/3 | Workload-time: 14.049590 | Model-update-time: 0.000000


WORKLOAD-START | Type: DataUpdateWorkload | Progress: 2/3
Going to run: ['python', '/home/kangping/code_copy/SAUCE/Naru/eval_model.py', '--model=transformer', '--data_update=tupleskew', '--dataset=bjaq', '--drift_test=js', '--end2end', '--update_size=80000', '--query_seed=0', '--eval_type=drift']
Torch device: cuda:1
GET-MODEL-PATH=./models/end2end/transformer/origin-bjaq-0.4MB-model34.249-data18.543-300epochs-seed0.pt
GET-DATASET-PATH=./data/bjaq/end2end/bjaq.npy
TupleSkewSample - START
0.001
TupleSkewSample - END
load_npy_dataset_from_path - df.shape = (458601, 5)
Parsing... done, took 0.0s
Data updated!
Previous data size: (382168, 5), new data size: (76433, 5)
[9.8347664e-06 1.9967556e-05 3.3140182e-05 9.2983246e-06 3.1828880e-05]
Distance score: 2.0813942683162168e-05
SAUCE Drift detection: True
Detection latency: 0.0228s

DRIFT-DETECTED after 2-th workload
Going to run: ['python', '/home/kangping/code_copy/SAUCE/Naru/incremental_train.py', '--dataset=bjaq', '--end2end', '--model=transformer', '--model_update=adapt', '--update_size=80000', '--epochs=0']
Torch device: cuda:1
GET-MODEL-PATH=./models/end2end/transformer/origin-bjaq-0.4MB-model34.249-data18.543-300epochs-seed0.pt
update_size: 76433
AdaptTask - START
GET-DATASET-PATH=./data/bjaq/end2end/bjaq.npy
load_npy_dataset_from_path - df.shape = (458601, 5)
Parsing... done, took 0.0s
done, took 0.0s
dataset size: 458601
train data shape: torch.Size([76433, 5]), transfer data shape:torch.Size([15286, 5])
Training done; evaluating likelihood on full data:
Epoch None Iter 0, test loss 24.2196 nats / 34.9415 bits
Saved to: /home/kangping/code_copy/SAUCE/models/end2end/transformer/origin-bjaq-0.4MB-model34.249-data18.543-300epochs-seed0.pt
AdaptTask - END

WORKLOAD-FINISHED | Type: DataUpdateWorkload | Progress: 2/3 | Workload-time: 4.023268 | Model-update-time: 5.167657


WORKLOAD-START | Type: QueryWorkload | Progress: 3/3
Going to run: ['python', '/home/kangping/code_copy/SAUCE/Naru/eval_model.py', '--dataset=bjaq', '--model=transformer', '--end2end', '--query_seed=0', '--eval_type=estimate', '--num_workload=3', '--data_update=tupleskew', '--model_update=adapt', '--random_seed=42']
Torch device: cuda:1
GET-MODEL-PATH=./models/end2end/transformer/origin-bjaq-0.4MB-model34.249-data18.543-300epochs-seed0.pt
ckpts [PosixPath('/home/kangping/code_copy/SAUCE/models/end2end/transformer/origin-bjaq-0.4MB-model34.249-data18.543-300epochs-seed0.pt')]
Validate Argument: DATASET="bjaq" is valid.
data size: 458601, total size: 458601, split index: [382167 458601]
Parsing... done, took 0.0s
Loading ckpt: /home/kangping/code_copy/SAUCE/models/end2end/transformer/origin-bjaq-0.4MB-model34.249-data18.543-300epochs-seed0.pt
query_seed:0
origin-bjaq_15.71 	max: 218.0000	99th: 66.3933	95th: 3.8241	median: 1.1360	mean: 3.3717
ReportEsts: [1.2222222222222223, 1.172548170599697, 1.055001004890467, 1.225085910652921, 1.25, 1.0, 1.105967365967366, 1.0516642371708944, 1.2, 1.177150192554557, 1.1120375807398708, 1.0443875710291333, 1.2274741506646971, 1.060931899641577, 1.1700431750249087, 9.791666666666666, 1.4384615384615385, 8.035714285714286, 1.0909090909090908, 1.1412952060555088, 1.0899590605472957, 1.012049464201771, 1.2192664248286982, 1.0058823529411764, 1.0461216676120249, 1.0262840167814675, 2.0, 1.1416312916919344, 1.0, 1.4, 1.8181818181818181, 1.0, 1.0342593342512352, 1.0077967065768538, 1.1779535343549183, 1.038152610441767, 1.2385934522778452, 1.0970695970695972, 23.88888888888889, 1.125471065590826, 1.0716687481986742, 1.0291507099871802, 1.1126927639383155, 1.039914366744281, 1.2277777777777779, 1.0961605952130273, 1.5, 8.115384615384615, 1.0890052356020943, 1.075445816186557, 18.454545454545453, 1.0263157894736843, 1.5214007782101167, 1.1379310344827587, 1.0207394267802252, 1.1162800614020125, 1.0620426829268292, 1.448780487804878, 1.2820512820512822, 1.0372566162140502, 1.6296296296296295, 1.1255872114637195, 1.143835616438356, 1.1954545454545455, 1.1839080459770115, 204.0, 1.1310146197915036, 1.0653423941453215, 1.75, 1.0, 1.0328911217521, 1.2004773269689737, 1.1323127392017496, 1.1644144144144144, 1.1618009287300626, 1.1850675138999205, 1.066402378592666, 1.2602739726027397, 1.2524271844660195, 1.0947449854596973, 1.0836755646817249, 2.644628099173554, 1.0, 190.0, 1.2625850340136053, 1.5490196078431373, 1.8040201005025125, 32.285714285714285, 28.0, 1.0589837086652374, 1.168141592920354, 1.2293251076955805, 1.1029705608099107, 1.0773907169738492, 1.1877828054298643, 1.214586255259467, 1.4652777777777777, 1.1692546583850931, 12.529411764705882, 1.129521184981054, 1.08, 72.33333333333333, 1.0504560684231832, 1.0361784334387074, 1.2701543739279588, 1.1920161518843866, 1.096774193548387, 1.0172803249810891, 1.195245321193728, 1.1978801434731794, 1.1496398166339228, 1.0801787592008412, 1.5, 99.5, 1.0177961531547726, 1.0303566530706139, 1.021794221996959, 2.3157894736842106, 1.0559706975084486, 2.0, 1.2281144781144782, 1.1349862258953167, 1.0, 1.1978021978021978, 1.0, 1.4912280701754386, 1.0061342518142533, 1.0769466397108374, 1.125, 1.5, 1.070846394984326, 1.0, 14.266666666666667, 1.0409751924721984, 1.0833333333333333, 1.2058511765952937, 1.0124972665646184, 1.0818380128069804, 168.0, 1.2142857142857142, 1.0855745721271393, 1.267413541159279, 1.0266602035870092, 1.0325576861483616, 1.0728476821192052, 1.0268346111719606, 1.0635378990213566, 3.0, 1.1153526970954357, 1.206273764258555, 1.031356898517674, 1.1842801556420233, 1.5, 1.1209749331219656, 1.1437037037037037, 1.186, 1.7556207233626588, 1.0, 1.1454038997214484, 1.039228883226768, 1.1447939505123272, 1.1206349206349207, 1.2236842105263157, 1.530612244897959, 1.2212389380530972, 1.228276877761414, 1.7142857142857142, 1.0596391179505227, 13.333333333333334, 1.4829157175398633, 1.4988078206962328, 1.5023041474654377, 1.068003561283758, 1.0242857142857142, 1.2947976878612717, 1.0705514453512317, 1.0523917995444192, 1.0515953835709437, 1.2954324586977648, 1.1202614379084967, 1.0715499771196966, 1.2690336556242405, 1.5778894472361809, 1.0926553672316384, 1.020669268392758, 1.1288153825467258, 1.386266094420601, 1.1632500374083496, 1.3107769423558897, 96.5, 1.56657223796034, 1.0709850368688103, 1.0416666666666667, 1.3668280871670702, 1.0237948838893896, 1.0180092951200619, 1.0477739979293004, 1.0664739884393064, 1.042110029431741, 1.0151384463729338, 1.0111019736842106, 1.1060296064508364, 1.0442626894394997, 1.0682882555817752, 1.0177033492822967, 1.0279432743140051, 1.6101694915254237, 3.4027777777777777, 1.0357142857142858, 1.0, 1.2030075187969924, 1.0339080094153572, 1.0562770562770563, 1.5747126436781609, 1.1266802443991852, 10.476190476190476, 1.0302763080540858, 1.190274841437632, 1.2536857319843073, 66.33333333333333, 1.2609308885754584, 1.0662080825451419, 1.0665569398224348, 1.0173697750440047, 7.483870967741935, 1.1552761071623838, 1.0361407919547454, 1.068775662560657, 1.329145728643216, 1.0677966101694916, 1.1516819571865444, 1.0966266816886474, 1.8263473053892216, 1.0041675173001245, 1.0642578654379418, 1.3202247191011236, 1.0145797598627788, 1.2402684563758388, 33.333333333333336, 1.3598425196850394, 2.0, 1.3362809499747348, 1.1107776261937243, 1.1050443982618552, 1.1007462686567164, 1.1666666666666667, 2.0, 1.0930628990783278, 1.309090909090909, 1.0655134339344865, 1.2, 2.6574074074074074, 1.1200480192076832, 1.1428571428571428, 1.0182300350944056, 1.212707182320442, 1.2647679324894514, 3.25, 1.1871732310909724, 1.082595578416341, 1.2280701754385965, 2.0, 1.1100582707753688, 1.0584114854694917, 1.3292469352014011, 1.0894524372676992, 1.1194231635872014, 1.0108826919909975, 1.3163751987281398, 1.0480306578667233, 1.099041533546326, 1.003145049691785, 1.112791218637993, 1.3636363636363635, 1.03196773156645, 1.211087420042644, 1.4090909090909092, 1.1363636363636365, 2.55, 1.007380073800738, 1.023024525552571, 1.05462785427924, 1.256267409470752, 1.5889724310776943, 1.0184317215465242, 1.1736577181208054, 1.02544685783106, 1.0571415149735761, 1.1111111111111112, 1.2542372881355932, 1.0217903415783274, 1.2181317446043165, 1.3368153136433534, 1.0667634807199908, 1.3589093214965124, 1.0205938697318007, 1.1455129676382831, 1.1853876384423008, 1.1381964472693205, 1.0425570244727143, 1.0350877192982457, 7.142857142857143, 1.4545454545454546, 1.0209947865295195, 106.5, 1.2385120350109409, 1.0256644715440006, 1.0851360922796722, 1.7741935483870968, 1.386138613861386, 1.0648936170212766, 1.0820115356885365, 1.1441509689966305, 1.25, 1.1887449004079673, 1.0216350090744708, 1.2056277056277056, 15.692307692307692, 1.5384615384615385, 1.0314147627416521, 1.4285714285714286, 1.0040193770920984, 1.5268987341772151, 1.105263157894737, 1.1326146494959501, 1.4761904761904763, 1.1666666666666667, 1.0098117416194314, 2.0, 1.3145454545454545, 1.245639534883721, 1.0868072995144817, 1.1106935428766656, 1.0638888888888889, 3.122448979591837, 1.1097070323567746, 1.0838839473339719, 24.470588235294116, 1.0087617960638031, 1.0418811002661934, 3.0, 1.1111111111111112, 1.0861117308681016, 1.5, 1.1856677524429968, 1.588235294117647, 30.428571428571427, 1.2222222222222223, 1.3254835996635828, 1.1289752650176679, 1.062015503875969, 1.3903409090909091, 1.5757575757575757, 1.3333333333333333, 1.032240730789898, 5.219512195121951, 1.3571428571428572, 1.023480059142241, 1.108695652173913, 1.2357723577235773, 1.5758426966292134, 1.75, 1.0, 1.3599689681923972, 1.0151515151515151, 1.1101895734597156, 1.1156130222874179, 1.2683016554261188, 1.4510309278350515, 1.5, 1.0230688489127053, 2.879120879120879, 1.03125, 100.5, 1.1603773584905661, 1.0, 1.6358974358974359, 1.0297029702970297, 1.1692811415725943, 1.1249364711081649, 1.6094182825484764, 1.1485658107795513, 1.0373667711598746, 3.6973684210526314, 1.486049926578561, 1.0615542901743742, 1.2869415807560138, 1.2, 1.005455508727382, 1.0254823375897102, 1.2602478551000953, 1.177142857142857, 1.2285714285714286, 1.0446808510638297, 2.0, 1.1428571428571428, 1.105263157894737, 1.3807339449541285, 1.049689440993789, 1.1203170028818443, 1.106931757119828, 1.6788617886178863, 1.051453231921032, 1.032162661737523, 1.010953787133086, 1.1744186046511629, 1.1081081081081081, 1.0977653631284916, 1.0, 1.2887117819233347, 1.34, 1.0997149394246277, 1.1480881691408007, 1.0508414526129317, 1.2411931818181818, 1.375, 1.2010428736964078, 1.0, 1.6961722488038278, 1.0909090909090908, 1.0391066384180792, 1.096415327564895, 1.15622412365443, 1.3794466403162056, 1.1003210272873194, 3.0, 1.1294843049327354, 1.0234004072560927, 1.103535880178216, 2.0, 1.1111111111111112, 1.2623083131557709, 1.1225806451612903, 1.14022787028922, 1.4242857142857144, 1.2380952380952381, 1.1388888888888888, 1.0159074333247915, 1.0951007160888155, 1.2499272621472215, 1.112121737506835, 1.021455938697318, 9.521739130434783, 1.0544315992292872, 1.0989498415141725, 1.0833333333333333, 1.0989074180563543, 1.0, 1.5, 1.2357237715803453, 1.0512820512820513, 1.0960573476702509, 1.1432328751198815, 1.0458233890214796, 1.0, 1.0, 1.32, 1.0831768474538828, 1.0909090909090908, 1.0, 1.0097360768579526, 1.0, 1.0, 1.1356321839080459, 2.0, 1.1272530641672676, 1.0038080731150039, 1.4371584699453552, 1.3333333333333333, 1.0820842733859017, 1.0817021276595744, 1.25, 1.147958157312412, 1.2545454545454546, 1.0977683315621678, 1.266541822721598, 1.3680160588825694, 1.0384782503741612, 1.0, 1.135135135135135, 1.1197871975287454, 1.164223850766156, 1.0294585987261147, 1.25, 1.027153234175026, 1.0261473239397971, 1.1027332704995287, 2.0, 1.0626198083067093, 1.0376259104292578, 1.053715308863026, 1.0357142857142858, 1.0221037542762987, 2.0164835164835164, 1.0347574221578566, 1.3017358490566038, 2.0, 1.1866654555363794, 1.2277777777777779, 1.03172651254304, 1.3004632693580411, 1.2412698412698413, 1.0096899905206616, 2.287671232876712, 1.0565924046618569, 1.421753097751262, 1.0728189274075242, 1.2315068493150685, 1.1347270615563299, 1.016849444404096, 1.1733333333333333, 1.0, 1.08665744537002, 1.107074569789675, 1.0278114641442315, 1.07518612410946, 1.0, 1.290765391014975, 1.0460251046025104, 18.90909090909091, 1.3636363636363635, 1.0298444805408609, 1.049808429118774, 1.022517088862083, 1.0, 15.23076923076923, 1.0056599501924384, 1.165338783428017, 1.1498364677023711, 1.0056609842393052, 1.1482785602503913, 9.652173913043478, 1.0376207422470767, 1.0307535128892311, 1.9448275862068964, 1.0275548710050058, 8.678571428571429, 1.098901098901099, 1.0990218730745533, 1.4711779448621554, 1.0250893222059618, 2.0, 1.187293183322303, 1.1468253968253967, 1.0257390009165903, 1.468677494199536, 1.0128440366972478, 1.2944664031620554, 1.056544502617801, 1.0732916097467993, 1.0, 1.5106382978723405, 1.1666666666666667, 1.0, 1.3409090909090908, 1.0601640838650865, 1.1195219123505975, 1.3058252427184467, 1.1673014942865514, 2.0805369127516777, 1.01793093378112, 1.193268030346682, 1.4157844080846969, 1.2683184505093699, 1.0217310651641605, 1.0224288840262583, 1.0341850610334578, 1.0499554192152536, 1.1368715083798884, 1.2379713914174253, 1.2402088772845954, 1.3157894736842106, 1.0050313959104813, 1.0289855072463767, 1.0875476542441453, 1.1213872832369942, 1.1066176470588236, 1.1242524916943522, 1.5, 1.255813953488372, 1.4285714285714286, 218.0, 1.0, 1.0440526570576385, 1.2469470827679783, 1.3110539845758356, 1.3376623376623376, 1.0516838989790995, 1.0040823467661981, 1.3231441048034935, 1.0, 30.428571428571427, 1.2296450939457202, 1.2486486486486486, 1.0926147704590818, 1.0571428571428572, 1.0, 1.1338912133891212, 1.4805194805194806, 1.0360286524497189, 1.3161634103019537, 1.035504797054919, 1.0292534722222222, 1.0061341038408687, 1.7532467532467533, 37.8, 1.1855621916385355, 1.0, 1.1567567567567567, 1.0258620689655173, 1.0261984392419174, 1.1450004839802537, 1.32, 1.097742184484755, 1.0676691729323309, 1.012249443207127, 1.104819896405836, 1.2922769640479361, 1.1489213639526792, 1.021531778260459, 1.0397412199630314, 1.0526315789473684, 1.0, 1.0506536570492053, 1.0215029351668667, 1.1111111111111112, 1.0230446927374302, 1.1826570096239706, 1.2906504065040652, 1.0005185825410545, 1.1111111111111112, 1.33203125, 1.0216642048252094, 1.1988795518207283, 1.5642201834862386, 1.048089483291089, 1.2035398230088497, 2.0, 1.1495559502664299, 1.0642907058001398, 1.0956130790190737, 1.1733074182053773, 1.007974802305321, 1.0119969784184348, 1.5567765567765568, 1.0512211668928086, 1.4046822742474916, 1.0466118157362827, 1.2712933753943219, 1.1775362318840579, 1.0962363030014293, 1.085158325554678, 3.769230769230769, 1.1017293997965412, 1.5, 1.6, 1.2600297176820208, 1.6319884726224785, 1.0463947990543736, 1.1090241796200346, 1.1666666666666667, 1.0169628432956381, 1.3656105375578498, 1.3928571428571428, 1.0888175271776908, 2.0, 1.0080937439969264, 1.5, 1.058724832214765, 1.1538461538461537, 1.0241036891634432, 1.1612903225806452, 1.4229508196721312, 1.2526205450733752, 1.0, 1.0061433447098975, 1.0380176510522743, 1.5, 2.0, 1.0601503759398496, 1.4310344827586208, 1.0022750252780586, 1.2282377919320595, 1.1985611510791367, 1.172714745062012, 1.2628398791540785, 1.7633587786259541, 1.6964980544747081, 1.4775510204081632, 1.3076923076923077, 1.0, 1.1026156941649898, 1.0243093922651934, 1.059013742926435, 1.0157899253411138, 1.0721001503712453, 1.071486357284695, 1.0781039557040955, 1.2196718317148163, 1.4334085778781038, 1.1470735367683842, 1.375, 1.0, 1.0625, 1.0106300067715188, 1.0841949778434268, 1.3300653594771241, 1.1502463054187193, 1.0832378770523101, 1.0351205699671173, 1.0046827686390047, 1.1025641025641026, 1.0476190476190477, 1.417808219178082, 1.0755255941499087, 1.0608951546673966, 1.107076327567437, 1.1644736842105263, 1.091297786720322, 1.0118178396687993, 1.1474108769190736, 1.2811387900355873, 1.1445627157652474, 1.0677290836653386, 1.1286681715575622, 1.399092970521542, 1.0319188163769066, 31.333333333333332, 1.1042760690172544, 1.0, 1.0890410958904109, 1.001477390403866, 1.2037037037037037, 1.09492486834484, 1.1493644067796611, 1.0238095238095237, 1.0310964093038788, 1.0109886915317305, 1.1229740159506045, 1.2452290076335877, 1.1952326901248582, 1.2140636481826919, 1.023765996343693, 1.6428571428571428, 1.0, 1.25, 1.078472208180844, 1.6666666666666667, 1.0913447759768176, 1.0893783226646414, 1.1117635545116462, 1.1926307751050018, 1.033927635547381, 1.0807497557075598, 1.4252873563218391, 1.260748959778086, 1.0132486749375007, 1.1935329053932449, 1.0417003744693627, 1.1533940034545875, 1.25, 1.2332695984703632, 1.1146245059288538, 1.0884807770604317, 1.4175824175824177, 1.2622322435174747, 1.5007704160246533, 1.8256227758007118, 1.0320725194949987, 1.2496644295302013, 1.064466506765441, 1.4375, 1.048243862270282, 1.0558357061606567, 1.1320523303352412, 1.2694736842105263, 1.032258064516129, 1.2959558823529411, 1.4419475655430711, 1.0008772754331547, 1.2119224187107815, 1.021599084047488, 5.72972972972973, 1.102446724546172, 1.2607709750566893, 1.360864040660737, 1.0646812470916704, 1.1875, 1.1631046119235096, 1.363681592039801, 1.0033423319192698, 1.1526032315978456, 1.0102999077135688, 1.07695655380984, 1.1538461538461537, 1.0947119179163378, 1.0178134823611595, 1.0748422987135549, 1.1498721227621482, 1.0385427666314677, 1.3474065138721352, 1.0196191575302942, 1.187221396731055, 1.0312985372041572, 23.333333333333332, 1.3338028169014085, 1.2176075703655775, 1.1039929793769196, 1.1539682539682539, 1.6461323066153308, 1.1308169596690796, 1.2825219473264167, 1.0644444444444445, 1.071438861588206, 1.0895272958777653, 1.3970588235294117, 1.2, 1.2253605769230769, 1.0745210995275778, 1.3214285714285714, 1.75, 1.0715004390458072, 1.1875837246119914, 1.0738693467336684, 1.2045454545454546, 1.1385578069129916, 1.009380885191898, 1.018997574777688, 1.2508650519031141, 1.4230769230769231, 1.2971698113207548, 18.09090909090909, 1.1791383219954648, 1.4827586206896552, 1.0434512552378834, 1.2097725358045492, 2.4044117647058822, 1.2682926829268293, 1.2329472329472329, 1.1847609561752988, 2.5045871559633026, 28.714285714285715, 1.0606826801517066, 1.2318840579710144, 1.0896993592902908, 1.1666666666666667, 1.0143845631087955, 5.875, 1.0131655598275662, 1.5368421052631578, 34.5, 1.3650793650793651, 1.0400916380297824, 1.0106858443035918, 1.410909090909091, 1.1333333333333333, 1.0625, 1.1935483870967742, 1.2702702702702702, 1.3, 1.0693505730238024, 1.0280841569273222, 1.0294431261363988, 1.0847457627118644, 1.0847500358114883, 1.0462470843052316, 2.5, 1.07247270484965, 1.004453240969817, 1.5, 2.0, 1.321704394141145, 1.0578136547097947, 1.068893038143505, 1.4161490683229814, 1.0, 1.0077519379844961, 1.4355828220858895, 12.285714285714286, 1.1805738352197948, 1.0737416827645418, 1.037747794357913, 1.041946672447431, 1.4285714285714286, 1.0070218479223656, 1.1638940234134318, 1.123076923076923, 1.7079646017699115, 1.2180555555555554, 1.0, 27.571428571428573, 1.2434686230010028, 1.007283106146351, 1.2304674730304022, 1.20703125, 1.077982757963967, 1.0386656557998484, 1.4063492063492065, 1.0147058823529411, 1.0377092657052875, 1.4776448362720402, 1.0429508007613482, 1.1928571428571428, 1.3529411764705883, 13.666666666666666, 1.0, 1.0230202578268877, 1.9309462915601023, 1.0201118228205406, 1.2707423580786026, 1.5, 1.0119664938173116, 1.001986620717616, 1.3663148636763411, 1.2575832103623545, 1.4891774891774892, 1.0344514959202176, 1.1004158218495481, 1.6971544715447155, 1.2083333333333333, 1.0506176559204579, 1.0601470860470203, 1.3499680102367242, 1.0704419889502763, 1.6666666666666667, 1.1866666666666668, 1.0646578914167963, 1.123050259965338, 1.0055033907146582, 1.0803024821412104, 1.1967329545454546, 1.6, 1.0782710280373833, 1.0369799119171947, 1.3089278264497288, 1.183622828784119, 1.096225914751605, 1.286624203821656, 1.2511457378551787, 1.0923970432946146, 1.029921668967559, 1.0541770665100572, 1.2592165898617511, 1.3584474885844748, 1.1875, 1.1556957708049114, 1.1021012666513927, 1.0423391896395753, 1.3790642347343378, 1.174217907227616, 1.070542129327237, 4.866666666666666, 1.4549356223175967, 1.6666666666666667, 2.5, 1.3529411764705883, 1.2020460358056266, 1.204211869814933, 1.1014429109159347, 1.0036237192796875, 1.0934899657366617, 1.0527870062753784, 1.358695652173913, 1.8604651162790697, 1.051844241607231, 37.333333333333336, 1.75, 1.055507120023249, 1.0, 1.0532623169107855, 1.0518681318681318, 1.1460399937017793, 1.1023648902137064, 2.0, 1.2777939889115846, 1.0295245398773005, 1.1077742750216617, 1.0359548079413692, 1.345959595959596, 1.1562221562221562, 1.1503709930918529, 1.2108231788431862, 1.0788770053475936, 1.109375, 1.008611410118407, 1.0, 199.0, 1.0388094521652234, 5.0, 1.7142857142857142, 7.027777777777778, 1.1375150784077201, 1.0853044034144324, 1.1275899672846237, 1.2453703703703705, 1.1666666666666667, 1.2045833333333333, 1.2643842130290062, 2.1949685534591197, 1.5384615384615385]
origin-bjaq_15.71 	max: 218.0000	99th: 66.3933	95th: 3.8241	median: 1.1360	mean: 3.3717

...Done, result: results.csv

WORKLOAD-FINISHED | Type: QueryWorkload | Progress: 3/3 | Workload-time: 13.991459 | Model-update-time: 0.000000


Experiment Summary: #data-update-times=1, #drift=1 | total-time=37.266614