Input arguments = Namespace(data_update='tupleskew', update_size=80000, dataset='bjaq', debug=False, drift_test='js', model_update='adapt', model='naru', end2end=False, query_seed=0, random_seed=42, num_workload=3)
JSON-passed parameters = {'data_updater': {'skew_ratio': '1e-3'}, 'random_seed': 91, 'naru': {'epochs': 0}}
MODEL-PATH=/home/kangping/code_copy/SAUCE/models/end2end/naru/origin-bjaq-3.5MB-model34.414-data18.543-200epochs-seed0.pt
DATASET-PATH=/home/kangping/code_copy/SAUCE/data/bjaq/end2end/bjaq.npy
Workloads: ['QueryWorkload', 'DataUpdateWorkload', 'QueryWorkload']

WORKLOAD-START | Type: QueryWorkload | Progress: 1/3
Going to run: ['python', '/home/kangping/code_copy/SAUCE/Naru/eval_model.py', '--dataset=bjaq', '--model=naru', '--query_seed=0', '--end2end', '--eval_type=first_estimate', '--num_workload=3', '--data_update=tupleskew', '--model_update=adapt', '--random_seed=42']
Torch device: cuda:1
GET-MODEL-PATH=./models/end2end/naru/origin-bjaq-3.5MB-model34.414-data18.543-200epochs-seed0.pt
ckpts [PosixPath('/home/kangping/code_copy/SAUCE/models/end2end/naru/origin-bjaq-3.5MB-model34.414-data18.543-200epochs-seed0.pt')]
Validate Argument: DATASET="bjaq" is valid.
load_npy_dataset_from_path - df.shape = (382168, 5)
Parsing... done, took 0.0s
Loading ckpt: /home/kangping/code_copy/SAUCE/models/end2end/naru/origin-bjaq-3.5MB-model34.414-data18.543-200epochs-seed0.pt
query_seed:0
origin-bjaq_15.87 	max: 5.0000	99th: 2.6700	95th: 1.6008	median: 1.0571	mean: 1.1547
ReportEsts: [1.125, 1.0409325020330713, 1.0279812318285582, 1.0038610038610039, 1.0344827586206897, 1.0, 1.1316585252384275, 1.006204612740378, 1.25, 1.0498652291105122, 1.0027490016783378, 1.002748527110275, 1.0658012533572068, 1.0255813953488373, 1.0342635111268104, 1.0, 1.3636363636363635, 1.0255047821466525, 3.0, 2.6666666666666665, 1.125, 1.1270649126590468, 1.0290705966246732, 1.0630461922596754, 1.0434139121854957, 1.0, 1.02319118351701, 2.0, 1.4, 1.2302158273381294, 1.0, 1.0055682159300865, 1.0008119679149647, 1.293007769145394, 1.0430453431372548, 1.0299573488592513, 1.0535211267605633, 1.0006900808172112, 1.0865417728493698, 1.1785714285714286, 1.0848400556328233, 1.0579268292682926, 1.0, 1.1080555555555556, 1.0269936757673916, 1.1900826446280992, 1.1067961165048543, 1.2922374429223744, 1.0399049519686105, 1.0093457943925233, 1.0576955505769554, 1.2382978723404254, 1.0046741706365496, 2.0, 1.2, 1.06981883936644, 1.0051169590643274, 1.0606060606060606, 1.0993788819875776, 1.25, 1.0708967933433897, 1.0280199252801991, 1.0818181818181818, 1.1724137931034482, 1.1818181818181819, 1.0400470734830916, 1.0962883270575579, 1.1666666666666667, 1.0, 1.0154297614539947, 1.0108564535585043, 1.059061957151129, 1.0833333333333333, 1.1346284274779577, 1.1788235294117646, 1.1513859275053304, 1.0, 1.0453950240069838, 2.0, 1.0368590203449166, 1.1428571428571428, 1.0680822604915565, 1.1840490797546013, 1.026376146788991, 1.0692549842602308, 1.04, 1.0023668425236685, 1.0888569356254851, 1.142156862745098, 2.3333333333333335, 1.0525328330206378, 1.0304333249025064, 1.0771812080536913, 1.3688639551192145, 1.2358916478555304, 1.0845070422535212, 1.25, 1.0155979202772965, 1.0, 1.0128332580207862, 1.1357811375089992, 1.04014272970562, 1.005998800239952, 1.0, 1.001734578123576, 1.0925174013921113, 1.0169519353117433, 1.1130072051573758, 1.019375, 1.1666666666666667, 1.3333333333333333, 1.1428571428571428, 1.0034545844788993, 1.034640522875817, 1.0129870129870129, 1.0044534436995647, 1.0, 1.15435020021842, 1.141626794258373, 1.0, 1.1978021978021978, 1.1666666666666667, 1.0, 1.0197589730710594, 1.166498408014289, 1.0566037735849056, 1.8, 1.2781456953642385, 1.0, 1.1428571428571428, 1.0130762388688388, 1.1818181818181819, 1.0172185430463576, 1.009238382937567, 1.0963420917053066, 1.1435114503816795, 1.042857142857143, 1.045639771801141, 1.00199203187251, 1.0499040307101728, 1.0438923227065713, 1.2530864197530864, 1.0130463144161774, 1.0482599377455732, 2.0, 1.0082720588235294, 1.0269953051643192, 1.0614143920595533, 1.034409740603494, 1.0, 1.0872942725477288, 1.0444444444444445, 1.036, 1.4476190476190476, 1.094890510948905, 1.1017830609212482, 1.0661056674102731, 1.0408963838037695, 1.1463878326996197, 1.0657894736842106, 1.0, 1.1666666666666667, 1.0916398713826367, 1.2857142857142858, 1.0208846612699007, 1.0350593599646203, 1.0224525043177892, 1.046711509715994, 1.0433720219914477, 1.124566006731865, 1.0273684210526315, 1.1470588235294117, 1.132274619928343, 1.1251422070534698, 1.1636546184738956, 1.0478615071283095, 1.0194504476690336, 1.0443014928996237, 1.0654680116625892, 1.0, 1.6153846153846154, 1.0338488473883864, 1.0474002923366048, 1.0993340732519423, 1.1692307692307693, 1.0292570937425782, 1.0078800691908514, 1.0444776313226414, 1.1372549019607843, 1.0172727272727273, 1.0826214093228599, 1.0, 3.909090909090909, 1.0728170050651544, 1.246311010215664, 1.081795511221945, 1.3461538461538463, 1.0231511254019292, 1.0038691378451008, 1.000744124331521, 1.1798245614035088, 1.0501739222093391, 1.195945945945946, 1.09375, 1.0476190476190477, 1.0, 1.08843537414966, 1.080507806339694, 1.6620209059233448, 1.0459770114942528, 1.0192782995551162, 1.0957683741648108, 1.098731270235675, 1.0060759072245034, 1.0354404841963685, 1.2753623188405796, 1.004335260115607, 1.040458530006743, 1.0351255097937848, 1.0711076190242346, 1.0, 1.0559006211180124, 1.0331672345537983, 1.0058449120927713, 1.0745412844036697, 1.0040652525147236, 1.0025799357130774, 1.0344827586206897, 1.0027690923468546, 1.1749734888653234, 1.1731528482797517, 1.0666666666666667, 1.083800041485169, 1.0225474683544304, 1.0409448818897638, 1.0, 1.0182868142444659, 1.1269539973202323, 1.018284106891702, 1.4738805970149254, 1.0909090909090908, 2.6666666666666665, 1.0929107824343576, 1.1090909090909091, 1.094438983288864, 2.0, 1.0, 1.25, 1.0190930787589498, 1.5, 1.0966850828729282, 1.1205673758865249, 1.087260034904014, 1.011894647408666, 1.0193366350308795, 1.0350877192982457, 1.0, 1.020833114681836, 1.064018114450391, 1.073555166374781, 1.0126375952582558, 1.0688779397572001, 1.0199056572212373, 1.1144674085850557, 1.0186433815115399, 1.062799043062201, 1.1167158156138446, 1.28095013371087, 1.5454545454545454, 1.0868969825100903, 1.1364605543710022, 1.2727272727272727, 1.0869565217391304, 1.0832727272727272, 1.0, 1.1584158415841583, 1.0048448960366059, 1.139275766016713, 1.1875, 1.024513458544819, 1.0502202643171805, 1.0001156145740429, 1.0079005035310846, 1.5, 1.0733175700254638, 1.0, 1.0078181906473074, 1.094562647754137, 1.0023998102051244, 1.3, 1.6666666666666667, 1.0434782608695652, 1.5352112676056338, 1.0441852939870184, 1.0, 1.0321100917431192, 1.002267573696145, 1.0372596153846154, 1.0010058431931161, 1.1317365269461077, 1.0188679245283019, 1.0119137603712558, 1.0702484015164375, 1.0697754010695186, 1.1111111111111112, 1.0, 1.2052505966587113, 1.0278481012658227, 1.1308411214953271, 1.0638584667228306, 1.0471615720524017, 1.1305732484076434, 1.1568627450980393, 1.0, 1.0748752079866888, 1.4285714285714286, 1.028859659821924, 1.064102564102564, 1.0526315789473684, 1.036723925162059, 1.1904761904761905, 1.75, 1.0316207601714462, 2.0, 1.0181564245810055, 1.055232558139535, 1.014766201804758, 1.0184899845916795, 1.0887728459530026, 1.043956043956044, 1.0071023688091019, 1.028220669733778, 1.0245231607629428, 1.025886597515477, 1.1061177375913813, 2.0, 1.2222222222222223, 1.0248129369196362, 1.3333333333333333, 1.0481137233460907, 1.0, 1.0, 1.0454545454545454, 1.1703877790834312, 1.0926640926640927, 1.1727272727272726, 1.0313852813852813, 1.0, 1.0292942743009321, 1.0465044656606097, 1.5, 1.197736748064324, 1.0, 1.014180520762165, 1.2191780821917808, 1.1293361322487536, 1.1682027649769586, 1.0018181818181817, 1.2016376663254862, 1.037037037037037, 1.041424093148231, 1.0069595559688258, 1.0093209054593875, 1.0, 1.2142857142857142, 1.8333333333333333, 3.0, 1.1428571428571428, 1.0023208270115977, 1.25, 1.0898502495840265, 1.0594059405940595, 1.0076856296598917, 1.0048479775388666, 1.0167539267015706, 1.0788976526708545, 1.034813925570228, 1.2462908011869436, 1.5, 1.0300429184549356, 1.0930232558139534, 1.001707858874058, 1.3333333333333333, 3.6666666666666665, 1.1380846325167038, 1.0290697674418605, 1.0085673146148308, 1.2, 1.342769701606733, 1.0275513072814169, 1.4285714285714286, 1.0808477237048666, 1.0582627118644068, 1.1923076923076923, 1.06006006006006, 1.0336134453781514, 1.044676260109595, 1.0112330782011822, 1.0467992558237036, 1.1944444444444444, 1.2758620689655173, 1.0591715976331362, 1.0, 1.0357627203777187, 1.0019723057534977, 1.0277533536241685, 1.0108104212460811, 1.0299292407726142, 1.0171299288946347, 1.8333333333333333, 1.2035697057404728, 1.2, 1.0700256191289497, 1.1111111111111112, 1.0205591102141296, 1.0478260869565217, 1.0533104041272572, 1.1897233201581028, 1.1276018099547511, 3.0, 1.1131398761004239, 1.0054949578730061, 1.050786279198087, 1.0, 1.1666666666666667, 1.023992322456814, 1.3045977011494252, 1.1010515938218863, 1.0712694877505569, 1.1666666666666667, 1.1354616048317514, 1.118190104470984, 1.0368593930797656, 1.0170030010472864, 1.1682017543859649, 1.220563847429519, 1.104602510460251, 1.25, 1.0456852791878173, 1.3448275862068966, 1.048431105047749, 1.064516129032258, 1.025036339574339, 1.1363636363636365, 1.1033279245629612, 1.0429818429495796, 1.175489485134155, 1.0, 1.0961538461538463, 1.36, 1.0022568971555312, 1.5164113785557987, 1.0, 1.1377452334899143, 1.021177571326612, 1.23870636550308, 1.0, 2.0, 1.1805825242718446, 1.011786038077969, 1.4734299516908214, 1.0, 1.0229896431163006, 1.0729483282674772, 1.0869565217391304, 1.1104331450094163, 1.0272727272727273, 1.0236220472440944, 1.2193548387096773, 1.0334782608695652, 1.176338901325986, 1.0, 1.054054054054054, 1.0789916263919133, 1.001948443564724, 1.0453005353391611, 1.0, 1.0182432432432433, 1.0146787890498765, 1.0277632268203247, 2.0, 1.1319776714513556, 1.0438774069017467, 1.0965940274414852, 1.177143855663798, 1.0255016498706857, 1.1236224245328221, 1.0445378151260505, 1.0395371263259403, 2.0, 1.069977776629283, 1.1746031746031746, 1.0, 1.3129251700680271, 1.1555555555555554, 1.0387276080312384, 1.0225890529973936, 1.0395664889041802, 1.392332268370607, 1.045058276153774, 1.0290924276169264, 1.0046118103956447, 1.1359223300970873, 4.0, 1.0552682751170328, 1.0380566801619433, 1.0059703873345753, 1.0201753292218567, 1.1079258010118045, 1.318412162162162, 1.1, 1.5714285714285714, 1.0132721531478193, 1.0169353670629393, 1.0118102505119646, 1.1230202578268877, 1.0334022467432187, 1.0041407867494825, 1.0102412179594078, 1.0091693635382957, 1.1009817671809257, 2.0, 1.2, 1.0122699386503067, 1.0721062618595825, 1.0033557046979866, 1.0059453032104637, 1.0559006211180124, 1.085427135678392, 1.0554699537750385, 1.098901098901099, 1.0129367929154853, 1.3780487804878048, 1.0010778682844956, 1.0, 1.1153846153846154, 1.4603174603174602, 1.1631205673758864, 1.0252004581901488, 1.1839378238341969, 1.051383399209486, 1.1255474452554743, 1.0060552811550152, 1.0, 1.6170212765957446, 2.0, 1.0, 1.0114942528735633, 1.0643776824034334, 1.311740890688259, 1.1508379888268156, 1.0275552707465556, 1.072139303482587, 1.0611147271419272, 1.0076502732240438, 1.0926829268292684, 1.039904214373661, 1.0818713450292399, 1.0966904607397794, 1.1146589259796806, 1.1279329608938546, 1.0, 1.0492499292386075, 1.0035089503661514, 1.014041533048974, 1.0120150601343136, 2.0, 1.0221130221130221, 1.0388170055452866, 1.0704225352112675, 1.0, 1.1333333333333333, 1.25, 1.1232604373757455, 1.5185185185185186, 1.5, 1.017553926169408, 1.0313488537408921, 1.0038994800693242, 1.0136954858454477, 1.0810810810810811, 1.071688942891859, 2.0, 1.1159420289855073, 1.1124836952351722, 1.0176102498952575, 1.00597065435471, 1.0287689693560673, 1.019452887537994, 1.1596385542168675, 1.0176519877106414, 1.197158081705151, 1.019837866886198, 1.0258476251435455, 1.3636363636363635, 1.0853131749460043, 1.0, 1.0113378684807257, 1.0211683395269684, 3.0, 1.0477064220183485, 1.0453867702873667, 1.2857142857142858, 1.186020678458515, 1.1111111111111112, 1.1176470588235294, 1.0103966005665723, 1.7692307692307692, 1.0048943405392277, 1.0252029047415634, 1.1875, 1.2083333333333333, 1.283068783068783, 1.0052884615384616, 1.058411214953271, 1.0294929446425802, 1.010789112198765, 1.0, 1.2076363241364327, 1.0092307692307692, 2.0, 1.116221140761584, 1.0099165610938796, 1.1078524124881741, 1.0103125281455463, 1.053287411477884, 1.3614457831325302, 2.0, 1.0, 1.035923141186299, 1.0414368859552372, 1.038025350233489, 1.0602562403103009, 1.0941753936677794, 1.2234432234432235, 1.0591016548463357, 1.1074074074074074, 1.034676324632263, 1.0561514195583597, 1.0335144927536233, 1.1139705882352942, 1.053024658350792, 4.0, 1.0135276845637584, 1.0298826805347965, 1.0273560823974484, 1.1176470588235294, 1.0001388696014442, 1.1581196581196582, 1.0, 1.023647063070869, 1.0134426229508198, 1.089179548156956, 1.1176470588235294, 1.6666666666666667, 1.038613299269037, 1.5, 1.4266666666666667, 1.1538461538461537, 1.053904123927151, 1.2857142857142858, 1.369942196531792, 1.10062893081761, 1.0, 1.2235449735449735, 1.0039241334205362, 2.0, 1.0, 1.047244094488189, 1.070110701107011, 1.062128418549346, 1.0106044538706256, 1.0457516339869282, 1.0058997050147493, 1.089150378938971, 1.051948051948052, 1.5705128205128205, 1.008230452674897, 1.2307692307692308, 1.0, 1.1875746714456392, 1.1861471861471862, 1.056768558951965, 1.08327721661055, 1.0163832323963296, 1.2049633727014502, 1.013732843209913, 1.1445593711212247, 1.0830324909747293, 1.0017899761336515, 1.375, 1.0, 1.0303030303030303, 1.0485898905016553, 1.1740932642487047, 1.0065359477124183, 1.1700288184438041, 1.0507063764795723, 1.0714388097354013, 1.0082373588814404, 1.0384615384615385, 1.1, 1.0392301998519615, 1.1248674443266171, 1.0275955381444597, 1.0516528106372012, 1.2171052631578947, 1.1612522150029534, 1.0013020981622573, 1.2845394736842106, 1.0245174752217006, 1.2222222222222223, 1.041862652869238, 1.1777188328912467, 1.0384615384615385, 1.1762820512820513, 1.0347890451517394, 1.0, 1.0682926829268293, 1.0444579575014357, 1.0925925925925926, 1.005772710531794, 1.1620762711864407, 1.186046511627907, 1.0936042355734865, 1.0081407181276347, 1.1426604888530756, 1.0076335877862594, 1.035252643948296, 1.008988954012624, 1.1594202898550725, 1.1428571428571428, 1.0, 1.1111111111111112, 1.01586532638973, 1.8333333333333333, 1.0916857772381852, 1.0686015831134565, 1.1816570669029685, 1.0708209272649936, 1.008838144369002, 1.1234726688102894, 1.0608365019011408, 1.0112201963534362, 1.0151078967760114, 1.0226472068444892, 1.0046784747022026, 1.0254098613726883, 1.4285714285714286, 1.015625, 1.300395256916996, 1.0025542562249135, 1.0293159609120521, 1.0004218519299726, 1.2106194690265486, 1.0194931773879143, 1.0301609638264089, 1.0067567567567568, 1.0119258373205742, 1.375, 1.0231155719765608, 1.0049992929452574, 1.2000946073793757, 1.0008428150021071, 1.03125, 1.0, 1.1393034825870647, 1.5625, 1.0357517299224157, 1.3461538461538463, 1.0112130479102956, 1.0527472527472528, 1.1732973701955496, 1.0079769178547182, 1.0811764705882352, 1.0909090909090908, 1.032258064516129, 1.0140630170226848, 1.0040724484693595, 1.0082926339313738, 1.0511914360707484, 1.0454603750032063, 1.0769230769230769, 1.0402298850574712, 1.0718174204355109, 1.0639091030849592, 1.0060483870967742, 1.2083333333333333, 1.1134538152610443, 1.0498135322322855, 1.1699235344095158, 1.0391623606200706, 1.0, 1.3333333333333333, 1.0190808178199708, 1.0014090460758067, 1.0113424487259166, 1.0870134579740511, 1.0837988826815643, 1.1194029850746268, 1.0092417580231192, 1.0700061323951844, 1.05019305019305, 1.2756756756756757, 1.0126050420168067, 1.0229470377460363, 1.0119047619047619, 1.75, 1.030931900787687, 1.0000692271481184, 1.0022805017103762, 1.2571428571428571, 1.0176860722181282, 1.010376708960362, 1.0151255707762556, 1.0204081632653061, 1.2307692307692308, 1.0566037735849056, 1.048421052631579, 1.109375, 1.6538461538461537, 1.075963794837412, 1.022794846382557, 1.0904159132007234, 1.2058823529411764, 1.0115023238706657, 1.0624489795918368, 1.0097664830522795, 1.0144583085759555, 1.6666666666666667, 1.0357142857142858, 2.0, 1.036462093862816, 1.4615384615384615, 1.3333333333333333, 1.3636363636363635, 1.284013605442177, 1.0147058823529411, 1.0740953050167348, 1.0249575607208148, 1.193058568329718, 1.3823529411764706, 1.0, 1.032258064516129, 1.3918918918918919, 1.320754716981132, 1.0467289719626167, 1.0158040833969324, 1.006347783876629, 1.046875, 1.0360340028586474, 1.0008057654772033, 5.0, 1.0092120036745942, 1.032857142857143, 1.0, 1.3333333333333333, 1.093491124260355, 1.1374166248296635, 1.0211154382078673, 1.031055900621118, 1.0, 1.1365638766519823, 1.5613496932515338, 2.0, 1.5, 1.0809547244094488, 1.1181421914925598, 1.1823016693750923, 1.25, 1.0181061170042545, 1.0650658404337723, 1.1206896551724137, 1.1428571428571428, 1.0441176470588236, 1.0043966090984262, 1.355263157894737, 1.1088369853118227, 1.066588060071987, 1.070528967254408, 1.02734375, 1.00089611911491, 1.197267292912041, 1.0950413223140496, 1.1694915254237288, 1.0716590044039698, 1.244255060112616, 1.03191383265184, 1.7040816326530612, 1.2592592592592593, 1.164179104477612, 1.017766497461929, 1.0350930729325603, 1.028941449537327, 1.0097260011496456, 1.0600436681222707, 3.0, 1.25, 1.0004155213194401, 1.1033421284080915, 1.290604940673021, 1.0162576782763244, 1.0573674527512962, 1.072856326996818, 1.1111111111111112, 1.0416666666666667, 1.0193108974358975, 1.0415956113496743, 1.051266941661756, 1.1108949416342413, 2.5, 1.0266666666666666, 1.070765618694743, 1.0790919952210274, 1.0095434573772815, 1.0111487159068286, 1.1242897727272727, 1.6, 1.016355140186916, 1.0165579247102083, 1.0233036326250857, 1.0, 1.0059716526368803, 1.1214285714285714, 1.2869318181818181, 1.1008695652173912, 1.0037043512468038, 1.0509134338921573, 1.1255760368663594, 1.117797695262484, 1.03125, 1.1029562542720437, 1.0204767013386817, 1.081902245706737, 1.0731568069971111, 1.0527240773286468, 1.073051948051948, 1.3846153846153846, 1.0552016985138004, 2.5, 1.5, 1.4166666666666667, 1.0255754475703325, 1.136650868878357, 1.004790374688997, 1.0435337594172884, 1.0770691994572592, 1.0097169412758766, 1.1467391304347827, 1.530612244897959, 1.0403873802208388, 1.6, 1.3333333333333333, 1.0435772357723576, 1.0, 1.0899854862119014, 1.1524822695035462, 1.0247529324836058, 1.0116050705231208, 1.25, 1.1857562408223201, 1.3468992248062015, 1.138154613466334, 1.0000275236933127, 1.051792828685259, 1.0533910533910533, 1.0312882819560196, 1.082784736382173, 1.1208267090620032, 1.4489795918367347, 1.2164804469273742, 1.0, 1.0, 1.0006929294374307, 1.6666666666666667, 1.5714285714285714, 1.5, 1.0048484848484849, 1.146341463414634, 1.0, 1.0805426027977956, 1.0, 1.1973929236499068, 1.027611044417767, 1.1748878923766817, 1.0121654501216546, 1.1111111111111112, 1.0065635777060853, 1.0016629711751663, 1.0980810234541578, 1.0162509448223733, 1.0166108044164037, 1.30134110787172, 1.034577723378213, 1.0, 1.0474607817069927, 1.0097293800767746, 1.0636208751793401, 1.2695652173913043, 1.0029794800326781]
origin-bjaq_15.87 	max: 5.0000	99th: 2.6700	95th: 1.6008	median: 1.0571	mean: 1.1547

...Done, result: results.csv

WORKLOAD-FINISHED | Type: QueryWorkload | Progress: 1/3 | Workload-time: 19.586633 | Model-update-time: 0.000000


WORKLOAD-START | Type: DataUpdateWorkload | Progress: 2/3
Going to run: ['python', '/home/kangping/code_copy/SAUCE/Naru/eval_model.py', '--model=naru', '--data_update=tupleskew', '--dataset=bjaq', '--drift_test=js', '--end2end', '--update_size=80000', '--query_seed=0', '--eval_type=drift']
Torch device: cuda:1
GET-MODEL-PATH=./models/end2end/naru/origin-bjaq-3.5MB-model34.414-data18.543-200epochs-seed0.pt
GET-DATASET-PATH=./data/bjaq/end2end/bjaq.npy
TupleSkewSample - START
0.001
TupleSkewSample - END
load_npy_dataset_from_path - df.shape = (458601, 5)
Parsing... done, took 0.0s
Data updated!
Previous data size: (382168, 5), new data size: (76433, 5)
[5.0783157e-04 1.8984079e-04 2.9206276e-06 3.2551289e-03 4.9471855e-06]
Distance score: 0.0007921337964944541
SAUCE Drift detection: True
Detection latency: 0.0229s

DRIFT-DETECTED after 2-th workload
Going to run: ['python', '/home/kangping/code_copy/SAUCE/Naru/incremental_train.py', '--dataset=bjaq', '--end2end', '--model=naru', '--model_update=adapt', '--update_size=80000', '--epochs=0']
Torch device: cuda:1
GET-MODEL-PATH=./models/end2end/naru/origin-bjaq-3.5MB-model34.414-data18.543-200epochs-seed0.pt
update_size: 76433
AdaptTask - START
GET-DATASET-PATH=./data/bjaq/end2end/bjaq.npy
load_npy_dataset_from_path - df.shape = (458601, 5)
Parsing... done, took 0.0s
done, took 0.0s
dataset size: 458601
train data shape: torch.Size([76433, 5]), transfer data shape:torch.Size([15286, 5])
Training done; evaluating likelihood on full data:
Epoch None Iter 0, test loss 26.4270 nats / 38.1261 bits
Saved to: /home/kangping/code_copy/SAUCE/models/end2end/naru/origin-bjaq-3.5MB-model34.414-data18.543-200epochs-seed0.pt
AdaptTask - END

WORKLOAD-FINISHED | Type: DataUpdateWorkload | Progress: 2/3 | Workload-time: 2.016799 | Model-update-time: 3.372241


WORKLOAD-START | Type: QueryWorkload | Progress: 3/3
Going to run: ['python', '/home/kangping/code_copy/SAUCE/Naru/eval_model.py', '--dataset=bjaq', '--model=naru', '--end2end', '--query_seed=0', '--eval_type=estimate', '--num_workload=3', '--data_update=tupleskew', '--model_update=adapt', '--random_seed=42']
Torch device: cuda:1
GET-MODEL-PATH=./models/end2end/naru/origin-bjaq-3.5MB-model34.414-data18.543-200epochs-seed0.pt
ckpts [PosixPath('/home/kangping/code_copy/SAUCE/models/end2end/naru/origin-bjaq-3.5MB-model34.414-data18.543-200epochs-seed0.pt')]
Validate Argument: DATASET="bjaq" is valid.
data size: 458601, total size: 458601, split index: [382167 458601]
Parsing... done, took 0.0s
Loading ckpt: /home/kangping/code_copy/SAUCE/models/end2end/naru/origin-bjaq-3.5MB-model34.414-data18.543-200epochs-seed0.pt
query_seed:0
origin-bjaq_15.87 	max: 244.0000	99th: 70.9750	95th: 3.3353	median: 1.1089	mean: 3.8128
ReportEsts: [1.2190476190476192, 1.0145355439473087, 1.0364864020006253, 1.456656346749226, 1.1666666666666667, 1.0, 1.1939738309961945, 1.0154667149059333, 1.0, 1.1643132220795893, 1.011118832522585, 1.0053848164877779, 1.0933125972006221, 1.1534883720930234, 1.162821798729522, 1.0060386473429952, 1.2586206896551724, 9.083333333333334, 1.3333333333333333, 1.0733031674208144, 1.1176533561717161, 1.7042801556420233, 1.3116883116883118, 1.097194388777555, 1.0093896713615023, 1.003062731043188, 2.0, 1.0552585657701576, 1.2, 1.8, 1.9515418502202644, 1.0, 1.0064127183231093, 1.0120003699536015, 1.2844364937388193, 1.0746460746460746, 1.003244232475599, 1.2760869565217392, 11.157894736842104, 1.0365726227795193, 1.1312418036921215, 1.031493630399622, 1.1650602409638555, 1.0010656477148534, 1.2826086956521738, 1.2086966677047648, 1.4444444444444444, 3.7142857142857144, 1.3333333333333333, 1.122752150117279, 42.4, 1.2521367521367521, 1.7399103139013452, 1.1379310344827587, 1.03000316192573, 1.0238934110881626, 1.1293427583095201, 1.3486486486486486, 1.064102564102564, 1.0112158973153251, 1.3333333333333333, 1.0585729772178263, 1.2996575342465753, 1.47766323024055, 2.4358974358974357, 70.66666666666667, 1.0737095046466518, 1.0155892745790895, 1.0, 1.0, 1.0458731097406437, 1.2673031026252983, 1.0235872235872236, 1.099662162162162, 1.0334966088922382, 1.160653505786249, 1.0055879796349187, 1.6837606837606838, 1.0930232558139534, 1.02807994412713, 1.04292343387471, 6.378378378378378, 1.0, 34.0, 1.1551020408163266, 1.2352941176470589, 7.266666666666667, 5.351351351351352, 37.333333333333336, 1.0182152247600342, 1.1879588839941262, 1.007620189220429, 1.0331548865958051, 1.0647654294111244, 1.3689839572192513, 1.172340425531915, 1.0905511811023623, 1.6661490683229814, 2.9607843137254903, 1.170349537967055, 1.64, 101.5, 1.0347354523140724, 1.247787610619469, 1.1834662799129805, 1.0367688686272758, 1.2352941176470589, 1.013369340796508, 1.1399424535704943, 1.0656811691584076, 1.229048160788775, 1.106462781304097, 1.3333333333333333, 23.666666666666668, 1.4524635669673838, 1.0445413766170577, 1.0242663656884876, 1.2337662337662338, 1.0122768859312175, 1.0, 1.052681091251176, 1.4229665071770334, 1.0, 1.5274725274725274, 1.0, 1.2280701754385965, 1.0174767950937353, 1.0581981981981983, 1.1875, 1.8, 1.0996865203761756, 1.0, 8.916666666666666, 1.023076198549496, 1.0, 1.751904243743199, 1.0442929759704251, 1.0423804337063076, 202.0, 1.1333333333333333, 1.1882640586797066, 1.0795053003533568, 1.0267905959540733, 1.0852698956294846, 1.5, 1.0051706308169597, 1.0008305903343895, 2.0, 1.0800307810696421, 1.0930232558139534, 1.1460055096418733, 1.020953224140475, 1.0, 1.0663492063492064, 1.29136690647482, 1.7807308970099667, 2.9282296650717705, 1.0, 1.1095087877422263, 1.0479037784881449, 1.0468110005851374, 1.3783269961977187, 1.305921052631579, 1.183673469387755, 1.3840579710144927, 1.8053596614950636, 1.4285714285714286, 1.0187248750798361, 1.6635802469135803, 1.2528735632183907, 1.0062165834825567, 1.045641447368421, 1.0752804141501293, 1.2442105263157894, 1.3277310924369747, 1.2233764109275316, 1.2466614296936371, 1.1436974789915966, 1.0770533446232007, 1.0441176470588236, 1.025424824767866, 1.0094588926174497, 1.1343283582089552, 1.0068434559452524, 1.0402166152020105, 1.055239038890265, 1.2360515021459229, 1.041511892573382, 1.002824858757062, 192.0, 1.8891625615763548, 1.0454203171385128, 1.08, 1.063343717549325, 1.0937387387387387, 1.0396702469528964, 1.009055938033374, 1.527027027027027, 1.0549605624574756, 1.0170953767835729, 1.0190434012400353, 1.2493297587131367, 1.0513793976208554, 1.0079874261475534, 1.208355091383812, 1.033658617267615, 1.4463276836158192, 1.3125, 1.2142857142857142, 1.0, 1.175, 1.089455019179272, 1.818815331010453, 1.2988505747126438, 1.108314606741573, 16.272727272727273, 1.0004477586236589, 1.2554347826086956, 1.0595620437956204, 102.0, 1.0809248554913296, 1.1526996625421821, 1.0730128252467814, 1.0048023495792984, 22.3, 1.0942655145326001, 1.0115744903464172, 1.0485038064370242, 1.5166666666666666, 1.0042134831460674, 1.0105097214923804, 1.09684982168802, 1.1683168316831682, 1.0055838320562298, 1.0342854418005818, 1.0446096654275092, 1.1191011235955055, 1.163758389261745, 14.333333333333334, 1.0103092783505154, 1.0, 1.1449763991908295, 1.06854760519682, 1.0481231953801733, 1.0496760259179265, 1.0833333333333333, 3.3333333333333335, 1.0646163936296107, 1.3454545454545455, 1.0108367780136298, 1.5, 1.2915407854984895, 1.296518607442977, 1.1428571428571428, 1.0033616237037974, 1.9227642276422765, 1.0812236286919832, 1.0699588477366255, 1.200212992545261, 1.0313704089563593, 3.3733333333333335, 2.0, 1.0162825252507386, 1.1697336838495829, 1.3327495621716288, 1.073018815460191, 1.0578665998412897, 1.0295470027247957, 1.1435472739820567, 1.0094982208989907, 1.0370727010110736, 1.23778775968557, 1.2436336924583742, 2.090909090909091, 1.0626329113924051, 1.0724637681159421, 1.5227272727272727, 1.12, 1.0028376844494893, 1.327313769751693, 1.0054831429821776, 1.017447327180916, 1.2590529247910864, 1.010126582278481, 1.0056184166813233, 1.057315233785822, 1.0047270858859334, 1.011166993056792, 1.8, 1.0484154929577465, 1.144415917843389, 1.009319738728692, 1.017870794158236, 1.0052464160285566, 1.2479391249207357, 1.5046524356869184, 1.0320597890619543, 1.0481244598098531, 1.0405382799576217, 1.0422459966301831, 1.1470878578479764, 5.4523809523809526, 1.3636363636363635, 1.1275502008032128, 62.333333333333336, 1.1702127659574468, 1.0308958557366201, 1.0124063670411985, 1.2903225806451613, 1.6633663366336633, 1.9333333333333333, 1.028021316829981, 1.71875, 1.2, 1.0109578445275236, 1.0179740629974756, 1.2591549295774649, 213.0, 1.8181818181818181, 1.182454503033131, 1.7142857142857142, 1.015343484453731, 1.2728937728937728, 1.4210526315789473, 1.0717675770471298, 1.5238095238095237, 1.4, 1.0209290124122268, 2.0, 4.892857142857143, 1.2790697674418605, 1.093764705882353, 1.3157894736842106, 1.05989110707804, 1.4285714285714286, 1.0068229609413448, 1.018815712866879, 1.0607287449392713, 1.0366448270607953, 1.0977642801757561, 3.0, 1.3333333333333333, 1.0359363330391178, 1.0, 1.1471048513302033, 1.1764705882352942, 194.0, 1.2272727272727273, 1.01840490797546, 1.2540192926045015, 1.048780487804878, 2.8645833333333335, 1.4545454545454546, 2.0, 1.0143359480659995, 28.285714285714285, 1.0714285714285714, 1.0140152361100772, 1.4391304347826086, 1.1827613727055069, 1.1803097345132743, 2.25, 1.0, 1.2364149611856035, 1.6893939393939394, 1.197867298578199, 1.0071444170592456, 1.12107453651154, 1.163265306122449, 1.0, 1.0040868732334778, 4.741935483870968, 1.0606060606060606, 42.8, 1.6416666666666666, 1.4285714285714286, 1.2282051282051283, 1.396039603960396, 1.1099603601952204, 1.0486288524299658, 1.0625164171263461, 1.0697661743064262, 1.1815509518477043, 1.6337662337662338, 1.2132471728594507, 1.0628009170806267, 1.2327272727272727, 1.1666666666666667, 1.0024202462171743, 1.0173886689523233, 1.2538121003443188, 1.2857142857142858, 1.3714285714285714, 1.6784313725490196, 2.0, 1.5555555555555556, 2.230769230769231, 1.2178899082568808, 1.119205298013245, 1.1216216216216217, 1.124593716143012, 1.1654373024236038, 1.025810120351038, 1.3782051282051282, 1.108285939277277, 1.069767441860465, 1.3153153153153154, 1.094972067039106, 1.0, 1.022907702563481, 1.1551724137931034, 1.0019378751105341, 1.1095209400421813, 1.0380975689345733, 1.0988310308182785, 1.5714285714285714, 1.1423058369512784, 1.0, 1.0229293401965371, 1.0, 1.1145422689443714, 1.034364261168385, 1.181809684053094, 1.383399209486166, 1.0569823434991974, 3.0, 1.091220669654627, 1.0027575259599193, 1.0657449325013255, 1.0, 1.105263157894737, 1.1938579654510557, 1.6235632183908046, 1.081471474592123, 1.013997286561486, 1.1428571428571428, 1.0139627659574468, 1.1201449417295073, 1.0567653080215895, 1.0754251138853148, 1.0559015188928103, 1.0971479500891266, 5.591836734693878, 1.2020364415862808, 1.047426048656417, 1.3981481481481481, 1.0973901973265436, 1.0, 1.5, 1.0363416111447608, 1.6162790697674418, 1.158450704225352, 1.0199754194245776, 1.0635410240592227, 1.0, 1.0964912280701755, 1.56, 1.0378289158013934, 1.1363636363636365, 1.0, 1.0148738511499347, 1.0, 1.0, 1.2275948311796583, 1.5, 1.1292538245394943, 1.2873218304576144, 1.1466165413533835, 1.2222222222222223, 1.0261697395497724, 1.118035882908404, 1.08, 1.0981053972297405, 2.474074074074074, 1.0238095238095237, 1.0083283759666866, 1.3264619267984854, 1.1516361104664656, 1.0, 1.2972972972972974, 1.7897489539748954, 1.0487340845894921, 1.0313138189244384, 1.0, 1.0684587120479598, 1.014790187647902, 1.2336301728653745, 2.0, 1.1544547643618852, 1.095122708293699, 1.0663799843627835, 1.1922494366249214, 1.032384322958453, 1.0100282690902471, 1.0645395213923132, 1.2773918534891064, 1.5, 1.0693868739205528, 1.0317873892652423, 1.08098223615465, 1.3388484447385838, 2.7609756097560973, 1.0323086919933102, 2.3442340791738383, 1.0599341435102931, 1.4669724770642203, 1.0391590217032913, 1.1725790987535953, 1.0262334177969892, 1.08977814638192, 1.12, 1.0, 1.003906543460296, 1.3316326530612246, 1.0131216813544244, 1.0202426666918265, 1.3333333333333333, 1.4145530145530145, 1.1517241379310346, 16.142857142857142, 1.0476190476190477, 1.0111606543286147, 1.0613026819923372, 1.0213745478461032, 1.0, 16.166666666666668, 1.0454545454545454, 1.0527049394546564, 1.0243328100470959, 1.0126253937164182, 1.0223935389133627, 1.1063257065948855, 1.0037735849056604, 1.05663990807386, 1.0357142857142858, 1.036972969603466, 1.4274406332453826, 1.2692307692307692, 1.0195471638984643, 1.159198113207547, 1.032130724921788, 1.0, 1.1415229885057472, 1.7142857142857142, 1.012036397954728, 1.73109243697479, 1.0514223194748358, 1.1699604743083003, 1.4365733113673806, 1.0022590657289907, 1.0, 1.8085106382978724, 1.6666666666666667, 1.3333333333333333, 1.1477272727272727, 17.833333333333332, 1.1172413793103448, 1.0776699029126213, 1.0126023125893204, 1.3687150837988826, 1.004747857845203, 1.0327280231118448, 1.0048942114860433, 1.0881932855231309, 1.0354813089236639, 1.0911242603550295, 1.0171712044742816, 1.002773866938262, 1.2049433573635426, 1.1794538361508453, 1.0593667546174141, 1.1333333333333333, 1.066768093892632, 1.3341772151898734, 1.0081250622324007, 1.8275862068965518, 1.0500942633988688, 1.2807625649913346, 2.5, 1.2348804500703234, 1.2142857142857142, 188.0, 1.3215547703180213, 1.0459875606796116, 1.0050348567002323, 1.2935779816513762, 1.0649350649350648, 1.0006780317706316, 1.1814119749776586, 1.2467248908296944, 1.0, 244.0, 1.0265121978389218, 1.827027027027027, 1.0694503621644653, 1.0885836096636665, 1.0, 1.109829488465396, 1.051948051948052, 1.0104746874613195, 1.4298401420959148, 1.0461972526741778, 1.001466804361905, 1.0052329796348778, 1.0649350649350648, 22.375, 1.1055925104705593, 1.0, 1.1054054054054054, 1.0301724137931034, 1.043380703066567, 1.3316195372750643, 1.03125, 1.1174114021571648, 1.0300751879699248, 7.217391304347826, 1.3450134770889488, 1.271875, 1.0624349635796047, 1.1454018227009113, 1.1668129938542582, 1.0550992470910336, 1.0, 1.097653612424038, 1.067367449128165, 1.4444444444444444, 1.3097402597402596, 1.052594779366066, 214.0, 1.1166102819848638, 1.1, 1.456896551724138, 1.0377668308702792, 1.4221635883905013, 1.0071428571428571, 1.0060057814992025, 1.0660377358490567, 2.0, 1.137967537050106, 1.0318471337579618, 1.0390351246040423, 1.0945454545454545, 1.0194092178166914, 1.024717149963601, 1.3846153846153846, 1.1403752605976372, 2.003030303030303, 1.0016293882387795, 1.0838206627680311, 1.1254266211604096, 1.2918064206995687, 1.2106210621062106, 3.4027777777777777, 1.0374954495813615, 1.2222222222222223, 1.6, 1.028436018957346, 1.1163991883416344, 1.0476334036780224, 1.170917225950783, 1.3333333333333333, 1.034920634920635, 1.0398671096345515, 1.1965811965811965, 1.018365932267585, 2.0, 1.074600827912478, 1.0, 1.185595567867036, 1.3076923076923077, 1.1275933914370397, 1.0909090909090908, 1.896265560165975, 1.0551242236024845, 1.0, 1.0486196588711096, 1.1017142857142856, 2.25, 1.0, 2.1824324324324325, 1.0793103448275863, 1.0957863228183284, 1.0287511230907458, 1.4318488529014846, 1.1675977653631284, 1.0876132930513596, 1.0211416490486258, 1.3687150837988826, 1.5408805031446542, 1.6153846153846154, 1.0, 1.1237424547283703, 1.4516594516594516, 1.15599173553719, 1.294303464251869, 1.0025532331969322, 1.2191163976210706, 1.032801396178088, 1.0057290916942565, 1.2803850782190132, 1.0922098569157392, 1.1, 1.0, 1.1470588235294117, 1.0573252710873897, 1.1211361737677528, 1.2058823529411764, 1.6, 1.0389848556554662, 1.0359836047011934, 1.0108674119145324, 1.2820512820512822, 1.0454545454545454, 1.0516693163751987, 1.2225550660792952, 1.0165326471534255, 1.052940123512038, 1.4473684210526316, 1.1849813115868162, 1.0013353603418522, 1.0008312662512553, 1.1734875444839858, 1.0011194829735373, 2.0596330275229358, 1.0081521739130435, 1.0761979575805185, 1.0037892872952634, 66.0, 1.040591133004926, 1.0, 1.178082191780822, 1.0101504068381688, 1.6666666666666667, 1.009373236218991, 1.0421779141104295, 1.2093023255813953, 1.0247099624292968, 1.0184962406015037, 1.1327094853253934, 1.175, 1.119152691968226, 1.0005103224309906, 1.3504424778761062, 1.2857142857142858, 1.0, 1.1, 1.0168541599223049, 2.1666666666666665, 1.0257129199288184, 1.031519560860852, 1.0764552562988705, 1.1111703072278458, 1.0044276624233257, 1.0072835176692743, 1.157706093189964, 1.1844660194174756, 1.0031539075584217, 1.0124015981644843, 1.0098363817544762, 1.0491765011023213, 1.1111111111111112, 1.735251798561151, 1.517786561264822, 1.0579099763095552, 1.296416938110749, 1.0472263868065967, 1.0767160161507403, 1.444976076555024, 1.0409012555315427, 1.2067114093959732, 1.0319119753726111, 1.5, 1.0095459997247291, 1.0062024933679712, 1.1332367849384504, 1.1197752019669829, 1.375, 1.0423206278026906, 1.0236714466469843, 1.0653225938745714, 2.6016260162601625, 1.003217745608528, 1.0606060606060606, 1.1473818239694413, 1.097380410022779, 1.3795731707317074, 1.8535031847133758, 1.0998336106489184, 1.3329583802024747, 1.0617117117117116, 1.0261783382174003, 1.038387715930902, 1.0334493005725882, 1.032388464034766, 1.3846153846153846, 1.1499605367008683, 1.2301843755939936, 1.2127379505872824, 1.5037821482602118, 1.053798961774422, 1.1031128404669261, 1.1564844587352625, 1.1456166419019316, 1.0352514803309507, 2.473684210526316, 1.0357345433919456, 1.0540165289256198, 1.0619449859215941, 1.8778195488721805, 1.0114707861685155, 1.0307595731324546, 1.265370138017566, 1.3194154488517744, 1.0024661821697487, 1.023818464674642, 1.2261029411764706, 1.5513513513513513, 1.0629411764705883, 1.0072116860001228, 1.2142857142857142, 1.75, 1.015691256195094, 1.0150767131840308, 1.177309007981756, 1.0538922155688624, 1.1948838774823292, 1.0082521597449332, 1.2783381364073008, 1.2647754137115839, 1.6923076923076923, 1.3342318059299192, 5.956521739130435, 1.3375, 1.4333333333333333, 1.023492911943632, 1.1267262388302193, 67.66666666666667, 1.024390243902439, 9.172413793103448, 1.1445966514459665, 1.223529411764706, 3.9661016949152543, 1.2212323682256867, 1.0483091787439613, 1.217019133937563, 1.2, 1.0400503883232348, 1.1467153284671532, 1.1401881720430107, 2.5039370078740157, 49.0, 1.0937596065170612, 1.0745234512164534, 1.0038180677373276, 1.3073005093378607, 1.838235294117647, 1.1875, 1.3225806451612903, 2.302521008403361, 1.4, 1.0407523510971788, 1.0198275228735638, 1.0013371104111148, 1.2578125, 1.0302867414587342, 1.0005917307708334, 5.0, 1.0018576540483162, 7.612903225806452, 1.0, 1.1428571428571428, 1.1378492356352135, 1.0541148675254541, 1.0607751723592975, 1.328395061728395, 1.0, 1.054263565891473, 1.647239263803681, 36.285714285714285, 1.0581934452438049, 1.016157086560674, 1.0125718715679308, 1.0943744946286242, 1.1111111111111112, 1.0161893601535474, 1.1296673455532926, 1.0733788395904438, 1.5, 1.3083333333333333, 1.0, 1.627831715210356, 1.103113410111263, 1.066013083358179, 8.571428571428571, 1.19140625, 1.0390275111964171, 1.057449494949495, 1.3099173553719008, 1.0298507462686568, 1.042560861820341, 1.1237923346427434, 1.0434242828739184, 1.237037037037037, 1.0515463917525774, 1.1798657718120806, 1.25, 1.1002337814143777, 1.2455621301775148, 1.0071482961408627, 1.2685589519650655, 1.5, 1.0724400871459694, 1.0743916380859055, 1.2515066291683408, 1.4743175287356323, 1.103241340313372, 1.0062717770034844, 1.0532866988992902, 1.199546485260771, 1.25, 1.068387274860258, 1.0074708704592186, 1.162729658792651, 1.3137789904502046, 2.5, 1.28, 1.1481030859418206, 1.115909090909091, 1.0216902012271911, 1.003996062992126, 1.1748120300751879, 1.6, 1.2511682242990654, 1.0348642466815323, 1.1233221476510067, 1.4866920152091254, 1.020051656484379, 1.0064102564102564, 1.6979434447300772, 1.3060869565217392, 1.0000151762109857, 1.0609847421136385, 1.2995391705069124, 1.0649350649350648, 1.21875, 1.0015940488841657, 1.0141993957703928, 1.1026096822995461, 1.1032465825446898, 1.0536491058482358, 1.161875945537065, 4.517857142857143, 1.0906148867313916, 1.6666666666666667, 1.5, 1.2142857142857142, 1.2432432432432432, 1.1829351535836177, 1.0022082960310355, 1.0448705086761045, 1.1261408846243857, 1.0515879978943674, 1.3315217391304348, 2.453781512605042, 1.0225278949949448, 1.6, 1.5833333333333333, 1.1513975155279503, 1.125, 1.2109181141439207, 1.0650549450549451, 1.0536085650465994, 1.020867848231372, 1.5, 1.0326147042564953, 2.627450980392157, 1.1109363153904472, 1.0002793296089385, 1.2222222222222223, 1.221498371335505, 1.0162806505628597, 1.0227017412469575, 1.2957074721780604, 1.392156862745098, 1.5167597765363128, 1.0, 196.0, 1.0008598836365261, 1.25, 1.8571428571428572, 1.0384615384615385, 1.261761158021713, 1.012752232340819, 1.0726294552790854, 1.2546296296296295, 1.1666666666666667, 1.2833461835003854, 1.0625, 1.37012987012987, 1.1394230769230769]
origin-bjaq_15.87 	max: 244.0000	99th: 70.9750	95th: 3.3353	median: 1.1089	mean: 3.8128

...Done, result: results.csv

WORKLOAD-FINISHED | Type: QueryWorkload | Progress: 3/3 | Workload-time: 18.596119 | Model-update-time: 0.000000


Experiment Summary: #data-update-times=1, #drift=1 | total-time=43.604526