Input arguments = Namespace(data_update='tupleskew', update_size=80000, dataset='bjaq', debug=False, drift_test='js', model_update='adapt', model='naru', end2end=False, query_seed=0, random_seed=42, num_workload=3)
JSON-passed parameters = {'data_updater': {'skew_ratio': '1e-3'}, 'random_seed': 7, 'naru': {'epochs': 0}}
MODEL-PATH=/home/kangping/code_copy/SAUCE/models/end2end/naru/origin-bjaq-3.5MB-model34.414-data18.543-200epochs-seed0.pt
DATASET-PATH=/home/kangping/code_copy/SAUCE/data/bjaq/end2end/bjaq.npy
Workloads: ['QueryWorkload', 'DataUpdateWorkload', 'QueryWorkload']

WORKLOAD-START | Type: QueryWorkload | Progress: 1/3
Going to run: ['python', '/home/kangping/code_copy/SAUCE/Naru/eval_model.py', '--dataset=bjaq', '--model=naru', '--query_seed=0', '--end2end', '--eval_type=first_estimate', '--num_workload=3', '--data_update=tupleskew', '--model_update=adapt', '--random_seed=42']
Torch device: cuda:1
GET-MODEL-PATH=./models/end2end/naru/origin-bjaq-3.5MB-model34.414-data18.543-200epochs-seed0.pt
ckpts [PosixPath('/home/kangping/code_copy/SAUCE/models/end2end/naru/origin-bjaq-3.5MB-model34.414-data18.543-200epochs-seed0.pt')]
Validate Argument: DATASET="bjaq" is valid.
load_npy_dataset_from_path - df.shape = (382168, 5)
Parsing... done, took 0.0s
Loading ckpt: /home/kangping/code_copy/SAUCE/models/end2end/naru/origin-bjaq-3.5MB-model34.414-data18.543-200epochs-seed0.pt
query_seed:0
origin-bjaq_15.87 	max: 5.0000	99th: 2.5017	95th: 1.5219	median: 1.0570	mean: 1.1480
ReportEsts: [1.105263157894737, 1.0364372469635628, 1.0082117852975496, 1.0173076923076922, 1.0714285714285714, 1.0, 1.229855273968274, 1.0099170418674386, 1.25, 1.0359042553191489, 1.015353511676287, 1.0024139096669065, 1.004217629692113, 1.041860465116279, 1.0240197809961145, 1.0, 1.5254237288135593, 1.0085015940488842, 3.0, 2.6666666666666665, 1.2272727272727273, 1.0611602329092085, 1.0346778160354155, 1.0637101811367895, 1.0119820269595607, 1.0, 1.0612968423842815, 1.1666666666666667, 1.4, 1.2302158273381294, 1.0, 1.003196333517954, 1.0097067073470793, 1.3307436182019978, 1.0716698487296226, 1.0378105747748967, 1.038888888888889, 1.005783198440881, 1.1193263998897995, 1.1428571428571428, 1.0626702997275204, 1.048780487804878, 1.0, 1.126129234629862, 1.0763535400277648, 1.2231404958677685, 1.0776699029126213, 1.1791666666666667, 1.0293766819709456, 1.08, 1.0994796559947966, 1.20997920997921, 1.0050832893333748, 2.0, 1.148051948051948, 1.100213513327364, 1.037090909090909, 1.0727969348659003, 1.0993788819875776, 1.25, 1.0100872410032715, 1.0379825653798256, 1.0681818181818181, 1.1379310344827587, 1.1, 1.08632446090478, 1.0763137047795088, 1.1666666666666667, 1.0, 1.016220751375035, 1.0178997613365155, 1.052964881980426, 1.1238738738738738, 1.1274188889958603, 1.2188235294117646, 1.1297071129707112, 1.0, 1.0431184668989546, 1.6, 1.04064679043875, 1.28125, 1.0383152556698128, 1.1533742331288344, 1.0126146788990826, 1.0748945147679325, 1.04, 1.0017797995764681, 1.0255027444212748, 1.1813725490196079, 2.3333333333333335, 1.1164179104477612, 1.0091229391039402, 1.0321543408360128, 1.3492286115007013, 1.2099447513812154, 1.0377358490566038, 1.2053571428571428, 1.0077386070507308, 1.0, 1.0074613448399856, 1.1271418286537076, 1.021015761821366, 1.0050716413675698, 1.2058823529411764, 1.017883123371869, 1.140478353012413, 1.0048669828830687, 1.08001516875237, 1.019375, 1.1666666666666667, 1.3333333333333333, 1.1386006916733173, 1.016107766682679, 1.051128818061089, 1.0129870129870129, 1.0087643772007435, 1.0, 1.254847645429363, 1.2133971291866028, 1.0, 1.2582417582417582, 1.1666666666666667, 1.0178571428571428, 1.0182238147622804, 1.1185058631668867, 1.0666666666666667, 1.8, 1.2458609271523178, 1.0, 1.4285714285714286, 1.0140066045741276, 1.1818181818181819, 1.01171875, 1.0112041299528347, 1.0163177584971743, 1.1870047543581617, 1.0339943342776203, 1.0259896041583367, 1.00199203187251, 1.051923076923077, 1.027765126870527, 1.0864197530864197, 1.0789302022178735, 1.0326492654543626, 2.0, 1.0064220183486239, 1.016260162601626, 1.0564516129032258, 1.0204693841538732, 1.0, 1.0813756357471542, 1.0251851851851852, 1.002004008016032, 1.4476190476190476, 1.0907643312101911, 1.0300399374891474, 1.0434758574942649, 1.026377491207503, 1.1159695817490494, 1.1348684210526316, 1.0208333333333333, 1.0797101449275361, 1.1076672104404568, 1.2857142857142858, 1.0004477438188966, 1.0211591396045718, 1.0028868360277137, 1.0474160496597114, 1.0250458155161881, 1.1184172166123347, 1.0021052631578948, 1.115546218487395, 1.1492204899777283, 1.0844298245614035, 1.156686626746507, 1.0597322348094749, 1.0703403565640195, 1.032810499359795, 1.0635433044525475, 1.1666666666666667, 1.2233009708737863, 1.0178109738580867, 1.0474002923366048, 1.1002589715131335, 1.1875, 1.0366985965190052, 1.0897559100518932, 1.0347812912581433, 1.0943396226415094, 1.0036496350364963, 1.025468723123674, 1.0, 1.7272727272727273, 1.0541069377685142, 1.246311010215664, 1.1209302325581396, 1.3461538461538463, 1.0038585209003215, 1.0062635843734102, 1.0121166751090411, 1.1798245614035088, 1.1788763571202698, 1.0903954802259888, 1.125, 1.0357142857142858, 1.0, 1.0389610389610389, 1.0101154918359219, 1.6655052264808363, 1.206896551724138, 1.0197726149283242, 1.0957683741648108, 1.0796078794044206, 1.0127344356897126, 1.0390335779697344, 1.2753623188405796, 1.0251851851851852, 1.0597527472527473, 1.0415507493493674, 1.0508907384878525, 1.0, 1.125879917184265, 1.0815197053552086, 1.0097241270421131, 1.0702455739577383, 1.0224341894916338, 1.0095584503468111, 1.0344827586206897, 1.0017547830411955, 1.299597855227882, 1.218838127467569, 1.0212765957446808, 1.050326797385621, 1.0263056092843328, 1.1503937007874017, 1.0, 1.008099094807051, 1.0484591335417597, 1.0548523206751055, 1.2761194029850746, 1.0909090909090908, 2.6666666666666665, 1.0435975448901709, 1.1090909090909091, 1.07887177712407, 1.5, 1.5, 1.3333333333333333, 1.0312256049960968, 1.510204081632653, 1.143646408839779, 1.1718170580964153, 1.070446735395189, 1.014480408858603, 1.0343370840507748, 1.087719298245614, 1.0, 1.005385291229521, 1.095306710580486, 1.1050788091068302, 1.0823585311220218, 1.053639457510032, 1.0297584867421044, 1.1120826709062004, 1.0212488777001214, 1.0663875598086126, 1.1748856956237752, 1.248926380368098, 1.4545454545454546, 1.059773207764751, 1.0660980810234542, 1.2954545454545454, 1.12, 1.1549090909090909, 1.0555555555555556, 1.0934579439252337, 1.051732723235314, 1.1364902506963788, 1.2239263803680982, 1.0147630468943842, 1.0483729111697448, 1.004538173170611, 1.0172654388785423, 1.5, 1.0497999272462715, 1.0, 1.0064941076884415, 1.0539956803455723, 1.0172454599244458, 1.3, 1.6666666666666667, 1.0434782608695652, 1.4507042253521127, 1.0096812785668272, 1.0, 1.1758409785932722, 1.04739336492891, 1.0404647435897436, 1.0017892418560401, 1.1524390243902438, 1.0251572327044025, 1.0095187034172408, 1.0345159282521361, 1.0457073558315562, 1.0341880341880343, 1.0, 1.1778042959427208, 1.0099502487562189, 1.161993769470405, 1.0552049071028535, 1.013953488372093, 1.21160409556314, 1.1132075471698113, 1.0041152263374487, 1.0665932856356632, 1.4285714285714286, 1.028883948771419, 1.064102564102564, 1.0, 1.0299596967390998, 1.1904761904761905, 1.75, 1.0341865771460044, 2.0, 1.0027434842249656, 1.063953488372093, 1.0656275635767023, 1.0090771558245084, 1.0887728459530026, 1.1758241758241759, 1.0136365481134755, 1.0136282137746122, 1.0194444444444444, 1.006977983682506, 1.1536115569823435, 2.0, 1.1111111111111112, 1.0330874107300951, 1.3333333333333333, 1.0498357064622126, 1.0, 1.0, 1.0454545454545454, 1.1501154734411085, 1.0822179732313575, 1.316326530612245, 1.077922077922078, 1.0, 1.0432756324900132, 1.0225869844549142, 1.5, 1.2334723049434186, 1.0, 1.012920367418204, 1.072289156626506, 1.0461558646024665, 1.1658986175115207, 1.0018181818181817, 1.1442495126705654, 1.0648148148148149, 1.0327167205181997, 1.009057141567411, 1.0466045272969373, 1.0, 1.1428571428571428, 1.8333333333333333, 1.5, 1.0666666666666667, 1.0026624650310298, 1.25, 1.0898502495840265, 1.099009900990099, 1.0335740529583175, 1.040771839877231, 1.003099173553719, 1.0622490908232183, 1.0317175344105327, 1.263157894736842, 1.5, 1.06430155210643, 1.0129310344827587, 1.004462787994164, 1.2380952380952381, 3.142857142857143, 1.1447661469933186, 1.0116279069767442, 1.002121085424676, 1.1912408759124087, 1.342769701606733, 1.0238095238095237, 1.3559322033898304, 1.0808477237048666, 1.0847457627118644, 1.2884615384615385, 1.0584707646176912, 1.1081081081081081, 1.0340022125253518, 1.0025604009478932, 1.0256921562754076, 1.8297872340425532, 1.063063063063063, 1.084848484848485, 1.0, 1.0013202399064516, 1.019364456488886, 1.0280449646540735, 1.0068255914814703, 1.0558424172882004, 1.0109219402505623, 1.8333333333333333, 1.2595272551857213, 1.2, 1.0649017933390266, 1.1111111111111112, 1.0299127126230976, 1.0072463768115942, 1.019504711812404, 1.1067193675889329, 1.0977973568281938, 3.0, 1.2119275825346112, 1.0032921860784951, 1.0238642633805408, 1.0, 1.125, 1.0268714011516316, 1.4511494252873562, 1.112938050157781, 1.0299785867237687, 1.105263157894737, 1.176013805004314, 1.1194989132213056, 1.0997723115971783, 1.0189303598616526, 1.1038377192982456, 1.1608623548922057, 1.0416666666666667, 1.1538461538461537, 1.0456852791878173, 1.3448275862068966, 1.0477489768076398, 1.0, 1.0005079687599212, 1.25, 1.1138653644062557, 1.0558700780257666, 1.1148555708390646, 1.0, 1.0754716981132075, 1.32, 1.0014397447371493, 1.3194748358862145, 1.0, 1.1700055263885052, 1.0080052154301555, 1.2593945720250521, 1.0, 2.0, 1.1848543689320388, 1.0054054054054054, 1.3926940639269407, 1.0, 1.0236987927963586, 1.0241779497098646, 1.0869565217391304, 1.0564595103578154, 1.0272727272727273, 1.0511811023622046, 1.1282258064516129, 1.1055952881783762, 1.1561334022157166, 1.0, 1.054054054054054, 1.0620698067506578, 1.0022963799155675, 1.072425480142522, 1.0, 1.0424256398432097, 1.0226065526434187, 1.0288108957569408, 2.0, 1.125598086124402, 1.0624264394331717, 1.0220249736723335, 1.1831724258442182, 1.0283952439084376, 1.1488215121659138, 1.022689075630252, 1.0525554484088717, 2.0, 1.06108842834255, 1.1935483870967742, 1.0, 1.3687943262411348, 1.1304347826086956, 1.033777961603419, 1.0632339656729901, 1.0477473861268805, 1.1992294991744634, 1.0544366071957798, 1.0150142026241038, 1.0018320098940092, 1.1067961165048543, 4.0, 1.0392653943104069, 1.0242914979757085, 1.0057870304445646, 1.026476822589463, 1.0928749653451622, 1.0939032936229853, 1.0717948717948718, 1.4285714285714286, 1.0070365557653174, 1.0066961550031754, 1.0188625189456952, 1.1023138105567607, 1.0089984921445596, 1.0167714884696017, 1.0005197631434497, 1.006514657980456, 1.0827586206896551, 2.0, 1.0909090909090908, 1.0138036809815951, 1.0560747663551402, 1.0153321976149914, 1.019024970273484, 1.1409395973154361, 1.1775147928994083, 1.0554699537750385, 1.043956043956044, 1.050624387855044, 1.4675324675324675, 1.028702222363023, 1.0, 1.0815850815850816, 1.25, 1.127659574468085, 1.0128491620111733, 1.131188118811881, 1.0691699604743083, 1.1439169139465875, 1.043977963525836, 1.0, 1.7659574468085106, 1.1666666666666667, 1.0, 1.035294117647059, 1.2127139364303179, 1.3388429752066116, 1.1195652173913044, 1.0257930150592758, 1.1402116402116402, 1.021530608749272, 1.02085387497535, 1.0962479608482871, 1.0359971690887761, 1.069364161849711, 1.1038536903984324, 1.1441702951136914, 1.0808351177730193, 1.189306358381503, 1.0748042910988693, 1.0030405919018903, 1.1051917203936206, 1.01018565510404, 2.0, 1.0099255583126552, 1.0406654343807764, 1.0704225352112675, 1.0, 1.0625, 1.25, 1.0660377358490567, 1.5555555555555556, 1.5, 1.0386121383510984, 1.0476630531366624, 1.0078830285315192, 1.0401978487869985, 1.1081081081081081, 1.057108140947752, 2.0, 1.1492537313432836, 1.105949656750572, 1.0202024307954962, 1.0074805723000944, 1.0639594486843604, 1.017414625424638, 1.1159420289855073, 1.0337028910189783, 1.1882770870337478, 1.0032064937103393, 1.0443155932905364, 1.3636363636363635, 1.1154273029966704, 1.0, 1.0113378684807257, 1.021611855249214, 3.0, 1.0597349643221203, 1.013913843726719, 1.2857142857142858, 1.1770192919228324, 1.2, 1.1875, 1.004256373937677, 1.7692307692307692, 1.0068585862248165, 1.0119607005553182, 1.2258064516129032, 1.2608695652173914, 1.2278481012658229, 1.001916626736943, 1.0207300585849481, 1.0580735640976604, 1.0120173049190835, 1.0, 1.1462633065392136, 1.0060975609756098, 2.0, 1.1036741471965312, 1.0270284678537158, 1.1390728476821192, 1.0132883398769563, 1.040006113637232, 1.3294117647058823, 1.8571428571428572, 1.0247242297451502, 1.0499576629974599, 1.0350058541055096, 1.0957304869913276, 1.04111602279997, 1.0977396464183031, 1.0402930402930404, 1.0041090773253643, 1.0872727272727272, 1.0120223868972116, 1.068769716088328, 1.0045289855072463, 1.1544117647058822, 1.0638592554282558, 4.0, 1.003447462248322, 1.0091947396149143, 1.0352786343193079, 1.0555555555555556, 1.0775907220351664, 1.1016260162601625, 1.0, 1.0006700994568667, 1.0134426229508198, 1.1294697903822442, 1.088235294117647, 1.6666666666666667, 1.0363553963049774, 1.5, 1.4266666666666667, 1.0769230769230769, 1.098946340101877, 1.2857142857142858, 1.3093922651933703, 1.119496855345912, 1.0, 1.1402116402116402, 1.0105750165234633, 2.0, 1.0, 1.08130081300813, 1.102661596958175, 1.0585612366230677, 1.0042149631190727, 1.035598705501618, 1.008849557522124, 1.089150378938971, 1.0493506493506493, 1.53125, 1.5217391304347827, 1.4615384615384615, 1.0, 1.2394014962593516, 1.199134199134199, 1.2191435768261965, 1.1494581398118375, 1.0101457306576744, 1.1663692055376007, 1.0229018050048897, 1.0000361480624638, 1.0842358604091455, 1.0041941282204914, 1.375, 1.0, 1.0303030303030303, 1.0422450545365383, 1.1456016177957533, 1.0065359477124183, 1.2378048780487805, 1.059335624284078, 1.076592925452241, 1.0003566779563877, 1.0384615384615385, 1.1578947368421053, 1.0532938564026646, 1.1012062566277836, 1.017367601246106, 1.0654779999735655, 1.243421052631579, 1.070658594211459, 1.0108030427867942, 1.1691616766467066, 1.026123301985371, 1.1111111111111112, 1.033115671641791, 1.2218468468468469, 1.0384615384615385, 1.0338028169014084, 1.0347890451517394, 1.0, 1.076167076167076, 1.0752243166168185, 1.1111111111111112, 1.0129598229567183, 1.1451271186440677, 1.0, 1.0828335695852869, 1.0146359048305695, 1.1637120601665323, 1.0164888457807952, 1.0442678774120318, 1.0076645626690712, 1.1740041928721174, 1.0714285714285714, 1.0, 1.1111111111111112, 1.0141213515804772, 1.8333333333333333, 1.0643725471427203, 1.0569705454741263, 1.1163048294195834, 1.0924278585376437, 1.0019582369229603, 1.1094319399785637, 1.073076923076923, 1.0112201963534362, 1.0015663069961713, 1.0020194430094398, 1.0054550248064618, 1.040015656991449, 1.25, 1.0, 1.3557312252964426, 1.0487875813429308, 1.022801302931596, 1.0031625553447185, 1.176991150442478, 1.0039138943248533, 1.052366565961732, 1.0275862068965518, 1.033421052631579, 1.3125, 1.0484197397218364, 1.0036873644655597, 1.1989603024574669, 1.0008428150021071, 1.1875, 1.0553672316384182, 1.099502487562189, 1.5, 1.066577896138482, 1.5, 1.0735930735930737, 1.0087912087912088, 1.1712744436952125, 1.0300034686090878, 1.06, 1.0, 1.051643192488263, 1.0131806316408691, 1.0002834293844025, 1.0053390583728703, 1.0516063705636027, 1.0572844160448245, 1.0769230769230769, 1.0453795379537953, 1.2373700749335268, 1.0738202598330282, 1.0162932790224033, 1.1944444444444444, 1.0123231401186672, 1.0182483295271927, 1.185025817555938, 1.0197505016138881, 1.0, 1.3333333333333333, 1.0027936413755594, 1.0190708345282478, 1.012010728028919, 1.06529379244985, 1.0454908220271348, 1.0297482837528604, 1.0007097022207765, 1.086594559160931, 1.005514705882353, 1.3027027027027027, 1.0014005602240896, 1.0046229520322496, 1.0238095238095237, 2.3333333333333335, 1.0035380784395103, 1.0041569925062912, 1.018583042973287, 1.2571428571428571, 1.0126719768283852, 1.0261798410229332, 1.0238917674150836, 1.015228426395939, 1.2307692307692308, 1.0923180592991915, 1.0508849557522124, 1.10625, 1.72, 1.040529668119343, 1.0069375619425174, 1.0855085508550855, 1.2058823529411764, 1.0548299729160397, 1.0592065106815869, 1.0115440603947323, 1.0045762037405492, 1.3333333333333333, 1.0, 1.3333333333333333, 1.0451401528940663, 1.5, 1.3333333333333333, 1.5, 1.2905982905982907, 1.0165745856353592, 1.0826235252455594, 1.0269355313511923, 1.1133603238866396, 1.4852941176470589, 1.0666666666666667, 1.032258064516129, 1.2837837837837838, 1.4583333333333333, 1.0623052959501558, 1.0216596989119497, 1.0034888093739878, 1.0390625, 1.0204755749779446, 1.0008257844952706, 5.0, 1.0063114558878568, 1.02, 1.0, 1.3333333333333333, 1.049112426035503, 1.1127447464677616, 1.0437552848142724, 1.0403726708074534, 1.0, 1.0, 1.147239263803681, 2.0, 1.5, 1.0445374015748032, 1.1139562743336329, 1.1642420715740471, 1.25, 1.012176825184193, 1.075135553834237, 1.0726072607260726, 1.1428571428571428, 1.1639344262295082, 1.002678973586732, 1.4605263157894737, 1.0358207276612494, 1.0625218950275104, 1.0047281323877069, 1.0491803278688525, 1.002914807498377, 1.1725021349274125, 1.1446280991735538, 1.3269230769230769, 1.0891604799299581, 1.2188431723315445, 1.0551289296676751, 2.168831168831169, 1.2439024390243902, 1.1044776119402986, 1.0348387096774194, 1.029126213592233, 1.0228172982685397, 1.019597624065913, 1.037117903930131, 3.0, 1.25, 1.0352403957512988, 1.148636763412489, 1.2880762497568568, 1.0046049995376507, 1.0067351405960598, 1.078178165867257, 1.0748299319727892, 1.0208333333333333, 1.0042630457093233, 1.0296480450370857, 1.0989982321744254, 1.085814360770578, 2.5, 1.08, 1.019039583256906, 1.0523297491039427, 1.0137101110092033, 1.0080330773774364, 1.1178977272727273, 2.0, 1.0023364485981308, 1.037517162471396, 1.0338131140050262, 1.0608365019011408, 1.0134637390931198, 1.256, 1.391705069124424, 1.055072463768116, 1.0036604820909547, 1.0485016991041087, 1.1209677419354838, 1.120358514724712, 1.0, 1.0630553656869446, 1.0095286436102715, 1.0515191545574636, 1.0296075543223833, 1.0303899082568808, 1.0550678371907423, 1.2857142857142858, 1.0764331210191083, 2.5, 1.5, 1.3076923076923077, 1.0255754475703325, 1.1500789889415481, 1.0213919969656742, 1.044046332598037, 1.1028493894165536, 1.047907949790795, 1.0869565217391304, 1.183673469387755, 1.0100325206708185, 1.6, 1.4166666666666667, 1.2380487804878049, 1.0, 1.1571648690292757, 1.1162904808635918, 1.0552596537949401, 1.0249630747756082, 1.0, 1.0210526315789474, 1.304263565891473, 1.1962593516209477, 1.0001376374080124, 1.0176767676767677, 1.0484739676840216, 1.0268751624707553, 1.0878548434299093, 1.095389507154213, 1.4489795918367347, 1.217877094972067, 1.0, 1.0, 1.0006973999499302, 1.6666666666666667, 1.5714285714285714, 1.4594594594594594, 1.0627261761158022, 1.0681818181818181, 1.0409694171956145, 1.0537412153782555, 1.0, 1.25512104283054, 1.0245362058647516, 1.1524663677130045, 1.032258064516129, 1.25, 1.0438394093216428, 1.1040391676866586, 1.0887949260042282, 1.0412792859799183, 1.002901322614108, 1.0678468899521532, 1.0248560169748409, 1.0, 1.0502066023903673, 1.0028880638944755, 1.0134496546710288, 1.2695652173913043, 1.0532469504479425]
origin-bjaq_15.87 	max: 5.0000	99th: 2.5017	95th: 1.5219	median: 1.0570	mean: 1.1480

...Done, result: results.csv

WORKLOAD-FINISHED | Type: QueryWorkload | Progress: 1/3 | Workload-time: 20.504595 | Model-update-time: 0.000000


WORKLOAD-START | Type: DataUpdateWorkload | Progress: 2/3
Going to run: ['python', '/home/kangping/code_copy/SAUCE/Naru/eval_model.py', '--model=naru', '--data_update=tupleskew', '--dataset=bjaq', '--drift_test=js', '--end2end', '--update_size=80000', '--query_seed=0', '--eval_type=drift']
Torch device: cuda:1
GET-MODEL-PATH=./models/end2end/naru/origin-bjaq-3.5MB-model34.414-data18.543-200epochs-seed0.pt
GET-DATASET-PATH=./data/bjaq/end2end/bjaq.npy
TupleSkewSample - START
0.001
TupleSkewSample - END
load_npy_dataset_from_path - df.shape = (458601, 5)
Parsing... done, took 0.0s
Data updated!
Previous data size: (382168, 5), new data size: (76433, 5)
[2.8908253e-05 1.0430813e-05 2.4753809e-04 2.5641918e-04 7.3313713e-06]
Distance score: 0.0001101255402318202
SAUCE Drift detection: True
Detection latency: 0.0231s

DRIFT-DETECTED after 2-th workload
Going to run: ['python', '/home/kangping/code_copy/SAUCE/Naru/incremental_train.py', '--dataset=bjaq', '--end2end', '--model=naru', '--model_update=adapt', '--update_size=80000', '--epochs=0']
Torch device: cuda:1
GET-MODEL-PATH=./models/end2end/naru/origin-bjaq-3.5MB-model34.414-data18.543-200epochs-seed0.pt
update_size: 76433
AdaptTask - START
GET-DATASET-PATH=./data/bjaq/end2end/bjaq.npy
load_npy_dataset_from_path - df.shape = (458601, 5)
Parsing... done, took 0.0s
done, took 0.0s
dataset size: 458601
train data shape: torch.Size([76433, 5]), transfer data shape:torch.Size([15286, 5])
Training done; evaluating likelihood on full data:
Epoch None Iter 0, test loss 23.8259 nats / 34.3735 bits
Saved to: /home/kangping/code_copy/SAUCE/models/end2end/naru/origin-bjaq-3.5MB-model34.414-data18.543-200epochs-seed0.pt
AdaptTask - END

WORKLOAD-FINISHED | Type: DataUpdateWorkload | Progress: 2/3 | Workload-time: 2.029469 | Model-update-time: 3.348035


WORKLOAD-START | Type: QueryWorkload | Progress: 3/3
Going to run: ['python', '/home/kangping/code_copy/SAUCE/Naru/eval_model.py', '--dataset=bjaq', '--model=naru', '--end2end', '--query_seed=0', '--eval_type=estimate', '--num_workload=3', '--data_update=tupleskew', '--model_update=adapt', '--random_seed=42']
Torch device: cuda:1
GET-MODEL-PATH=./models/end2end/naru/origin-bjaq-3.5MB-model34.414-data18.543-200epochs-seed0.pt
ckpts [PosixPath('/home/kangping/code_copy/SAUCE/models/end2end/naru/origin-bjaq-3.5MB-model34.414-data18.543-200epochs-seed0.pt')]
Validate Argument: DATASET="bjaq" is valid.
data size: 458601, total size: 458601, split index: [382167 458601]
Parsing... done, took 0.0s
Loading ckpt: /home/kangping/code_copy/SAUCE/models/end2end/naru/origin-bjaq-3.5MB-model34.414-data18.543-200epochs-seed0.pt
query_seed:0
origin-bjaq_15.87 	max: 212.0000	99th: 95.5250	95th: 3.3460	median: 1.1128	mean: 3.4632
ReportEsts: [1.019047619047619, 1.008422490325518, 1.0412486894592197, 1.1539682539682539, 1.1666666666666667, 1.0, 1.3025351815738153, 1.0068472703500346, 1.0, 1.3122222222222222, 1.0356083790003083, 1.0020302327348791, 1.0140997830802603, 1.1930232558139535, 1.0346736596736597, 3.081081081081081, 1.2769230769230768, 95.5, 1.3333333333333333, 1.0508326029798423, 1.1194676570721138, 1.0084728463801977, 3.847457627118644, 1.4981412639405205, 1.0797010756198873, 1.0135242235884199, 2.0, 1.0634641778753775, 1.1666666666666667, 1.8, 1.3819875776397517, 1.0, 1.0165188917416255, 1.0179106167097152, 1.4280493375970762, 1.0245901639344261, 1.0420815003473025, 1.1818181818181819, 8.608695652173912, 1.192991527783302, 1.0632851610465666, 1.158107135082637, 1.210592686002522, 1.0061087589245898, 1.241304347826087, 1.166684425501687, 1.3333333333333333, 1.3347732181425487, 1.1778846153846154, 1.022857142857143, 8.75, 1.329059829059829, 1.12, 1.1379310344827587, 1.1092744276836786, 1.0206051227755832, 1.0328744029221693, 1.4189189189189189, 1.064102564102564, 1.0034666818215598, 1.2777777777777777, 1.0428400212668174, 1.0465116279069768, 1.2181818181818183, 1.367816091954023, 25.5, 1.0019000085075007, 1.0173498156582086, 1.0, 1.0, 1.146575821104123, 1.2505966587112172, 1.2681510164569216, 1.0713073005093379, 1.1581740116655865, 1.0982142857142858, 1.1947601618185322, 1.1576086956521738, 1.0930232558139534, 1.0188940890968972, 1.188542825361513, 35.166666666666664, 1.0, 19.90909090909091, 1.1741496598639456, 1.2745098039215685, 1.1335927367055771, 13.555555555555555, 59.0, 1.0484900721445445, 1.0724424865394029, 1.0303766707168893, 1.0261247019104525, 1.191326530612245, 1.1993769470404985, 1.209020902090209, 2.2658227848101267, 1.063030303030303, 12.2, 1.0045992115637319, 5.325581395348837, 182.0, 1.096145244767373, 1.3061119671289163, 1.170548459804658, 1.0144783577147674, 1.411764705882353, 1.0053461979516787, 1.1213166976373772, 1.0404520262002448, 1.007320644216691, 1.0456533624931657, 1.3333333333333333, 21.88888888888889, 1.0980834272829763, 1.033142802870045, 1.1291974957313602, 1.0649350649350648, 1.013579343872377, 1.0, 1.1353541416566626, 1.1277777777777778, 1.0, 1.478021978021978, 1.0, 1.2957393483709274, 1.0206802592977304, 1.0507792860734038, 1.1428571428571428, 1.8, 1.5206953642384107, 1.0, 42.0, 1.0030013130744702, 1.0, 1.0964023751309815, 1.0011217621864166, 1.0325630998933524, 185.0, 1.1333333333333333, 1.2958435207823962, 1.0190518387239698, 1.0719616204690832, 1.0702941977662763, 1.4691358024691359, 1.1681210005817335, 1.0108107549975218, 3.0, 1.1886964448495898, 1.088145896656535, 1.1827111984282908, 1.161446846052051, 1.0, 1.2124517906336088, 1.3591635916359164, 1.1475409836065573, 1.3423137876386688, 1.0, 1.1859838274932615, 1.1007526098567613, 1.102035299115591, 1.3288973384030418, 1.7175925925925926, 1.2040816326530612, 1.3333333333333333, 1.0868924889543445, 1.2857142857142858, 1.0203696774676345, 2.2635658914728682, 1.2916666666666667, 1.011227246653501, 1.5514950166112957, 1.0231604136398598, 1.1578947368421053, 1.3235294117647058, 1.2265746899893242, 1.0075008523695874, 1.3182199832073886, 1.0456852791878173, 1.1171548117154813, 1.1045428072218986, 1.0115205384880912, 1.1492537313432836, 1.3150357995226731, 1.0076608621546117, 1.0369136830419095, 1.6394052044609666, 1.017527954064672, 1.0028328611898016, 205.0, 1.1010928961748634, 1.0011804696277966, 1.0869565217391304, 1.041081081081081, 1.1641284314676497, 1.0038369831660128, 1.095823095823096, 1.0469061876247505, 1.0113301456812906, 1.0194893782888326, 1.1381550454742313, 1.317195325542571, 1.3272379912663756, 1.0220530984259781, 1.2929503916449085, 1.059145864138471, 1.1864406779661016, 1.25, 1.2023809523809523, 1.0, 1.15, 1.0846282094031343, 1.2088607594936709, 2.4919354838709675, 1.2189817103311913, 35.42857142857143, 1.022188118327309, 1.236413043478261, 1.0031290637191157, 28.857142857142858, 1.1358381502890174, 1.0597313518148042, 1.0447309470473285, 1.0296590447707985, 6.794871794871795, 4.174603174603175, 1.0154086088583905, 1.0677433340559288, 1.8015873015873016, 1.6421471172962228, 1.1934623082054703, 1.1132969974521882, 1.1386138613861385, 1.0061210197030535, 1.045597610245728, 1.6764705882352942, 1.1944684528954193, 1.3435722411831628, 24.333333333333332, 1.3456692913385826, 1.0, 1.1684035014589411, 1.0814471243042671, 1.0064126053499451, 1.6305970149253732, 1.0833333333333333, 3.3333333333333335, 1.0366641447942735, 1.3636363636363635, 1.1074622531939604, 1.5, 1.2358674463937622, 1.0340798442064265, 1.1428571428571428, 1.0014212643632012, 1.153225806451613, 1.1344860710854947, 4.348484848484849, 1.188497061293031, 1.048464499222013, 1.3859649122807018, 2.0, 1.0128282497370553, 1.078411939602402, 1.0612516644474035, 1.0660442600276625, 1.0486212839293407, 1.0076840452780302, 1.3211446740858506, 1.0144158574431874, 1.0605496040987423, 1.0762660158633313, 1.5034389750505732, 1.7272727272727273, 1.0576632643752724, 1.3752665245202558, 1.5, 1.16, 1.1510791366906474, 1.5054466230936818, 1.0153863658244133, 1.046009877826878, 1.3481894150417828, 1.025706940874036, 1.0016126957743414, 1.1691285081240768, 1.299687825182102, 1.0278832772166107, 1.8, 1.0873709293089753, 1.0831509846827134, 1.0153566328687786, 1.0412020412020413, 1.0299369747899159, 1.1964285714285714, 1.2182910547396528, 1.0799366268183783, 1.0612991440849522, 1.0508939551603442, 1.0998772651794095, 1.0522935779816514, 14.6, 1.2727272727272727, 1.0554302288108282, 10.157894736842104, 1.2407002188183807, 1.0348359788359789, 1.0122292418772563, 1.2903225806451613, 2.0714285714285716, 2.05625, 1.1691106455913158, 1.0073031840976376, 1.1, 1.076987951807229, 1.0071069778501391, 1.056338028169014, 101.0, 2.0, 1.0045024763619992, 1.7142857142857142, 1.0069486580343656, 1.3703170028818443, 1.0526315789473684, 1.0634374437983334, 1.380952380952381, 1.5555555555555556, 1.032699256536752, 2.0, 1.3388429752066116, 1.2258796821793416, 1.9080459770114941, 2.0964630225080385, 1.2245430809399478, 1.3956043956043955, 1.0230037577636288, 1.0047486349337253, 6.283018867924528, 1.0124552019982624, 1.164670470934972, 3.0, 1.3333333333333333, 1.048472306513715, 1.0, 1.0363550519357885, 1.1764705882352942, 98.0, 1.2727272727272727, 1.2042900919305413, 1.056044835868695, 1.0078125, 1.0471698113207548, 1.4545454545454546, 2.0, 1.07087474739143, 20.4, 1.0714285714285714, 1.0212807321887898, 1.4043478260869566, 1.1219512195121952, 1.033457249070632, 2.25, 1.0, 1.2395464209780298, 1.6220095693779903, 1.225966303270565, 1.020568637564606, 1.0010366275051832, 1.1778425655976676, 1.0, 1.0062832513183084, 197.0, 1.1785714285714286, 212.0, 1.1296266675197544, 1.4285714285714286, 1.117948717948718, 1.2574257425742574, 1.1052337452982268, 1.0382219543001492, 1.031561996779388, 1.0163968887954593, 1.1845529592836155, 1.1744791666666667, 1.2229402261712439, 1.047808463082926, 1.36, 1.0666666666666667, 1.0354462865562701, 1.0435879572969817, 3.506849315068493, 1.8133333333333332, 1.4, 1.1319148936170214, 2.0, 1.5555555555555556, 1.0458715596330275, 1.553470919324578, 1.0414201183431953, 3.0660377358490565, 1.279615153337342, 1.1192307692307693, 1.0398541172335003, 1.0064428619871142, 1.021402287724797, 1.0617283950617284, 1.1801801801801801, 1.1340782122905029, 1.0, 1.0540381021084042, 1.1355932203389831, 1.000339206633374, 1.0619379702697742, 1.0342322849857044, 1.0599462365591399, 1.5714285714285714, 1.3201422854602045, 1.2, 1.1130268199233717, 1.0, 1.0127363184079603, 1.0703883495145632, 1.1078264165245404, 1.3754940711462451, 1.1509727626459143, 3.0, 1.2130781499202552, 1.0043086733594726, 1.0960120108848643, 1.0, 1.0862068965517242, 1.11328125, 1.00374531835206, 1.0839984299358891, 1.0793286594433822, 1.2380952380952381, 1.3175150992234685, 1.1669754008564883, 1.0681089871339062, 1.0658631080499354, 1.1143838737085792, 1.023157894736842, 11.5, 1.302177376526819, 1.0417009573614742, 1.5648148148148149, 1.0050530570995453, 1.0, 1.5, 1.0089126559714796, 1.0427350427350428, 1.2401110340041637, 1.0587449735135697, 1.0773349196906603, 1.0, 1.087719298245614, 1.6, 1.0120990514807038, 1.0909090909090908, 1.0, 1.0728722581785248, 1.0, 1.0, 1.3478458049886621, 1.5, 1.071449747998814, 1.2938530734632683, 1.105072463768116, 1.2222222222222223, 1.0139864452774332, 1.317230273752013, 1.12, 1.0792546742390403, 1.2363636363636363, 1.0031380753138075, 1.0874384236453203, 1.0335521517140773, 1.2623034251106926, 1.0, 1.2837837837837838, 1.1061431285623813, 1.0090198436560434, 1.1557120500782472, 1.2, 1.0022459292532284, 1.0203436345772203, 1.015079707022835, 2.0, 1.3468899521531101, 1.0682551975940697, 1.112604102918873, 1.1581810519863618, 1.0219178387784011, 1.0347914326097198, 1.045746962115797, 1.1986658105022832, 1.5, 1.1721278407817473, 1.1119949093223036, 1.0406852248394005, 1.2488418266048975, 1.33015873015873, 1.0533380277089148, 1.556701030927835, 1.052256401389522, 1.226280623608018, 1.0871462120905373, 1.588235294117647, 1.0815630330283765, 1.2117749054224465, 1.1066666666666667, 1.0123456790123457, 1.0156116529610506, 1.308673469387755, 1.009249022515842, 1.0099195014282005, 1.0, 1.2938461538461539, 1.4914089347079038, 14.2, 1.1891891891891893, 1.0004009601515576, 1.7054545454545456, 1.0255201109570042, 1.0, 3.229813664596273, 1.0903286829037597, 1.050496315912735, 1.0659877800407331, 1.0377442331568973, 1.0087655222790357, 1.1280623608017817, 1.4950765864332605, 1.0784246521989749, 1.0507246376811594, 1.0466298787236183, 1.656671664167916, 1.651063829787234, 1.0150134048257373, 1.3343949044585988, 1.002738055072539, 1.0, 1.0124688279301746, 2.0357142857142856, 1.009168427407184, 1.26875, 1.1390862944162436, 1.349802371541502, 1.825657894736842, 1.034814094141483, 1.0, 2.234042553191489, 1.5, 1.3333333333333333, 1.1704545454545454, 3.1376146788990824, 1.5240641711229947, 1.0776699029126213, 1.023821921374642, 1.4962686567164178, 1.0680746094257152, 1.039673180592992, 1.0235596064624395, 1.102751146310963, 1.0263965805858262, 1.1156716417910448, 1.0126737584024017, 1.0010316079889643, 1.2183173588924388, 1.0522306855277475, 1.1749379652605458, 1.079136690647482, 1.053992587601078, 1.7642585551330798, 1.0736781219458684, 1.1288659793814433, 1.0308090987618774, 1.0106252554147936, 2.5, 1.2376933895921238, 1.0714285714285714, 113.0, 1.3286219081272084, 1.0093439881063, 1.0781055255504777, 1.2996941896024465, 2.0395480225988702, 1.0114904713164692, 1.1854608482871125, 1.205240174672489, 1.0, 19.727272727272727, 1.043960223876542, 1.8054054054054054, 1.040551500405515, 1.1477151965993624, 1.0, 1.2234533702677748, 2.7695961995249405, 1.0158947436227777, 1.4440497335701599, 1.024260746339159, 1.0075186738304285, 1.0103285196842922, 1.0405405405405406, 103.5, 1.072794924390593, 1.0, 1.2327698309492847, 1.043103448275862, 1.0984848484848484, 1.0080958549222798, 1.1379310344827587, 1.1670609053646557, 2.4285714285714284, 1.0083449235048678, 1.0392116818135402, 1.0804375804375805, 1.2237665045170256, 1.0306497752349817, 1.12784588441331, 1.1276517922457938, 1.0, 1.0370284297776744, 1.1610148113445529, 1.3888888888888888, 1.0879785090664875, 1.0418897637795275, 2.4375, 1.0839986084154247, 1.1, 1.1172248803827751, 1.0317187350721315, 1.0308123249299719, 1.0642857142857143, 1.0141006902494867, 1.107843137254902, 2.857142857142857, 1.102482269503546, 1.0381020848310567, 1.038693675072344, 1.008997089177031, 1.0517578968585333, 1.0038234211608825, 1.2307692307692308, 1.1420525657071339, 1.7086092715231789, 1.026296848371713, 1.2750788643533124, 1.049689440993789, 1.1338582677165354, 1.01949524398504, 2.5406032482598606, 1.1066642520825787, 1.3333333333333333, 1.6, 1.1124845488257107, 1.031973539140022, 1.131238990017616, 1.0835117773019272, 1.3333333333333333, 1.2388201712654614, 1.1424945612762871, 1.09375, 1.022756013841215, 2.0, 1.0076227441879075, 1.5, 2.9872448979591835, 1.3846153846153846, 1.118069598285697, 1.0909090909090908, 1.0486725663716814, 1.3312368972746331, 1.0, 1.0865459477107768, 1.0894766460326393, 2.25, 1.0, 1.1428571428571428, 1.1482758620689655, 1.1467035732259687, 1.1752360965372508, 1.1682758620689655, 1.2913125590179415, 1.1148036253776434, 9.26923076923077, 1.3535911602209945, 1.079295154185022, 1.3846153846153846, 1.0, 1.5174693106704438, 1.5584415584415585, 1.212809917355372, 1.4525745257452574, 1.0049630012730746, 1.2745064303841025, 1.0186093274859211, 1.0079968135302408, 1.2039024390243902, 1.135820895522388, 1.2222222222222223, 1.0, 1.2058823529411764, 1.0542487375848577, 1.4202172096908938, 1.3306233062330624, 2.0258397932816536, 1.0343762745440774, 1.0824438541415118, 1.002520510911627, 1.2435897435897436, 1.0454545454545454, 1.2315175097276265, 1.0630115004011769, 1.0346111978176191, 1.1150549141087018, 1.4078947368421053, 1.0531242547102313, 1.0600098376783078, 1.0011080069329577, 1.0335621662852783, 1.0325683792385556, 1.779783393501805, 1.1239935587761676, 1.691511387163561, 1.011314888542118, 47.4, 1.1390278770550393, 1.0, 1.1118721461187215, 1.021634055837772, 3.3375, 1.0201082091517035, 1.1299183370452859, 1.069767441860465, 1.0961070308631788, 1.0080123909093617, 1.182131555153707, 1.215648854961832, 1.0074280408542247, 1.0321493076459964, 1.003584229390681, 1.2142857142857142, 1.0, 1.1, 1.0295865066390206, 2.1666666666666665, 1.006117421843109, 1.0373831775700935, 1.16147859922179, 1.0836212854181064, 1.008869880909816, 1.2154490460679386, 1.5527156549520766, 1.3073446327683615, 1.0064172370877411, 1.0757530759439966, 1.0083215689113585, 1.0033515698161566, 1.1111111111111112, 14.266666666666667, 1.4861660079051384, 1.0067815645112521, 1.2807881773399015, 1.2321315623023403, 1.009090909090909, 1.126984126984127, 1.102772089038804, 1.2737556561085972, 1.0048183055289552, 1.5, 1.0050137866976605, 1.0065641722350072, 1.0768382352941177, 1.198736842105263, 1.15625, 36.333333333333336, 1.0933349146110056, 1.057054343616884, 1.7458745874587458, 1.0047622446292463, 1.2727272727272727, 1.1364721683330845, 1.582766439909297, 1.329268292682927, 1.1320836965998256, 1.0398406374501992, 1.3689538807649044, 1.1835506519558676, 1.0519416693205632, 1.2505773672055427, 1.0133654852699268, 1.0432174486460424, 1.2307692307692308, 1.1445285615966965, 1.1576771653543307, 1.1167028924928941, 1.0137322216772928, 1.493073047858942, 1.0646017699115045, 1.8499025341130604, 1.2020802377414561, 1.015182459828803, 5.222222222222222, 1.0835894283958205, 1.0174903668956274, 1.1655269983494458, 1.868421052631579, 1.086316493810639, 1.0357439203421204, 1.0882956878850103, 1.068888888888889, 1.008735855743001, 1.098606120004356, 1.1746323529411764, 1.454054054054054, 1.0810301507537687, 1.0536359588721953, 1.2023809523809523, 1.75, 1.0184794132851998, 1.008288254823207, 1.043227665706052, 1.0797546012269938, 1.0813704496788008, 1.0070471912248802, 1.0116917203531377, 1.2103260869565218, 1.5384615384615385, 1.0972660357518402, 6.7272727272727275, 1.3125, 1.4333333333333333, 1.0708795980687877, 1.0049019607843137, 1.0576131687242798, 1.025, 1.376969696969697, 1.0144329896907216, 1.188235294117647, 9.181818181818182, 1.2204899777282852, 1.0724637681159421, 1.3014991671293725, 1.2, 1.0449752390710383, 3.9682539682539684, 1.145367618555369, 1.3368421052631578, 1.5379061371841156, 1.1488927738927739, 1.0304157998066048, 1.0108553071877928, 1.1472727272727272, 1.6470588235294117, 1.1875, 1.4193548387096775, 1.635135135135135, 4.415384615384616, 2.6633663366336635, 1.0105861358493116, 1.0000093327982529, 1.2421875, 1.007789153135546, 1.0005912429425579, 5.0, 1.0109172583505674, 1.0414364640883977, 1.0, 1.1428571428571428, 1.2813609467455622, 1.0069894878103332, 1.0848056188531463, 1.1925465838509317, 1.0, 1.054263565891473, 1.1318681318681318, 2.7116279069767444, 1.0229488610106066, 1.0092816308208237, 1.0088058237926085, 1.2399258343634116, 1.1111111111111112, 1.0069954147701508, 1.1472355769230769, 1.0369230769230768, 3.5211267605633805, 1.0066225165562914, 1.0, 26.0, 1.1317196317196316, 1.021047830053434, 1.1026785714285714, 1.19140625, 1.0369016595029388, 1.061012812690665, 1.3429752066115703, 1.0, 1.0371859155718648, 1.0440468717304876, 1.0806167565947242, 1.6372549019607843, 1.0303030303030303, 2.1315789473684212, 1.25, 1.039377020276227, 1.2366863905325445, 1.0175307402760352, 1.005249343832021, 1.5, 1.107515923566879, 1.0282449331608452, 1.3509234828496042, 1.3861551292743954, 1.0105961365038683, 1.0870552611657835, 1.1063546747620834, 1.5267857142857142, 1.2708333333333333, 1.0484192537738537, 1.0144159725953787, 1.0343406593406594, 1.2270471464019852, 2.5, 1.32, 1.0353164055872872, 1.466204506065858, 1.0017101041970464, 1.0110547613342917, 1.0756123535676252, 1.6, 1.0712871287128714, 1.0966145780414949, 1.100474106491612, 1.2775665399239544, 1.0110049588728403, 1.8842105263157896, 1.450777202072539, 1.0495790458372312, 1.0024650555550483, 1.1461357395056886, 1.3122119815668203, 1.0601427115188584, 1.21875, 1.0829019321910318, 1.067794980286566, 1.0577357300536108, 1.2713797035347776, 1.0158572844400398, 1.1429652042360061, 6.575757575757576, 1.256900212314225, 2.5, 1.5, 1.1333333333333333, 1.2327365728900255, 1.0893066980023502, 1.0761074382804765, 1.058255439924314, 1.1773066169617894, 1.044452608376194, 1.2934782608695652, 1.0725536992840095, 1.0369012326415978, 1.3333333333333333, 1.5, 1.078092605390463, 1.125, 1.0292942743009321, 1.2056707575116377, 1.025014979029359, 1.00911487152659, 1.5, 1.0852579852579853, 1.2157856625633598, 1.012188853807181, 1.0023722110233082, 1.128787878787879, 1.2523280264343646, 1.0439621591541457, 1.1665668363781572, 1.0364520048602672, 1.5434782608695652, 1.5, 1.0, 178.0, 1.0022384217634286, 1.25, 1.8571428571428572, 1.125, 1.212303980699638, 1.0019934602299598, 1.226630800268998, 1.2175925925925926, 1.3333333333333333, 1.072683943997617, 1.0521648408972353, 1.3046683046683047, 1.1730769230769231]
origin-bjaq_15.87 	max: 212.0000	99th: 95.5250	95th: 3.3460	median: 1.1128	mean: 3.4632

...Done, result: results.csv

WORKLOAD-FINISHED | Type: QueryWorkload | Progress: 3/3 | Workload-time: 16.277393 | Model-update-time: 0.000000


Experiment Summary: #data-update-times=1, #drift=1 | total-time=42.193081