Input arguments = Namespace(data_update='valueskew', update_size=80000, dataset='bjaq', debug=False, drift_test='js', model_update='adapt', model='naru', end2end=False, query_seed=0, random_seed=42, num_workload=3)
JSON-passed parameters = {'data_updater': {'skew_ratio': '1e-3'}, 'random_seed': 74, 'naru': {'epochs': 0}}
MODEL-PATH=/home/kangping/code_copy/SAUCE/models/end2end/naru/origin-bjaq-3.5MB-model34.414-data18.543-200epochs-seed0.pt
DATASET-PATH=/home/kangping/code_copy/SAUCE/data/bjaq/end2end/bjaq.npy
Workloads: ['QueryWorkload', 'DataUpdateWorkload', 'QueryWorkload']

WORKLOAD-START | Type: QueryWorkload | Progress: 1/3
Going to run: ['python', '/home/kangping/code_copy/SAUCE/Naru/eval_model.py', '--dataset=bjaq', '--model=naru', '--query_seed=0', '--end2end', '--eval_type=first_estimate', '--num_workload=3', '--data_update=valueskew', '--model_update=adapt', '--random_seed=42']
Torch device: cuda:1
GET-MODEL-PATH=./models/end2end/naru/origin-bjaq-3.5MB-model34.414-data18.543-200epochs-seed0.pt
ckpts [PosixPath('/home/kangping/code_copy/SAUCE/models/end2end/naru/origin-bjaq-3.5MB-model34.414-data18.543-200epochs-seed0.pt')]
Validate Argument: DATASET="bjaq" is valid.
load_npy_dataset_from_path - df.shape = (382168, 5)
Parsing... done, took 0.0s
Loading ckpt: /home/kangping/code_copy/SAUCE/models/end2end/naru/origin-bjaq-3.5MB-model34.414-data18.543-200epochs-seed0.pt
query_seed:0
origin-bjaq_15.87 	max: 5.0000	99th: 2.6667	95th: 1.5559	median: 1.0594	mean: 1.1506
ReportEsts: [1.0535117056856187, 1.035878068519018, 1.018784497814985, 1.0288461538461537, 1.0344827586206897, 1.0, 1.124790474539044, 1.013362998676841, 1.25, 1.0386666666666666, 1.0414682711453553, 1.0026528993328738, 1.0192636986301369, 1.0534883720930233, 1.0098904980572236, 1.0, 1.9148936170212767, 1.0212539851222104, 3.0, 2.6666666666666665, 1.2272727272727273, 1.1275393573431098, 1.0318102665979938, 1.030248033877798, 1.0145145145145145, 1.0, 1.0312288722191816, 1.3333333333333333, 1.4, 1.2014388489208634, 1.0, 1.003840995518131, 1.0061820284434821, 1.2758046614872365, 1.053899250991335, 1.0264369372418929, 1.002680965147453, 1.0016220285069082, 1.0836145740064742, 1.1785714285714286, 1.0985915492957747, 1.0060975609756098, 1.0, 1.1149032638737928, 1.0462748727441, 1.2148760330578512, 1.1359223300970873, 1.252212389380531, 1.030398753215414, 1.0485436893203883, 1.084074100840741, 1.1043643263757115, 1.0082286434335288, 2.0, 1.2181818181818183, 1.025666708401152, 1.0322822822822824, 1.064638783269962, 1.2422360248447204, 1.25, 1.051479897756862, 1.0491905354919053, 1.0138248847926268, 1.1264367816091954, 1.0909090909090908, 1.1213180575265653, 1.0066683131637442, 1.1666666666666667, 1.0, 1.0021441223081944, 1.0035928143712576, 1.0615206035983749, 1.0968468468468469, 1.1134829323951698, 1.2141176470588235, 1.1368421052631579, 1.0, 1.047681539807524, 2.0, 1.062426468478292, 1.25, 1.0355660744391129, 1.2331288343558282, 1.0091743119266054, 1.0692549842602308, 1.04, 1.0053178675531786, 1.0342160287168083, 1.1813725490196079, 2.3333333333333335, 1.1396648044692737, 1.00069407273647, 1.0490196078431373, 1.241234221598878, 1.212624584717608, 1.0875706214689265, 1.2616822429906542, 1.0280701754385966, 1.0, 1.0153107447001268, 1.1673146148308136, 1.0174520069808028, 1.004430424611895, 1.0303030303030303, 1.0027212765489437, 1.0884137532505056, 1.0328556893335594, 1.1228668941979523, 1.0190565448297406, 1.1666666666666667, 1.0, 1.1334745762711864, 1.0144622397563394, 1.070317782285328, 1.0389610389610389, 1.00211390127606, 1.0, 1.2295463357890655, 1.121531100478469, 1.0, 1.2032967032967032, 1.1666666666666667, 1.0601503759398496, 1.0124828886444268, 1.0509435427506406, 1.018181818181818, 1.8, 1.2491721854304636, 1.0, 1.0357142857142858, 1.011767592602059, 1.1818181818181819, 1.01025390625, 1.0028449948815215, 1.042711310739077, 1.1505376344086022, 1.0027397260273974, 1.0435136234241562, 1.00199203187251, 1.0499040307101728, 1.033140858815875, 1.1604938271604939, 1.0247879973907372, 1.053325813026368, 2.0, 1.0101289134438305, 1.0644768856447688, 1.0291563275434243, 1.0100582318687137, 1.0, 1.0324533785420198, 1.0222222222222221, 1.006, 1.4476190476190476, 1.0978102189781023, 1.0615604867573372, 1.0692155196828095, 1.168725764270899, 1.155893536121673, 1.1578947368421053, 1.0, 1.2463768115942029, 1.1354515050167224, 1.1428571428571428, 1.006135687899811, 1.006963959398658, 1.0345443716497915, 1.0365628006809267, 1.0433720219914477, 1.0949086957674061, 1.0416666666666667, 1.0714285714285714, 1.2138084632516704, 1.1380897583429228, 1.1429980276134122, 1.0228628230616301, 1.0338134001252348, 1.0129105678295334, 1.0752879103038913, 1.0, 1.4823529411764707, 1.0068201193520887, 1.0480568324279147, 1.0919348871624122, 1.1343283582089552, 1.027051785169017, 1.0168067226890756, 1.0498668917602754, 1.16, 1.0363636363636364, 1.0014124618175972, 1.0, 1.8181818181818181, 1.037513083525225, 1.337116912599319, 1.0601173020527859, 1.4, 1.0405144694533761, 1.0113599160218467, 1.0061636804568743, 1.1798245614035088, 1.0897016970591336, 1.127388535031847, 1.046875, 1.0595238095238095, 1.0, 1.0738255033557047, 1.092887557167639, 1.7177700348432057, 1.1149425287356323, 1.0192782995551162, 1.0957683741648108, 1.0935848915202158, 1.0003329264232605, 1.015002922647269, 1.2054794520547945, 1.0829420970266042, 1.0334896182183524, 1.0181148295977893, 1.0293663060278206, 1.0, 1.0650103519668737, 1.0334823626730743, 1.006956419440824, 1.0720823798627002, 1.0627561759166944, 1.004694637117239, 1.0344827586206897, 1.0005029632920623, 1.0166470048499148, 1.188945290468133, 1.1098265895953756, 1.1427089815390998, 1.0046638165565487, 1.105511811023622, 1.0, 1.010633270321361, 1.081621259490844, 1.0114861697140178, 1.4664179104477613, 1.0909090909090908, 2.6666666666666665, 1.0659678866006577, 1.1454545454545455, 1.1080149280255909, 1.5, 1.5, 1.0810810810810811, 1.0126482213438734, 1.336734693877551, 1.1104972375690607, 1.1864831038798498, 1.0834782608695652, 1.019691780821918, 1.0109191241218716, 1.087719298245614, 1.0, 1.006435991887753, 1.081309180732812, 1.1050788091068302, 1.0261486979278391, 1.0362421902778483, 1.0221112098301846, 1.0906200317965025, 1.0243297008960794, 1.0657894736842106, 1.1137770897832817, 1.078543046357616, 1.8181818181818181, 1.0882063232750336, 1.070362473347548, 1.25, 1.1904761904761905, 1.16, 1.0555555555555556, 1.1037735849056605, 1.0239284032030147, 1.0112676056338028, 1.191044776119403, 1.0124423854487157, 1.0738738738738738, 1.0077520669959659, 1.005489756722151, 1.5, 1.0497635503819571, 1.2, 1.0049168709860594, 1.0518358531317495, 1.0168322742776748, 1.3, 2.0, 1.0, 1.619718309859155, 1.0125949078916605, 1.0, 1.1192660550458715, 1.027906976744186, 1.0380608974358974, 1.0016464496611106, 1.1886792452830188, 1.0188679245283019, 1.0085167346364787, 1.0468511288406044, 1.114548047780353, 1.0940170940170941, 1.0, 1.2374701670644392, 1.0, 1.1838006230529594, 1.06457399103139, 1.0376460406750325, 1.0085227272727273, 1.1132075471698113, 1.0205761316872428, 1.0665932856356632, 1.4285714285714286, 1.0167938812568775, 1.0622710622710623, 1.2105263157894737, 1.0442933074241298, 1.0952380952380953, 1.75, 1.0139930570436722, 2.0, 1.0205761316872428, 1.061046511627907, 1.018047579983593, 1.004160363086233, 1.2898172323759791, 1.10989010989011, 1.0091857303264384, 1.0126660337706808, 1.0265734265734265, 1.0107088680250913, 1.1004440361353545, 3.0, 1.2222222222222223, 1.029006125736323, 1.3333333333333333, 1.0492610837438423, 1.0, 1.0, 1.0454545454545454, 1.1514450867052024, 1.0853307766059443, 1.2647058823529411, 1.0865800865800865, 1.0, 1.0865512649800266, 1.0185340314136127, 1.5, 1.1506849315068493, 1.0, 1.008304866013816, 1.1125, 1.0415901338231435, 1.172811059907834, 1.0018181818181817, 1.086031452358927, 1.0185185185185186, 1.0280568301346058, 1.0021037868162692, 1.043941411451398, 1.0, 1.1428571428571428, 1.8333333333333333, 1.5, 1.1428571428571428, 1.0018570877779205, 1.25, 1.1014975041597337, 1.0198019801980198, 1.0257843162737503, 1.0036098250019618, 1.008307372793354, 1.0905044160015114, 1.0298685782556751, 1.25, 1.5, 1.0835214446952597, 1.0730593607305936, 1.0160805963434894, 1.2857142857142858, 3.142857142857143, 1.0489977728285078, 1.0366279069767441, 1.0077968435801077, 1.1574468085106382, 1.342769701606733, 1.0472779369627507, 1.509433962264151, 1.0808477237048666, 1.0730932203389831, 1.2307692307692308, 1.06006006006006, 1.0336134453781514, 1.048664568205192, 1.009192217402539, 1.0524619532285968, 1.131578947368421, 1.099009900990099, 1.0783132530120483, 1.0, 1.0832789190818224, 1.0140008094137898, 1.0177366802808498, 1.0082248566790268, 1.002008032128514, 1.008977236293684, 1.8333333333333333, 1.049089068825911, 1.2, 1.0751494449188728, 1.1111111111111112, 1.0365068728425582, 1.0231884057971015, 1.0160146173688736, 1.134387351778656, 1.155844155844156, 3.0, 1.1667805878332194, 1.011112644312589, 1.0217721169762737, 1.0, 1.26, 1.0326295585412668, 1.4597701149425288, 1.0953373380736382, 1.170316301703163, 1.05, 1.1509922346850734, 1.1018299950919672, 1.091112687096413, 1.0071529870590321, 1.068201754385965, 1.2388059701492538, 1.0113636363636365, 1.25, 1.0939086294416243, 1.3448275862068966, 1.0477489768076398, 1.064516129032258, 1.077380574428006, 1.3157894736842106, 1.1037672281776416, 1.0725885237138486, 1.1628407460545194, 1.0, 1.1067961165048543, 1.28, 1.0, 1.5054704595185995, 1.0, 1.0032467532467533, 1.0074077580290157, 1.203491271820449, 1.0, 2.0, 1.1774757281553399, 1.006311992786294, 1.3555555555555556, 1.0, 1.0202437495877037, 1.0251694094869312, 1.0869565217391304, 1.04045197740113, 1.0272727272727273, 1.0813648293963254, 1.1661290322580644, 1.01051745898191, 1.198209058033408, 1.0, 1.054054054054054, 1.0677633538305216, 1.0130785408322638, 1.0137184352769153, 1.0, 1.0180139608196352, 1.0201335762804968, 1.0282870612886328, 2.0, 1.115231259968102, 1.0450190668989219, 1.0672385081848745, 1.2077672447686865, 1.0149430917989524, 1.1678933097227602, 1.0798319327731092, 1.1639344262295082, 2.0, 1.0654297379709545, 1.48, 1.0, 1.269736842105263, 1.1304347826086956, 1.0489492758374974, 1.0217013888888888, 1.0799166618881053, 1.1010611419909044, 1.0165603785229376, 1.0588394427160828, 1.002648093314868, 1.1262135922330097, 4.0, 1.0521954147161205, 1.0044733631557543, 1.0072729969310805, 1.0149229032006852, 1.0892511743575573, 1.2722086389568052, 1.0885416666666667, 1.4285714285714286, 1.0108656863348304, 1.0099699551014438, 1.0103230934161398, 1.1330360460795244, 1.0651604621309372, 1.043298969072165, 1.0006408700296159, 1.0091693635382957, 1.0753424657534247, 2.0, 1.0833333333333333, 1.0138036809815951, 1.082375478927203, 1.0033670033670035, 1.0344827586206897, 1.1617312072892938, 1.1775147928994083, 1.0554699537750385, 1.1703296703296704, 1.008169352684534, 1.3780487804878048, 1.0231272154391493, 1.0, 1.1619365609348915, 1.5, 1.1063829787234043, 1.0307262569832403, 1.1901041666666667, 1.0197628458498025, 1.0798319327731092, 1.001222929331307, 1.0, 1.8085106382978724, 1.1666666666666667, 1.0, 1.0114942528735633, 1.0666666666666667, 1.296, 1.1444444444444444, 1.0270746555591157, 1.1037131882202305, 1.0270023044311924, 1.0109445868664957, 1.1043549712407559, 1.0147362502060167, 1.0755813953488371, 1.1206896551724137, 1.1330430575713595, 1.0990745781164943, 1.1979768786127167, 1.116566265060241, 1.0075508032230274, 1.0173356239262845, 1.0139152808431786, 2.0, 1.0654450261780104, 1.0258780036968578, 1.0482758620689656, 1.0, 1.186046511627907, 1.1538461538461537, 1.202127659574468, 1.5555555555555556, 1.5, 1.01917045697115, 1.031277767904745, 1.0010540883106134, 1.0308901338313103, 1.1027027027027028, 1.0388821385176186, 2.0, 1.1755725190839694, 1.177440311840182, 1.0089107451526886, 1.0061895551257254, 1.0660667501993393, 1.0084033613445378, 1.1031518624641834, 1.0147953592078909, 1.1456483126110124, 1.0092673267326733, 1.0075020237579773, 1.393939393939394, 1.1191536748329622, 1.0, 1.0113378684807257, 1.020689774877198, 3.0, 1.0585117227319063, 1.031866024440282, 1.2857142857142858, 1.1370525108544278, 1.6, 1.1875, 1.0161331444759207, 1.8461538461538463, 1.0425776198590817, 1.0106791969243913, 1.1875, 1.2083333333333333, 1.3108108108108107, 1.001916626736943, 1.0757539776775114, 1.0045087299906195, 1.0115445700481802, 1.0, 1.1816206821638062, 1.021341463414634, 2.0, 1.0628041608044838, 1.0018600224932952, 1.0775780510879849, 1.0057413295676871, 1.0302563843746846, 1.3950617283950617, 1.8571428571428572, 1.0635222518067706, 1.048182586644125, 1.0582865287699592, 1.0440293529019347, 1.0456863909076763, 1.0944923912049038, 1.1923076923076923, 1.0055803571428572, 1.1368821292775666, 1.0141420210516945, 1.068769716088328, 1.0147058823529411, 1.0519957983193278, 1.0243340141480903, 4.0, 1.0062395134228188, 1.028692673449563, 1.0124935511150588, 1.3571428571428572, 1.0629566757694295, 1.084, 1.0, 1.0273188405797102, 1.0134426229508198, 1.097005988023952, 1.1764705882352942, 1.6666666666666667, 1.0331363787176067, 1.5, 1.308868501529052, 1.1538461538461537, 1.12500872235015, 1.3333333333333333, 1.3465909090909092, 1.0953878406708595, 1.0, 1.1957671957671958, 1.0172987358616101, 2.0, 1.0, 1.08130081300813, 1.0469314079422383, 1.0966111771700358, 1.0159914712153517, 1.032258064516129, 1.0324483775811208, 1.089150378938971, 1.0493506493506493, 1.467065868263473, 1.303191489361702, 1.2692307692307692, 1.0, 1.0271629778672031, 1.240981240981241, 1.0297872340425531, 1.3684956755990358, 1.0071769491206621, 1.2413368242722933, 1.0080535508837987, 1.0507444545730782, 1.0770156438026475, 1.006563245823389, 1.1, 1.0, 1.0303030303030303, 1.0039007146231087, 1.133, 1.0065359477124183, 1.1277777777777778, 1.0652157311951127, 1.0496236800718939, 1.01019660256963, 1.0384615384615385, 1.1578947368421053, 1.0680977054034049, 1.1092258748674444, 1.0148857156175708, 1.0152163703455217, 1.1644736842105263, 1.1151801535735382, 1.021636235465454, 1.1887366818873668, 1.011328527291452, 1.3333333333333333, 1.026413345690454, 1.0301624129930393, 1.0192307692307692, 1.060693641618497, 1.0347890451517394, 1.0, 1.123076923076923, 1.060199235293109, 1.1666666666666667, 1.0325754586703493, 1.1970338983050848, 1.0232558139534884, 1.036552417644992, 1.0136986301369864, 1.12291834542036, 1.0086621751684313, 1.0500595947556615, 1.001437105500451, 1.1740041928721174, 1.0769230769230769, 1.0, 1.25, 1.0218723507327117, 1.8333333333333333, 1.127338165965428, 1.0520165849981153, 1.1315906070004431, 1.062909014143973, 1.0041677730152108, 1.0017178441056473, 1.0528301886792453, 1.028530670470756, 1.022584356728579, 1.055036344755971, 1.0039019245979435, 1.0329684000995272, 1.4285714285714286, 1.032258064516129, 1.3280632411067195, 1.0410291570438799, 1.0293159609120521, 1.0383099824868651, 1.1646017699115043, 1.0253411306042886, 1.0235905488260804, 1.0376044568245126, 1.0271052631578947, 1.25, 1.0275751300214153, 1.004447843834956, 1.1064108155255123, 1.0008428150021071, 1.03125, 1.056745182012848, 1.0945273631840795, 1.5625, 1.038655638886942, 1.3461538461538463, 1.001008064516129, 1.0087912087912088, 1.193526635198921, 1.0390132960111966, 1.0847058823529412, 1.2222222222222223, 1.0821256038647342, 1.0010845986984815, 1.0174272357792513, 1.004370935467734, 1.115409119868936, 1.023847004052651, 1.1538461538461537, 1.016038492381716, 1.0565531475748193, 1.1359435689093262, 1.0194075587334015, 1.1875, 1.012785388127854, 1.0009726803687726, 1.208955223880597, 1.0147256390124748, 1.0, 1.3333333333333333, 1.0111448985141784, 1.0182918249613058, 1.0212599042912058, 1.0591249043048112, 1.0654429369513168, 1.053864168618267, 1.006742171097377, 1.1014685361153564, 1.0074074074074073, 1.2486486486486486, 1.0007007708479327, 1.0061355715898492, 1.0119047619047619, 1.75, 1.0257060139771148, 1.002721088435374, 1.0121177149451817, 1.24822695035461, 1.0756698044895003, 1.0216165146477993, 1.0165761646184623, 1.0230179028132993, 1.2307692307692308, 1.0983827493261455, 1.0485651214128036, 1.09375, 1.5357142857142858, 1.0633366856632025, 1.028741328047572, 1.0874661857529306, 1.1714285714285715, 1.0387400942923062, 1.0572705117790415, 1.0122637035029474, 1.0244496297047783, 1.6666666666666667, 1.037037037037037, 1.3333333333333333, 1.0242597217267213, 1.5384615384615385, 1.3333333333333333, 1.5, 1.3130434782608695, 1.059782608695652, 1.0855978768736216, 1.0139678336132283, 1.25, 1.5441176470588236, 1.0, 1.0333333333333334, 1.3243243243243243, 1.4893617021276595, 1.0498442367601246, 1.0116673307983763, 1.0048731744238506, 1.0390625, 1.0181913925989756, 1.0011410840298283, 5.0, 1.0081827770405907, 1.0914285714285714, 1.0, 1.3333333333333333, 1.0798816568047338, 1.12794950871405, 1.0385151309442995, 1.0279503105590062, 1.0, 1.0278884462151394, 1.2269938650306749, 2.0, 1.5, 1.124753937007874, 1.0898036917667742, 1.217371463340432, 1.25, 1.0308361329490612, 1.067389620449264, 1.159334126040428, 1.1428571428571428, 1.13903743315508, 1.0059394558692043, 1.394736842105263, 1.1011477761836441, 1.047860017071089, 1.0988235294117648, 1.0534979423868314, 1.0383333333333333, 1.22801024765158, 1.1074380165289257, 1.2321428571428572, 1.035380943888167, 1.1797945205479452, 1.0810699998891882, 1.3801652892561984, 1.2142857142857142, 1.0895522388059702, 1.060846560846561, 1.036041539401344, 1.01777786807806, 1.0299291051925656, 1.0851528384279476, 3.0, 1.25, 1.0386773347498424, 1.1372031662269129, 1.2902159113013032, 1.0148400475778276, 1.0411440040140492, 1.0772948838733463, 1.1360544217687074, 1.125, 1.0226397295810077, 1.0136015286310123, 1.0824985268120213, 1.3467600700525395, 2.5, 1.0533333333333332, 1.0639788693642467, 1.0676224611708482, 1.0128932357913698, 1.0158975261625116, 1.1086647727272727, 2.0, 1.011820330969267, 1.0300803126171463, 1.0379255197623944, 1.1254752851711027, 1.006883850665141, 1.2975206611570247, 1.2565880721220528, 1.0944927536231883, 1.002893392147443, 1.042978181658545, 1.0956221198156681, 1.1434058898847632, 1.03125, 1.018028024606972, 1.011278543034113, 1.0541611624834875, 1.0412541819385925, 1.0570588235294118, 1.061847389558233, 1.2857142857142858, 1.0679405520169851, 2.5, 1.5, 1.3076923076923077, 1.0332480818414322, 1.1413902053712481, 1.084147201901296, 1.0243996477407653, 1.0415196743554953, 1.1075313807531382, 1.0869565217391304, 1.2244897959183674, 1.0205605469449117, 1.6, 1.25, 1.1863425925925926, 1.0, 1.0774748923959827, 1.1206896551724137, 1.0350608382154123, 1.0135284283650647, 1.25, 1.1313485113835378, 1.2887596899224807, 1.1256857855361595, 1.0005094477311218, 1.0593434343434343, 1.0488505747126438, 1.0173141306285782, 1.0271345675600996, 1.0747217806041336, 1.4791666666666667, 1.2486033519553073, 1.0, 1.0, 1.0007063409749293, 1.6666666666666667, 1.5714285714285714, 1.4594594594594594, 1.0627261761158022, 1.175, 1.0117779024116658, 1.0954018048990115, 1.1666666666666667, 1.2576039726877715, 1.022700119474313, 1.1345291479820627, 1.0, 1.25, 1.0188041887174868, 1.0199556541019956, 1.0819327731092436, 1.0375604313871327, 1.021282284899382, 1.2083378451543043, 1.070275403608737, 1.0, 1.0565911224352957, 1.019600809517181, 1.0468974175035868, 1.2695652173913043, 1.0515642270171561]
origin-bjaq_15.87 	max: 5.0000	99th: 2.6667	95th: 1.5559	median: 1.0594	mean: 1.1506

...Done, result: results.csv

WORKLOAD-FINISHED | Type: QueryWorkload | Progress: 1/3 | Workload-time: 20.389338 | Model-update-time: 0.000000


WORKLOAD-START | Type: DataUpdateWorkload | Progress: 2/3
Going to run: ['python', '/home/kangping/code_copy/SAUCE/Naru/eval_model.py', '--model=naru', '--data_update=valueskew', '--dataset=bjaq', '--drift_test=js', '--end2end', '--update_size=80000', '--query_seed=0', '--eval_type=drift']
Torch device: cuda:1
GET-MODEL-PATH=./models/end2end/naru/origin-bjaq-3.5MB-model34.414-data18.543-200epochs-seed0.pt
GET-DATASET-PATH=./data/bjaq/end2end/bjaq.npy
ValueSample - START
ValueSample - END
load_npy_dataset_from_path - df.shape = (458601, 5)
Parsing... done, took 0.0s
Data updated!
Previous data size: (382168, 5), new data size: (76433, 5)
[2.9802322e-07 1.7881393e-07 5.9604645e-08 1.3952315e-02 1.3113022e-06]
Distance score: 0.0027908324263989925
SAUCE Drift detection: True
Detection latency: 0.0235s

DRIFT-DETECTED after 2-th workload
Going to run: ['python', '/home/kangping/code_copy/SAUCE/Naru/incremental_train.py', '--dataset=bjaq', '--end2end', '--model=naru', '--model_update=adapt', '--update_size=80000', '--epochs=0']
Torch device: cuda:1
GET-MODEL-PATH=./models/end2end/naru/origin-bjaq-3.5MB-model34.414-data18.543-200epochs-seed0.pt
update_size: 76433
AdaptTask - START
GET-DATASET-PATH=./data/bjaq/end2end/bjaq.npy
load_npy_dataset_from_path - df.shape = (458601, 5)
Parsing... done, took 0.0s
done, took 0.0s
dataset size: 458601
train data shape: torch.Size([76433, 5]), transfer data shape:torch.Size([15286, 5])
Training done; evaluating likelihood on full data:
Epoch None Iter 0, test loss 24.8879 nats / 35.9057 bits
Saved to: /home/kangping/code_copy/SAUCE/models/end2end/naru/origin-bjaq-3.5MB-model34.414-data18.543-200epochs-seed0.pt
AdaptTask - END

WORKLOAD-FINISHED | Type: DataUpdateWorkload | Progress: 2/3 | Workload-time: 2.090767 | Model-update-time: 3.271573


WORKLOAD-START | Type: QueryWorkload | Progress: 3/3
Going to run: ['python', '/home/kangping/code_copy/SAUCE/Naru/eval_model.py', '--dataset=bjaq', '--model=naru', '--end2end', '--query_seed=0', '--eval_type=estimate', '--num_workload=3', '--data_update=valueskew', '--model_update=adapt', '--random_seed=42']
Torch device: cuda:1
GET-MODEL-PATH=./models/end2end/naru/origin-bjaq-3.5MB-model34.414-data18.543-200epochs-seed0.pt
ckpts [PosixPath('/home/kangping/code_copy/SAUCE/models/end2end/naru/origin-bjaq-3.5MB-model34.414-data18.543-200epochs-seed0.pt')]
Validate Argument: DATASET="bjaq" is valid.
data size: 458601, total size: 458601, split index: [382167 458601]
Parsing... done, took 0.0s
Loading ckpt: /home/kangping/code_copy/SAUCE/models/end2end/naru/origin-bjaq-3.5MB-model34.414-data18.543-200epochs-seed0.pt
query_seed:0
origin-bjaq_15.87 	max: 357.8182	99th: 15.9413	95th: 2.5970	median: 1.1247	mean: 1.9471
ReportEsts: [1.005464480874317, 1.0409395973154363, 1.1761642289831171, 1.053484602917342, 1.0, 1.0, 4.072457131226785, 1.1544652887856077, 1.0, 1.070252469813392, 1.0328168607448753, 1.002716056517091, 1.2045359092818144, 1.2465116279069768, 1.0288966725043782, 1.4583333333333333, 1.0634920634920635, 1.7560975609756098, 1.4, 1.1142857142857143, 1.0591309694609552, 1.0219359511614672, 3.107142857142857, 1.146780303030303, 1.1811108799667152, 1.0194225511845214, 2.0, 1.2378784115682866, 1.3333333333333333, 1.6, 3.856190634894184, 2.0, 1.004882172672514, 1.0072031113759041, 1.5388457269700333, 1.0347090748453869, 1.0261720904578047, 1.1443850267379678, 2.0, 1.0068420985496893, 1.0617393885425943, 4.6895015651336385, 1.0176600441501105, 39.666666666666664, 1.236180904522613, 1.0596974699322845, 1.0909090909090908, 1.2413793103448276, 1.3872832369942196, 1.0120772946859904, 18.951219512195124, 1.2526690391459074, 1.1793721973094171, 1.0689655172413792, 1.2519650155772144, 1.8469545417581523, 1.008079119654548, 1.014344262295082, 1.1204819277108433, 1.0039683918027094, 1.064516129032258, 1.3434956220039211, 1.0912921348314606, 1.0515873015873016, 1.367816091954023, 1.3333333333333333, 1.1481417409105326, 1.101985559566787, 1.0, 1.0, 1.106467148262814, 1.0, 1.0723938223938223, 1.322072072072072, 1.8056443705503689, 1.1802158273381296, 1.0776586496667633, 1.2546296296296295, 1.1134751773049645, 1.1663395431967456, 1.1868945868945868, 30.333333333333332, 1.0, 1.0666666666666667, 1.0572792362768497, 1.2549019607843137, 1.2041220768925882, 1.6666666666666667, 1.0, 1.028482028241335, 1.0822722820763957, 1.0356148645663028, 1.2922534291312868, 1.0848349188584219, 1.1962616822429906, 1.5806451612903225, 1.4054054054054055, 1.4254658385093169, 1.5, 1.1409501374165685, 1.1714285714285715, 1.6666666666666667, 1.0597926392356964, 1.1160904822876654, 1.1895368782161235, 1.1979604079184163, 1.1162790697674418, 1.0038160546496715, 1.0716750730023892, 1.027783473446791, 1.0727590221187426, 1.0277705003929787, 1.25, 2.6666666666666665, 1.1287845546292234, 1.0040798696494477, 1.0954003407155026, 1.1222222222222222, 1.0059053365646173, 2.0, 1.9093167701863354, 1.3779904306220097, 1.0, 1.2045454545454546, 1.0, 1.0020833333333334, 1.208809827842961, 1.1297774317046265, 1.1428571428571428, 1.8, 1.2250692520775623, 1.0, 3.6666666666666665, 1.0062221396731055, 1.3076923076923077, 1.1236943375481034, 1.114700123603986, 1.5873835905105023, 1.5714285714285714, 1.2, 1.0020449897750512, 1.098047914818101, 1.0599250936329587, 1.0092385068971959, 1.175, 1.3199794555726758, 1.003662593726791, 2.0, 1.0169165705497885, 1.1272015655577299, 1.2636476426799008, 1.0283573317660888, 1.0, 1.0210092687950567, 1.0037313432835822, 1.0385906040268456, 1.1204188481675392, 1.0, 1.3918022905364678, 1.0159195736868032, 1.2335647939399406, 1.268060836501901, 1.4046052631578947, 1.183673469387755, 1.18125, 1.0883652430044182, 1.4285714285714286, 1.0090068040530618, 1.0769230769230769, 1.006031363088058, 1.0136663859663362, 3.127385723018407, 1.7533984618582414, 1.24, 1.1072056239015817, 1.3899486782221362, 15.930232558139535, 1.407114624505929, 1.0107084019769357, 1.046001604707141, 2.1269931958655794, 1.0850737362543688, 1.1940298507462686, 1.0980392156862746, 1.026562644261841, 1.555589342050249, 1.0815450643776825, 1.0083100379809604, 1.73109243697479, 2.0, 1.093198992443325, 1.2258053449517994, 1.5806451612903225, 1.029595015576324, 1.0006246379203765, 1.0030334656613638, 1.01180866417162, 1.1511216056670601, 1.025249475947873, 1.0209385593508775, 1.063334769495907, 1.0714411479883792, 1.0947805764736431, 1.0125781933140512, 1.1843342036553526, 1.198580317237753, 1.1778846153846154, 1.15625, 1.0404040404040404, 1.0, 1.0706521739130435, 1.017171109774838, 1.9059233449477353, 1.3563218390804597, 1.0223232740801984, 1.2666666666666666, 1.0051447524217727, 1.071593533487298, 1.1321242283581376, 1.75, 1.0682110682110681, 1.1487362281270252, 1.1900597392153485, 1.0459377031148442, 2.0, 2.5707656612529, 1.0704521902192687, 1.0436515748031496, 1.0420168067226891, 1.0318725099601593, 1.0180281690140844, 1.0508268560278924, 1.0683760683760684, 1.001052276245795, 1.0805737872561962, 1.100371747211896, 1.0546249089584852, 1.0839328537170263, 2.0, 1.1196581196581197, 1.0, 1.013621794871795, 1.0413326537231824, 1.0526627218934912, 1.51840490797546, 1.0833333333333333, 2.5, 1.246812402173722, 2.9054054054054053, 2.2084149326805385, 1.5, 1.0865622423742787, 1.1761229314420805, 1.4285714285714286, 1.0397652988895014, 1.3812154696132597, 1.1574167507568114, 1.2054794520547945, 1.0010593220338984, 1.009277667329357, 1.2982456140350878, 2.0, 1.1749018156395863, 1.3751886921915741, 1.120991253644315, 1.1094403968376996, 1.0034637242294768, 1.348134112023983, 1.3187599364069953, 1.0339092429086856, 1.2727272727272727, 2.5957589585290566, 1.1663468457663708, 1.6428571428571428, 1.0564433866031961, 1.1666666666666667, 1.4772727272727273, 1.0714285714285714, 2.442684695644037, 1.1, 1.0000085713306133, 1.0299590034689372, 1.17016317016317, 1.0050377833753148, 1.0001648740653095, 1.022906227630637, 1.072526861800667, 1.0032550384545644, 4.823529411764706, 1.2638888888888888, 1.0359975594874924, 1.0117823273797601, 1.5952884115711068, 1.0037834545519688, 1.1559978483055406, 1.2229639519359146, 1.0116942384483743, 1.1784291307209922, 1.1758627412751024, 1.817259889806382, 1.0194085027726432, 1.8823529411764706, 1.1538461538461537, 1.0797358247422681, 1.2, 1.0655430711610487, 1.0070397351670022, 1.0124225606608157, 1.3548387096774193, 1.1984126984126984, 1.6216216216216217, 1.1765439800374298, 1.0056020570705835, 1.15, 1.1603813262301976, 1.0565299096971612, 1.0094562647754137, 1.6, 6.5, 1.1460268317853457, 1.7142857142857142, 1.0215866936337492, 1.283882783882784, 1.263157894736842, 1.1284342162872154, 1.2727272727272727, 1.5555555555555556, 1.0315561697639744, 2.0, 1.0662921348314607, 1.2921511627906976, 3.5447033215091905, 32.51937984496124, 1.0991379310344827, 1.1636363636363636, 1.1968911917098446, 1.2035247437988363, 15.0, 1.1516624984625476, 2.4223929611500092, 3.0, 1.3333333333333333, 1.0168926126335796, 1.0, 1.0560619872379216, 1.1764705882352942, 1.2, 1.2272727272727273, 1.197211155378486, 1.112190812720848, 1.3412698412698412, 1.0300945829750645, 1.4393939393939394, 2.5, 1.0459958960235058, 1.9285714285714286, 1.2280701754385965, 1.1482989206945096, 1.1253822629969419, 1.0765511684125706, 1.1991150442477876, 2.25, 1.0, 1.1243016759776536, 1.1265060240963856, 1.1099116781157998, 1.0092260969735052, 1.2997772828507794, 1.0356234096692112, 1.0, 1.004809786819722, 1.0681818181818181, 1.3448275862068966, 1.5, 1.709654297844186, 1.4285714285714286, 1.3051282051282052, 1.2871287128712872, 1.0549568244193053, 1.2089338809106525, 1.0154586052902783, 1.08288080741594, 1.0450601735236495, 2.823529411764706, 1.129973474801061, 1.0095786165903153, 1.9590973201692525, 1.0833333333333333, 1.0203932256930566, 1.0290786072677514, 3.6301562578505755, 1.28, 1.0434782608695652, 1.0070546737213404, 2.0, 1.7777777777777777, 1.0579710144927537, 1.0850661625708884, 1.348993288590604, 1.174496644295302, 1.2483463619963922, 1.2024736601007788, 1.0765893227692889, 1.3383699633699633, 1.0239805215686875, 1.064516129032258, 1.0916030534351144, 1.0614250614250613, 1.0, 1.4671782467261656, 1.1166666666666667, 1.004584732651598, 1.031749734795297, 1.003352758042628, 1.0227088402270883, 1.5714285714285714, 1.0304674457429048, 1.1666666666666667, 1.6566361100039857, 1.1818181818181819, 1.073332121432467, 1.026252983293556, 1.0024599202646536, 1.1721854304635762, 1.07223113964687, 3.0, 1.3522106308991555, 1.0100705113856048, 1.0038901557978652, 1.0, 1.0476190476190477, 1.0531829170024174, 1.338862559241706, 2.032337626747054, 1.0124923560758277, 1.0384615384615385, 1.1594202898550725, 1.2914670343796013, 1.0651900795681912, 1.057198332680181, 1.0941885677523886, 2.6212434150982804, 2.743362831858407, 1.0043010752688173, 1.0153792913922788, 1.4651162790697674, 1.0381471389645776, 1.0, 1.3333333333333333, 1.0885350318471338, 1.8032128514056225, 1.4133170929760455, 1.118733781298871, 1.05305367057372, 1.0, 1.072, 1.56, 1.0153294733939895, 1.0909090909090908, 1.0, 2.8082090775028674, 1.3333333333333333, 2.0, 1.3410430839002268, 1.75, 1.4011650485436893, 1.0082582582582582, 1.393822393822394, 1.2222222222222223, 1.0189567604667125, 1.018095987411487, 1.037037037037037, 1.0311074764885353, 1.088, 1.230971128608924, 1.1393775372124493, 1.2065628944047118, 1.3469376040410999, 1.0, 1.0217391304347827, 1.0728054361392316, 2.557108506161707, 1.1191553544494721, 1.0, 1.0202550637659416, 1.0172572691861128, 1.0265795206971677, 2.0, 1.0914172969417955, 1.0941186845921687, 1.0502344273275284, 1.4173255864750338, 1.0263188254777544, 1.0012887591562483, 1.1991596638655462, 1.0381399394033928, 1.75, 1.147556553272319, 1.0577716643741404, 1.0445952496364517, 1.03601108033241, 1.051948051948052, 1.0403681797804805, 1.1647058823529413, 1.2571343922625533, 1.3378995433789955, 1.4231589873709705, 1.1046728971962616, 1.1873767258382644, 1.3901998011029744, 1.0843373493975903, 1.0384615384615385, 1.0327100435796088, 1.344387755102041, 1.0497951727192205, 1.0262897778110902, 1.0, 1.07701062215478, 1.2303370786516854, 1.6666666666666667, 1.4166666666666667, 1.0067186562687462, 1.0344827586206897, 1.0930339138405132, 1.0, 1.0537190082644627, 1.0411639460610362, 1.1583850931677018, 1.1551839464882943, 1.1570773735608395, 1.1563160118293199, 1.6899381756390326, 1.0887671232876712, 1.6800207007823678, 2.806201550387597, 1.0347887356660033, 1.1554227156276686, 1.1055045871559632, 2.2048992507456173, 1.0909090909090908, 1.0034604746896507, 1.0, 1.0220369267421083, 1.481967213114754, 1.117496211679683, 1.047008547008547, 1.1575492341356675, 1.0239316239316238, 1.025, 1.0924181868544973, 1.0, 1.205128205128205, 2.1666666666666665, 1.3333333333333333, 1.0485436893203883, 1.174346201743462, 1.35, 3.2711111111111113, 1.0328770799785292, 24.022727272727273, 1.022987666934248, 1.3020406490739223, 1.007547767050695, 1.9810787208383582, 1.0376543354811443, 1.0970414201183432, 1.0711297071129706, 1.0014930097284513, 1.0882642998027614, 1.0054945054945055, 1.1191646191646192, 1.7597402597402598, 1.028992751812047, 1.2172330097087378, 1.0127896089407733, 1.0365296803652968, 1.0166861826697893, 1.0012364760432766, 2.5, 1.0527549824150058, 1.2, 1.0, 1.138728323699422, 1.0093581489835244, 1.021965317919075, 1.072139303482587, 1.1753246753246753, 1.0901748881529254, 2.8226382686362075, 1.203056768558952, 1.0, 3.5, 1.0359561431796194, 1.4756756756756757, 1.2918418839360808, 1.0054412112609417, 1.0, 1.235207100591716, 1.103896103896104, 1.0158243840808592, 1.1723122238586157, 1.0214297062644275, 1.0074577270171197, 1.015963805126547, 1.0266666666666666, 2.0, 1.0811522224981376, 1.0, 1.0932835820895523, 1.1983122362869199, 1.0880551301684533, 1.690106849557001, 1.1379310344827587, 1.0265438786565546, 1.0827067669172932, 1.226063829787234, 2.050431499460626, 1.0892857142857142, 1.0616605616605617, 3.1622785553489283, 1.2375809935205184, 1.0055446836268753, 1.2, 1.08118754405606, 2.1114096884305322, 1.368421052631579, 1.0075497597803706, 1.0595768825484315, 2.0746162084969653, 1.050764719151816, 1.1818181818181819, 1.1914893617021276, 1.034725050916497, 1.01187648456057, 1.086092715231788, 1.0021316614420062, 1.0761904761904761, 1.7777777777777777, 1.0126702565726955, 1.039832285115304, 1.009665185520618, 1.272515010006671, 1.0535953978907, 1.0116470588235293, 1.2203389830508475, 1.1830357142857142, 1.0367892976588629, 1.0029566603640678, 1.2851735015772872, 1.0243328100470959, 1.0994741454864154, 1.031251339037036, 3.625, 1.062166350955743, 1.1428571428571428, 1.6, 1.2303120356612185, 1.019503219871205, 1.2641016062756818, 1.2385057471264367, 1.4444444444444444, 1.0496062992125985, 1.0367549668874172, 1.7916666666666667, 1.1886272153305402, 2.6666666666666665, 1.0459798850022115, 1.0, 4.58994708994709, 1.3076923076923077, 1.2764984997557742, 1.2727272727272727, 1.1074766355140186, 1.3605870020964361, 1.0, 1.0467819016881827, 1.0116214720531267, 2.25, 1.25, 1.0933333333333333, 1.0981012658227849, 1.3228299643281807, 1.1962224554039873, 1.03956343792633, 3.9711931155192532, 1.0906344410876132, 1.369058606368251, 8.848167539267015, 1.1462450592885376, 1.7307692307692308, 1.5, 1.0657065706570656, 1.243682310469314, 1.0051724137931035, 1.138567901234568, 1.116336112566278, 3.353056377349056, 1.2188509767883082, 1.0351140737958877, 1.05994005994006, 1.0019685039370079, 1.1818181818181819, 1.0, 1.1764705882352942, 1.0286228083320845, 1.150337837837838, 1.016260162601626, 2.21760391198044, 1.0592121212121213, 1.0225421968029849, 1.01259600693462, 1.01, 1.0869565217391304, 1.2035623409669212, 1.1161315237779985, 1.356554672860197, 1.0508622018631488, 1.2119565217391304, 1.005811884711185, 1.0101896405321256, 1.015804747204976, 1.0160796324655437, 1.1639910949961016, 2.143344709897611, 1.163882618510158, 1.0838264299802762, 1.0075580828018131, 2.8815789473684212, 1.0145605824232968, 1.0, 1.1311827956989247, 1.2066123950328624, 1.1746031746031746, 1.1458298505799283, 1.159330985915493, 1.0377358490566038, 1.0676193936457954, 1.1165693517635844, 1.3689564867042707, 1.1984732824427482, 1.1532349602724177, 1.0063191524348705, 1.1522491349480968, 1.2142857142857142, 1.0, 1.1, 1.084487894600052, 1.0833333333333333, 1.5517605633802818, 1.0546429693460797, 1.3695170580416482, 1.0459610027855153, 1.0880968086800265, 1.117921146953405, 1.0626959247648904, 1.001140250855188, 1.0033304667344227, 1.0309263811097231, 1.0038711842467969, 1.2602372636396484, 1.3333333333333333, 1.2060185185185186, 1.3443708609271523, 1.197996464348851, 1.0408719346049047, 1.0022996638952768, 1.1722054380664653, 1.2085769980506822, 1.0417714924652486, 1.0397196261682242, 1.1842583732057417, 2.0625, 1.2162473819217283, 1.0198338864718932, 1.1519083969465649, 1.0073761854583771, 1.6511627906976745, 2.132668050082772, 7.22065981611682, 2.1722050316157677, 1.0793650793650793, 1.004880738190115, 1.4054054054054055, 1.1835523526918186, 1.417989417989418, 1.0929368029739777, 1.131396083385976, 1.0658362989323844, 1.1520522388059702, 1.3193746510329425, 1.2393873352559346, 1.0412667946257197, 2.5210275386038568, 1.1768568437395397, 1.2307692307692308, 1.064788732394366, 1.0179670603892863, 357.8181818181818, 1.073220686123912, 1.5409319899244331, 1.1727272727272726, 1.0751295336787565, 1.0153256704980842, 1.0019653151071437, 1.2272727272727273, 1.0413467217956291, 1.0117078304337817, 1.046613712374582, 1.4830246913580247, 2.169628274002794, 1.1638773051617088, 1.2968874700718276, 1.1315240083507307, 1.002271754518816, 2.152122411438446, 1.181985294117647, 1.5837837837837838, 1.0318102949681898, 1.037467898544052, 1.10752688172043, 2.25, 1.043548271022993, 1.0071166928309785, 1.1995438996579249, 3.341317365269461, 1.0582822085889572, 1.0264176752207916, 1.0207439198855508, 1.1721649484536083, 1.3846153846153846, 1.3315363881401616, 1.3518518518518519, 1.334375, 1.34375, 1.2861660520728573, 1.0422764227642276, 1.0276752767527675, 1.2439024390243902, 17.039024390243902, 1.150080688542227, 1.0520833333333333, 2.3031026252983295, 1.0189486552567237, 1.0338164251207729, 1.0416464891041162, 1.6, 1.2193319171666728, 1.1491769547325104, 4.99541884816754, 1.1339285714285714, 2.0, 1.1167439165701043, 1.1017480524415733, 1.1407273160213247, 1.5223140495867769, 1.3295454545454546, 1.1875, 1.0571428571428572, 1.3372093023255813, 1.1864406779661016, 1.1874298540965207, 1.216725312873574, 1.0041373616482405, 1.1118012422360248, 1.257613371357447, 1.0004709255562547, 6.0, 1.007894270001774, 6.444964349376114, 1.3333333333333333, 1.2857142857142858, 1.2562130177514792, 1.1203421257252228, 1.0454910117367404, 1.263975155279503, 1.0, 1.1962962962962962, 1.1873479318734794, 32.8421052631579, 1.018791648422833, 1.0620563473284543, 1.0078750852999485, 4.611509930605408, 1.4, 1.0072756759158465, 1.0733590733590734, 1.065359477124183, 1.135064935064935, 1.0931315483119908, 1.0, 1.0869565217391304, 1.070096869980042, 1.1584724888966467, 1.1913214990138068, 1.0099667774086378, 1.0015602771786518, 1.4363791631084544, 1.3801652892561984, 1.3333333333333333, 1.0615032347168714, 1.14954257565095, 1.0035864402597745, 1.02020202020202, 1.0952380952380953, 1.0436590436590436, 1.5, 1.0565982404692082, 1.0228426395939085, 1.0088907800147806, 1.0681399631675874, 2.0, 5.910112359550562, 1.0005622715771718, 1.1525915186661835, 1.6607663878622836, 2.288772061584679, 1.0065151095092875, 2.0420593613729077, 1.028735632183908, 1.0714285714285714, 1.0126044845429216, 1.0082459806241042, 1.3011196228638775, 1.4087591240875912, 3.5, 1.2, 1.0489876473594248, 1.51473136915078, 1.1019773529450356, 1.1049708781510106, 1.3501420454545454, 1.3333333333333333, 1.0323559150657229, 1.0471462584706144, 1.0330861380490588, 1.1634980988593155, 1.2054903924092881, 1.21656050955414, 1.2584009269988412, 1.097737120847376, 1.0044406319337513, 1.0003519346809233, 1.294930875576037, 1.3623559539052497, 1.0263157894736843, 1.085348506401138, 1.037878294825903, 1.4564085763168433, 1.0342011834319527, 1.1469115191986645, 1.1255673222390317, 1.036144578313253, 1.0522522522522522, 2.5, 1.5, 1.1333333333333333, 1.0663716814159292, 1.3404423380726698, 1.84117856295945, 1.031671826283493, 1.0355178735105408, 1.2066945606694561, 1.132701421800948, 26.216216216216218, 1.168066106890577, 1.3333333333333333, 1.5833333333333333, 1.2432360032145728, 1.125, 1.1981382978723405, 1.1128309572301425, 1.0190957808136463, 1.2213890376718444, 1.25, 1.0013007284079085, 29.9760348583878, 1.2995989243881318, 1.0003097751262047, 1.0748847926267282, 1.140068493150685, 1.0426059247019945, 1.620847095395376, 1.148936170212766, 1.4761904761904763, 1.5125698324022345, 1.6666666666666667, 1.5, 1.0012001222484774, 1.5, 1.8571428571428572, 1.5952380952380953, 1.077856420626896, 1.0460054823475016, 1.7353084021369596, 1.2175925925925926, 1.1666666666666667, 1.0105224293889608, 1.0064967516241878, 1.171875, 1.1322115384615385]
origin-bjaq_15.87 	max: 357.8182	99th: 15.9413	95th: 2.5970	median: 1.1247	mean: 1.9471

...Done, result: results.csv

WORKLOAD-FINISHED | Type: QueryWorkload | Progress: 3/3 | Workload-time: 19.794494 | Model-update-time: 0.000000


Experiment Summary: #data-update-times=1, #drift=1 | total-time=45.579431