Input arguments = Namespace(data_update='valueskew', update_size=80000, dataset='bjaq', debug=False, drift_test='js', model_update='adapt', model='naru', end2end=False, query_seed=0, random_seed=42, num_workload=3)
JSON-passed parameters = {'data_updater': {'skew_ratio': '1e-3'}, 'random_seed': 97, 'naru': {'epochs': 0}}
MODEL-PATH=/home/kangping/code_copy/SAUCE/models/end2end/naru/origin-bjaq-3.5MB-model34.414-data18.543-200epochs-seed0.pt
DATASET-PATH=/home/kangping/code_copy/SAUCE/data/bjaq/end2end/bjaq.npy
Workloads: ['QueryWorkload', 'DataUpdateWorkload', 'QueryWorkload']

WORKLOAD-START | Type: QueryWorkload | Progress: 1/3
Going to run: ['python', '/home/kangping/code_copy/SAUCE/Naru/eval_model.py', '--dataset=bjaq', '--model=naru', '--query_seed=0', '--end2end', '--eval_type=first_estimate', '--num_workload=3', '--data_update=valueskew', '--model_update=adapt', '--random_seed=42']
Torch device: cuda:1
GET-MODEL-PATH=./models/end2end/naru/origin-bjaq-3.5MB-model34.414-data18.543-200epochs-seed0.pt
ckpts [PosixPath('/home/kangping/code_copy/SAUCE/models/end2end/naru/origin-bjaq-3.5MB-model34.414-data18.543-200epochs-seed0.pt')]
Validate Argument: DATASET="bjaq" is valid.
load_npy_dataset_from_path - df.shape = (382168, 5)
Parsing... done, took 0.0s
Loading ckpt: /home/kangping/code_copy/SAUCE/models/end2end/naru/origin-bjaq-3.5MB-model34.414-data18.543-200epochs-seed0.pt
query_seed:0
origin-bjaq_15.87 	max: 5.0000	99th: 2.5017	95th: 1.5728	median: 1.0550	mean: 1.1496
ReportEsts: [1.1842105263157894, 1.0319806503628057, 1.0491780884294886, 1.0077519379844961, 1.0344827586206897, 1.0, 1.2011604221961607, 1.0125142052528875, 1.25, 1.0263504611330698, 1.022797448994315, 1.0020143997088868, 1.0744584837545126, 1.0325581395348837, 1.0173083716001412, 1.0, 1.3636363636363635, 1.0116896918172158, 3.0, 2.6666666666666665, 1.35, 1.050291136510675, 1.0250225373388884, 1.0551425030978934, 1.0069547938400398, 1.0, 1.037172554479811, 1.2, 1.4, 1.1798561151079137, 1.0, 1.001388694838543, 1.006683357118252, 1.2869034406215316, 1.0212953443971216, 1.0340870624873062, 1.0303030303030303, 1.006687225311415, 1.0403953440319582, 1.2738095238095237, 1.0773480662983426, 1.1341463414634145, 1.0, 1.1376196210152734, 1.0252969304334414, 1.2148760330578512, 1.087378640776699, 1.2145922746781115, 1.0476166136362668, 1.0188679245283019, 1.035087085350871, 1.062043795620438, 1.0067196217101853, 1.0, 1.309090909090909, 1.0338988356078629, 1.053090909090909, 1.0526315789473684, 1.2484472049689441, 1.25, 1.0030443475099964, 1.0305105853051058, 1.0227272727272727, 1.160919540229885, 1.0, 1.1012079886469834, 1.0734790624176982, 1.1666666666666667, 1.0, 1.037728547934604, 1.0286396181384247, 1.0547866205305652, 1.09009009009009, 1.1099473958580162, 1.2141176470588235, 1.134453781512605, 1.0, 1.0435729847494553, 2.0, 1.0541909380470027, 1.09375, 1.050126576729608, 1.2883435582822085, 1.0080275229357798, 1.080593849416755, 1.04, 1.0027763725277636, 1.0381307095975834, 1.2107843137254901, 2.3333333333333335, 1.1414038657171923, 1.000329390451206, 1.0186915887850467, 1.3646563814866761, 1.198030634573304, 1.0906515580736544, 1.2735849056603774, 1.0060085836909871, 1.0, 1.0140246109301483, 1.2129589632829374, 1.0130321459600347, 1.0099789728785773, 1.1176470588235294, 1.002359906106532, 1.128520071899341, 1.049315186493238, 1.1581342434584756, 1.0228911884603324, 1.1666666666666667, 1.3333333333333333, 1.162727519695735, 1.0038327490520333, 1.0724932249322494, 1.0389610389610389, 1.0050116086432435, 1.0, 1.1547705753823743, 1.1559808612440192, 1.0, 1.2967032967032968, 1.4, 1.100250626566416, 1.0198297176935838, 1.1828065543216588, 1.0467289719626167, 1.8, 1.2160596026490067, 1.0, 1.037037037037037, 1.0057968940098763, 1.1818181818181819, 1.0044139283962727, 1.014118208595276, 1.0371633971000365, 1.1721439749608764, 1.067251461988304, 1.0043052837573385, 1.00199203187251, 1.0505761843790014, 1.017273910214704, 1.154320987654321, 1.0437051532941943, 1.0175471184089953, 2.0, 1.0110599078341014, 1.0479041916167664, 1.0415632754342432, 1.019057702488089, 1.0, 1.0724675324675326, 1.0577777777777777, 1.03, 1.4476190476190476, 1.094890510948905, 1.0305767894371092, 1.0903997227356748, 1.0664622598971953, 1.11787072243346, 1.1348684210526316, 1.0208333333333333, 1.1884057971014492, 1.1076672104404568, 1.2857142857142858, 1.0083023706225198, 1.0085094053328656, 1.005790387955993, 1.0479646812331638, 1.0519242516799023, 1.0504094776178738, 1.0, 1.1407563025210083, 1.2172944708046867, 1.1594372801875732, 1.144126357354393, 1.058641975308642, 1.0373861137291862, 1.0122811095614443, 1.0920566766852726, 1.0, 1.3695652173913044, 1.0317414094350612, 1.0476190476190477, 1.0519792822789493, 1.2666666666666666, 1.0306707530846047, 1.0369017874303286, 1.0067311646429886, 1.0943396226415094, 1.0541447053186392, 1.0205607476635514, 1.0, 1.8181818181818181, 1.102504782666726, 1.3200908059023837, 1.097672064777328, 1.4583333333333333, 1.0321543408360128, 1.0138477111454807, 1.0162634218786302, 1.1798245614035088, 1.0750500685148097, 1.0172413793103448, 1.03125, 1.0120481927710843, 1.0, 1.0738255033557047, 1.0350891026651947, 1.5993031358885017, 1.103448275862069, 1.0163124073158676, 1.0957683741648108, 1.100782649693541, 1.0464825944313794, 1.013703968305514, 1.1139240506329113, 1.0581039755351682, 1.025249169435216, 1.0188408294560285, 1.0468431283146553, 1.0, 1.1014492753623188, 1.0192228152758356, 1.0171573104321525, 1.0751577739529548, 1.0182561163296715, 1.0127727964811368, 1.0344827586206897, 1.001128873166629, 1.0934724376145495, 1.1861252115059222, 1.037837837837838, 1.0634723086496578, 1.0127659574468084, 1.1094488188976377, 1.0, 1.0233931947069943, 1.019372487717731, 1.0135958743553681, 1.4962686567164178, 1.0909090909090908, 2.6666666666666665, 1.0934383848331897, 1.1636363636363636, 1.0913355504988622, 1.5, 1.5, 1.2121212121212122, 1.0382513661202186, 1.2959183673469388, 1.0994475138121547, 1.151883353584447, 1.0853658536585367, 1.0110356536502547, 1.0294316913757373, 1.087719298245614, 1.0, 1.0121111179651676, 1.1217922327432415, 1.0893169877408055, 1.0157769567248482, 1.0614872758673237, 1.04017605814013, 1.1120826709062004, 1.0318821189021707, 1.0598086124401913, 1.0700475907198097, 1.2226726726726727, 1.6363636363636365, 1.0704040937920432, 1.0021321961620469, 1.25, 1.1904761904761905, 1.1974545454545455, 1.0555555555555556, 1.1470588235294117, 1.0602382073884664, 1.15041782729805, 1.2276923076923076, 1.0159574153482183, 1.1098696461824953, 1.008312546416713, 1.0000636750027858, 1.5, 1.1462349945434704, 1.2, 1.008362024407124, 1.0539956803455723, 1.007514450867052, 1.3, 1.6666666666666667, 1.0952380952380953, 1.4788732394366197, 1.0039162818502907, 1.0, 1.0, 1.0180995475113122, 1.0392628205128205, 1.0007585555474823, 1.2038216560509554, 1.0063291139240507, 1.0082882154408663, 1.006492397061336, 1.0477227971676373, 1.1367521367521367, 1.0, 1.2100238663484486, 1.0394088669950738, 1.2087227414330217, 1.014279696714406, 1.0186915887850467, 1.0349854227405249, 1.2826086956521738, 1.00960219478738, 1.047001620745543, 1.4285714285714286, 1.0241371072285994, 1.0622710622710623, 1.105263157894737, 1.05426535498947, 1.1904761904761905, 1.75, 1.0303134553245599, 2.0, 1.0210084033613445, 1.069767441860465, 1.0124584717607974, 1.00570559147965, 1.2637075718015667, 1.1538461538461537, 1.0146511722290616, 1.0071258713257225, 1.0054794520547945, 1.01574993336887, 1.118947532305776, 2.0, 1.1111111111111112, 1.0342105574134692, 1.3333333333333333, 1.048687089715536, 1.0, 1.0, 1.0454545454545454, 1.1541135573580532, 1.0842911877394636, 1.34375, 1.0627705627705628, 1.0, 1.0499334221038614, 1.0054872912847446, 1.5, 1.080405002977963, 1.0, 1.0105518864343734, 1.1125, 1.1001311991603253, 1.1658986175115207, 1.0018181818181817, 1.2028688524590163, 1.0277777777777777, 1.0082978866553536, 1.0051937790283105, 1.0106524633821572, 1.0, 1.1428571428571428, 1.8333333333333333, 1.5, 1.1428571428571428, 1.0025721983936622, 1.25, 1.0915141430948418, 1.188118811881188, 1.0056314341045764, 1.0145264938484746, 1.0010298661174046, 1.0801846691541113, 1.0323353293413173, 1.2612612612612613, 1.5, 1.0041666666666667, 1.053811659192825, 1.0090683930838806, 1.2857142857142858, 3.142857142857143, 1.064587973273942, 1.0133720930232557, 1.007308227024124, 1.1607396870554765, 1.342769701606733, 1.0164071190211346, 1.509433962264151, 1.0808477237048666, 1.041313559322034, 1.3653846153846154, 1.0584707646176912, 1.1081081081081081, 1.0442385873444433, 1.006182956308205, 1.0084735779198923, 1.2112676056338028, 1.0571428571428572, 1.075075075075075, 1.0, 1.0215857150032648, 1.0238930754138, 1.0505186869404577, 1.0126958530891237, 1.0398737808376362, 1.0122225796075908, 1.8333333333333333, 1.1895803183791607, 1.2, 1.0461144321093083, 1.1111111111111112, 1.0240965866414444, 1.027536231884058, 1.021603611349957, 1.1422924901185771, 1.2727272727272727, 3.0, 1.1338425772168714, 1.0051252657404797, 1.0460042302740482, 1.0, 1.1666666666666667, 1.0422264875239924, 1.2413793103448276, 1.0915903074730198, 1.0124740124740124, 1.1666666666666667, 1.0793787748058672, 1.0536144155935214, 1.0691276921354187, 1.004286648636227, 1.0848684210526316, 1.1691542288557213, 1.1401515151515151, 1.3636363636363635, 1.0051020408163265, 1.3, 1.0477489768076398, 1.0303030303030303, 1.0485321819374775, 1.0869565217391304, 1.1250273155808073, 1.0428509982436647, 1.1407459535538353, 1.0, 1.0754716981132075, 1.16, 1.0010907249425423, 1.4770240700218817, 1.0, 1.1524592428847749, 1.0156950003877518, 1.2311224489795918, 1.0, 2.0, 1.185242718446602, 1.0017953321364452, 1.3616071428571428, 1.0, 1.0151725047826374, 1.0751269035532995, 1.0869565217391304, 1.032693032015066, 1.0272727272727273, 1.0241935483870968, 1.1274193548387097, 1.051745898190997, 1.137649962688709, 1.0, 1.054054054054054, 1.0835955695414867, 1.0185798011350458, 1.042105085375534, 1.0, 1.0258679373723623, 1.0146855499918377, 1.0282870612886328, 2.0, 1.121212121212121, 1.0386634339249565, 1.075688000760047, 1.1822550347298064, 1.0280550551400742, 1.184409899545429, 1.0554621848739496, 1.0576181292189006, 2.0, 1.0999018037107862, 1.0422535211267605, 1.25, 1.3129251700680271, 1.1304347826086956, 1.0364303917757332, 1.0093457943925233, 1.060735516180209, 1.3174123337363965, 1.0606353294698434, 1.011632625456513, 1.004061879837989, 1.029126213592233, 4.0, 1.047086784299604, 1.0006076564715414, 1.007836400164376, 1.001604319173055, 1.105440269209198, 1.109452736318408, 1.066326530612245, 1.4285714285714286, 1.0255680399500624, 1.0214526334956981, 1.027947210823999, 1.1015173410404624, 1.0976822944226903, 1.0083160083160083, 1.0134224225307762, 1.0125614418350628, 1.0680272108843538, 2.0, 1.0833333333333333, 1.0659509202453987, 1.044362292051756, 1.0118845500848896, 1.019024970273484, 1.186046511627907, 1.1105527638190955, 1.0554699537750385, 1.1428571428571428, 1.0109796545276466, 1.4303797468354431, 1.0221931909401414, 1.0, 1.0395817774458551, 1.6984126984126984, 1.1418439716312057, 1.043731778425656, 1.13681592039801, 1.0858369098712446, 1.073816155988858, 1.0345276552884675, 1.0, 1.851063829787234, 1.5, 1.0, 1.0602409638554218, 1.124716553287982, 1.390557939914163, 1.2046783625730995, 1.0296379365587953, 1.1743869209809263, 1.0288120957936102, 1.017304279234865, 1.1025430680885973, 1.001495247249813, 1.088235294117647, 1.073015873015873, 1.1204644412191582, 1.1154696132596684, 1.2326589595375723, 1.0248824993088195, 1.0245274413419145, 1.0391806521600409, 1.009925997615872, 2.0, 1.115068493150685, 1.024029574861368, 1.0857142857142856, 1.0, 1.0625, 1.25, 1.275395033860045, 1.5185185185185186, 1.5, 1.0423140704045004, 1.0323618269059889, 1.0041322848495822, 1.0546047918490806, 1.0918918918918918, 1.0425273390036451, 2.0, 1.1666666666666667, 1.2053371020034915, 1.0216836734693877, 1.0077245320483328, 1.0268823328397312, 1.0131950652601467, 1.0906515580736544, 1.0096063465804415, 1.2131438721136767, 1.025259546606274, 1.0102976336150906, 1.4545454545454546, 1.1141906873614191, 1.0, 1.0090702947845804, 1.022731225433928, 3.0, 1.0713557594291538, 1.014111901108638, 1.2857142857142858, 1.163697338084259, 1.4, 1.1875, 1.018873937677054, 1.6923076923076923, 1.0067981581523513, 1.0205040580948312, 1.1875, 1.3181818181818181, 1.3661971830985915, 1.0368244858919178, 1.0554520037278659, 1.0469612388431577, 1.010937416635544, 1.0, 1.1937323484683902, 1.0152439024390243, 2.0, 1.1539774430887746, 1.0155776377869739, 1.0955534531693472, 1.017832896395506, 1.0425955718991802, 1.2150537634408602, 1.8571428571428572, 1.0559147965005706, 1.062553556126821, 1.036006990989768, 1.0490326884589727, 1.0402111706021013, 1.0680604121717134, 1.1465201465201464, 1.0154892330940688, 1.0912408759124088, 1.000523227982678, 1.110410094637224, 1.0552536231884058, 1.2883403361344539, 1.067795124431315, 4.0, 1.0001310993995647, 1.0029509994516723, 1.0022164310721524, 1.1578947368421053, 1.0009720872101098, 1.1991150442477876, 1.0, 1.0078555433121246, 1.0134426229508198, 1.0983213429256595, 1.1176470588235294, 1.6666666666666667, 1.0312072828736911, 1.5, 1.3375, 1.0769230769230769, 1.0433326355453214, 1.2857142857142858, 1.185, 1.1153039832285114, 1.0, 1.1402116402116402, 1.0338066260987153, 2.0, 1.0, 1.0310077519379846, 1.1196911196911197, 1.159334126040428, 1.0313852813852813, 1.0596026490066226, 1.0058997050147493, 1.089150378938971, 1.0545454545454545, 1.4939024390243902, 1.2189054726368158, 1.1538461538461537, 1.0, 1.2196319018404909, 1.2352092352092352, 1.0397422126745435, 1.1638731460267695, 1.011015919094653, 1.1753840171106358, 1.020143479678653, 1.0155075187969924, 1.0697954271961492, 1.0157575757575759, 1.5714285714285714, 1.0, 1.0303030303030303, 1.0291234838840684, 1.1704545454545454, 1.0065359477124183, 1.1734104046242775, 1.0850706376479573, 1.022389999042578, 1.0049325207985929, 1.0769230769230769, 1.1, 1.0629163582531458, 1.0832449628844114, 1.0362032586105692, 1.0417663463698965, 1.1513157894736843, 1.0712492616656821, 1.008468776405186, 1.1978527607361964, 1.036958817317846, 1.3333333333333333, 1.055767397521449, 1.2032520325203253, 1.0196078431372548, 1.3154121863799284, 1.0347890451517394, 1.0, 1.0330188679245282, 1.0694778352387706, 1.2592592592592593, 1.0228893883134649, 1.194915254237288, 1.0232558139534884, 1.1085305128484717, 1.0252343186733959, 1.0977706150953532, 1.0164888457807952, 1.0126436781609196, 1.0063965284039675, 1.1715481171548117, 1.0, 1.0, 1.1111111111111112, 1.0160591013685358, 1.8333333333333333, 1.021965902302284, 1.0724516719616606, 1.1003544528134692, 1.07631466438649, 1.0007117302637198, 1.022615219721329, 1.0528301886792453, 1.0097087378640777, 1.0298541808533122, 1.0873232258886483, 1.0033314958176545, 1.0447428640250511, 1.4285714285714286, 1.1851851851851851, 1.2490118577075098, 1.0410103743797925, 1.0132013201320131, 1.0042167404596247, 1.1504424778761062, 1.0467836257309941, 1.0607903913211933, 1.0233516483516483, 1.0141746411483255, 1.3125, 1.015779069493799, 1.0098246949957788, 1.119593998234775, 1.0008428150021071, 1.15625, 1.0042826552462527, 1.0945273631840795, 1.5625, 1.0821952822610093, 1.3076923076923077, 1.0846774193548387, 1.0065934065934066, 1.1166554281861092, 1.0220575854520964, 1.0847058823529412, 1.375, 1.087378640776699, 1.0138791867348065, 1.0149602169879945, 1.0043456876210162, 1.0336364096422126, 1.0257365277498154, 1.0, 1.0540765391014975, 1.170592270752344, 1.1155631947854816, 1.0235897435897436, 1.2083333333333333, 1.0153291253381425, 1.0215578692703158, 1.226179875333927, 1.037075809125011, 1.0, 1.3333333333333333, 1.0108531731315977, 1.019276769382299, 1.014060370009737, 1.0704507578763591, 1.0766161213088588, 1.0392609699769053, 1.0054706212851525, 1.1257045840407471, 1.0303030303030303, 1.2702702702702702, 1.0347826086956522, 1.0114489765866588, 1.0238095238095237, 1.75, 1.0353350460286876, 1.006564002508536, 1.0269320843091334, 1.2571428571428571, 1.024480712166172, 1.040621992604974, 1.0093643586833143, 1.07, 1.1538461538461537, 1.0896226415094339, 1.0106382978723405, 1.103125, 1.7916666666666667, 1.0629344060788914, 1.0218037661050545, 1.0874661857529306, 1.2424242424242424, 1.0307285919684355, 1.0832292967124428, 1.013637288825565, 1.0133467134972403, 1.6666666666666667, 1.037037037037037, 2.0, 1.0405944182674882, 1.5, 1.0, 1.5, 1.206070287539936, 1.049429657794677, 1.0910627747097938, 1.0295115832964439, 1.076320939334638, 1.6470588235294117, 1.0, 1.0333333333333334, 1.3108108108108107, 1.794871794871795, 1.0545171339563864, 1.015824345042313, 1.0042254150892778, 1.046875, 1.0133289564569186, 1.0015514739002052, 5.0, 1.0064730699874112, 1.0085714285714287, 1.0, 1.3333333333333333, 1.0914201183431953, 1.1105214085921251, 1.0372646396798741, 1.0745341614906831, 1.0, 1.0661157024793388, 1.030674846625767, 2.0, 1.5, 1.1222933070866141, 1.0326207662409772, 1.1070687508645733, 1.25, 1.0088960546915422, 1.069713400464756, 1.0737885462555066, 1.1428571428571428, 1.0812182741116751, 1.003536110681609, 1.486842105263158, 1.0821925856295165, 1.034572013323167, 1.070528967254408, 1.0, 1.0215136975700356, 1.1861656703672074, 1.0867768595041323, 1.2105263157894737, 1.0438471813137886, 1.1120783460282917, 1.0690690690690692, 1.1928571428571428, 1.186046511627907, 1.1044776119402986, 1.0402075226977952, 1.0350930729325603, 1.0197669092574686, 1.0129986587468864, 1.0851528384279476, 3.0, 1.25, 1.0685109289617487, 1.1459982409850484, 1.3440964792841859, 1.014296828805278, 1.0337849138651949, 1.0793286001559486, 1.1519274376417235, 1.0833333333333333, 1.0021224746482196, 1.0109408066405046, 1.0300530347672363, 1.3047285464098073, 2.5, 1.0933333333333333, 1.0275872189001798, 1.0857825567502988, 1.0031666796661727, 1.0004491088734457, 1.1058238636363635, 2.0, 1.0046948356807512, 1.0344398813597993, 1.0514050719671006, 1.0233463035019454, 1.0216409192771658, 1.271255060728745, 1.3187772925764192, 1.0707246376811594, 1.0043299036705775, 1.029153129737925, 1.1152073732718895, 1.1216389244558258, 1.03125, 1.037423103212577, 1.0079937340182912, 1.035667107001321, 1.0563377065278206, 1.0417391304347825, 1.0328125, 1.2857142857142858, 1.0445859872611465, 2.5, 1.5, 1.3076923076923077, 1.0230179028132993, 1.1524486571879937, 1.062460544394519, 1.0382465130530159, 1.0427277872099603, 1.057949790794979, 1.0271739130434783, 1.530612244897959, 1.0026233612783435, 1.6, 1.25, 1.2715447154471544, 1.0, 1.151840490797546, 1.130153999006458, 1.0376746282109057, 1.024727727191573, 1.25, 1.2797147385103012, 1.313953488372093, 1.156857855361596, 1.0007804465990893, 1.1123595505617978, 1.0511159107271417, 1.0304191664827338, 1.0294671540932758, 1.1319554848966613, 1.6511627906976745, 1.23463687150838, 1.0, 1.0, 1.0007733986624228, 1.6666666666666667, 1.5714285714285714, 1.4594594594594594, 1.028950542822678, 1.1058823529411765, 1.0192090395480227, 1.1224130339057683, 1.0, 1.2004965859714463, 1.0251497005988024, 1.1390134529147982, 1.0048309178743962, 1.25, 1.0616710875331565, 1.0266075388026608, 1.0980810234541578, 1.003358208955224, 1.0084391073908197, 1.074737551767312, 1.0399876960935097, 1.0, 1.015684083877621, 1.0028513067176366, 1.0034074605451937, 1.2695652173913043, 1.0124945936854246]
origin-bjaq_15.87 	max: 5.0000	99th: 2.5017	95th: 1.5728	median: 1.0550	mean: 1.1496

...Done, result: results.csv

WORKLOAD-FINISHED | Type: QueryWorkload | Progress: 1/3 | Workload-time: 15.285058 | Model-update-time: 0.000000


WORKLOAD-START | Type: DataUpdateWorkload | Progress: 2/3
Going to run: ['python', '/home/kangping/code_copy/SAUCE/Naru/eval_model.py', '--model=naru', '--data_update=valueskew', '--dataset=bjaq', '--drift_test=js', '--end2end', '--update_size=80000', '--query_seed=0', '--eval_type=drift']
Torch device: cuda:1
GET-MODEL-PATH=./models/end2end/naru/origin-bjaq-3.5MB-model34.414-data18.543-200epochs-seed0.pt
GET-DATASET-PATH=./data/bjaq/end2end/bjaq.npy
ValueSample - START
ValueSample - END
load_npy_dataset_from_path - df.shape = (458601, 5)
Parsing... done, took 0.0s
Data updated!
Previous data size: (382168, 5), new data size: (76433, 5)
[5.3644180e-07 1.1920929e-07 7.7486038e-07 1.6805828e-02 0.0000000e+00]
Distance score: 0.0033614516723901033
SAUCE Drift detection: True
Detection latency: 0.0362s

DRIFT-DETECTED after 2-th workload
Going to run: ['python', '/home/kangping/code_copy/SAUCE/Naru/incremental_train.py', '--dataset=bjaq', '--end2end', '--model=naru', '--model_update=adapt', '--update_size=80000', '--epochs=0']
Torch device: cuda:1
GET-MODEL-PATH=./models/end2end/naru/origin-bjaq-3.5MB-model34.414-data18.543-200epochs-seed0.pt
update_size: 76433
AdaptTask - START
GET-DATASET-PATH=./data/bjaq/end2end/bjaq.npy
load_npy_dataset_from_path - df.shape = (458601, 5)
Parsing... done, took 0.0s
done, took 0.0s
dataset size: 458601
train data shape: torch.Size([76433, 5]), transfer data shape:torch.Size([15286, 5])
Training done; evaluating likelihood on full data:
Epoch None Iter 0, test loss 28.7106 nats / 41.4206 bits
Saved to: /home/kangping/code_copy/SAUCE/models/end2end/naru/origin-bjaq-3.5MB-model34.414-data18.543-200epochs-seed0.pt
AdaptTask - END

WORKLOAD-FINISHED | Type: DataUpdateWorkload | Progress: 2/3 | Workload-time: 2.110938 | Model-update-time: 3.394117


WORKLOAD-START | Type: QueryWorkload | Progress: 3/3
Going to run: ['python', '/home/kangping/code_copy/SAUCE/Naru/eval_model.py', '--dataset=bjaq', '--model=naru', '--end2end', '--query_seed=0', '--eval_type=estimate', '--num_workload=3', '--data_update=valueskew', '--model_update=adapt', '--random_seed=42']
Torch device: cuda:1
GET-MODEL-PATH=./models/end2end/naru/origin-bjaq-3.5MB-model34.414-data18.543-200epochs-seed0.pt
ckpts [PosixPath('/home/kangping/code_copy/SAUCE/models/end2end/naru/origin-bjaq-3.5MB-model34.414-data18.543-200epochs-seed0.pt')]
Validate Argument: DATASET="bjaq" is valid.
data size: 458601, total size: 458601, split index: [382167 458601]
Parsing... done, took 0.0s
Loading ckpt: /home/kangping/code_copy/SAUCE/models/end2end/naru/origin-bjaq-3.5MB-model34.414-data18.543-200epochs-seed0.pt
query_seed:0
origin-bjaq_15.87 	max: 852.5000	99th: 86.3753	95th: 3.0036	median: 1.1142	mean: 4.8734
ReportEsts: [1.1043478260869566, 1.0375618533513271, 1.0509668299086181, 1.0080906148867315, 1.09375, 1.0, 1.0232949466267025, 1.1935984403017443, 1.0, 1.1489088575096278, 1.065867830363816, 1.0019135370106942, 1.1847963040739184, 1.2, 1.038812114084093, 1.403225806451613, 1.0377358490566038, 67.0, 1.5555555555555556, 1.1986027944111777, 1.0146833894157234, 1.1072644721906924, 1.123076923076923, 1.1054104477611941, 1.1302328891419218, 1.0037517014838064, 2.0, 1.1601885673254035, 2.6666666666666665, 1.1666666666666667, 90.6829268292683, 1.0, 1.0067480617831948, 1.005572413228469, 2.472165648336728, 1.009239866945916, 1.2241892898246565, 1.232620320855615, 1.1666666666666667, 9.402419984387198, 1.0064197990323782, 1.0018121455249689, 1.015625, 1.0019117784202183, 1.2978260869565217, 1.2035823170731708, 1.3888888888888888, 1.6666666666666667, 1.2512562814070352, 1.07085346215781, 59.1875, 1.2777777777777777, 1.115, 1.0689655172413792, 1.0070506069508343, 1.2167403043691702, 1.0739288714645758, 1.1196388261851016, 1.108433734939759, 1.0178155055252818, 1.1147540983606556, 1.0232191014931264, 1.084648493543759, 1.0641509433962264, 1.2988505747126438, 1.25, 1.058799838904551, 1.0337667785234899, 1.0, 2.0, 1.1638095238095238, 1.0226377952755905, 1.0804819277108433, 1.34009009009009, 1.082746253362367, 1.981651376146789, 1.0167224080267558, 1.008849557522124, 1.0425531914893618, 1.2900153407433201, 1.2727272727272727, 58.0, 1.0, 1.4285714285714286, 1.0291036088474972, 1.5, 1.45565749235474, 73.0, 2.0, 1.0468737471736238, 1.0863673469387756, 1.0061774698848343, 1.1603663408937244, 1.179825517993457, 1.1526479750778815, 1.270509977827051, 1.1180532719500165, 1.046938775510204, 1.5, 1.161556603773585, 1.44, 2.0, 1.0701382867053078, 1.130004304778304, 1.1981132075471699, 1.1305102190854286, 1.4411764705882353, 1.0000445196331582, 1.049376161401646, 1.0129137238609611, 1.2722791050436102, 1.02679978980557, 1.1428571428571428, 1.5, 1.1419642857142858, 1.0173128453303457, 1.0613839285714286, 1.1477272727272727, 1.0032544773794039, 1.0, 1.0573951434878588, 2.5989583333333335, 1.0, 1.16289592760181, 1.0, 1.046938775510204, 1.0141818484988745, 1.1247078680862115, 1.0892857142857142, 1.5, 1.2594371997254632, 1.0, 1.0, 1.0001845699520118, 1.0769230769230769, 1.0609243697478992, 1.1725030531513831, 1.120888157894737, 5.0, 1.2, 1.0162932790224033, 1.039171544349392, 1.0592, 1.250683148991542, 1.0388349514563107, 1.3007175472928898, 1.0098576570680629, 3.0, 1.0084226646248087, 1.1714285714285715, 1.2468982630272953, 1.006471539932343, 1.0, 1.0283809716190284, 1.0171358629130967, 1.202, 1.164319248826291, 1.0, 1.276069921639542, 1.079687915167033, 1.0133614388195695, 1.349809885931559, 1.271356783919598, 1.183673469387755, 1.1317365269461077, 1.0677466863033873, 1.1111111111111112, 1.0109261991088507, 2.0, 1.0454545454545454, 1.0000439500551572, 86.33177570093459, 1.1390682079767802, 1.0260416666666667, 1.094240837696335, 1.0599613152804641, 94.82539682539682, 1.0534943917169974, 1.0297520661157025, 1.0239147387574734, 1.0872540633019674, 1.1979770631656919, 1.1940298507462686, 1.0602409638554218, 1.0067582872225844, 1.2448559670781894, 1.737037037037037, 10.893629807692308, 1.023121387283237, 1.5555555555555556, 1.0846994535519126, 1.2536005306045102, 1.24, 1.0301142263759087, 3.784706484392134, 1.0077534224821227, 2.2340948260056472, 1.3790983606557377, 1.0190635201475242, 1.042571328285614, 1.0663465735486688, 1.0176683897847387, 1.0946191837795685, 1.007452742835204, 1.177023498694517, 1.13330991481514, 1.1204188481675392, 1.234375, 1.101010101010101, 1.0, 1.0483870967741935, 1.0802809505054483, 1.9303135888501741, 2.0973451327433628, 1.013130898645876, 1.05, 1.000731470842951, 1.0158371040723981, 2.0713197446983735, 1.2, 1.0537084398976981, 1.0571587125416204, 1.4034180183228988, 1.041882315470977, 13.0, 61.37030411449016, 1.0254690146171426, 1.03972469759274, 1.0162162162162163, 1.4512922465208749, 1.1402640264026402, 1.0761253598534415, 1.0434782608695652, 1.002902808461348, 1.0209565011331945, 1.063197026022305, 1.418724279835391, 1.044811320754717, 1.4, 1.1350293542074363, 1.0, 1.0237674327244157, 1.1380498021875727, 1.1201716738197425, 1.49079754601227, 1.0833333333333333, 3.3333333333333335, 1.0929613258174837, 1.3636363636363635, 1.1273176364919484, 1.75, 1.015759312320917, 1.1376975169300225, 1.7142857142857142, 1.0090828026482959, 1.3204419889502763, 1.0967117988394584, 1.046204620462046, 1.0028358738036158, 1.0380402010050251, 1.280701754385965, 2.0, 1.200744803542659, 1.2136121361213612, 1.069164265129683, 1.0026384302213835, 1.2503174683801492, 1.1677983336613527, 1.0221689634511684, 1.056119078725247, 1.0182254196642686, 1.0414176511466295, 1.3992231333621061, 1.7272727272727273, 1.0875637818909454, 1.0158450704225352, 1.4772727272727273, 1.3076923076923077, 80.66585956416465, 1.0607142857142857, 1.0113328940066593, 1.0265264366990918, 1.2115384615384615, 1.0075187969924813, 1.0030132211772496, 1.0261248185776488, 1.158724340175953, 1.0061080789406176, 1.8, 1.0424281984334203, 1.098170731707317, 1.0070063731440844, 1.0385948916826113, 1.0345434260212838, 1.0488565488565489, 1.152428810720268, 1.0321678321678323, 1.2376302083333333, 2.0536078717201165, 1.1331022530329289, 1.1083499005964215, 168.66666666666666, 1.1666666666666667, 1.0745331616226659, 1.1666666666666667, 1.0309653916211294, 1.0064940508182898, 1.018370607028754, 1.3225806451612903, 1.371900826446281, 1.1337386018237081, 1.1043285238623752, 1.9066845784511282, 1.0476190476190477, 1.0904247862049627, 1.1847533843807487, 1.0782828282828283, 2.0, 1.4285714285714286, 1.078173374613003, 1.7142857142857142, 1.0300931627047067, 1.025, 1.0526315789473684, 1.2225012918654536, 1.5714285714285714, 1.8, 1.0362197940206856, 2.0, 1.1111111111111112, 1.2732558139534884, 69.17469204927211, 67.21, 1.323851203501094, 1.209090909090909, 1.0715439186555444, 1.3128609374793514, 1.0571305841924399, 1.129010211193742, 1.060108529288994, 3.0, 1.3333333333333333, 1.0101149822771678, 1.0, 1.0328767123287672, 1.1764705882352942, 2.0, 1.0, 1.226680040120361, 1.1309904153354633, 1.3333333333333333, 1.0012091898428053, 1.4545454545454546, 2.0, 1.0634961861278946, 1.0, 1.1355932203389831, 1.0383562053845348, 1.4782608695652173, 1.151761517615176, 1.3144475920679888, 1.8, 1.25, 1.1620071684587814, 1.294871794871795, 1.0612668743509865, 1.0109764894050743, 1.2711210096510765, 1.0559796437659033, 1.0, 1.009327777026749, 1.4461538461538461, 1.206896551724138, 1.0, 852.5, 1.1, 1.5320197044334976, 1.1386138613861385, 1.0247023055485178, 1.353263588315897, 1.0005966587112172, 1.0431611275638917, 1.0356992860142797, 1.038659793814433, 1.2277867528271404, 1.0960884353741496, 1.3254545454545454, 1.0277777777777777, 1.000921885563272, 1.00655418187377, 77.73598130841121, 1.1885714285714286, 1.0444444444444445, 1.0070298769771528, 2.0, 1.8148148148148149, 1.6162790697674418, 1.072936660268714, 1.5, 1.0305755395683454, 1.227300060132291, 1.1596774193548387, 1.0373587457388442, 1.181235234559568, 2.181035494853833, 1.3766233766233766, 1.048, 1.0570719602977667, 1.0, 1.0141452043891068, 1.5, 1.0040985154685906, 1.0373423385174105, 1.0032141422257934, 1.025147137506688, 2.0, 1.1343889565570442, 1.1666666666666667, 83.86676646706587, 1.2727272727272727, 1.0484796773192677, 1.0480887792848335, 1.2418314703353397, 1.1086261980830672, 1.182089552238806, 4.0, 1.1077914469830112, 1.0018519452994903, 1.0400199524211495, 1.0, 5.492537313432836, 1.0322327044025157, 1.4089775561097257, 1.1001343083121922, 1.002615676016957, 1.08, 1.1915444348576358, 1.0568621397308537, 1.0592000994437365, 1.0590594318206232, 1.0742261904761905, 203.33333333333334, 69.05555555555556, 1.0026954177897573, 1.001856274206819, 1.4108527131782946, 1.2200132538104704, 2.0, 1.5, 1.0764206401045069, 1.0042735042735043, 1.4250913520097441, 1.8220374344301382, 1.4279883381924199, 1.0, 1.141732283464567, 1.56, 2.0252094291837133, 1.0909090909090908, 1.0, 1.0292164008603877, 1.3333333333333333, 1.0, 1.3401360544217686, 2.0, 1.4100970873786407, 1.0052238805970148, 1.41635687732342, 1.2222222222222223, 1.014832473430018, 1.0713073005093379, 1.0, 1.0307585641801393, 1.0381679389312977, 1.2926509186351707, 1.1125916055962692, 6.290868924889543, 1.0270972531551597, 1.0, 1.021505376344086, 1.1003604325190228, 1.2164058283864003, 1.09992486851991, 1.2, 1.061232449297972, 1.0191159533855176, 1.018598615916955, 2.0, 1.1220796314577164, 1.0698248743152263, 1.131228498501831, 1.2540053720966977, 1.0337611900013495, 1.6070158679615771, 1.0589830508474576, 1.0126719768283852, 1.5, 1.1208710333780683, 1.041655681518587, 1.0364770818334532, 1.0448099829835507, 1.0316622691292876, 1.028038150738983, 1.4090909090909092, 1.2109016028152997, 1.2071494042163153, 1.2028061654693245, 1.000548245614035, 1.0200203934442538, 2.248960302457467, 1.0952380952380953, 1.4216867469879517, 1.0296831432192648, 1.2857142857142858, 1.0454043610267734, 1.0207922591831313, 1.0, 1.076147816349384, 1.4900284900284901, 2.5, 1.5853658536585367, 1.005998486288024, 1.1417624521072798, 1.067067530064755, 2.0, 1.1296296296296295, 1.0411736867013726, 1.570635721493441, 1.056531703590527, 1.2387912202226152, 1.1605407689057878, 115.96261682242991, 1.0731182795698924, 1.1141147483280536, 1.0507246376811594, 1.028283737238961, 1.2397504456327986, 1.048888888888889, 1.023644960448904, 1.0382775119617225, 1.0515115917959519, 1.0, 1.1997126436781609, 1.504983388704319, 1.385494847365351, 1.059670781893004, 1.188331627430911, 1.0749574105621806, 1.551532033426184, 1.058969031364401, 1.0, 1.8936170212765957, 4.25, 1.3333333333333333, 1.0404040404040404, 5.942857142857143, 1.398576512455516, 1.0388349514563107, 1.0335120643431635, 1.1757072411108227, 1.085140356129621, 1.203510155787813, 1.0361936300769456, 1.0460357164646104, 1.0429155037819036, 1.1289940828402367, 1.0437869822485206, 1.0026372315035799, 1.0922545633941785, 1.0285714285714285, 1.1296296296296295, 1.2, 1.007078428993245, 1.2369077306733167, 1.015258801236661, 1.0, 1.2076006806579693, 1.7080645161290322, 2.5, 1.0655737704918034, 1.1333333333333333, 2.3333333333333335, 1.3234421364985163, 1.0074247431622079, 1.0204238921001927, 1.1179624664879357, 1.077922077922078, 1.2371995209860678, 1.0294312515256128, 1.1637554585152838, 1.2, 1.25, 1.0930897630442395, 1.1952191235059761, 1.2344428364688858, 1.004721435316336, 1.0, 1.0920245398773005, 1.1246753246753247, 1.0297814165203747, 1.1936936936936937, 1.0145919300931718, 1.9026059410674796, 1.0054693832581785, 1.013157894736842, 1.0, 1.0749206349206348, 1.0, 1.1035353535353536, 1.089795918367347, 1.0974673829623944, 389.5194805194805, 1.2222222222222223, 1.0659182498560738, 2.264705882352941, 1.1124260355029585, 1.1539059128182996, 1.0449511400651466, 1.060099132589839, 1.1396685830233344, 1.2462203023758098, 1.0006487187804087, 1.75, 1.0300251849519912, 1.0285272516428294, 1.3, 1.0287277701778386, 1.1035183229056635, 120.04761904761905, 1.0385254488314128, 1.2, 1.1525773195876288, 1.147055511766693, 1.581986143187067, 1.1857142857142857, 1.0082807603927304, 1.0462962962962963, 1.8888888888888888, 1.0549242424242424, 1.062902072909221, 1.0562392896089734, 1.2731821214142762, 1.039808810107124, 2.3062871030718357, 1.073846153846154, 1.2146577380952381, 2.0066006600660065, 1.0067635584296297, 1.298422712933754, 1.0311526479750779, 1.0055770055770055, 1.0639530050707973, 1.625, 1.118011291203788, 1.0952380952380953, 1.125, 1.1337295690936107, 1.0275161588180979, 1.2364587224505044, 1.5, 1.4444444444444444, 1.0519584332533973, 1.317553414327608, 1.5660377358490567, 1.1102106412642596, 2.0, 1.101470336809711, 1.5, 1.1888888888888889, 1.3846153846153846, 1.6355340121317157, 1.3529411764705883, 1.0871559633027523, 1.0024038461538463, 1.0, 2.7556640333879865, 1.0196936542669583, 2.25, 1.25, 1.1353383458646618, 1.0929487179487178, 1.3480975029726516, 1.1752360965372508, 1.0825174825174826, 47.89280868385346, 1.2357954545454546, 57.02156334231806, 1.3172043010752688, 1.3055555555555556, 2.076923076923077, 1.0, 1.1289424860853432, 1.4978354978354977, 1.1234207968901846, 1.2394728383156541, 1.184605687806757, 1.0418114143920596, 1.2428447218285115, 1.047107385933955, 1.002982107355865, 1.0128712871287129, 1.3, 1.0, 1.1470588235294117, 1.0157380712354804, 1.1088211046990932, 1.0336134453781514, 1.0600522193211488, 1.2766704849179076, 1.04278124600379, 1.008504303397878, 1.0319148936170213, 1.173913043478261, 1.7333333333333334, 1.1520092863854956, 1.1610656051443007, 1.0681174590931628, 1.2674418604651163, 1.407412876550502, 1.047878351998356, 1.0255529280845737, 1.0628436763550668, 1.1771632004186456, 1.0298507462686568, 1.1386004514672685, 49.0, 1.0037802783204133, 162.0, 1.1346633416458853, 1.0, 1.108974358974359, 1.164052139599573, 1.2461538461538462, 1.0052863898417363, 1.1602506714413607, 1.2790697674418605, 1.0423754495131117, 1.176676279740447, 1.6946800308404009, 1.2197452229299364, 1.0642722117202268, 1.0065443798085945, 1.1605584642233857, 4.117647058823529, 1.0, 1.0, 1.2110936175366356, 2.1666666666666665, 1.023480178338618, 1.0867091027688431, 1.4918032786885247, 1.0914326853851692, 1.1089687870406955, 1.0847502893260927, 1.113564668769716, 1.0058207217694994, 1.0140429313591537, 1.0415937487281755, 1.0083633690031888, 1.310765081545938, 1.2222222222222223, 1.1509635974304069, 1.2401315789473684, 1.7563511630399828, 1.0131926121372032, 1.0351131221719456, 1.2188905547226387, 1.3338632750397457, 1.0731028899016677, 1.0629453681710215, 1.3754955027466447, 1.5, 1.2178842434161583, 1.2115744342730388, 1.1772486772486772, 1.0049174569722514, 1.09375, 135.04313725490195, 1.5961282975896756, 1.1308623717533968, 1.29, 1.0043010541027333, 1.2121212121212122, 1.0610428147520137, 1.379440665154951, 1.1474358974358974, 1.1693121693121693, 1.0880782918149465, 1.3858267716535433, 1.2948073701842546, 1.0131794128226712, 1.0474806201550388, 1.0074896995060076, 1.1572917007425823, 1.3076923076923077, 1.0605643496214727, 1.0214713715046604, 1.4201805000739753, 1.0413812003288572, 2.310980720871752, 1.141, 1.0720461095100864, 1.0436408977556109, 1.0370030411385862, 1.3783783783783783, 1.0370588235294118, 1.0071954210956664, 1.0432162892167047, 1.4976744186046511, 1.0162493113309021, 1.1823171838141897, 1.266560255387071, 1.1137724550898203, 1.0072048710836847, 1.0733892374517375, 1.1654411764705883, 1.2820512820512822, 1.219887955182073, 1.015430837148463, 1.0204081632653061, 2.5, 1.016377927916086, 1.0048252160933107, 1.1824401368301025, 1.0056818181818181, 1.0091911764705883, 1.0376378350428686, 1.0254991580466684, 1.054612937433722, 1.3461538461538463, 1.3288409703504043, 1.110236220472441, 1.325, 1.5357142857142858, 1.0419604365500952, 1.2091179385530229, 1.0818181818181818, 1.1951219512195121, 25.571428571428573, 1.209806157354618, 1.02020202020202, 55.07142857142857, 1.0216986980781153, 1.0724637681159421, 1.0553150553150552, 1.6, 1.2763803465540249, 2.4855072463768115, 1.0054537826877359, 1.032520325203252, 2.230769230769231, 1.1379813302217037, 1.061071721997383, 1.211902600608348, 1.542857142857143, 1.4871794871794872, 1.0555555555555556, 1.1282051282051282, 1.3411764705882352, 1.2727272727272727, 1.104287369640788, 1.0114872564551545, 1.0011206250735216, 1.265625, 1.2025205957771836, 1.000696001533704, 5.0, 1.0020089636893932, 1.0637805810397554, 1.0, 1.1428571428571428, 1.4196198075569115, 1.1419501677048396, 1.0388190593347288, 1.5616797900262467, 1.0, 1.1550387596899225, 1.280612244897959, 70.28571428571429, 1.0118693574083908, 1.0670113725436268, 1.0049865229110513, 1.0513557415969013, 1.4, 1.0029645525793267, 1.0816459830176355, 1.1346153846153846, 1.3676470588235294, 1.07953216374269, 1.0, 1.017094017094017, 1.073703542603064, 1.0953731882189095, 10.157894736842104, 1.0641891891891893, 1.026027649345571, 1.4150298889837745, 1.0097402597402598, 1.0147058823529411, 1.0129241382176326, 1.183816425120773, 1.2463570581651762, 1.558139534883721, 1.0754716981132075, 1.1025081788440567, 1.25, 1.1450407608695652, 1.0245700245700247, 1.0072583510795585, 1.0080071174377223, 1.5, 1.0262172284644195, 1.0792490375048664, 1.1843920145190563, 3.2215722976134766, 1.030583365014996, 1.0661602209944752, 1.0927756653992395, 1.1371308016877637, 1.0862068965517242, 1.0270887947838947, 1.007257995000431, 1.3058338243959928, 1.1313485113835378, 3.5, 1.3466666666666667, 1.0395953436807095, 1.3934142114384749, 1.1084200966132705, 1.181547548730065, 1.3409090909090908, 2.0, 1.0157946692991116, 1.0066603763112616, 1.062607367818286, 1.8146853146853146, 1.1412714379865512, 1.3333333333333333, 1.2997630331753554, 1.0915189266890273, 1.0038453496722817, 6.423041044776119, 1.1278065630397236, 1.3610755441741358, 1.1142857142857143, 1.0489705461824421, 74.04, 1.1385025612237738, 1.1092418372993913, 1.1252086811352253, 1.1331316187594553, 1.0629139072847682, 1.0513274336283185, 3.5, 1.5, 3.0714285714285716, 1.0346320346320346, 1.03992628992629, 1.2592372535185117, 1.038959643780608, 1.0856366107838695, 1.1922594142259415, 1.1336405529953917, 1.1286449399656946, 1.0906805967383246, 1.3333333333333333, 1.5, 1.2195517148258168, 1.125, 1.1417721518987343, 1.1159183673469388, 1.0321076772689677, 1.0947935392493326, 1.25, 1.0416558861578267, 33.90201729106628, 1.0558549359956133, 1.0004205728967532, 1.0562293274531422, 1.3331336129418814, 1.020093649880884, 1.180189389863338, 1.0604467805519053, 1.62, 1.4748603351955307, 1.0, 2.0, 1.000998658518408, 1.25, 1.6153846153846154, 1.391304347826087, 1.0209163346613546, 1.0041441641561037, 1.5030262273032953, 1.2546296296296295, 1.3333333333333333, 1.0151212553495008, 1.0248015873015872, 19.0, 1.2139423076923077]
origin-bjaq_15.87 	max: 852.5000	99th: 86.3753	95th: 3.0036	median: 1.1142	mean: 4.8734

...Done, result: results.csv

WORKLOAD-FINISHED | Type: QueryWorkload | Progress: 3/3 | Workload-time: 18.628712 | Model-update-time: 0.000000


Experiment Summary: #data-update-times=1, #drift=1 | total-time=39.451535