Input arguments = Namespace(data_update='tupleskew', update_size=80000, dataset='bjaq', debug=False, drift_test='js', model_update='adapt', model='naru', end2end=False, query_seed=0, random_seed=42, num_workload=3)
JSON-passed parameters = {'data_updater': {'skew_ratio': '1e-3'}, 'random_seed': 6, 'naru': {'epochs': 0}}
MODEL-PATH=/home/kangping/code_copy/SAUCE/models/end2end/naru/origin-bjaq-3.5MB-model34.414-data18.543-200epochs-seed0.pt
DATASET-PATH=/home/kangping/code_copy/SAUCE/data/bjaq/end2end/bjaq.npy
Workloads: ['QueryWorkload', 'DataUpdateWorkload', 'QueryWorkload']

WORKLOAD-START | Type: QueryWorkload | Progress: 1/3
Going to run: ['python', '/home/kangping/code_copy/SAUCE/Naru/eval_model.py', '--dataset=bjaq', '--model=naru', '--query_seed=0', '--end2end', '--eval_type=first_estimate', '--num_workload=3', '--data_update=tupleskew', '--model_update=adapt', '--random_seed=42']
Torch device: cuda:1
GET-MODEL-PATH=./models/end2end/naru/origin-bjaq-3.5MB-model34.414-data18.543-200epochs-seed0.pt
ckpts [PosixPath('/home/kangping/code_copy/SAUCE/models/end2end/naru/origin-bjaq-3.5MB-model34.414-data18.543-200epochs-seed0.pt')]
Validate Argument: DATASET="bjaq" is valid.
load_npy_dataset_from_path - df.shape = (382168, 5)
Parsing... done, took 0.0s
Loading ckpt: /home/kangping/code_copy/SAUCE/models/end2end/naru/origin-bjaq-3.5MB-model34.414-data18.543-200epochs-seed0.pt
query_seed:0
origin-bjaq_15.87 	max: 5.0000	99th: 2.6667	95th: 1.5629	median: 1.0599	mean: 1.1499
ReportEsts: [1.1580882352941178, 1.0237270061316983, 1.005959527603746, 1.0420841683366733, 1.0714285714285714, 1.0, 1.1438311879151237, 1.0183514955306239, 1.25, 1.0386666666666666, 1.1056185611635356, 1.0023096589678033, 1.0691513246519981, 1.0511627906976744, 1.0346167432002826, 1.0, 1.836734693877551, 1.0183982683982684, 3.0, 2.6666666666666665, 1.0, 1.1217166271296097, 1.0639589287069118, 1.1452589105581708, 1.028411973617453, 1.0, 1.0646480090407497, 1.2, 1.4, 1.2158273381294964, 1.0, 1.0010665808887327, 1.007836720633827, 1.3712541620421754, 1.0116022910853282, 1.026809288470652, 1.0053475935828877, 1.0008984289634073, 1.0821681934017495, 1.1666666666666667, 1.1158798283261802, 1.0335365853658536, 1.0, 1.0874148114493412, 1.077741786210088, 1.1983471074380165, 1.0776699029126213, 1.252212389380531, 1.0332557533797693, 1.0285714285714285, 1.0871576208715763, 1.3990384615384615, 1.005885156557598, 1.0, 1.1194805194805195, 1.0190424547861312, 1.2756363636363637, 1.0727969348659003, 1.1614906832298137, 1.25, 1.0370092693565975, 1.035491905354919, 1.1181818181818182, 1.1494252873563218, 1.0909090909090908, 1.0854591395244193, 1.0565059616381545, 1.1666666666666667, 1.0, 1.1132212536322126, 1.0475, 1.054178674351585, 1.1261261261261262, 1.0630446623093681, 1.1811764705882353, 1.1368421052631579, 1.0, 1.0453950240069838, 2.0, 1.0208327355160838, 1.75, 1.0666674087761872, 1.0920245398773005, 1.0321100917431192, 1.0609057782404998, 1.04, 1.0028787550287876, 1.0429769392033543, 1.2107843137254901, 2.3333333333333335, 1.0535211267605633, 1.004525983042335, 1.0524590163934426, 1.2720897615708275, 1.2193763919821827, 1.0814606741573034, 1.25, 1.028972783143108, 1.0, 1.0141163695593158, 1.1223902087832973, 1.004288164665523, 1.002547139774295, 1.1470588235294117, 1.0014003046055862, 1.0815389032443297, 1.0633292597765363, 1.1141448615851346, 1.0200125078173858, 1.1666666666666667, 1.3333333333333333, 1.1614654002713705, 1.0062374980073945, 1.070317782285328, 1.0389610389610389, 1.0095303695170685, 1.0, 1.1939006024096386, 1.1511961722488038, 1.0, 1.2197802197802199, 1.1666666666666667, 1.1152882205513786, 1.0005202434881086, 1.0447309155859283, 1.0769230769230769, 1.8, 1.2086092715231789, 1.0, 1.25, 1.0076985206162905, 1.1818181818181819, 1.005859375, 1.0045155658274036, 1.0402476780185759, 1.1684867394695788, 1.0082872928176796, 1.0116913484021823, 1.00199203187251, 1.051923076923077, 1.050113858165257, 1.1296296296296295, 1.0469667318982387, 1.001755519524059, 2.0, 1.0195167286245352, 1.0330578512396693, 1.0285359801488834, 1.0352920416446092, 1.0, 1.0198839076201063, 1.0177777777777777, 1.028, 1.4476190476190476, 1.1722627737226277, 1.103217407476288, 1.0118731741309532, 1.0126251239967536, 1.0608365019011408, 1.1842105263157894, 1.0, 1.108695652173913, 1.127906976744186, 1.2857142857142858, 1.0018088850283422, 1.0148990842476877, 1.0604490500863557, 1.0110453364135144, 1.030543677458766, 1.1243009726749886, 1.0127931769722816, 1.1407563025210083, 1.1665536941996708, 1.0715059588299025, 1.059414990859232, 1.0009727626459144, 1.0380383527192707, 1.0306660277910877, 1.0378682771566148, 1.1666666666666667, 1.2352941176470589, 1.085145482388974, 1.0476190476190477, 1.0610432852386238, 1.2459016393442623, 1.037976544564197, 1.0288708720585327, 1.0034968072629338, 1.0172413793103448, 1.1427272727272728, 1.0899260363511267, 1.0, 1.2727272727272727, 1.0469370511195606, 1.2587968217934167, 1.1010152284263959, 1.2962962962962963, 1.02508038585209, 1.013171115171771, 1.0149549123269972, 1.1798245614035088, 1.2326341309159903, 1.18, 1.046875, 1.0595238095238095, 1.0, 1.0526315789473684, 1.0142354446577095, 1.7247386759581882, 1.0804597701149425, 1.0158180919426594, 1.0957683741648108, 1.0847441877752793, 1.0236864527122977, 1.016496720140287, 1.0602409638554218, 1.010115606936416, 1.0341823056300268, 1.0606351382225268, 1.0461527393071692, 1.0, 1.108902691511387, 1.0281842711677467, 1.0044023268557418, 1.0726960503720664, 1.0448443924088546, 1.000549822365082, 1.0344827586206897, 1.000628704115078, 1.078270540803559, 1.1838691483361534, 1.1294117647058823, 1.0995644057249534, 1.0150870406189556, 1.1401574803149606, 1.0, 1.0420604914933838, 1.0765408664582403, 1.1727613689639007, 1.212686567164179, 1.0909090909090908, 2.6666666666666665, 1.1398849826770545, 1.0909090909090908, 1.0906101315421215, 1.5, 1.5, 1.3793103448275863, 1.0487106017191976, 1.4795918367346939, 1.0635359116022098, 1.094688221709007, 1.0667808219178083, 1.0136170212765958, 1.0992871582083201, 1.1578947368421053, 2.0, 1.008931072039832, 1.11547962124331, 1.0542907180385288, 1.0422458494923525, 1.0903134047848835, 1.0036378002008197, 1.0659777424483308, 1.0142950196292448, 1.062200956937799, 1.095963442498096, 1.271152044957852, 1.7272727272727273, 1.0754252354410916, 1.0426439232409381, 1.25, 1.0869565217391304, 1.1290909090909091, 1.0555555555555556, 1.1584158415841583, 1.0053851461972478, 1.0250696378830084, 1.1839762611275964, 1.013529620014161, 1.0604982206405693, 1.0157581491471745, 1.0053961128885918, 1.5, 1.0200800291014915, 1.2, 1.0145994160233591, 1.0323974082073435, 1.0101655639796046, 1.3, 1.4285714285714286, 1.173913043478261, 1.5492957746478873, 1.0092292785831678, 1.0, 1.025993883792049, 1.0091324200913243, 1.0364583333333333, 1.0025826250767944, 1.1454545454545455, 1.0063291139240507, 1.0223773027703558, 1.0827533525717197, 1.0573361522198732, 1.1196581196581197, 1.0, 1.2553699284009547, 1.0369458128078817, 1.1526479750778815, 1.0047826639014688, 1.0101095197978096, 1.0253521126760563, 1.4047619047619047, 1.0150891632373114, 1.0569948186528497, 1.4285714285714286, 1.0234276544949317, 1.0714285714285714, 1.105263157894737, 1.0834272161280758, 1.1428571428571428, 1.75, 1.032034756664093, 2.0, 1.0301783264746227, 1.052325581395349, 1.0229696472518457, 1.0181543116490166, 1.0159151193633953, 1.1758241758241759, 1.008319917747805, 1.0068726012836429, 1.0041039671682626, 1.0219589192735026, 1.1569542820347714, 3.0, 1.1111111111111112, 1.0460402074916932, 1.3333333333333333, 1.0481137233460907, 1.0, 1.0, 1.0454545454545454, 1.18854415274463, 1.0926640926640927, 1.2524271844660195, 1.0714285714285714, 1.0, 1.0719041278295607, 1.0095595934708963, 1.5, 1.2221560452650386, 1.0, 1.01134138009565, 1.141025641025641, 1.0719758593545001, 1.1682027649769586, 1.0018181818181817, 1.3073496659242763, 1.0555555555555556, 1.0101706847611986, 1.004812254953651, 1.0359520639147803, 1.0, 1.1428571428571428, 1.8333333333333333, 1.5, 1.2307692307692308, 1.0024368289076062, 1.25, 1.0798668885191347, 1.0594059405940595, 1.0065881160521981, 1.0214758429464543, 1.0125130344108446, 1.0664643649931516, 1.030484160191273, 1.2556053811659194, 1.5, 1.023454157782516, 1.0585585585585586, 1.00566632748965, 1.2380952380952381, 3.142857142857143, 1.0378619153674833, 1.041860465116279, 1.0061217719622844, 1.1895043731778425, 1.342769701606733, 1.0365853658536586, 1.4814814814814814, 1.0808477237048666, 1.0603813559322033, 1.0769230769230769, 1.0584707646176912, 1.1388888888888888, 1.045861436608336, 1.0206617773799131, 1.0103354380758887, 1.2647058823529411, 1.054054054054054, 1.0591715976331362, 1.0, 1.0302752523984129, 1.0304759660456038, 1.0325201359467386, 1.0091981867459765, 1.065308854465481, 1.0240807028961927, 1.8333333333333333, 1.388326097443319, 1.2, 1.0922288642186166, 1.1111111111111112, 1.027687360069679, 1.0014492753623188, 1.0324591573516766, 1.1462450592885376, 1.058623619371283, 3.0, 1.0163739208097649, 1.0065569566929495, 1.0011035497517013, 1.0, 1.105263157894737, 1.027831094049904, 1.3045977011494252, 1.0948004737981456, 1.1425178147268409, 1.105263157894737, 1.0422778257118206, 1.1201533175964662, 1.0713299242282857, 1.0049794806481285, 1.1535087719298245, 1.165837479270315, 1.196969696969697, 1.3636363636363635, 1.0154639175257731, 1.3448275862068966, 1.0422919508867667, 1.0, 1.012580368624089, 1.25, 1.1358063601122002, 1.107982025210404, 1.1225761772853187, 1.0, 1.0555555555555556, 1.28, 1.001168724921111, 1.301969365426696, 1.0, 1.086142580823432, 1.0148897869651776, 1.1202414113277623, 1.0, 2.0, 1.1829126213592234, 1.006311992786294, 1.3436123348017621, 1.0, 1.0167474767464872, 1.044378698224852, 1.0869565217391304, 1.1012429378531075, 1.0272727272727273, 1.0173564753004005, 1.1508064516129033, 1.1148506520824568, 1.0958613168015614, 1.0, 1.0675675675675675, 1.0628291423987724, 1.0120501956175483, 1.0439475843632888, 1.0, 1.0073529411764706, 1.0203010314665988, 1.0277632268203247, 2.0, 1.1180223285486444, 1.0384398098017984, 1.0957803729272857, 1.1484863046612206, 1.0236575508314638, 1.2036614577392495, 1.0445378151260505, 1.0168756027000965, 2.0, 1.0896170344720657, 1.0405405405405406, 1.25, 1.2371794871794872, 1.1304347826086956, 1.0430080417300587, 1.012908777969019, 1.0740963740275626, 1.34672435105068, 1.0720897717137141, 1.0380089273637225, 1.003785383219483, 1.0679611650485437, 4.0, 1.048037450486136, 1.0149797570850203, 1.0061251467186307, 1.0223765358091712, 1.0856513357201873, 1.1369264384559359, 1.045, 1.4285714285714286, 1.0134846709024736, 1.0224184086119497, 1.0080588517984548, 1.0694493160294634, 1.0642860807552204, 1.02680412371134, 1.001194348691557, 1.0209251101321586, 1.0680272108843538, 2.0, 1.0, 1.01840490797546, 1.050185873605948, 1.0134228187919463, 1.0486284289276808, 1.1409395973154361, 1.1242937853107344, 1.0554699537750385, 1.1263736263736264, 1.0133614549016117, 1.4303797468354431, 1.096824860665428, 1.0, 1.008695652173913, 1.2976190476190477, 1.1631205673758864, 1.0266704903928878, 1.1901041666666667, 1.0835117773019272, 1.047554347826087, 1.005105433130699, 1.0, 1.7234042553191489, 2.0, 1.0, 1.0602409638554218, 1.0486257928118394, 1.3875802997858673, 1.0957446808510638, 1.0275552707465556, 1.1601615074024225, 1.0452879312116747, 1.0007887990534412, 1.1025430680885973, 1.0227345439033613, 1.0818713450292399, 1.0457920792079207, 1.1649733913884857, 1.0434108527131782, 1.1026011560693643, 1.0027048958615092, 1.0143415235941196, 1.0946269573226897, 1.0122747176224816, 2.0, 1.0654450261780104, 1.0619223659889094, 1.0555555555555556, 1.0, 1.108695652173913, 1.25, 1.160164271047228, 1.8148148148148149, 1.5, 1.0188567746912947, 1.0263195308334814, 1.0058718539020668, 1.0319339512423087, 1.0702702702702702, 1.046172539489672, 2.0, 1.2125984251968505, 1.1385159010600707, 1.005260347129506, 1.0084652665589662, 1.0321790636746782, 1.027534418022528, 1.0519125683060109, 1.0613216868898463, 1.163410301953819, 1.0023768414915801, 1.0955590278431446, 1.393939393939394, 1.120401337792642, 1.0, 1.0136054421768708, 1.0240670114762378, 3.0, 1.0648318042813456, 1.0266007010693525, 1.2857142857142858, 1.1972225816190107, 1.1, 1.1176470588235294, 1.0272592067988668, 1.7692307692307692, 1.0051934325856005, 1.0162323793250747, 1.1875, 1.2608695652173914, 1.3434903047091413, 1.025, 1.1413454270597128, 1.035918239975035, 1.011423081029145, 1.0, 1.2301759721920487, 1.0030487804878048, 2.0, 1.0193740341813318, 1.0373215676096548, 1.099337748344371, 1.0093774504132762, 1.0513886921700166, 1.4303797468354431, 2.0, 1.0680867249904906, 1.0333333333333334, 1.014931285089381, 1.0967311541027351, 1.0433061109222, 1.1011582419268238, 1.0366300366300367, 1.0212765957446808, 1.1074074074074074, 1.0503538286935041, 1.04794952681388, 1.0165745856353592, 1.023109243697479, 1.0784544044039657, 4.0, 1.0023332634228188, 1.0204597094863264, 1.0302751499144893, 1.0526315789473684, 1.0564072471209565, 1.173160173160173, 1.0, 1.0100815788536213, 1.0134426229508198, 1.106280193236715, 1.1176470588235294, 1.6666666666666667, 1.0384585364469137, 1.5, 1.3459119496855345, 1.1538461538461537, 1.0760240039076128, 1.2857142857142858, 1.281081081081081, 1.0838574423480083, 1.0, 1.2896825396825398, 1.020013342228152, 2.0, 1.0, 1.064, 1.102661596958175, 1.1031510107015459, 1.0203426124197001, 1.0578512396694215, 1.0149700598802396, 1.089150378938971, 1.051948051948052, 1.5408805031446542, 1.4080459770114941, 1.1923076923076923, 1.0, 1.047418335089568, 1.2842712842712842, 1.0864197530864197, 1.286761765097987, 1.036405975926934, 1.231537129469288, 1.0413615747191178, 1.00581983805668, 1.0469314079422383, 1.001194743130227, 1.375, 1.0, 1.0303030303030303, 1.064988806181251, 1.1118743866535818, 1.0065359477124183, 1.1666666666666667, 1.0693394425353189, 1.0881907645722937, 1.0074539312039312, 1.064102564102564, 1.1, 1.0429311621021466, 1.1310312831389184, 1.0256430388492823, 1.0460619357908512, 1.2171052631578947, 1.1178381571175429, 1.0126424822724986, 1.12051649928264, 1.033140452393477, 1.1111111111111112, 1.0462919225318847, 1.1951547779273217, 1.0, 1.1257668711656441, 1.0347890451517394, 1.0, 1.0403800475059382, 1.014403832272459, 1.2777777777777777, 1.0031205470510034, 1.146186440677966, 1.048780487804878, 1.047553277844413, 1.0146305779078273, 1.1068694601128122, 1.015267175572519, 1.04756242568371, 1.0027051397655546, 1.1382113821138211, 1.0, 1.0, 1.1111111111111112, 1.0131040329417464, 1.8333333333333333, 1.026826115061409, 1.0658284421948199, 1.1163048294195834, 1.0870034542314335, 1.0027737738497136, 1.1037513397642016, 1.0608365019011408, 1.0212464589235128, 1.018897785709254, 1.0506721820062048, 1.0062747165831796, 1.000904104635043, 1.4285714285714286, 1.0625, 1.2608695652173914, 1.0040895880827663, 1.0521172638436482, 1.0261791432280398, 1.1893805309734513, 1.0350877192982457, 1.046765918075532, 1.0290055248618784, 1.0156971375807942, 1.3125, 1.0079307180006118, 1.0039894717674518, 1.1210782147591691, 1.0008428150021071, 1.103448275862069, 1.025695931477516, 1.1243781094527363, 1.5625, 1.0569543509272468, 1.3461538461538463, 1.1481481481481481, 1.065934065934066, 1.1490222521915037, 1.0577025823686554, 1.068235294117647, 1.3636363636363635, 1.0769230769230769, 1.008419427184823, 1.0054296216022969, 1.0020420996270678, 1.0412418433931485, 1.0654467825556573, 1.1538461538461537, 1.0764655904842821, 1.123266262941981, 1.0774588151256752, 1.0131979695431472, 1.2013888888888888, 1.0442561205273069, 1.0540721258859715, 1.2100175746924429, 1.05733576844319, 1.0, 1.3333333333333333, 1.0139728664681287, 1.0225899280575539, 1.0321915635902315, 1.0730266690531591, 1.0558659217877095, 1.0817307692307692, 1.0027279466271313, 1.1117743720446696, 1.036190476190476, 1.318918918918919, 1.01890756302521, 1.0127374466205272, 1.0119047619047619, 1.75, 1.0259344902202046, 1.0052051439069198, 1.0299471520845567, 1.2571428571428571, 1.0233419785105595, 1.0259309459266657, 1.0301187373298581, 1.0175, 1.2692307692307692, 1.1314016172506738, 1.0281385281385282, 1.11875, 1.5925925925925926, 1.0235110068164042, 1.0168483647175421, 1.0923913043478262, 1.2424242424242424, 1.0715952786972949, 1.0252067743205986, 1.0151525446762248, 1.0854563044179297, 1.6666666666666667, 1.0769230769230769, 1.3333333333333333, 1.0155642023346303, 1.3076923076923077, 1.3333333333333333, 1.5, 1.329225352112676, 1.0147058823529411, 1.0719743107075628, 1.006636848939547, 1.095617529880478, 1.411764705882353, 1.0, 1.064516129032258, 1.2837837837837838, 1.3725490196078431, 1.0249221183800623, 1.0141899056482713, 1.0030742433490643, 1.046875, 1.0190679294988396, 1.001651568990541, 5.0, 1.007978632914838, 1.1742857142857144, 1.0, 1.3333333333333333, 1.0488165680473374, 1.138635874632432, 1.0645610775661867, 1.0248447204968945, 1.0, 1.0794979079497908, 1.322085889570552, 2.0, 1.5, 1.0342027559055118, 1.0083344535555854, 1.1971578160059835, 1.25, 1.019885740510152, 1.0650658404337723, 1.1511216056670601, 1.1428571428571428, 1.1210526315789473, 1.0019462054036612, 1.486842105263158, 1.0766263370156057, 1.082895786953417, 1.0447058823529412, 1.03125, 1.0304958677685951, 1.1938514090520922, 1.1446280991735538, 1.15, 1.0626449104823668, 1.2085735402808573, 1.047626962756114, 1.5904761904761904, 1.146067415730337, 1.1940298507462686, 1.0415584415584416, 1.027567403817025, 1.0210972614327791, 1.0079103290047973, 1.0906113537117903, 3.0, 1.25, 1.0162053314581603, 1.1204925241864556, 1.3435129352266095, 1.0264223673685338, 1.078273958855996, 1.0979377139517408, 1.0703883495145632, 1.0416666666666667, 1.0199669837276943, 1.034034640751166, 1.013553329404832, 1.1190893169877407, 2.5, 1.0533333333333332, 1.0654095894933784, 1.0719235364396655, 1.0354212430546583, 1.003318715183122, 1.1448863636363635, 1.6, 1.010625737898465, 1.062922718055116, 1.034726981951108, 1.0228136882129277, 1.0260453916940828, 1.2661290322580645, 1.2565880721220528, 1.0678260869565217, 1.0028094487730497, 1.0539437494454795, 1.1036866359447004, 1.1216389244558258, 1.03125, 1.0257177033492824, 1.0162578966926794, 1.059445178335535, 1.0538371070690462, 1.056437389770723, 1.0661290322580645, 1.2857142857142858, 1.059447983014862, 2.5, 1.5, 1.4166666666666667, 1.0332480818414322, 1.1532385466034756, 1.0222436778194512, 1.0539863140907164, 1.1668928086838535, 1.0575313807531381, 1.0706521739130435, 1.2653061224489797, 1.0080809781350617, 1.6, 1.3333333333333333, 1.1717073170731707, 1.0, 1.1259370314842578, 1.1113825109916953, 1.0093735917079765, 1.0220171722582005, 1.25, 1.0453074433656957, 1.3875968992248062, 1.0345717234262126, 1.00071612849916, 1.0746268656716418, 1.0369318181818181, 1.0277794456119282, 1.0770746407046825, 1.1558028616852147, 1.290909090909091, 1.191340782122905, 1.0, 1.0, 1.0006616358499338, 1.6666666666666667, 1.5714285714285714, 1.35, 1.0120627261761157, 1.0444444444444445, 1.0391705069124424, 1.1087429317094388, 1.0, 1.1731843575418994, 1.0166270783847982, 1.2062780269058295, 1.0558375634517767, 1.1111111111111112, 1.035919540229885, 1.0759423503325942, 1.0864978902953586, 1.0302681992337164, 1.0103756392922227, 1.128539644012945, 1.0503261882572228, 1.0, 1.0338875491813682, 1.006841312220783, 1.002600430416069, 1.2695652173913043, 1.0774049911980947]
origin-bjaq_15.87 	max: 5.0000	99th: 2.6667	95th: 1.5629	median: 1.0599	mean: 1.1499

...Done, result: results.csv

WORKLOAD-FINISHED | Type: QueryWorkload | Progress: 1/3 | Workload-time: 16.086735 | Model-update-time: 0.000000


WORKLOAD-START | Type: DataUpdateWorkload | Progress: 2/3
Going to run: ['python', '/home/kangping/code_copy/SAUCE/Naru/eval_model.py', '--model=naru', '--data_update=tupleskew', '--dataset=bjaq', '--drift_test=js', '--end2end', '--update_size=80000', '--query_seed=0', '--eval_type=drift']
Torch device: cuda:1
GET-MODEL-PATH=./models/end2end/naru/origin-bjaq-3.5MB-model34.414-data18.543-200epochs-seed0.pt
GET-DATASET-PATH=./data/bjaq/end2end/bjaq.npy
TupleSkewSample - START
0.001
TupleSkewSample - END
load_npy_dataset_from_path - df.shape = (458601, 5)
Parsing... done, took 0.0s
Data updated!
Previous data size: (382168, 5), new data size: (76433, 5)
[5.0723553e-05 1.4042854e-04 2.7179718e-05 3.7235022e-04 5.1736832e-05]
Distance score: 0.00012848377809859812
SAUCE Drift detection: True
Detection latency: 0.0228s

DRIFT-DETECTED after 2-th workload
Going to run: ['python', '/home/kangping/code_copy/SAUCE/Naru/incremental_train.py', '--dataset=bjaq', '--end2end', '--model=naru', '--model_update=adapt', '--update_size=80000', '--epochs=0']
Torch device: cuda:1
GET-MODEL-PATH=./models/end2end/naru/origin-bjaq-3.5MB-model34.414-data18.543-200epochs-seed0.pt
update_size: 76433
AdaptTask - START
GET-DATASET-PATH=./data/bjaq/end2end/bjaq.npy
load_npy_dataset_from_path - df.shape = (458601, 5)
Parsing... done, took 0.0s
done, took 0.0s
dataset size: 458601
train data shape: torch.Size([76433, 5]), transfer data shape:torch.Size([15286, 5])
Training done; evaluating likelihood on full data:
Epoch None Iter 0, test loss 22.1255 nats / 31.9203 bits
Saved to: /home/kangping/code_copy/SAUCE/models/end2end/naru/origin-bjaq-3.5MB-model34.414-data18.543-200epochs-seed0.pt
AdaptTask - END

WORKLOAD-FINISHED | Type: DataUpdateWorkload | Progress: 2/3 | Workload-time: 2.014955 | Model-update-time: 3.312131


WORKLOAD-START | Type: QueryWorkload | Progress: 3/3
Going to run: ['python', '/home/kangping/code_copy/SAUCE/Naru/eval_model.py', '--dataset=bjaq', '--model=naru', '--end2end', '--query_seed=0', '--eval_type=estimate', '--num_workload=3', '--data_update=tupleskew', '--model_update=adapt', '--random_seed=42']
Torch device: cuda:1
GET-MODEL-PATH=./models/end2end/naru/origin-bjaq-3.5MB-model34.414-data18.543-200epochs-seed0.pt
ckpts [PosixPath('/home/kangping/code_copy/SAUCE/models/end2end/naru/origin-bjaq-3.5MB-model34.414-data18.543-200epochs-seed0.pt')]
Validate Argument: DATASET="bjaq" is valid.
data size: 458601, total size: 458601, split index: [382167 458601]
Parsing... done, took 0.0s
Loading ckpt: /home/kangping/code_copy/SAUCE/models/end2end/naru/origin-bjaq-3.5MB-model34.414-data18.543-200epochs-seed0.pt
query_seed:0
origin-bjaq_15.87 	max: 225.0000	99th: 193.0500	95th: 3.5936	median: 1.1133	mean: 4.5363
ReportEsts: [1.0161290322580645, 1.0467945718296678, 1.0396158010020393, 1.2557692307692307, 1.2, 1.0, 1.1837008343265794, 1.0073991819398644, 1.0, 1.1566110397946086, 1.097996108457787, 1.0178788273050567, 1.0366937041328699, 1.244186046511628, 1.1168156907989617, 23.0, 1.323076923076923, 47.5, 1.2, 1.1192384769539079, 1.051378809869376, 1.0662269181009134, 1.225609756097561, 1.1112140871177016, 1.05484934086629, 1.0044833595682483, 2.0, 1.091056546786733, 1.0, 1.6, 1.2044198895027625, 1.0, 1.0026586823810213, 1.0160199240255168, 1.4222668004012036, 1.1334117339605383, 1.0331879707764626, 1.1550802139037433, 187.0, 1.0658812587195783, 1.091475282210977, 1.0436960460407119, 1.2529348986125934, 1.0077266984157838, 1.2521739130434784, 1.1249622597202187, 1.4444444444444444, 2.472, 1.4964028776978417, 1.2255414488424197, 4.613636363636363, 1.6329588014981273, 1.125, 1.103448275862069, 1.0347413383958235, 1.00350891183859, 1.0032946569259418, 1.2216216216216216, 1.064102564102564, 1.0244017234813638, 1.3148148148148149, 1.067008645432577, 1.5670241286863271, 1.3272727272727274, 1.2758620689655173, 35.2, 1.1344090587402689, 1.0201198630136987, 1.0, 1.0, 1.073066263542454, 1.201670644391408, 1.0291790306627102, 1.3288288288288288, 1.1288596288596289, 5.714285714285714, 1.0074897691297968, 1.2391304347826086, 2.4609929078014185, 1.029447460274153, 1.253528773072747, 53.75, 1.0, 45.75, 1.0932400932400932, 1.2549019607843137, 1.1420911528150135, 210.0, 91.0, 1.0394602363462153, 1.1639183673469389, 1.0239579914670167, 1.1348131642098045, 1.3039779259599908, 1.2180685358255452, 1.06313834726091, 1.0401034928848643, 1.5263975155279503, 18.6, 1.166073546856465, 1.72, 204.0, 1.0233565610144024, 1.0056134723336005, 1.0058351568198396, 1.0059541268258345, 5.488888888888889, 1.0152334784640997, 1.2579666160849772, 1.1195968342014475, 1.1695536309127248, 1.0490298898793917, 1.3333333333333333, 23.11111111111111, 1.0304635761589405, 1.0069317860902158, 1.2407199100112485, 1.0649350649350648, 1.0030378701482559, 1.0, 1.2278005464480874, 1.4239234449760765, 1.0, 1.4395604395604396, 1.0, 1.220675944333996, 1.0136107105342804, 1.071245985449302, 1.0982142857142858, 1.8, 1.0774603174603175, 1.0, 23.3, 1.0364949807674266, 1.0, 1.3402868318122556, 1.0036197670758578, 1.022950819672131, 23.444444444444443, 1.2142857142857142, 1.19559902200489, 1.1707789066279632, 1.109618484685653, 1.0655318689767264, 1.382716049382716, 1.0294736842105263, 1.0154442562125197, 2.0, 1.1050402371876324, 1.1531428571428572, 1.1051478641840087, 1.11107459743674, 1.0, 1.1177986189838194, 1.055952380952381, 1.1607142857142858, 5.947368421052632, 1.0, 1.0096618357487923, 1.061433367527744, 1.0765360983102918, 1.0760059612518629, 1.9031413612565444, 1.183673469387755, 1.5217391304347827, 1.0736377025036818, 1.4285714285714286, 1.0039089921598474, 5.104166666666667, 1.0111607142857142, 1.0000174564026345, 1.093819237527695, 1.0442606361916493, 1.2589473684210526, 1.273109243697479, 1.291495944476963, 5.641025641025641, 1.0293356341673856, 1.0236087689713322, 1.0303030303030303, 1.0919550767820307, 1.0154605969508268, 1.1492537313432836, 1.3754045307443366, 1.0076629777736446, 1.0042045684253083, 1.2188841201716738, 1.0436261125841522, 1.0564971751412429, 207.0, 1.1038251366120218, 1.0034965034965035, 1.2, 1.165859564164649, 1.0335722050426908, 1.1119891669024617, 1.0065934065934066, 1.0631895687061184, 1.007806547199097, 1.1038759689922482, 1.0654369784804567, 1.0201928585067788, 1.3798491379310345, 1.0135589291922587, 1.0950391644908617, 1.0169935822109735, 1.2824858757062148, 1.1875, 1.1785714285714286, 1.0, 1.15, 1.0431587386424372, 2.0696864111498257, 1.4137931034482758, 1.1397893030794166, 33.5, 1.0005157137994698, 1.252717391304348, 1.0015310850558041, 12.88888888888889, 1.2210982658959537, 1.0877143660387967, 1.0503250543805533, 1.030773433764916, 45.5, 1.0052219321148825, 1.0584894259818731, 1.1993404177354343, 1.2341772151898733, 1.540755467196819, 1.0212765957446808, 1.0727079440757683, 1.1683168316831682, 1.0001651719765967, 1.0029137873911398, 1.070631970260223, 1.4156378600823045, 1.148993288590604, 11.941176470588236, 1.3661417322834646, 1.0, 1.0857679465776293, 1.0049183207447743, 1.0488205128205128, 1.0767543859649122, 1.0833333333333333, 3.3333333333333335, 1.0957259695717174, 1.3454545454545455, 1.148870455347688, 1.5, 9.0, 1.234093637454982, 1.1428571428571428, 1.015146637352283, 1.3204419889502763, 1.0537974683544304, 1.0447058823529412, 1.0152616279069768, 1.0924011637857265, 1.263157894736842, 2.0, 1.0120932335272077, 1.0019723865877712, 1.3362521891418564, 1.0427573026549999, 1.042570677186062, 1.0308192569997985, 1.1339779005524862, 1.0123693101898175, 1.040673211781206, 1.1887429643527205, 1.3988341968911917, 2.272727272727273, 1.0550986272355671, 1.0122324159021407, 1.5, 1.2, 2.626126126126126, 1.0380710659898478, 1.035433934131474, 1.002115908764883, 1.3760445682451254, 1.0126903553299493, 1.0147900786685506, 1.0746644295302012, 1.048309576776249, 1.0107599222576928, 1.7, 1.0955004591368227, 1.0532475131655938, 1.0491671050324392, 1.0066963024355329, 1.0422680260699415, 1.1752519596864501, 1.039344262295082, 1.049677556516193, 1.028066372673593, 1.1150966017413864, 1.1011855298875408, 1.0898268398268398, 207.0, 1.3636363636363635, 1.1938084488874556, 13.933333333333334, 1.2450765864332605, 1.0451487629188851, 1.065159988193342, 1.3548387096774193, 1.5544554455445545, 2.088050314465409, 1.1080856715922298, 1.0473066984694892, 1.15, 1.0920599803343167, 1.0083481018561702, 1.236619718309859, 202.0, 1.6666666666666667, 1.1340755082284608, 1.7142857142857142, 1.0276590666086827, 1.2765567765567765, 1.105263157894737, 1.0534547851621023, 1.2857142857142858, 1.5555555555555556, 1.0134971652731646, 2.0, 1.3754646840148699, 1.2863372093023255, 1.0254777070063694, 3.579710144927536, 1.4360313315926894, 1.4175824175824177, 1.016276093284554, 1.0196823885469446, 1.2778904665314401, 1.0035106706801502, 1.112275263484191, 3.0, 1.3333333333333333, 1.012092280075355, 1.0, 1.0300610615312353, 1.1764705882352942, 36.8, 1.2272727272727273, 1.2035573122529644, 1.0980565371024735, 1.0077519379844961, 1.4015369836695486, 1.4393939393939394, 2.0, 1.0370287632934614, 20.9, 1.0357142857142858, 1.032671253181767, 1.4, 1.5612903225806452, 1.1969026548672566, 2.25, 1.0, 1.021011162179908, 1.3636363636363635, 1.322253000923361, 1.0189170116177415, 1.0374037403740375, 1.1370262390670554, 1.0, 1.0055243099020317, 19.545454545454547, 1.064516129032258, 193.0, 1.0374531835205993, 1.4285714285714286, 1.058974358974359, 1.1485148514851484, 1.0721790579664372, 1.0142508113627247, 2.017543859649123, 1.0362487169790935, 1.008539829203416, 1.694249649368864, 1.2132471728594507, 1.0504239178937975, 1.0507042253521126, 1.2333333333333334, 1.0123650113147016, 1.0132414053645638, 1.2467264745180378, 1.2971428571428572, 1.3428571428571427, 1.5816135084427767, 2.0, 1.5555555555555556, 1.1929824561403508, 1.275229357798165, 1.3629032258064515, 1.3746192893401015, 1.1288409703504043, 1.4945054945054945, 1.2201834862385321, 1.0211693548387097, 1.0653047794801367, 1.2463768115942029, 1.0990990990990992, 1.1312849162011174, 1.0, 1.00651569867072, 1.1551724137931034, 1.0195731929851521, 1.090942562592047, 1.0924079137847837, 1.1157074340527577, 1.5714285714285714, 1.0339256865912763, 1.2, 1.3494302767227346, 1.0, 1.0752991645969745, 1.2347826086956522, 1.0528603104212861, 1.290858725761773, 1.0690208667736758, 3.0, 1.0346020761245676, 1.004597228462708, 1.128271685052996, 1.0, 1.0, 1.011317704122878, 1.5517241379310345, 1.1700164631636714, 1.0053023763806437, 1.2380952380952381, 1.4814495254529767, 1.0685736152300775, 1.0140003620783296, 1.0129088721146482, 1.0621889957821904, 1.2673267326732673, 208.0, 1.057157569515963, 1.0241000291995161, 1.6018518518518519, 1.386117136659436, 1.0, 1.5, 1.4698039215686274, 1.1025641025641026, 1.221359223300971, 1.0627567018504616, 1.2454545454545454, 1.0, 1.105263157894737, 1.52, 1.0266340518525876, 1.0909090909090908, 1.0, 1.1317572054721743, 1.0, 1.0, 1.2135761589403973, 1.5, 1.245494729683781, 1.3050338091660405, 1.2398373983739837, 1.2222222222222223, 1.0083266255859415, 1.1227573182247403, 1.12, 1.0038409892889486, 1.2272727272727273, 1.246719160104987, 1.0286935286935286, 1.1208513708513708, 1.0374208933321105, 1.0, 1.2837837837837838, 1.0341934946251492, 1.220635430038511, 1.137984496124031, 1.2, 1.0154719937328633, 1.0016873648253137, 1.127934834690944, 2.0, 1.0686337395766516, 1.0851803182946416, 1.1287503641130208, 1.1408086763474907, 1.0422764349828857, 1.768079800498753, 1.2630252100840336, 1.1238917935894521, 1.5, 1.0055317774368084, 1.1205673758865249, 1.0958617077003667, 1.099737532808399, 1.2222222222222223, 1.0141605480214102, 1.1355932203389831, 1.027370740536712, 1.2865111561866125, 1.0547785775760896, 1.1460142067876875, 1.0324041102858887, 1.0619542047720554, 1.1066666666666667, 1.1728395061728396, 1.0333110402304764, 1.2321428571428572, 1.0287661070967387, 1.0014744651564287, 1.0, 1.1073487031700289, 1.4680851063829787, 15.928571428571429, 1.1891891891891893, 1.0109081044421837, 1.5808580858085808, 2.5390334572490705, 1.0, 3.857142857142857, 1.2252422595131174, 1.0397848353612429, 1.1580651304513425, 1.0653864106154565, 1.1774397972116604, 1.446058091286307, 1.001078167115903, 1.0619015099779954, 2.573529411764706, 1.0268210723815236, 1.0141716052563772, 1.335164835164835, 1.048537983053338, 1.55, 1.0307941441500268, 1.0, 1.2447405329593269, 1.6706349206349207, 1.0748007768030536, 1.2345679012345678, 1.109452736318408, 1.2608695652173914, 1.091743119266055, 1.032087717573016, 1.0, 1.9787234042553192, 1.5, 1.3333333333333333, 1.1136363636363635, 73.0, 1.1211072664359862, 1.0776699029126213, 1.0384459732901659, 2.7160493827160495, 1.0196160500027904, 1.0173233421964387, 1.0037026166662903, 1.1703891935268156, 1.0339083878643665, 1.124852071005917, 1.034605160530379, 1.0135190471386266, 1.1305530371713508, 1.150845253576073, 1.054089709762533, 1.02, 1.0083094314155558, 1.28625, 1.0101160961427404, 1.9953271028037383, 1.050939798420049, 1.4448818897637796, 2.5, 1.2644163150492265, 1.0714285714285714, 198.0, 1.4028571428571428, 1.0143972759909694, 1.1736770691994574, 1.3180428134556574, 1.1233766233766234, 1.0224987858183585, 1.2551693944904694, 1.0928196147110332, 1.0, 29.714285714285715, 1.0024699143412685, 1.518918918918919, 1.001240694789082, 1.0463385354141657, 1.0, 1.1441486690105476, 1.096103896103896, 1.0229053646775166, 1.369449378330373, 1.02407449466273, 1.0350651674076823, 1.0091774960590285, 1.025974025974026, 54.25, 1.0728315054835493, 1.0, 1.4677002583979328, 1.7644628099173554, 1.0875420875420876, 1.2063375092114959, 1.2222222222222223, 1.0231671168573655, 1.0225563909774436, 1.6385542168674698, 1.1018605814557558, 1.29453125, 1.296038915913829, 1.0877551020408163, 1.179509632224168, 1.0369769704832954, 1.2, 1.0823019801980198, 1.146831310765737, 1.3333333333333333, 1.0940054495912805, 1.0721008265815533, 2.7168141592920354, 1.0706654975573966, 1.1, 1.6875, 1.0675787728026533, 1.0469208211143695, 1.0571428571428572, 1.048554605692313, 1.0560747663551402, 2.7142857142857144, 1.0641301012580546, 1.157258064516129, 1.0703067772275776, 1.2040332147093713, 1.0071470972337646, 1.013300268503073, 1.4102564102564104, 1.0322071360909377, 1.1137123745819397, 1.0091683220581493, 1.0323395654370895, 1.1920289855072463, 1.1921229586935638, 1.1980543052127197, 1.559873949579832, 1.032258064516129, 1.2777777777777777, 1.6, 1.2555720653789004, 1.0131481481481481, 1.2168885774351788, 1.0743910467412772, 1.3333333333333333, 1.3170542635658915, 1.0548678487788559, 1.2612612612612613, 1.0145071278401352, 2.0, 1.0867547929615688, 1.5, 1.1474530831099197, 1.3076923076923077, 1.0938862124340445, 1.0909090909090908, 1.9553571428571428, 1.146086956521739, 1.0, 1.2001740644038295, 1.1321428571428571, 2.25, 1.0, 1.0902255639097744, 1.1241379310344828, 1.0486745886654478, 1.2240921169176262, 1.1875, 1.4777070063694266, 1.0574018126888218, 1.419622641509434, 1.3387978142076502, 1.0489795918367346, 1.5384615384615385, 1.0, 1.5998209489704567, 1.0586932447397563, 1.2919148936170213, 1.4291747517406688, 1.0101498925132273, 1.223125926519492, 1.0021279118383037, 1.0828671660187732, 1.1174838112858465, 1.0464646464646465, 1.1, 1.0, 1.1764705882352942, 1.0236557718364785, 1.0737770649558942, 1.9078590785907859, 1.0147783251231528, 1.1481305234534331, 1.0593584327126757, 1.0012052582896545, 1.294871794871795, 1.0454545454545454, 1.0144727773949, 1.0839745363963464, 1.0588619074337462, 1.054696646424859, 1.5, 1.0880618143211043, 1.0253935498009423, 1.0513697893128457, 1.1610320284697508, 1.006884452415824, 1.1355932203389831, 1.0213185945519148, 1.0843283582089551, 1.007482985152291, 36.5, 1.0364360945061202, 1.0, 1.3271221532091098, 1.0913535549347169, 1.5, 1.0065361665650971, 1.4014830508474576, 1.3488372093023255, 1.0463824662333656, 1.026634740451697, 1.0725699436027867, 1.1221613155833985, 1.014732965009208, 1.0213174618230105, 1.0464285714285715, 1.3571428571428572, 1.0, 1.0, 1.005691724953404, 2.1666666666666665, 1.4422398589065255, 1.115712488936507, 1.2085441259134344, 1.01284945303004, 1.0026927792043037, 1.0917883211678832, 1.1505376344086022, 1.176144244105409, 1.0145322084413109, 1.0221626343266907, 1.006618297082693, 1.0802982506452539, 1.1111111111111112, 1.448657187993681, 1.6205533596837944, 1.0432046365951468, 1.8282828282828283, 1.0226753383722975, 1.030104712041885, 1.2417153996101364, 1.0345339979309696, 1.3089430894308942, 1.021533577196494, 1.5625, 1.027938744768232, 1.0032464536765233, 1.2856057728826433, 1.1162627327010888, 1.21875, 4.349206349206349, 1.0368735869425, 1.1725702018628164, 1.387308533916849, 1.005354320629028, 1.2121212121212122, 1.2391579613801835, 1.0306391970417328, 1.0281359906213365, 1.3751846381093058, 1.1221441124780316, 1.1070763500931098, 1.055656108597285, 1.0732701429331892, 1.245958429561201, 1.1151421691962233, 1.0491847080910426, 1.3076923076923077, 1.1523283346487767, 1.1192714453584018, 1.0479916412381416, 1.112966601178782, 1.2344689378757514, 1.1000962463907604, 1.4542857142857142, 1.0583756345177664, 1.0211562714119737, 204.0, 1.017583664208735, 1.0148094277875113, 1.091576585763818, 1.7951127819548873, 1.0211119853134014, 1.082441602505546, 1.2769353551476457, 1.310204081632653, 1.011636036755893, 1.1532978287587055, 1.1408668730650156, 1.6216216216216217, 1.2338935574229692, 1.0083809718252348, 1.25, 1.75, 1.039265357821406, 1.0003366847005828, 1.1381322957198443, 3.088235294117647, 1.0375749921060942, 1.004314849739299, 1.0366777094178892, 1.08640081799591, 5.488888888888889, 1.1705150976909413, 2.6542056074766354, 1.303125, 1.303030303030303, 1.0678998546998995, 1.3183673469387756, 2.140845070422535, 1.024390243902439, 1.13808197373657, 1.2058152793614596, 1.1647058823529413, 39.6, 1.0625806451612902, 1.0434782608695652, 1.0421475163070748, 1.2, 1.0684013072857008, 1.7236641221374045, 1.235944191186628, 2.4881889763779528, 11.222222222222221, 1.0606407322654463, 1.0968583947049502, 1.0188301055841003, 1.8018867924528301, 1.8823529411764706, 1.1875, 1.3225806451612903, 1.6081081081081081, 1.3461538461538463, 1.1795774647887325, 1.0201445826869464, 1.0012765586469723, 1.2421875, 1.0033044173039607, 1.0133143148930424, 5.0, 1.115890410958904, 1.0507042253521126, 1.0, 1.1428571428571428, 1.1317727511835876, 1.2093307278944798, 1.0474268612484037, 1.2794117647058822, 1.0, 2.425855513307985, 1.1840490797546013, 206.0, 1.0109732102315725, 1.036468356330781, 1.0116887817426206, 1.0940611877624475, 1.0, 1.0023759036674065, 1.2835011618900078, 1.3751243781094526, 1.969387755102041, 1.0389610389610389, 1.0, 4.918367346938775, 1.0489020999137022, 1.1043707741134263, 1.7875, 1.576271186440678, 1.0084003961162396, 1.2272047832585948, 1.2975206611570247, 1.0454545454545454, 1.0290565153484013, 1.1068346957311535, 1.070013185507085, 1.176056338028169, 1.0, 1.016605913325233, 1.25, 1.033129904097646, 1.2485207100591715, 1.0254383835932286, 1.0141592920353983, 1.5, 1.0925363053022628, 1.0313699034447865, 1.0691692735488356, 1.3124108416547788, 1.0010893368102576, 1.0272714623625991, 1.174113537117904, 1.2585034013605443, 1.3125, 1.006766618017779, 1.0333235466823254, 1.2469063052445493, 1.0924932975871313, 2.5, 1.2266666666666666, 1.0272501594242507, 1.0333761232349166, 1.0423715960013789, 1.0139753601013033, 1.205079365079365, 1.3333333333333333, 1.2044392523364487, 1.062179556041681, 1.0451977401129944, 1.1863117870722433, 1.0206851745420924, 1.0096463022508038, 1.8424317617866004, 1.0581068416119963, 1.0022422137759426, 1.216657287563309, 1.3341013824884793, 1.3738796414852752, 1.21875, 1.061682510185119, 1.0553940295479902, 1.055252033324269, 1.0005567928730512, 1.0469223007063573, 1.006631299734748, 31.142857142857142, 1.1153846153846154, 2.5, 1.5, 1.2142857142857142, 1.2268041237113403, 1.1864640883977902, 1.0068671065595796, 1.0350813008130082, 1.0993500464252552, 1.0741273839510614, 1.315217391304348, 1.3092031425364759, 1.0236193978285295, 1.6, 1.5, 1.1486118671747414, 1.125, 1.1896984924623115, 1.2521384928716903, 1.049225578898942, 1.0472194388777556, 1.5, 1.3134897360703812, 1.1103166496424923, 1.1094249354128791, 1.0077468912276377, 1.1590909090909092, 1.0735483870967741, 1.0259013298444926, 1.1399009464031775, 1.3259141494435611, 1.4489795918367347, 1.48463687150838, 1.0, 225.0, 1.0089430588942307, 1.25, 1.8571428571428572, 1.173913043478261, 1.200392927308448, 1.0053667043277497, 1.0994219653179191, 1.7215686274509805, 1.3333333333333333, 1.233398711123564, 1.2303482587064676, 2.0607734806629834, 1.1682692307692308]
origin-bjaq_15.87 	max: 225.0000	99th: 193.0500	95th: 3.5936	median: 1.1133	mean: 4.5363

...Done, result: results.csv

WORKLOAD-FINISHED | Type: QueryWorkload | Progress: 3/3 | Workload-time: 20.718830 | Model-update-time: 0.000000


Experiment Summary: #data-update-times=1, #drift=1 | total-time=42.166041