Input arguments = Namespace(data_update='tupleskew', update_size=80000, dataset='bjaq', debug=False, drift_test='js', model_update='adapt', model='naru', end2end=False, query_seed=0, random_seed=42, num_workload=3)
JSON-passed parameters = {'data_updater': {'skew_ratio': '1e-3'}, 'random_seed': 85, 'naru': {'epochs': 0}}
MODEL-PATH=/home/kangping/code_copy/SAUCE/models/end2end/naru/origin-bjaq-3.5MB-model34.414-data18.543-200epochs-seed0.pt
DATASET-PATH=/home/kangping/code_copy/SAUCE/data/bjaq/end2end/bjaq.npy
Workloads: ['QueryWorkload', 'DataUpdateWorkload', 'QueryWorkload']

WORKLOAD-START | Type: QueryWorkload | Progress: 1/3
Going to run: ['python', '/home/kangping/code_copy/SAUCE/Naru/eval_model.py', '--dataset=bjaq', '--model=naru', '--query_seed=0', '--end2end', '--eval_type=first_estimate', '--num_workload=3', '--data_update=tupleskew', '--model_update=adapt', '--random_seed=42']
Torch device: cuda:1
GET-MODEL-PATH=./models/end2end/naru/origin-bjaq-3.5MB-model34.414-data18.543-200epochs-seed0.pt
ckpts [PosixPath('/home/kangping/code_copy/SAUCE/models/end2end/naru/origin-bjaq-3.5MB-model34.414-data18.543-200epochs-seed0.pt')]
Validate Argument: DATASET="bjaq" is valid.
load_npy_dataset_from_path - df.shape = (382168, 5)
Parsing... done, took 0.0s
Loading ckpt: /home/kangping/code_copy/SAUCE/models/end2end/naru/origin-bjaq-3.5MB-model34.414-data18.543-200epochs-seed0.pt
query_seed:0
origin-bjaq_15.87 	max: 5.0000	99th: 2.6700	95th: 1.5930	median: 1.0609	mean: 1.1535
ReportEsts: [1.206896551724138, 1.0696378830083566, 1.0419112936654482, 1.001923076923077, 1.0344827586206897, 1.0, 1.1978333128154623, 1.0275693483984507, 1.25, 1.0263504611330698, 1.026846830829407, 1.0022531988924661, 1.0493609519612164, 1.0372093023255815, 1.0420346167432002, 1.0, 1.2857142857142858, 1.0035549235691432, 3.0, 2.6666666666666665, 1.2857142857142858, 1.109682984688376, 1.0328742235643613, 1.148347943358058, 1.002466699555994, 1.0, 1.0670597641415152, 1.2, 1.4, 1.2517985611510791, 1.0, 1.0052446586509243, 1.011924240933025, 1.3063263041065483, 1.0146028907763374, 1.0179405592038453, 1.0, 1.005906031088488, 1.1020042702665473, 1.2738095238095237, 1.1223021582733812, 1.0609756097560976, 1.0, 1.1320237119253327, 1.0559925960203609, 1.1900826446280992, 1.0485436893203883, 1.1598360655737705, 1.0156843635402557, 1.0277777777777777, 1.0776300257763003, 1.2876106194690264, 1.0045182385078086, 2.0, 1.2077922077922079, 1.037435833228997, 1.1250909090909091, 1.0727969348659003, 1.1180124223602483, 1.25, 1.048459651035987, 1.0342465753424657, 1.0863636363636364, 1.0919540229885059, 1.1, 1.1818905541518119, 1.0303336703741153, 1.1666666666666667, 1.0, 1.128920227320564, 1.0214797136038185, 1.0572254335260116, 1.1261261261261262, 1.127473162277957, 1.1741176470588235, 1.1587982832618027, 1.0, 1.048140043763676, 2.0, 1.03648598238113, 1.103448275862069, 1.026876707924771, 1.2331288343558282, 1.010321100917431, 1.0653423941453215, 1.04, 1.0077027775770278, 1.0403773906065727, 1.2254901960784315, 2.3333333333333335, 1.1711899791231732, 1.011958190973917, 1.0560747663551402, 1.270687237026648, 1.2220982142857142, 1.0875706214689265, 1.2616822429906542, 1.0, 1.0, 1.0178928247048138, 1.1421166306695465, 1.032772364924712, 1.003069974240446, 1.1470588235294117, 1.0119880716330487, 1.095695171611402, 1.0477363214710833, 1.013272658323853, 1.019375, 1.1666666666666667, 1.0, 1.1177853225385217, 1.0072786048139684, 1.0739484396200814, 1.013157894736842, 1.0027492592438647, 1.0, 1.1840926064227035, 1.0842105263157895, 1.0, 1.2472527472527473, 1.1666666666666667, 1.0100250626566416, 1.0264125048194774, 1.1098081851362895, 1.0769230769230769, 1.8, 1.2723509933774835, 1.0, 1.037037037037037, 1.009416118841439, 1.1818181818181819, 1.0183988065638985, 1.0017459350487041, 1.021644328865773, 1.1435114503816795, 1.083086053412463, 1.0090444357058592, 1.00199203187251, 1.04923273657289, 1.0086206896551724, 1.1975308641975309, 1.0450097847358122, 1.0410617002407196, 2.0, 1.0143319463707814, 1.0606060606060606, 1.0725806451612903, 1.007764249161814, 1.0, 1.0227658028578348, 1.0666666666666667, 1.032, 1.4476190476190476, 1.0744525547445256, 1.1505042668735455, 1.0181494565950218, 1.0218392922963508, 1.1768060836501901, 1.1644736842105263, 1.0425531914893618, 1.1956521739130435, 1.1567291311754684, 1.1428571428571428, 1.001177566243698, 1.0055738129913305, 1.0276338514680483, 1.0155910079767947, 1.0525351252290776, 1.0635021600275636, 1.0171306209850106, 1.0483193277310925, 1.2086762854652853, 1.173190984578885, 1.1475247524752474, 1.0696465696465696, 1.039018250471995, 1.03248, 1.0389026860989479, 1.0, 1.5, 1.0574541113266676, 1.0474002923366048, 1.1352201257861636, 1.0857142857142856, 1.0327855874602763, 1.0015375744762638, 1.0117741272211762, 1.1372549019607843, 1.270941652224148, 1.0147009919156011, 1.0, 1.5454545454545454, 1.0797350877957388, 1.2542565266742338, 1.1105990783410138, 1.4, 1.0315112540192926, 1.0068082438841417, 1.045448793952658, 1.1798245614035088, 1.145356804047644, 1.2553191489361701, 1.015625, 1.024390243902439, 1.0, 1.0526315789473684, 1.0285482562854826, 1.613240418118467, 1.0, 1.0177953534354918, 1.0957683741648108, 1.09188693716445, 1.066674558314344, 1.0718321750990452, 1.035294117647059, 1.0592485549132948, 1.031072502505847, 1.0244557412832442, 1.0364835164835164, 1.0, 1.0853002070393374, 1.0490221180548718, 1.0094578822393045, 1.0545863815419245, 1.056291117289218, 1.0012688208424971, 1.0344827586206897, 1.0038895827919492, 1.0496684260387061, 1.1866892272983645, 1.0364583333333333, 1.092926778676623, 1.011992263056093, 1.1141732283464567, 1.0, 1.0264370603929178, 1.0010607414024117, 1.0783619817997978, 1.3955223880597014, 1.0909090909090908, 2.6666666666666665, 1.0304954186525035, 1.1272727272727272, 1.0822802388557144, 1.5, 1.5, 1.2903225806451613, 1.0126482213438734, 1.4285714285714286, 1.0939226519337018, 1.0846681922196797, 1.0949033391915641, 1.0205655526992288, 1.0067034316113568, 1.1403508771929824, 2.0, 1.0400333611342785, 1.1587759022917525, 1.1295971978984238, 1.0219913456111378, 1.088129222329456, 1.0548058957857587, 1.1081081081081081, 1.0193299649666392, 1.0645933014354068, 1.0788723946618684, 1.4001031636863823, 1.4545454545454546, 1.0906568325965789, 1.1300639658848615, 1.25, 1.0, 1.1061818181818182, 1.0, 1.125, 1.0951752910302133, 1.0316091954022988, 1.2391304347826086, 1.0062328289662525, 1.1825396825396826, 1.0083497101712549, 1.0209901893680127, 1.5, 1.084048744998181, 1.2, 1.0004119193689747, 1.0109170305676856, 1.013006653172821, 1.3, 1.6666666666666667, 1.0, 1.5774647887323943, 1.0284976845631293, 1.0, 1.1406727828746177, 1.0207852193995381, 1.0368589743589745, 1.0007701898736017, 1.1595092024539877, 1.0377358490566038, 1.0202547110111095, 1.1010298194986703, 1.0591274883523931, 1.0769230769230769, 1.0, 1.2100238663484486, 1.0074441687344913, 1.158878504672897, 1.0027455121436113, 1.0476190476190477, 1.0441176470588236, 1.0169491525423728, 1.008230452674897, 1.0736842105263158, 1.4285714285714286, 1.018425408447413, 1.064102564102564, 1.0555555555555556, 1.0383293081403608, 1.1904761904761905, 1.75, 1.0305243763801957, 2.0, 1.0210084033613445, 1.059593023255814, 1.0099420049710024, 1.0220332431387709, 1.1436031331592689, 1.164835164835165, 1.0107009023390467, 1.0105888366884934, 1.0323488045007032, 1.005813619777787, 1.116860916860917, 3.0, 1.1111111111111112, 1.016020803826418, 1.3333333333333333, 1.0492610837438423, 1.0, 1.0, 1.0454545454545454, 1.1985559566787003, 1.0709555345316935, 1.1944444444444444, 1.0974025974025974, 1.0, 1.0798934753661784, 1.0026556324110671, 1.5, 1.0667063728409767, 1.0, 1.0100964093220983, 1.1265822784810127, 1.0660981369719233, 1.1682027649769586, 1.0018181818181817, 1.238396624472574, 1.0925925925925926, 1.0268749666917907, 1.0062506631683532, 1.043941411451398, 1.0, 1.2142857142857142, 1.8333333333333333, 3.0, 1.0666666666666667, 1.0018506499765456, 1.25, 1.2179700499168054, 1.0495049504950495, 1.016698340301533, 1.0119193980137242, 1.0253431890179514, 1.0458012563170076, 1.030484160191273, 1.2051649928263988, 1.5, 1.0020833333333334, 1.0217391304347827, 1.0045881939838477, 1.1904761904761905, 3.142857142857143, 1.1291759465478841, 1.0156976744186046, 1.0052554066106045, 1.198237885462555, 1.342769701606733, 1.0380573700653224, 1.3559322033898304, 1.0808477237048666, 1.0455508474576272, 1.3461538461538463, 1.061654135338346, 1.1081081081081081, 1.0445951819197814, 1.0037915724675184, 1.039923294517814, 1.0886075949367089, 1.1531531531531531, 1.0529411764705883, 1.0, 1.0793610929730273, 1.0188419235360113, 1.0441875794528932, 1.007814324465123, 1.0477146681965959, 1.0122225796075908, 1.8333333333333333, 1.0241196333815725, 1.2, 1.0862510674637063, 1.1111111111111112, 1.0249291437671573, 1.018840579710145, 1.0416480071652485, 1.134387351778656, 1.198076923076923, 3.0, 1.1037827352085354, 1.0002608123394563, 1.0426246091594629, 1.0, 1.125, 1.0998080614203456, 1.264367816091954, 1.0953373380736382, 1.0083160083160083, 1.2352941176470589, 1.1147540983606556, 1.059036623273424, 1.0523310066813483, 1.0066357467855351, 1.1914473684210527, 1.2819237147595357, 1.0643939393939394, 1.6666666666666667, 1.017766497461929, 1.3, 1.044338335607094, 1.32, 1.0652739856498825, 1.0869565217391304, 1.106104784997391, 1.034324007252302, 1.1375438596491227, 1.0, 1.0857142857142856, 1.32, 1.0020234250359936, 1.2035010940919038, 1.0, 1.094155844155844, 1.008219048295791, 1.2412551440329218, 1.0, 2.0, 1.174757281553398, 1.0008968609865472, 1.3800904977375565, 1.0, 1.0139521076588165, 1.0817160367722165, 1.0869565217391304, 1.0262900188323918, 1.0272727272727273, 1.0381471389645776, 1.2080645161290322, 1.0437526293647454, 1.1688766431318525, 1.0, 1.0675675675675675, 1.0781708827171412, 1.0224071009943247, 1.024040097255761, 1.0, 1.0258679373723623, 1.0136150640982973, 1.0277632268203247, 2.0, 1.1144338118022328, 1.0725012946659762, 1.1093076420640104, 1.1954043073697087, 1.0347156296819533, 1.1164303851036819, 1.0285714285714285, 1.0445998071359692, 2.0, 1.0474959946250453, 1.5416666666666667, 1.4, 1.269736842105263, 1.1063829787234043, 1.0446564237418747, 1.0103004291845494, 1.0561194258080548, 1.3782416192283364, 1.0636539749354252, 1.0045989449479238, 1.0183432157841812, 1.145631067961165, 4.0, 1.0526899531868923, 1.0327935222672064, 1.0064003921166318, 1.0068577895857511, 1.0907581627006087, 1.1126158232359231, 1.1, 1.4285714285714286, 1.0247109159629273, 1.014083094715497, 1.0161177035969096, 1.1067150635208711, 1.0232115310451215, 1.0167714884696017, 1.0090830704109428, 1.116867469879518, 1.0827586206896551, 2.0, 1.0833333333333333, 1.0332805071315372, 1.064030131826742, 1.016778523489933, 1.0356718192627825, 1.0759493670886076, 1.111731843575419, 1.0554699537750385, 1.1153846153846154, 1.0007295408347952, 1.3780487804878048, 1.0107478866082564, 1.0, 1.08835027365129, 1.4801587301587302, 1.0070921985815602, 1.013590033975085, 1.1673052362707534, 1.1324110671936758, 1.00390625, 1.0667149506079028, 1.0, 1.4680851063829787, 2.3333333333333335, 1.0, 1.0731707317073171, 1.1376146788990826, 1.2985971943887775, 1.1318681318681318, 1.0296379365587953, 1.0883838383838385, 1.0734472953992669, 1.033474659830408, 1.0962479608482871, 1.0088416810930823, 1.15625, 1.0938511326860842, 1.1446540880503144, 1.1029773285987434, 1.277456647398844, 1.0323029796714007, 1.0219586721218086, 1.0618974516426158, 1.0110708510864306, 2.0, 1.0970350404312668, 1.0323475046210722, 1.0555555555555556, 1.0, 1.0784313725490196, 1.1538461538461537, 1.1894736842105262, 1.5555555555555556, 1.5, 1.018848412473685, 1.021503465434512, 1.0063697974598411, 1.0341893685114354, 1.1081081081081081, 1.0437424058323208, 2.0, 1.1578947368421053, 1.1406655652584377, 1.0320608594338976, 1.0064653435016042, 1.0647568060143524, 1.0159842660468443, 1.1, 1.106680679195516, 1.152753108348135, 1.0067717559477094, 1.0230049511474237, 1.4545454545454546, 1.127946127946128, 1.0, 1.0113378684807257, 1.0184623911047992, 3.0, 1.0876656472986748, 1.0069370907440625, 1.2857142857142858, 1.2169567314015168, 1.0, 1.1875, 1.0165368271954673, 1.7692307692307692, 1.0150522596790814, 1.0025630072618539, 1.2258064516129032, 1.2083333333333333, 1.25, 1.0096571704490584, 1.1477071193311377, 1.0124744563394028, 1.010910448955638, 1.0, 1.2228981099283076, 1.0030487804878048, 2.0, 1.0740595520907812, 1.0060991435245263, 1.1229895931882687, 1.0205116041809492, 1.0552884615384615, 1.3780487804878048, 1.7142857142857142, 1.100418410041841, 1.074523396880416, 1.0587786130012047, 1.0857238158772515, 1.0234166527384747, 1.0541163685493582, 1.010989010989011, 1.015625, 1.1198501872659177, 1.0200002225337694, 1.0675078864353311, 1.096325719960278, 1.1523109243697478, 1.0194864962000016, 4.0, 1.0194919253355705, 1.0221965984433554, 1.0366090730384496, 1.1176470588235294, 1.0781554124868993, 1.097165991902834, 1.0, 1.015689926923628, 1.0134426229508198, 1.1049457177322075, 1.1470588235294117, 1.6666666666666667, 1.0155717626485876, 1.5, 1.436241610738255, 1.1538461538461537, 1.0476240318191334, 1.2857142857142858, 1.2153846153846153, 1.1425576519916143, 1.0, 1.2116402116402116, 1.022742474916388, 2.0, 1.0, 1.0555555555555556, 1.141732283464567, 1.0897740784780023, 1.0159914712153517, 1.035598705501618, 1.018018018018018, 1.089150378938971, 1.0467532467532468, 1.5408805031446542, 1.1290322580645162, 1.5, 1.0, 1.1425287356321838, 1.2222222222222223, 1.0020661157024793, 1.1759259259259258, 1.0200863223694001, 1.2514880182185186, 1.0074852518305517, 1.0202429149797572, 1.0433212996389891, 1.0005970149253731, 1.5714285714285714, 1.0, 1.0, 1.0130932519393852, 1.098933074684772, 1.0065359477124183, 1.1153846153846154, 1.0781214203894616, 1.1196992165850297, 1.0026186868763851, 1.0769230769230769, 1.1, 1.0503330866025167, 1.1226802757158005, 1.072848226018397, 1.0503046564189322, 1.1710526315789473, 1.06814825753101, 1.0131092256223329, 1.346551724137931, 1.0502673796791444, 1.3333333333333333, 1.058795411089866, 1.0731981981981982, 1.0, 1.1877022653721683, 1.0347890451517394, 1.0, 1.1173469387755102, 1.061072501072501, 1.1296296296296295, 1.0327537304229868, 1.1726694915254237, 1.075, 1.004735240413877, 1.013157894736842, 1.1575678216492076, 1.006679389312977, 1.0114810562571757, 1.006903742110009, 1.1570247933884297, 1.1428571428571428, 1.0, 1.25, 1.0110936175366356, 1.8333333333333333, 1.010771748022907, 1.072774756340531, 1.2330527248560035, 1.0708209272649936, 1.001776468911794, 1.0035495321071313, 1.0608365019011408, 1.0110957004160888, 1.0256275389203278, 1.0449091532396297, 1.0038491958871605, 1.0196487780916124, 1.25, 1.032258064516129, 1.391304347826087, 1.0033623349162883, 1.0358306188925082, 1.0601251676352257, 1.168141592920354, 1.0194931773879143, 1.043876438337362, 1.0507757404795486, 1.0097129186602871, 1.375, 1.0072011860777068, 1.005698654174047, 1.145372460496614, 1.0008428150021071, 1.1875, 1.051391862955032, 1.1592039800995024, 1.6875, 1.0359689597315436, 1.3461538461538463, 1.0070564516129032, 1.021978021978022, 1.1874578556979096, 1.020271431025597, 1.0894117647058823, 1.2222222222222223, 1.0717703349282297, 1.010184197948454, 1.0193286781404147, 1.0055404610164398, 1.0965069253068966, 1.0729541426089397, 1.0, 1.0385245901639344, 1.0849936413734633, 1.0993347917317737, 1.0299277605779154, 1.2013888888888888, 1.1510119356512714, 1.0104480482020384, 1.174914675767918, 1.0016252490300934, 1.0, 1.3333333333333333, 1.0070112981779524, 1.0190708345282478, 1.0039717734161107, 1.0638234946172955, 1.077414205905826, 1.089588377723971, 1.003449941350997, 1.1144653242343765, 1.0111524163568772, 1.2864864864864864, 1.0336134453781514, 1.023045206891474, 1.0119047619047619, 1.75, 1.0394630785929995, 1.0091094531533797, 1.0311581422692533, 1.2753623188405796, 1.0214497041420119, 1.023404921509187, 1.0139680729760547, 1.0638297872340425, 1.3076923076923077, 1.1495956873315365, 1.0378947368421052, 1.1, 1.5925925925925926, 1.0695049726226393, 1.0208126858275521, 1.0864864864864865, 1.2058823529411764, 1.032895308790584, 1.0521422797089732, 1.0127440347071583, 1.0457516339869282, 1.3333333333333333, 1.1428571428571428, 2.0, 1.0327338129496404, 1.4615384615384615, 1.0, 1.5, 1.266778523489933, 1.0072992700729928, 1.058399081649387, 1.019102181251623, 1.1247443762781186, 1.3235294117647058, 1.0, 1.1935483870967742, 1.3108108108108107, 1.6666666666666667, 1.0482866043613708, 1.0038530895632265, 1.0040046938737497, 1.046875, 1.0021726316943786, 1.0013062409288824, 5.0, 1.006056275730666, 1.082857142857143, 1.0, 1.3333333333333333, 1.045266272189349, 1.112457864161228, 1.05747496040111, 1.0838509316770186, 1.0, 1.0, 1.1288343558282208, 2.0, 1.5, 1.1129429133858268, 1.1027275422472576, 1.1729444525868387, 1.25, 1.0035038843817414, 1.067389620449264, 1.0918253079507279, 1.1428571428571428, 1.0492610837438423, 1.001926037472017, 1.0263157894736843, 1.111714647836321, 1.0248862032638295, 1.0141176470588236, 1.0406504065040652, 1.0382920110192837, 1.1733561058923996, 1.1198347107438016, 1.2545454545454546, 1.064008238857033, 1.1708434770156093, 1.06526822024977, 1.167832167832168, 1.1724137931034482, 1.164179104477612, 1.055263157894737, 1.0363580812710051, 1.033676217203347, 1.000222264801686, 1.0010917030567685, 3.0, 1.25, 1.0333938893476466, 1.15259454705365, 1.3059716008558646, 1.0133885541232146, 1.0257568155209902, 1.0921926910299002, 1.0770975056689343, 1.0416666666666667, 1.009362850115052, 1.0007607846362627, 1.055391868002357, 1.138353765323993, 2.5, 1.1066666666666667, 1.02314831798672, 1.1084826762246116, 1.0127332185342581, 1.013052601345152, 1.1335227272727273, 2.0, 1.019859813084112, 1.0047423297248783, 1.033127713045465, 1.11787072243346, 1.0214561579173222, 1.3083333333333333, 1.1766233766233767, 1.128695652173913, 1.0031927829271667, 1.0495206962053276, 1.0898617511520738, 1.1434058898847632, 1.03125, 1.0772385509227616, 1.0190032603632977, 1.0224570673712021, 1.0365041847931582, 1.020442930153322, 1.036050156739812, 1.2857142857142858, 1.040339702760085, 2.5, 1.5, 1.4166666666666667, 1.0281329923273657, 1.112954186413902, 1.0295963459467488, 1.0387585189660842, 1.0396200814111263, 1.0251046025104602, 1.0923913043478262, 1.653061224489796, 1.0392800122476653, 1.6, 1.3333333333333333, 1.0816260162601625, 1.0, 1.1142433234421365, 1.1375, 1.085984677782785, 1.0332408173865057, 1.25, 1.1118760757314974, 1.2790697674418605, 1.139650872817955, 1.000302852318197, 1.0630872483221476, 1.0473457675753228, 1.0201839601088663, 1.0227260221207286, 1.136724960254372, 1.6136363636363635, 1.217877094972067, 1.0, 1.0, 1.0006616358499338, 1.6666666666666667, 1.5714285714285714, 1.3846153846153846, 1.031363088057901, 1.146341463414634, 1.0061349693251533, 1.1044194107452339, 1.0, 1.2321539416511484, 1.0239234449760766, 1.2062780269058295, 1.0297029702970297, 1.1111111111111112, 1.0396772767462423, 1.1225055432372506, 1.0774058577405858, 1.0409074005206396, 1.0008508242966951, 1.4010043942247332, 1.0699367088607594, 1.0, 1.027785024784764, 1.0029017104819684, 1.008090395480226, 1.2695652173913043, 1.0325509849650176]
origin-bjaq_15.87 	max: 5.0000	99th: 2.6700	95th: 1.5930	median: 1.0609	mean: 1.1535

...Done, result: results.csv

WORKLOAD-FINISHED | Type: QueryWorkload | Progress: 1/3 | Workload-time: 15.787744 | Model-update-time: 0.000000


WORKLOAD-START | Type: DataUpdateWorkload | Progress: 2/3
Going to run: ['python', '/home/kangping/code_copy/SAUCE/Naru/eval_model.py', '--model=naru', '--data_update=tupleskew', '--dataset=bjaq', '--drift_test=js', '--end2end', '--update_size=80000', '--query_seed=0', '--eval_type=drift']
Torch device: cuda:1
GET-MODEL-PATH=./models/end2end/naru/origin-bjaq-3.5MB-model34.414-data18.543-200epochs-seed0.pt
GET-DATASET-PATH=./data/bjaq/end2end/bjaq.npy
TupleSkewSample - START
0.001
TupleSkewSample - END
load_npy_dataset_from_path - df.shape = (458601, 5)
Parsing... done, took 0.0s
Data updated!
Previous data size: (382168, 5), new data size: (76433, 5)
[8.1896782e-05 4.4345856e-05 5.8352947e-05 3.8373470e-04 2.1183491e-04]
Distance score: 0.00015603304200340062
SAUCE Drift detection: True
Detection latency: 0.0230s

DRIFT-DETECTED after 2-th workload
Going to run: ['python', '/home/kangping/code_copy/SAUCE/Naru/incremental_train.py', '--dataset=bjaq', '--end2end', '--model=naru', '--model_update=adapt', '--update_size=80000', '--epochs=0']
Torch device: cuda:1
GET-MODEL-PATH=./models/end2end/naru/origin-bjaq-3.5MB-model34.414-data18.543-200epochs-seed0.pt
update_size: 76433
AdaptTask - START
GET-DATASET-PATH=./data/bjaq/end2end/bjaq.npy
load_npy_dataset_from_path - df.shape = (458601, 5)
Parsing... done, took 0.0s
done, took 0.0s
dataset size: 458601
train data shape: torch.Size([76433, 5]), transfer data shape:torch.Size([15286, 5])
Training done; evaluating likelihood on full data:
Epoch None Iter 0, test loss 25.1833 nats / 36.3318 bits
Saved to: /home/kangping/code_copy/SAUCE/models/end2end/naru/origin-bjaq-3.5MB-model34.414-data18.543-200epochs-seed0.pt
AdaptTask - END

WORKLOAD-FINISHED | Type: DataUpdateWorkload | Progress: 2/3 | Workload-time: 2.016768 | Model-update-time: 3.379214


WORKLOAD-START | Type: QueryWorkload | Progress: 3/3
Going to run: ['python', '/home/kangping/code_copy/SAUCE/Naru/eval_model.py', '--dataset=bjaq', '--model=naru', '--end2end', '--query_seed=0', '--eval_type=estimate', '--num_workload=3', '--data_update=tupleskew', '--model_update=adapt', '--random_seed=42']
Torch device: cuda:1
GET-MODEL-PATH=./models/end2end/naru/origin-bjaq-3.5MB-model34.414-data18.543-200epochs-seed0.pt
ckpts [PosixPath('/home/kangping/code_copy/SAUCE/models/end2end/naru/origin-bjaq-3.5MB-model34.414-data18.543-200epochs-seed0.pt')]
Validate Argument: DATASET="bjaq" is valid.
data size: 458601, total size: 458601, split index: [382167 458601]
Parsing... done, took 0.0s
Loading ckpt: /home/kangping/code_copy/SAUCE/models/end2end/naru/origin-bjaq-3.5MB-model34.414-data18.543-200epochs-seed0.pt
query_seed:0
origin-bjaq_15.87 	max: 213.0000	99th: 52.5475	95th: 3.4943	median: 1.0975	mean: 3.0875
ReportEsts: [1.1523809523809523, 1.068780705672175, 1.0271658077061034, 1.2192307692307693, 1.1333333333333333, 1.0, 1.159117015432253, 1.0374775188459036, 1.0, 1.0919158361018826, 1.095398483122925, 1.0056419832907717, 1.207977207977208, 1.255813953488372, 1.145778364116095, 6.388888888888889, 1.3038461538461539, 30.571428571428573, 1.3333333333333333, 1.1492985971943888, 1.0716733870967743, 1.0397901613382163, 6.0, 1.0386930352536543, 1.0116663355787117, 1.004228883017785, 2.0, 1.0504170230966638, 1.0, 1.6, 1.0283485045513654, 1.0, 1.0094482117021992, 1.0075853901131016, 1.4440350069092585, 1.0037702651753173, 1.0351055641082032, 1.1684491978609626, 3.3658536585365852, 1.014140613030273, 1.1382989852495031, 1.0207174882465768, 1.2486842105263158, 1.0094117647058825, 1.2760869565217392, 1.0156672983216026, 1.3333333333333333, 1.1884057971014492, 1.1005291005291005, 1.104669887278583, 27.25, 1.1538461538461537, 1.115, 1.1379310344827587, 1.003516002468187, 1.0420736288504884, 1.0551475682416516, 1.3216216216216217, 3.4939759036144578, 1.0511964561525884, 1.2407407407407407, 1.0564514741063284, 1.0728744939271255, 1.4908424908424909, 1.4482758620689655, 22.7, 1.0018628806909593, 1.132675930076199, 1.0, 1.0, 1.1488854857920707, 1.2094395280235988, 1.0102389078498293, 1.49746192893401, 1.1540516473731077, 1.2943298969072166, 1.0475345008473893, 1.1793478260869565, 1.0930232558139534, 1.0083072275676885, 1.0628445424476296, 6.888888888888889, 1.0, 101.0, 1.1145584725536992, 1.2352941176470589, 1.3857493857493857, 67.66666666666667, 19.181818181818183, 1.0041317663703155, 1.2204274759340838, 1.0550588842087165, 1.0387424412973483, 1.0044950867656284, 1.2741433021806854, 1.5511921458625526, 1.9109311740890689, 1.0607287449392713, 51.25, 1.2318024263431542, 1.76, 45.5, 1.024687516668741, 1.3276836158192091, 1.1766723842195541, 1.0391061452513966, 1.2647058823529411, 1.0094338630459703, 1.1694225387941999, 1.032349887813536, 1.1065449010654491, 1.0541131456682153, 1.3333333333333333, 59.333333333333336, 1.0321151716500554, 1.00177504289687, 1.09425543781372, 1.12987012987013, 1.0052678997818991, 1.0, 1.0644046497015394, 1.429665071770335, 1.0, 1.3703703703703705, 1.0, 1.3032581453634084, 1.0209195327188858, 1.1095030038230476, 1.1339285714285714, 1.8, 1.336894586894587, 1.0, 15.76923076923077, 1.0048762190547638, 1.0, 1.0785770132916341, 1.0417434078819425, 1.092757580112085, 50.5, 1.1333333333333333, 1.2102689486552567, 1.1604639922667956, 1.0872804683342203, 1.0605438001974545, 1.4753086419753085, 1.093967517401392, 1.0000818556679933, 3.0, 1.0863007959782154, 1.1634285714285715, 1.0193356470004957, 1.0011607661056297, 1.0, 1.1305363781200213, 1.2237037037037037, 1.206, 1.489887640449438, 1.0, 1.0980392156862746, 1.0367854725392713, 1.0132376116266852, 1.3231939163498099, 1.3032581453634084, 1.2244897959183674, 1.3985507246376812, 1.08100147275405, 1.4285714285714286, 1.0036602702107733, 41.6, 1.3433908045977012, 1.0405430580783381, 1.0332618025751072, 1.0526935264825712, 1.1605584642233857, 1.0991735537190082, 1.2688244172396446, 2.877005347593583, 1.003451251078516, 1.0574324324324325, 1.142640823743186, 1.2061488049344642, 1.0597423951767608, 1.208955223880597, 2.7419354838709675, 1.0085714548904734, 1.006256598756501, 1.3347639484978542, 1.053582956746288, 2.096952908587258, 24.555555555555557, 1.0956284153005464, 1.0553296607205316, 1.0, 1.049591280653951, 1.0168327403794595, 1.0035287811560107, 1.0130287173736996, 1.0771543086172344, 1.0430222357832106, 1.0055771355261751, 1.092, 1.0207217366788837, 1.0909814323607427, 1.0016167908925724, 1.0882506527415143, 1.1865914144005474, 1.047337278106509, 3.5384615384615383, 1.2142857142857142, 1.0, 1.1375, 1.0242594651147583, 1.9407665505226481, 1.4252873563218391, 1.0735650767987066, 16.76923076923077, 1.003524605116873, 1.2309782608695652, 1.011059681317331, 213.0, 1.0965346534653466, 1.075319622012229, 1.0078079321769635, 1.0539039362170914, 17.916666666666668, 1.506514657980456, 1.0253675269519764, 1.062673587396986, 1.2088607594936709, 1.0452616690240453, 1.16353591160221, 1.0418763187794189, 1.1683168316831682, 1.0041584158415842, 1.0076021330042748, 1.6456140350877193, 1.2610581092801387, 1.320973348783314, 16.428571428571427, 1.0404228855721394, 1.0, 1.2308920375174617, 1.1295940959409594, 1.0758893280632411, 1.1087470449172576, 1.0833333333333333, 3.3333333333333335, 1.113058061531344, 1.3454545454545455, 1.1847289866457187, 1.5, 1.0993657505285412, 1.327970297029703, 1.1428571428571428, 1.0138169117706506, 1.3259668508287292, 1.151, 3.036144578313253, 1.0926430517711172, 1.007786188269032, 1.263157894736842, 2.0, 1.0202392481796334, 1.039484286865431, 1.3117338003502628, 1.0144163868118818, 1.0521564282490048, 1.041766917834863, 1.1394395078605606, 1.0289884868421053, 1.0427599611273082, 1.0733757961783439, 1.0904861026080568, 2.1818181818181817, 1.049987337580114, 1.304904051172708, 1.5, 1.16, 1.8333333333333333, 1.0963636363636364, 1.0272407351088326, 1.0300278830342462, 1.2423398328690807, 1.526854219948849, 1.0362134719794773, 1.0837240455458808, 1.0237876310282956, 1.0061630359017797, 1.9, 1.097666847531199, 1.2964311726147124, 1.0145800665731342, 1.055181038953116, 1.0018005168542499, 1.2181357006975269, 1.0569583088667058, 1.0246672453703705, 1.0727861202062399, 1.0019387498653647, 1.1027775006769178, 1.095609756097561, 29.625, 1.3636363636363635, 1.0610736097717777, 97.0, 1.2319474835886215, 1.0348872180451127, 1.0307999113671615, 1.3225806451612903, 1.4059405940594059, 1.1767388825541618, 1.0046488460899883, 1.0135946169283439, 1.0, 1.065609756097561, 1.0042147899016, 1.291764705882353, 66.0, 18.454545454545453, 1.0964853369151555, 1.7142857142857142, 1.0268992135734327, 1.3256814921090387, 1.1578947368421053, 1.022897046423524, 1.380952380952381, 1.5555555555555556, 1.0245011062189218, 2.0, 1.620879120879121, 1.2950581395348837, 1.133923696018613, 1.690335305719921, 1.3812010443864229, 1.3846153846153846, 1.000332524191135, 1.0333383992594538, 1.1790123456790123, 1.0023940115216117, 1.2650569161779923, 3.0, 1.3333333333333333, 1.0166704434613831, 1.0, 1.0393364928909952, 1.1764705882352942, 74.33333333333333, 1.2272727272727273, 1.4175935288169867, 1.0727418065547563, 1.015748031496063, 1.2901325478645067, 1.4393939393939394, 2.0, 1.0281116498853007, 15.142857142857142, 1.0357142857142858, 1.0096179374533505, 1.4565217391304348, 1.3520686963309914, 1.1913716814159292, 2.25, 1.0, 1.1032531824611032, 1.3409090909090908, 1.0076045627376427, 1.0080328325273002, 1.1432740780047759, 1.151603498542274, 1.0, 1.008768112532932, 4.745454545454545, 1.121212121212121, 35.5, 2.0833333333333335, 1.4285714285714286, 1.0317460317460319, 1.306930693069307, 1.0513461615393846, 1.040205710548611, 1.189084895259096, 1.0130418712709224, 1.0103641456582633, 1.033235938641344, 1.2894056847545219, 1.0726595424443106, 1.2636363636363637, 1.1666666666666667, 1.0074771106410938, 1.0100612841024075, 1.054612937433722, 1.2114285714285715, 1.3714285714285714, 1.1042553191489362, 2.0, 1.5555555555555556, 1.3103448275862069, 1.2844036697247707, 1.5504587155963303, 1.0667701863354038, 1.1172972972972972, 1.0149068322981367, 1.1831225221823674, 1.064153439153439, 1.079793775423328, 1.1025641025641026, 1.1711711711711712, 1.1312849162011174, 1.0, 1.0185322417827363, 1.1551724137931034, 1.0346385834254572, 1.006389622868124, 1.041085210883293, 1.041501976284585, 1.5714285714285714, 1.0853982300884957, 1.1666666666666667, 1.0898382854904594, 1.0, 1.0310030395136778, 1.2202898550724637, 1.0837545126353791, 1.340974212034384, 1.1261682242990654, 3.0, 1.066577896138482, 1.011566004318111, 1.0574721640608185, 1.0, 1.0634920634920635, 1.012028869286287, 1.0131332082551594, 1.095658842357962, 1.000810453192193, 1.2857142857142858, 1.037203335471456, 1.130711079153468, 1.0001816200508535, 1.1606915980776666, 1.0182665337629524, 1.6322869955156951, 2.4869565217391303, 1.1139172487909725, 1.0015448150856343, 1.5555555555555556, 1.349869451697128, 1.0, 2.0, 1.2097661623108666, 1.123931623931624, 1.1197798640336678, 1.0063384433962264, 1.1988059701492537, 1.0, 1.1578947368421053, 1.4, 1.0349682885618434, 1.1363636363636365, 1.0, 1.0973277074542898, 1.0, 1.0, 1.3138321995464852, 2.0, 1.293016558675306, 1.0089887640449438, 1.1596958174904943, 1.2222222222222223, 1.0019462065807372, 1.2482758620689656, 1.12, 1.0185997651856886, 1.2272727272727273, 1.1876640419947506, 1.3943548387096774, 1.110627493652521, 1.1110077663581825, 1.0, 1.2567567567567568, 1.0030381648119069, 1.0382194934765925, 1.3333333333333333, 1.4, 1.0136160280101147, 1.0086820353778365, 1.0773152081563298, 2.0, 1.0838936919628561, 1.067210518738903, 1.0541480649667223, 1.1500247507248427, 1.007728524473661, 1.0729092208720514, 1.3250670241286864, 1.2108313711284187, 52.5, 1.0634550084889642, 1.0070921985815602, 1.0393720408671816, 1.08141592920354, 1.234920634920635, 1.0219030455938007, 1.2454728370221329, 1.0370694825898916, 1.3274463007159905, 1.0462857814152016, 1.1651865008880995, 1.0076168929110105, 1.1640943506115318, 1.1066666666666667, 1.08, 1.002364187366654, 1.099250936329588, 1.0550324451194257, 1.0008737950273119, 1.0, 1.1771117166212535, 1.4123711340206186, 17.416666666666668, 1.2272727272727273, 1.0011210195153255, 1.1187739463601531, 1.030920711694593, 1.0, 49.25, 1.0478551946441854, 1.02881320372054, 1.0168067226890756, 1.0089280955172966, 1.07124773960217, 1.2981501632208923, 1.3980963045912653, 1.0308903694730467, 1.0431654676258992, 1.0582270879526976, 2.918181818181818, 1.2857142857142858, 1.139268587087724, 1.2442307692307693, 1.0331722348789127, 1.0, 1.441388343156516, 1.9484126984126984, 1.1009204542958195, 1.1864406779661016, 1.3214285714285714, 1.3972332015810276, 3.823529411764706, 1.0313332499831698, 1.0, 2.3191489361702127, 1.5, 1.3333333333333333, 1.1590909090909092, 3.5, 1.1269565217391304, 1.0679611650485437, 1.0441138421733507, 1.1390658174097665, 1.0707412834904748, 1.0067951075225838, 1.008228151461895, 1.007191730965206, 1.0056665054246423, 1.1195266272189348, 1.0242611683848797, 1.002356914411189, 1.3138643067846607, 1.0837988826815643, 1.0145118733509235, 1.048951048951049, 1.0585686843503495, 1.0337078651685394, 1.0111813126582025, 1.848623853211009, 1.0312849162011173, 1.1037386325362075, 2.5, 1.2358078602620088, 1.0714285714285714, 195.0, 1.3447293447293447, 1.0126957320415388, 1.2423892100192677, 1.3040380047505937, 1.0649350649350648, 1.0383603476626733, 1.1350503155381204, 1.2117903930131004, 1.0, 57.25, 1.0443045220377791, 1.4864864864864864, 1.0526548672566372, 1.0727870392110823, 1.0, 1.4551031790295594, 1.122077922077922, 1.0744106649325313, 1.0319148936170213, 1.027662410415902, 1.0236055547410092, 1.0073484643933017, 1.051948051948052, 33.5, 1.0295253458473872, 1.0, 1.0864864864864865, 1.0043103448275863, 1.06605222734255, 1.801980198019802, 1.064516129032258, 1.052735507002197, 1.105263157894737, 1.919431279620853, 1.0752558699578567, 1.0589812332439679, 1.0018416206261511, 1.0083172147001935, 1.232181425485961, 1.0217320791436912, 1.4, 1.0494624552046004, 1.1193998531109013, 1.3888888888888888, 1.0110726643598615, 1.0807429281939696, 3.769230769230769, 1.0678964651342477, 1.1, 1.0064655172413792, 1.1524550635686102, 1.4397759103641457, 1.0571428571428572, 1.0238754814611462, 1.0660377358490567, 2.4285714285714284, 1.1518275538894096, 1.1548387096774193, 1.0146965307708613, 1.120077648363838, 1.0170020329029101, 1.0156931225497565, 1.1819620253164558, 1.1648065476190477, 1.5279503105590062, 1.0147943453536439, 1.0476190476190477, 1.0910493827160495, 1.2846620450606585, 1.0353163308964415, 1.4232365145228216, 1.0154529307282416, 1.3888888888888888, 1.6, 1.0755885997521686, 1.000184842883549, 1.0334605224537716, 2.9615384615384617, 1.3333333333333333, 1.2331113225499524, 1.011642542479547, 1.1965811965811965, 1.032634654828468, 2.0, 1.0250555832841781, 1.5, 1.1630434782608696, 1.3076923076923077, 1.0394111376796982, 1.0909090909090908, 1.0042194092827004, 1.1039861351819757, 1.0, 1.1330414780737552, 1.1569653368214519, 2.25, 1.0, 2.125, 1.1655172413793105, 1.0066681995861118, 1.1712268314210061, 1.178125, 1.011764705882353, 1.093655589123867, 1.0430672268907564, 1.3611111111111112, 1.6604477611940298, 1.5384615384615385, 1.0, 1.1745562130177514, 1.4877344877344878, 1.1044214487300095, 1.0207782024894638, 1.027855235688657, 1.2206369982547993, 1.0115544378550159, 1.008673797774849, 1.2101167315175096, 1.0378674638764325, 1.2222222222222223, 1.0, 1.1764705882352942, 1.0017119335231208, 1.2826267664172901, 1.2058823529411764, 1.071240105540897, 1.0029212505438498, 1.0501798089975947, 1.0059705601925264, 1.2820512820512822, 1.0454545454545454, 6.358974358974359, 1.1821414460687476, 1.0670758094338881, 1.0341949581623409, 1.4671052631578947, 1.121055726138368, 1.0587320317528428, 1.0051493813004297, 1.146797153024911, 1.0475247365973348, 1.4855305466237942, 1.0101206695212144, 1.0642303433001108, 1.000609165004642, 16.636363636363637, 1.2930232558139534, 1.0, 1.3695198329853862, 1.0446669666966697, 1.4074074074074074, 1.0112758250603702, 1.4004237288135593, 1.1395348837209303, 1.0050031883062736, 1.0199513814775287, 1.1135020370689162, 1.4095911949685536, 1.1713961407491487, 1.0555671756257408, 1.0339285714285715, 9.85, 1.0, 1.0, 1.0035274782538983, 2.1666666666666665, 1.0541972531375798, 1.0617845876520955, 1.1599927193301784, 1.0488342206719294, 1.0065213370494857, 1.2219797659194604, 1.125448028673835, 1.0465657741559953, 1.0241639175096546, 1.0423351786612984, 1.000023832221163, 1.0061655085281112, 1.1111111111111112, 10.894736842105264, 1.1333333333333333, 1.0160821316242359, 1.2900763358778626, 1.0298239310097017, 1.2083847102342786, 1.2046783625730995, 1.028836244735938, 1.174496644295302, 1.040729876097481, 1.625, 1.0276737069930593, 1.0193451555654152, 1.12946267580238, 1.380400421496312, 1.1875, 1.4387096774193548, 1.090017513134851, 1.092556407301635, 1.06672760511883, 1.0027822901185497, 1.0909090909090908, 1.0437897448281412, 1.0005213764337852, 1.047449584816133, 1.382267441860465, 1.2952586206896552, 1.1446654611211573, 1.1175921605226318, 1.0420838401796575, 1.0130841121495326, 1.1471383420281025, 1.0281727115716752, 1.2307692307692308, 1.1534246575342466, 1.0011836320595198, 1.0739256144039953, 1.1371841155234657, 1.0654062340316812, 1.3606755126658625, 3.3152173913043477, 1.2837670384138786, 1.0074811872297647, 2.526315789473684, 1.0902906617192332, 1.1043663471778489, 1.1417609046849757, 1.8026315789473684, 1.046681013077305, 1.024565375596345, 1.0521356783919598, 1.6993987975951903, 1.0125507258503117, 1.1425963430983825, 1.2205882352941178, 1.508108108108108, 1.083539603960396, 1.0133631436872799, 1.2142857142857142, 1.75, 1.0035258209374123, 1.0377233543230244, 1.024, 1.0232558139534884, 1.0632111251580278, 1.0203357558053585, 1.0407283181600384, 1.048717115946736, 1.4230769230769231, 1.2510410469958357, 8.076923076923077, 1.325, 1.6538461538461537, 1.0613912145465274, 1.0140495867768595, 4.614035087719298, 1.024390243902439, 1.1811001410437236, 1.116504854368932, 1.2, 43.8, 1.0479539641943734, 1.038647342995169, 1.0492957746478873, 1.2, 1.040363896047443, 2.0256410256410255, 1.1415349565712658, 1.3368421052631578, 15.0, 1.0505879135903746, 1.0466067415730338, 1.0460081374937065, 1.0763636363636364, 1.7058823529411764, 1.1875, 1.1612903225806452, 1.472972972972973, 1.2280701754385965, 1.9806576402321083, 1.0208897726918134, 1.00526022206364, 1.25, 1.0075871123659474, 1.0079745687265886, 5.0, 1.0023228410445335, 1.0101847933417971, 1.0, 1.1428571428571428, 1.21296813862493, 1.211759587295668, 1.0526066910982386, 1.2888198757763976, 1.0, 1.1705426356589148, 1.392638036809816, 2.0789473684210527, 1.0151058834688989, 1.069230237222491, 1.0087430062440772, 1.2402321083172148, 1.1111111111111112, 1.0073932342215368, 1.114247311827957, 1.0215384615384615, 1.318007662835249, 1.2875, 1.0, 1.0565457897971726, 1.0588059254825677, 1.0077520691931416, 1.0849282296650717, 1.2265625, 1.0059218986170957, 1.376601195559351, 1.371900826446281, 1.0454545454545454, 1.0319060823220139, 1.0949424136204307, 1.0285820073328877, 1.5462962962962963, 1.0098039215686274, 1.0844947735191637, 1.25, 1.1006049028971665, 1.2337278106508875, 1.0099850723168862, 1.275109170305677, 1.5, 1.2592592592592593, 1.0297616491303414, 1.3984168865435356, 1.2927137663979769, 1.036289975002155, 1.0492154065620543, 1.1163145662052936, 1.2202380952380953, 1.2708333333333333, 1.0377537212449255, 1.0056074927111196, 1.0711556829035338, 1.0064683053040104, 2.5, 1.24, 1.0275570614394491, 1.0782828282828283, 1.0338506252833106, 1.0357684774834393, 1.3231534090909092, 1.3333333333333333, 1.0115384615384615, 1.040907104355849, 1.0249123454511904, 1.1863117870722433, 1.0394192736425747, 1.0063694267515924, 1.091566265060241, 1.0815552394499763, 1.0026999744597012, 1.0313875036667643, 1.1142034548944337, 1.3329065300896288, 1.21875, 1.0009111936636994, 1.0715137672884152, 1.014134658181862, 1.0495889684433837, 1.0135814889336017, 1.0066269052352552, 20.454545454545453, 1.140495867768595, 2.5, 1.5, 1.1333333333333333, 1.237851662404092, 1.071921749136939, 1.0337051406401552, 1.0388977351492104, 1.0809780170480037, 1.1143824027072757, 1.25, 1.6708229426433916, 1.0365018876199394, 1.3333333333333333, 1.5833333333333333, 1.2517827756445419, 1.125, 1.1921664626682986, 1.3190131858783496, 1.0566301753230718, 1.0297717093889107, 1.5, 1.0009937888198759, 1.23125, 1.057339406897834, 1.0044991220756667, 1.1174242424242424, 1.0248334342822532, 1.0210939821080778, 1.0463883366467859, 1.3354531001589824, 1.1833333333333333, 1.5167597765363128, 1.0, 202.0, 1.0060525704697483, 1.25, 1.8571428571428572, 5.313725490196078, 1.0466058763931105, 1.0029086244443781, 1.0777967064168086, 1.2222222222222223, 1.1666666666666667, 1.0365855834954403, 1.1682242990654206, 1.0034667507091082, 1.1682692307692308]
origin-bjaq_15.87 	max: 213.0000	99th: 52.5475	95th: 3.4943	median: 1.0975	mean: 3.0875

...Done, result: results.csv

WORKLOAD-FINISHED | Type: QueryWorkload | Progress: 3/3 | Workload-time: 17.991958 | Model-update-time: 0.000000


Experiment Summary: #data-update-times=1, #drift=1 | total-time=39.209018