Input arguments = Namespace(data_update='valueskew', update_size=80000, dataset='bjaq', debug=False, drift_test='js', model_update='adapt', model='face', end2end=False, query_seed=0, random_seed=42, num_workload=3)

JSON-passed parameters = {'data_updater': {'skew_ratio': '1e-3'}, 'random_seed': 21, 'face': {'learning_rate': '1e-4', 'epochs': 0, 'factor': 'auto'}}

ReportEsts: [1.116323709487915, 1.052664041519165, 1.3030784130096436, 1.0696989297866821, 1.2357558012008667, 1.0712125301361084, 1.2865326404571533, 1.1922065019607544, 1.0962940454483032, 1.010336995124817, 1.0714900493621826, 1.2072033882141113, 1.0042386054992676, 1.0446428060531616, 1.0502703189849854, 1.339518666267395, 1.2146633863449097, 1.1843230724334717, 1.1357561349868774, 1.0714285373687744, 1.2259044647216797, 1.0367298126220703, 1.1270140409469604, 1.0400482416152954, 1.179857850074768, 1.0587702989578247, 1.0163288116455078, 1.5093457698822021, 1.0171889066696167, 1.0881904363632202, 1.0989712476730347, 1.2035162448883057, 1.2103520631790161, 1.0766998529434204, 1.0914182662963867, 1.2339541912078857, 1.5856066942214966, 1.2215616703033447, 1.0895642042160034, 1.1995209455490112, 1.0783913135528564, 1.0684566497802734, 1.0318604707717896, 1.0700749158859253, 1.0642298460006714, 1.0294784307479858, 1.122058391571045, 1.124315619468689, 1.1260873079299927, 1.0152283906936646, 1.2392473220825195, 1.294226050376892, 1.0370558500289917, 1.410988211631775, 1.130301594734192, 1.1066296100616455, 1.2551401853561401, 1.282072901725769, 1.2878437042236328, 1.3881715536117554, 1.6957582235336304, 1.1985973119735718, 1.3873718976974487, 1.1970672607421875, 1.2222222089767456, 1.1714285612106323, 1.2210321426391602, 1.014527678489685, 1.1167312860488892, 1.378947377204895, 1.0533897876739502, 1.0781241655349731, 1.3114885091781616, 1.0585981607437134, 1.1604845523834229, 1.143581748008728, 2.1221604347229004, 1.0161715745925903, 1.048783302307129, 1.506839394569397, 1.3548190593719482, 1.0648435354232788, 1.1024932861328125, 1.2131139039993286, 1.2231394052505493, 1.0515998601913452, 1.112062692642212, 1.08907949924469, 1.0179516077041626, 1.1574757099151611, 1.1092009544372559, 1.2867603302001953, 1.0025306940078735, 1.3586769104003906, 1.1470588445663452, 1.0344258546829224, 1.0556254386901855, 1.2303791046142578, 1.01694917678833, 1.220953106880188, 1.115803837776184, 1.0156385898590088, 1.0786007642745972, 1.0109809637069702, 1.0144312381744385, 1.0052452087402344, 1.109842300415039, 1.1623036861419678, 1.0776621103286743, 1.049033761024475, 1.1249148845672607, 1.0973782539367676, 1.2468087673187256, 1.0079320669174194, 1.1768865585327148, 1.1182266473770142, 1.0184144973754883, 1.0095051527023315, 1.2377632856369019, 1.2656136751174927, 1.1906694173812866, 1.1477162837982178, 1.119490623474121, 1.0959917306900024, 1.3507752418518066, 1.149814248085022, 1.0436286926269531, 1.070562481880188, 1.329604148864746, 1.1239144802093506, 1.1365687847137451, 1.1194251775741577, 1.1848974227905273, 1.4642857313156128, 1.078621506690979, 1.1068521738052368, 1.030797004699707, 1.1960976123809814, 1.0309758186340332, 1.1808642148971558, 1.0280252695083618, 1.0796312093734741, 1.0762807130813599, 1.2930723428726196, 1.2926008701324463, 1.0136650800704956, 1.07550048828125, 1.3312139511108398, 1.2231780290603638, 1.1164062023162842, 1.2318825721740723, 1.1569029092788696, 1.346637487411499, 1.0190867185592651, 1.1241028308868408, 1.0255475044250488, 1.0380762815475464, 1.04642653465271, 1.0540233850479126, 1.2134884595870972, 1.1239962577819824, 1.0871543884277344, 1.1128535270690918, 1.319718360900879, 1.1889169216156006, 1.0057343244552612, 1.237001895904541, 1.1929707527160645, 1.0943149328231812, 1.0911799669265747, 1.1555017232894897, 1.0492522716522217, 1.1688311100006104, 1.1626261472702026, 1.125, 1.1184966564178467, 1.058642029762268, 1.0694624185562134, 1.0644818544387817, 1.011683464050293, 1.0847023725509644, 1.170842170715332, 1.0101317167282104, 1.033707857131958, 1.13473379611969, 1.1511627435684204, 1.0454537868499756, 1.2467036247253418, 1.010966420173645, 1.368517518043518, 1.0802661180496216, 1.1476835012435913, 1.6714495420455933, 1.1730321645736694, 1.802626371383667, 1.1992573738098145, 1.0820342302322388, 1.085714340209961, 1.1678359508514404, 1.0620850324630737]

WORKLOAD-FINISHED | Type: QueryWorkload | Progress: 1/3 | Workload-time: 11.844727 | Model-update-time: 0.000000

Distance score: 0.001989698503166437

WORKLOAD-FINISHED | Type: DataUpdateWorkload | Progress: 2/3 | Workload-time: 2.048770 | Model-update-time: 2.233387

ReportEsts: [1.0623369216918945, 1.0506703853607178, 1.05240797996521, 1.3236465454101562, 1.1630874872207642, 1.268206000328064, 1.1793270111083984, 1.034067988395691, 3.3275046348571777, 1.0596932172775269, 1.0101557970046997, 1.1502151489257812, 1.0453460216522217, 1.0606637001037598, 10.8972749710083, 1.2614150047302246, 1.6855895519256592, 1.1023552417755127, 1.0372185707092285, 1.3224900960922241, 1.0017873048782349, 1.5489673614501953, 1.051761269569397, 1.0690438747406006, 1.117233395576477, 1.3991156816482544, 1.0737152099609375, 1.1483031511306763, 1.2416452169418335, 1.3575419187545776, 1.1350574493408203, 1.1925926208496094, 1.0672968626022339, 1.1004000902175903, 1.073079228401184, 1.190058946609497, 1.007978081703186, 1.2100478410720825, 1.0589812994003296, 1.319717526435852, 1.0351117849349976, 1.0368033647537231, 15.84375, 1.1186813116073608, 1.0449802875518799, 1.1270092725753784, 1.2672970294952393, 1.2507413625717163, 1.0708661079406738, 1.883844256401062, 1.0567424297332764, 1.0209929943084717, 1.303943157196045, 1.1743700504302979, 1.5599268674850464, 1.5646090507507324, 1.15720534324646, 1.110124945640564, 1.060936450958252, 1.0770801305770874, 1.07876718044281, 1.1717573404312134, 1.3603477478027344, 1.3233532905578613, 1.0923197269439697, 1.0520572662353516, 1.3689730167388916, 1.1457113027572632, 1.2164716720581055, 1.3404340744018555, 1.0231292247772217, 1.432748794555664, 1.0194542407989502, 1.0992282629013062, 1.147163987159729, 1.0457829236984253, 27.294797897338867, 1.2423454523086548, 1.3119868040084839, 1.0454286336898804, 1.269927978515625, 1.0573670864105225, 1.319279432296753, 1.0464818477630615, 1.0656371116638184, 1.1877022981643677, 1.2064944505691528, 1.826246976852417, 1.2203201055526733, 3.0143280029296875, 1.2351106405258179, 1.014243721961975, 1.4008375406265259, 1.0099053382873535, 1.1885818243026733, 1.0937772989273071, 3.2861199378967285, 1.0079102516174316, 1.6849162578582764, 1.0625401735305786, 1.3184354305267334, 1.0263919830322266, 1.0514706373214722, 1.528090238571167, 1.2190635204315186, 1.3975069522857666, 1.0484881401062012, 1.0588641166687012, 1.1754875183105469, 1.009374737739563, 1.0495436191558838, 1.1304987668991089, 1.087098240852356, 1.1974265575408936, 1.1659044027328491, 1.6175427436828613, 1.1844964027404785, 1.1013457775115967, 1.3078397512435913, 1.1810344457626343, 1.08689284324646, 1.1286669969558716, 3.0279109477996826, 5.443197727203369, 1.0187002420425415, 1.1775327920913696, 1.0131406784057617, 1.090614914894104, 1.1152589321136475, 1.0606255531311035, 1.0065624713897705, 1.1196504831314087, 1.0118969678878784, 1.5354238748550415, 1.8716861009597778, 1.050696611404419, 1.0632202625274658, 1.077419400215149, 1.2801703214645386, 1.0740176439285278, 1.0051159858703613, 1.010986566543579, 1.2411853075027466, 1.07855224609375, 1.6194161176681519, 1.1423810720443726, 1.4378697872161865, 1.2490875720977783, 1.009074330329895, 1.072784662246704, 1.040768027305603, 1.1975122690200806, 1.0811256170272827, 1.097832441329956, 1.0025988817214966, 1.3372559547424316, 1.1317086219787598, 1.122950792312622, 1.0762028694152832, 1.4381462335586548, 2.353055238723755, 1.186309576034546, 1.3995481729507446, 1.2779334783554077, 1.0711852312088013, 2.5366623401641846, 1.1051051616668701, 1.2188993692398071, 10.279245376586914, 1.1216298341751099, 1.026216983795166, 1.0046255588531494, 1.4685598611831665, 1.0370631217956543, 1.161602258682251, 1.0449941158294678, 1.0329391956329346, 1.1344003677368164, 1.1119022369384766, 1.0716557502746582, 1.5531915426254272, 1.119067668914795, 1.0542749166488647, 1.361864447593689, 1.8526514768600464, 1.232372522354126, 2.2085561752319336, 1.2542611360549927, 1.4186732769012451, 1.1150866746902466, 2.5122458934783936, 1.0279200077056885, 1.2793716192245483, 1.8141396045684814, 1.1463080644607544, 1.0044810771942139, 1.2676845788955688, 1.0956209897994995, 1.355555534362793, 1.252740502357483]

WORKLOAD-FINISHED | Type: QueryWorkload | Progress: 3/3 | Workload-time: 12.399749 | Model-update-time: 0.000000

Experiment Summary: #data-update-times=1, #drift=1 | total-time=28.551562
Sum of Model-update-time = 2.2334
The 1st    ReportEsts -> max: 2.1222	99th: 1.6968	95th: 1.3874	median: 1.1190	mean: 1.1561
2nd to end ReportEsts -> max: 27.2948	99th: 10.9467	95th: 2.5135	median: 1.1387	mean: 1.5715
