Input arguments = Namespace(data_update='valueskew', update_size=80000, dataset='bjaq', debug=False, drift_test='js', model_update='adapt', model='face', end2end=False, query_seed=0, random_seed=42, num_workload=3)

JSON-passed parameters = {'data_updater': {'skew_ratio': '1e-3'}, 'random_seed': 0, 'face': {'learning_rate': '1e-4', 'epochs': 0, 'factor': 'auto'}}

ReportEsts: [1.1246545314788818, 1.0466862916946411, 1.4771968126296997, 1.096441388130188, 1.2271939516067505, 1.1631747484207153, 1.2504918575286865, 1.090709924697876, 1.0445730686187744, 1.097656011581421, 1.122308373451233, 1.0631356239318848, 1.2262775897979736, 1.0111607313156128, 1.1442071199417114, 1.3531641960144043, 1.0967429876327515, 1.0345605611801147, 1.1281324625015259, 1.163265347480774, 1.0507214069366455, 1.073912501335144, 1.0991836786270142, 1.0316556692123413, 1.1282365322113037, 1.112115740776062, 1.1204954385757446, 1.287365436553955, 1.0166313648223877, 1.0121045112609863, 1.1724015474319458, 1.128926157951355, 1.0306540727615356, 1.0026473999023438, 1.1146845817565918, 1.102958083152771, 1.126662015914917, 1.0533095598220825, 1.026159405708313, 1.0981062650680542, 1.069334864616394, 1.1453797817230225, 1.081141471862793, 1.0062947273254395, 1.109233021736145, 1.045351505279541, 1.1452361345291138, 1.3628733158111572, 1.0675108432769775, 1.106598973274231, 1.226063847541809, 1.3458958864212036, 1.0082063674926758, 1.168044924736023, 1.0410579442977905, 1.1226240396499634, 1.2186915874481201, 1.0579208135604858, 1.0633548498153687, 1.3364074230194092, 1.3612924814224243, 1.1074881553649902, 1.3304146528244019, 1.143332839012146, 1.2000000476837158, 1.0285714864730835, 1.163265347480774, 1.0048028230667114, 1.1058683395385742, 1.2315789461135864, 1.011263132095337, 1.0304807424545288, 1.2549922466278076, 1.2074528932571411, 1.1706618070602417, 1.1397275924682617, 2.024214506149292, 1.0724787712097168, 1.0675239562988281, 1.3541315793991089, 1.0696033239364624, 1.0856081247329712, 1.0592478513717651, 1.1029036045074463, 1.2674036026000977, 1.1531013250350952, 1.126448154449463, 1.0065069198608398, 1.0430253744125366, 1.009712815284729, 1.02944815158844, 1.5051289796829224, 1.0058034658432007, 1.2667434215545654, 1.2111800909042358, 1.0097594261169434, 1.2045780420303345, 1.4024521112442017, 1.0166666507720947, 1.1164685487747192, 1.265842318534851, 1.0773810148239136, 1.0269664525985718, 1.005890965461731, 1.1387028694152832, 1.0019073486328125, 1.1619797945022583, 1.2076789140701294, 1.013978362083435, 1.0036840438842773, 1.3210252523422241, 1.0811808109283447, 1.2005847692489624, 1.0533804893493652, 1.2929176092147827, 1.1073170900344849, 1.044748067855835, 1.0228298902511597, 1.3521208763122559, 1.085543155670166, 1.2550048828125, 1.0798261165618896, 1.202773928642273, 1.1623722314834595, 1.211240291595459, 1.1848948001861572, 1.0495394468307495, 1.2748523950576782, 1.2350119352340698, 1.099198341369629, 1.1386202573776245, 1.1091276407241821, 1.1864511966705322, 1.5, 1.0588195323944092, 1.064846396446228, 1.1005866527557373, 1.124552845954895, 1.0880956649780273, 1.4045521020889282, 1.1322613954544067, 1.203705906867981, 1.1866439580917358, 1.2849963903427124, 1.0572097301483154, 1.071282148361206, 1.067520260810852, 1.5142693519592285, 1.0516570806503296, 1.0574573278427124, 1.1471312046051025, 1.1624150276184082, 1.2935924530029297, 1.1120893955230713, 1.2028898000717163, 1.0197557210922241, 1.0100116729736328, 1.0512099266052246, 1.009253740310669, 1.1456878185272217, 1.0079009532928467, 1.1306569576263428, 1.0022023916244507, 1.2577180862426758, 1.126491665840149, 1.1368383169174194, 1.0411958694458008, 1.4058297872543335, 1.0099036693572998, 1.030269980430603, 1.0349007844924927, 1.058997392654419, 1.149350643157959, 1.2409296035766602, 1.0136239528656006, 1.1467968225479126, 1.0213799476623535, 1.2210503816604614, 1.2039096355438232, 1.0053901672363281, 1.1055399179458618, 1.0386979579925537, 1.0114212036132812, 1.1195096969604492, 1.0901846885681152, 1.1437631845474243, 1.0460342168807983, 1.2266985177993774, 1.138338327407837, 1.3368792533874512, 1.0411499738693237, 1.0298799276351929, 1.5621236562728882, 1.735101580619812, 1.553269624710083, 1.2708196640014648, 1.1225926876068115, 1.1692308187484741, 1.0483198165893555, 1.1555112600326538]

WORKLOAD-FINISHED | Type: QueryWorkload | Progress: 1/3 | Workload-time: 11.784545 | Model-update-time: 0.000000

Distance score: 0.0022746562026441097

WORKLOAD-FINISHED | Type: DataUpdateWorkload | Progress: 2/3 | Workload-time: 2.048854 | Model-update-time: 2.229410

ReportEsts: [1.1277575492858887, 1.012411117553711, 1.084485411643982, 1.1834532022476196, 1.298572063446045, 1.4119517803192139, 1.2235852479934692, 1.0306029319763184, 2.449544906616211, 1.0452529191970825, 1.058068871498108, 1.3528183698654175, 1.007159948348999, 1.221197485923767, 12.48226261138916, 1.2904984951019287, 1.1311861276626587, 1.0146921873092651, 1.0584405660629272, 1.1208537817001343, 1.2687934637069702, 1.0329105854034424, 1.1411927938461304, 1.0985915660858154, 1.0931649208068848, 1.5260783433914185, 1.0220123529434204, 1.1533018350601196, 1.1214395761489868, 1.477203607559204, 1.166424036026001, 1.1360543966293335, 1.0738372802734375, 1.0634791851043701, 1.0874406099319458, 1.1419873237609863, 1.0583850145339966, 1.0722038745880127, 1.0122623443603516, 1.3190577030181885, 1.0515220165252686, 1.020148515701294, 19.103496551513672, 1.0065423250198364, 1.1426351070404053, 1.0486526489257812, 1.040278434753418, 1.3501228094100952, 1.1304347515106201, 1.033588171005249, 1.0019354820251465, 1.2586010694503784, 1.1721961498260498, 1.10117769241333, 1.0828510522842407, 1.2896490097045898, 1.2021564245224, 1.1255983114242554, 1.0424333810806274, 1.1604681015014648, 1.3422679901123047, 1.3670015335083008, 1.1684602499008179, 1.3360732793807983, 1.0423732995986938, 1.0602151155471802, 1.327607274055481, 1.1581430435180664, 1.2308101654052734, 1.3125189542770386, 1.06332528591156, 1.018938660621643, 1.097878098487854, 1.1278643608093262, 1.0114295482635498, 1.0659008026123047, 1004.0, 1.0117318630218506, 1.0747610330581665, 3.1031901836395264, 1.319488763809204, 1.0844206809997559, 1.3353201150894165, 1.1315035820007324, 1.9423247575759888, 1.2807570695877075, 1.1145371198654175, 1.4771606922149658, 2.546938180923462, 2.5260236263275146, 1.1088627576828003, 1.0258309841156006, 1.1666526794433594, 1.0906716585159302, 1.1080503463745117, 1.0923444032669067, 2.9143917560577393, 1.0201141834259033, 1.1334209442138672, 1.351848840713501, 1.3396984338760376, 1.0782262086868286, 1.0882352590560913, 1.1962049007415771, 1.0747177600860596, 7.243902206420898, 1.0211784839630127, 1.0149158239364624, 1.1353591680526733, 1.052417278289795, 1.0562913417816162, 1.1147096157073975, 1.3181109428405762, 1.3051776885986328, 1.0941722393035889, 1.08111572265625, 1.1310185194015503, 1.0661933422088623, 1.7172043323516846, 1.021276593208313, 1.096721887588501, 1.0444328784942627, 1.6463533639907837, 1.9045532941818237, 1.0682175159454346, 1.025228500366211, 1.1990987062454224, 1.068145751953125, 1.0261012315750122, 1.0246628522872925, 1.1105115413665771, 1.0620990991592407, 1.0191216468811035, 1.1856502294540405, 1.4391233921051025, 1.2692497968673706, 1.0595399141311646, 1.0475043058395386, 1.2280972003936768, 1.224195957183838, 1.1142328977584839, 1.0681008100509644, 1.2740060091018677, 1.125731348991394, 1.2276676893234253, 1.1014535427093506, 1.4293785095214844, 1.1925830841064453, 1.226131558418274, 1.186698317527771, 1.1237231492996216, 1.2393516302108765, 1.0556831359863281, 1.0994057655334473, 1.025061011314392, 1.1038230657577515, 1.1971691846847534, 1.0873016119003296, 1.0608623027801514, 1.01604163646698, 9.666120529174805, 1.1845238208770752, 2.013953685760498, 1.072573184967041, 1.1671578884124756, 1.5805691480636597, 1.098692536354065, 1.2106940746307373, 21.752649307250977, 1.0255028009414673, 1.1295186281204224, 1.1917214393615723, 1.4449571371078491, 1.0912200212478638, 1.15108060836792, 1.05777108669281, 1.1619924306869507, 1.0590687990188599, 1.146547794342041, 1.2087479829788208, 1.5, 1.2060697078704834, 1.122937560081482, 1.242846131324768, 1.0772639513015747, 1.5012387037277222, 1.5774580240249634, 1.3830792903900146, 1.4444444179534912, 1.0442159175872803, 1.0164897441864014, 1.1115365028381348, 1.1120022535324097, 1.753448247909546, 1.0932841300964355, 1.074228048324585, 1.4014332294464111, 1.0103189945220947, 1.3925399780273438, 1.1154627799987793]

WORKLOAD-FINISHED | Type: QueryWorkload | Progress: 3/3 | Workload-time: 12.445054 | Model-update-time: 0.000000

Experiment Summary: #data-update-times=1, #drift=1 | total-time=28.583090
Sum of Model-update-time = 2.2294
The 1st    ReportEsts -> max: 2.0242	99th: 1.5639	95th: 1.4026	median: 1.1134	mean: 1.1457
2nd to end ReportEsts -> max: 1004.0000	99th: 19.1300	95th: 2.4534	median: 1.1267	mean: 6.5509
