Input arguments = Namespace(data_update='tupleskew', update_size=80000, dataset='bjaq', debug=False, drift_test='js', model_update='adapt', model='face', end2end=False, query_seed=0, random_seed=42, num_workload=3)

JSON-passed parameters = {'data_updater': {'skew_ratio': '1e-3'}, 'random_seed': 69, 'face': {'learning_rate': '1e-4', 'epochs': 0, 'factor': 'auto'}}

ReportEsts: [1.203490138053894, 1.106192708015442, 1.4188361167907715, 1.079174518585205, 1.2532429695129395, 1.0864914655685425, 1.3156335353851318, 1.0178205966949463, 1.0863937139511108, 1.0462441444396973, 1.1180016994476318, 1.1194915771484375, 1.0463298559188843, 1.0513392686843872, 1.1407577991485596, 1.2625718116760254, 1.348096251487732, 1.1755344867706299, 1.2149397134780884, 1.1198979616165161, 1.1549288034439087, 1.1093112230300903, 1.1440101861953735, 1.1038432121276855, 1.0587273836135864, 1.1383363008499146, 1.062218427658081, 1.5257439613342285, 1.0639266967773438, 1.0795443058013916, 1.1465058326721191, 1.196201205253601, 1.113667368888855, 1.0916945934295654, 1.1606407165527344, 1.221355676651001, 1.1609447002410889, 1.1502180099487305, 1.0106282234191895, 1.179760456085205, 1.0238581895828247, 1.0792211294174194, 1.0450422763824463, 1.0928901433944702, 1.0572575330734253, 1.1712018251419067, 1.0049636363983154, 1.217861533164978, 1.0476435422897339, 1.125211477279663, 1.1410890817642212, 1.1887165307998657, 1.151421070098877, 1.2184226512908936, 1.1112158298492432, 1.0164939165115356, 1.2364486455917358, 1.0982576608657837, 1.1935068368911743, 1.2577358484268188, 1.3726415634155273, 1.2407236099243164, 1.4229172468185425, 1.0599976778030396, 1.2043795585632324, 1.1714285612106323, 1.118644118309021, 1.0058923959732056, 1.059678077697754, 1.2736842632293701, 1.036697268486023, 1.0554479360580444, 1.2355740070343018, 1.0688843727111816, 1.1166071891784668, 1.0247474908828735, 1.8594247102737427, 1.022141456604004, 1.0179917812347412, 1.3161535263061523, 1.346521019935608, 1.1626554727554321, 1.2331414222717285, 1.2698308229446411, 1.311232089996338, 1.110280156135559, 1.0376858711242676, 1.2221437692642212, 1.0008057355880737, 1.0237711668014526, 1.0571191310882568, 1.3117785453796387, 1.0100973844528198, 1.2959736585617065, 1.167664647102356, 1.0024418830871582, 1.0675859451293945, 1.242165207862854, 1.034482717514038, 1.1927722692489624, 1.2297297716140747, 1.0217809677124023, 1.0083568096160889, 1.0007320642471313, 1.0607740879058838, 1.0263779163360596, 1.0900304317474365, 1.202443242073059, 1.037779450416565, 1.0352801084518433, 1.2196255922317505, 1.079189658164978, 1.1260703802108765, 1.0598777532577515, 1.0856612920761108, 1.101941704750061, 1.0463602542877197, 1.1893460750579834, 1.253604769706726, 1.06965172290802, 1.2997181415557861, 1.1753829717636108, 1.1412949562072754, 1.1793657541275024, 1.3134689331054688, 1.2298803329467773, 1.0421438217163086, 1.2935171127319336, 1.2612245082855225, 1.1272544860839844, 1.1190434694290161, 1.1751919984817505, 1.3293970823287964, 1.4285714626312256, 1.0779645442962646, 1.2950905561447144, 1.0176153182983398, 1.1515446901321411, 1.023460865020752, 1.454752802848816, 1.1437104940414429, 1.1825940608978271, 1.0963894128799438, 1.2010198831558228, 1.0618499517440796, 1.2381304502487183, 1.0206793546676636, 1.5057384967803955, 1.0241694450378418, 1.1073863506317139, 1.05098557472229, 1.176515817642212, 1.2637250423431396, 1.1395291090011597, 1.1570205688476562, 1.0293126106262207, 1.0483033657073975, 1.0244795083999634, 1.0471556186676025, 1.190450668334961, 1.1975709199905396, 1.0190277099609375, 1.0451061725616455, 1.2394180297851562, 1.1785268783569336, 1.0992339849472046, 1.1194833517074585, 1.3550279140472412, 1.0827645063400269, 1.0606428384780884, 1.0986608266830444, 1.0303541421890259, 1.1233766078948975, 1.3302680253982544, 1.1089918613433838, 1.2054606676101685, 1.0167983770370483, 1.206041693687439, 1.1526329517364502, 1.0401335954666138, 1.0070831775665283, 1.0974268913269043, 1.085265874862671, 1.0970377922058105, 1.1582759618759155, 1.1152219772338867, 1.0573437213897705, 1.2989877462387085, 1.1736990213394165, 1.3652790784835815, 1.0790687799453735, 1.0439847707748413, 1.5431197881698608, 1.3672637939453125, 1.7955832481384277, 1.1977750062942505, 1.120633602142334, 1.1515151262283325, 1.0880229473114014, 1.0745352506637573]

WORKLOAD-FINISHED | Type: QueryWorkload | Progress: 1/3 | Workload-time: 11.846637 | Model-update-time: 0.000000

Distance score: 0.0002219080924987793

WORKLOAD-FINISHED | Type: DataUpdateWorkload | Progress: 2/3 | Workload-time: 2.001898 | Model-update-time: 2.223314

ReportEsts: [1.2211817502975464, 1.0026352405548096, 1.0696970224380493, 1.4393113851547241, 1.0646185874938965, 1.502419114112854, 1.2819818258285522, 1.0509529113769531, 1.2692121267318726, 1.0034804344177246, 1.0711017847061157, 1.0893628597259521, 1.0310262441635132, 1.0118145942687988, 1.2063214778900146, 1.0698058605194092, 1.0950180292129517, 1.1402419805526733, 1.061181664466858, 1.2881269454956055, 1.067695140838623, 1.1248220205307007, 1.0649802684783936, 1.034399151802063, 1.21724271774292, 1.2246464490890503, 1.1237586736679077, 1.0575079917907715, 1.2966980934143066, 1.6974358558654785, 1.1243996620178223, 1.508474588394165, 1.3015873432159424, 1.0192071199417114, 1.1073535680770874, 1.1199281215667725, 1.1343629360198975, 1.0567489862442017, 1.4979511499404907, 1.0449858903884888, 1.0895633697509766, 1.26309072971344, 1.265140175819397, 1.0415892601013184, 1.0660524368286133, 1.2066782712936401, 1.1280885934829712, 1.1519217491149902, 1.4758620262145996, 1.2193200588226318, 1.0161534547805786, 1.0063635110855103, 1.054830551147461, 1.0775574445724487, 1.0030670166015625, 1.1140550374984741, 1.2101664543151855, 1.1337661743164062, 1.325982689857483, 1.0010548830032349, 1.243619441986084, 1.0426846742630005, 1.0094797611236572, 1.4084842205047607, 1.0533263683319092, 1.140267252922058, 1.3206356763839722, 1.123164176940918, 1.2053946256637573, 1.0869747400283813, 1.0313382148742676, 1.228174090385437, 1.1328589916229248, 1.141304850578308, 1.2837083339691162, 1.0699820518493652, 1.1684534549713135, 1.0272696018218994, 1.2286312580108643, 1.0814498662948608, 1.0574121475219727, 1.007694125175476, 1.098750114440918, 1.0122289657592773, 1.3522504568099976, 1.6255319118499756, 1.2439161539077759, 1.6492429971694946, 1.169880747795105, 1.122727870941162, 1.293742060661316, 1.2160063982009888, 1.352647304534912, 1.0057570934295654, 1.1339528560638428, 1.0536690950393677, 1.008359670639038, 1.1515227556228638, 1.045204520225525, 1.1134663820266724, 1.1568952798843384, 1.1774756908416748, 1.0122549533843994, 1.2193021774291992, 1.117364764213562, 1.0301151275634766, 1.008665680885315, 1.0287026166915894, 1.0744985342025757, 1.0908455848693848, 1.0130164623260498, 1.078704595565796, 1.2305374145507812, 1.190546989440918, 1.1488916873931885, 1.0141218900680542, 1.1155363321304321, 1.5921324491500854, 1.0506577491760254, 1.1681416034698486, 1.040651798248291, 1.075972557067871, 1.0723131895065308, 1.1699053049087524, 1.1878662109375, 1.1152515411376953, 1.166754126548767, 1.081861972808838, 1.0717592239379883, 1.1071428060531616, 1.064810037612915, 1.1346471309661865, 1.0395516157150269, 1.6641221046447754, 1.4830000400543213, 1.0147969722747803, 1.018153190612793, 1.202830195426941, 1.023730754852295, 1.0536102056503296, 1.0464657545089722, 1.2545864582061768, 1.0599660873413086, 1.072858452796936, 1.032347321510315, 1.0072877407073975, 1.192090392112732, 1.1256890296936035, 1.0392688512802124, 1.0621981620788574, 1.0885207653045654, 1.1334214210510254, 1.2975263595581055, 1.0091936588287354, 1.1020714044570923, 1.3200562000274658, 1.1261838674545288, 2.7279999256134033, 1.1066526174545288, 1.0589464902877808, 1.0518320798873901, 1.1360759735107422, 1.6878670454025269, 1.159023404121399, 1.180093765258789, 1.003369688987732, 1.0011109113693237, 1.2526071071624756, 1.085151195526123, 1.2233617305755615, 1.0954309701919556, 1.0383416414260864, 1.748229742050171, 1.0021671056747437, 1.1404978036880493, 1.1192870140075684, 1.0152575969696045, 1.1278609037399292, 1.1898138523101807, 1.1762498617172241, 1.8421052694320679, 1.1201695203781128, 1.1832680702209473, 1.6564997434616089, 1.351926565170288, 1.2182917594909668, 1.0306179523468018, 1.2229758501052856, 1.4071987867355347, 1.096887230873108, 1.1264337301254272, 1.1478700637817383, 1.271185278892517, 2.139817714691162, 1.0389958620071411, 1.1981884241104126, 1.3136221170425415, 1.1538702249526978, 1.4061989784240723, 1.0558608770370483]

WORKLOAD-FINISHED | Type: QueryWorkload | Progress: 3/3 | Workload-time: 12.413194 | Model-update-time: 0.000000

Experiment Summary: #data-update-times=1, #drift=1 | total-time=28.509924
Sum of Model-update-time = 2.2233
The 1st    ReportEsts -> max: 1.8594	99th: 1.5456	95th: 1.3675	median: 1.1203	mean: 1.1538
2nd to end ReportEsts -> max: 2.7280	99th: 1.8451	95th: 1.5938	median: 1.1229	mean: 1.1749
