Input arguments = Namespace(data_update='valueskew', update_size=80000, dataset='bjaq', debug=False, drift_test='js', model_update='adapt', model='face', end2end=False, query_seed=0, random_seed=42, num_workload=3)

JSON-passed parameters = {'data_updater': {'skew_ratio': '1e-3'}, 'random_seed': 39, 'face': {'learning_rate': '1e-4', 'epochs': 0, 'factor': 'auto'}}

ReportEsts: [1.1268346309661865, 1.168169379234314, 1.3336561918258667, 1.016424536705017, 1.2318168878555298, 1.1383144855499268, 1.2569369077682495, 1.1171365976333618, 1.0528004169464111, 1.1533024311065674, 1.0439276695251465, 1.1576271057128906, 1.102307915687561, 1.0446428060531616, 1.1206034421920776, 1.5368962287902832, 1.3234511613845825, 1.1261283159255981, 1.1571297645568848, 1.0969387292861938, 1.1715502738952637, 1.1165461540222168, 1.0880807638168335, 1.0396111011505127, 1.144980788230896, 1.0415912866592407, 1.0560247898101807, 1.3363673686981201, 1.0134313106536865, 1.2403621673583984, 1.079106092453003, 1.1588952541351318, 1.0495986938476562, 1.0235298871994019, 1.124197006225586, 1.1821706295013428, 1.2869031429290771, 1.016250491142273, 1.0322935581207275, 1.0063878297805786, 1.0262842178344727, 1.181785225868225, 1.0294498205184937, 1.0993725061416626, 1.0551447868347168, 1.1054421663284302, 1.1411248445510864, 1.288429617881775, 1.0076895952224731, 1.0372250080108643, 1.1820513010025024, 1.3458958864212036, 1.0396040678024292, 1.2003034353256226, 1.0719250440597534, 1.0162262916564941, 1.2336448431015015, 1.1748067140579224, 1.0819164514541626, 1.3875936269760132, 1.4130998849868774, 1.2351726293563843, 1.3398219347000122, 1.0719460248947144, 1.2992125749588013, 1.0571428537368774, 1.2222222089767456, 1.0059813261032104, 1.0709617137908936, 1.2526315450668335, 1.001608967781067, 1.096185564994812, 1.369109034538269, 1.2035820484161377, 1.1922000646591187, 1.2440221309661865, 1.8186110258102417, 1.0147446393966675, 1.1067639589309692, 1.4893405437469482, 1.2049673795700073, 1.1387498378753662, 1.0410436391830444, 1.230138897895813, 1.2599424123764038, 1.0086134672164917, 1.0402953624725342, 1.0288020372390747, 1.0318644046783447, 1.0276973247528076, 1.0882203578948975, 1.3434971570968628, 1.0161231756210327, 1.3891973495483398, 1.1403508186340332, 1.0476268529891968, 1.050645112991333, 1.085594654083252, 1.034482717514038, 1.1516711711883545, 1.192139744758606, 1.0466413497924805, 1.0316671133041382, 1.010354995727539, 1.0173640251159668, 1.0222907066345215, 1.051668405532837, 1.1762652397155762, 1.0019850730895996, 1.0370105504989624, 1.1309908628463745, 1.086190938949585, 1.2249730825424194, 1.0045580863952637, 1.2497971057891846, 1.101941704750061, 1.0480479001998901, 1.0229581594467163, 1.3191986083984375, 1.0138144493103027, 1.3129321336746216, 1.0841038227081299, 1.1805027723312378, 1.2177283763885498, 1.2039728164672852, 1.2042921781539917, 1.200327754020691, 1.0732414722442627, 1.287500023841858, 1.0851703882217407, 1.166168451309204, 1.140688419342041, 1.2439403533935547, 1.5, 1.0017951726913452, 1.0346547365188599, 1.0634115934371948, 1.1056910753250122, 1.0377545356750488, 1.3120713233947754, 1.1936383247375488, 1.1017215251922607, 1.146320104598999, 1.1727707386016846, 1.0249030590057373, 1.0936270952224731, 1.1361160278320312, 1.4290833473205566, 1.1382982730865479, 1.1035511493682861, 1.059403657913208, 1.147032380104065, 1.2915574312210083, 1.1670857667922974, 1.159022569656372, 1.0173343420028687, 1.2776000499725342, 1.0014069080352783, 1.0922755002975464, 1.1834079027175903, 1.1813840866088867, 1.020632028579712, 1.1310898065567017, 1.3068339824676514, 1.2404730319976807, 1.0312005281448364, 1.0462205410003662, 1.3105214834213257, 1.1617332696914673, 1.0250638723373413, 1.0487253665924072, 1.0515996217727661, 1.2272727489471436, 1.1105166673660278, 1.1328338384628296, 1.0079089403152466, 1.0374149084091187, 1.2664624452590942, 1.3098746538162231, 1.0077975988388062, 1.0067263841629028, 1.0830867290496826, 1.012526512145996, 1.1879469156265259, 1.1053966283798218, 1.1131078004837036, 1.0256344079971313, 1.2607017755508423, 1.0514330863952637, 1.5171219110488892, 1.0227947235107422, 1.0998163223266602, 1.5315266847610474, 1.4858406782150269, 1.7321243286132812, 1.2112499475479126, 1.1049604415893555, 1.1176470518112183, 1.0262569189071655, 1.1041169166564941]

WORKLOAD-FINISHED | Type: QueryWorkload | Progress: 1/3 | Workload-time: 11.789261 | Model-update-time: 0.000000

Distance score: 0.0018509626388549805

WORKLOAD-FINISHED | Type: DataUpdateWorkload | Progress: 2/3 | Workload-time: 2.048715 | Model-update-time: 2.243229

ReportEsts: [1.063530683517456, 1.1117514371871948, 1.136986255645752, 1.6232775449752808, 1.0266239643096924, 1.822414517402649, 1.2337894439697266, 1.0630568265914917, 1.0458356142044067, 3.566666603088379, 1.3512803316116333, 1.238340139389038, 1.1036036014556885, 1.0810071229934692, 21.055641174316406, 1.0311696529388428, 1.6047801971435547, 1.3933552503585815, 1.1054238080978394, 1.4858745336532593, 1.2351526021957397, 1.3937005996704102, 1.003682255744934, 5.257845401763916, 1.0792917013168335, 1.2815897464752197, 1.1345266103744507, 1.283867359161377, 2.122866153717041, 1.5174765586853027, 1.015463948249817, 1.264285683631897, 1.3694300651550293, 1.0468679666519165, 1.1795883178710938, 1.0671865940093994, 1.2732185125350952, 1.1045621633529663, 1.3675568103790283, 1.0028539896011353, 1.3561679124832153, 1.1800765991210938, 1.095651388168335, 1.3451645374298096, 1.4676058292388916, 1.5243664979934692, 1.1213141679763794, 1.1478437185287476, 1.4285714626312256, 1.2782434225082397, 1.1853737831115723, 1.0223268270492554, 1.0254701375961304, 1.0462523698806763, 1.0302114486694336, 1.4786616563796997, 1.2161167860031128, 1.2073622941970825, 1.0444413423538208, 1.3833640813827515, 1.3374741077423096, 1.0149853229522705, 2.7163381576538086, 1.8768755197525024, 1.0357271432876587, 4.598903179168701, 1.3317686319351196, 1.0313655138015747, 1.1826837062835693, 1.094813585281372, 1.1648880243301392, 1.174760341644287, 1.2941817045211792, 1.2950894832611084, 1.80964195728302, 1.0740886926651, 21.479631423950195, 1.205325722694397, 1.2895987033843994, 1.1596477031707764, 1.0882126092910767, 1.026996374130249, 1.1369348764419556, 1.1216129064559937, 1.2166630029678345, 1.7063829898834229, 1.1855002641677856, 1.3215672969818115, 1.2930999994277954, 1.1047463417053223, 1.0134567022323608, 1.1938096284866333, 1.2865630388259888, 1.0784409046173096, 38.84727096557617, 1.5988011360168457, 1.2301307916641235, 1.2228891849517822, 1.0934412479400635, 1.2281689643859863, 1.0377808809280396, 1.3362345695495605, 1.2095237970352173, 1.1411033868789673, 1.0001707077026367, 1.1884816884994507, 1.014015793800354, 1.2511318922042847, 1.0458452701568604, 1.0382401943206787, 1.8807445764541626, 1.4211868047714233, 1.0714994668960571, 1.349725365638733, 1.2558956146240234, 1.0455291271209717, 1.138374924659729, 1.0364524126052856, 1.1431982517242432, 1.0887097120285034, 1.0849465131759644, 1.003075361251831, 1.0338811874389648, 1.344624400138855, 1.1390851736068726, 1.2258330583572388, 1.2159336805343628, 1.2538700103759766, 1.150542140007019, 1.032283902168274, 1.3665647506713867, 1.0358794927597046, 1.176019549369812, 1.5690335035324097, 1.435624361038208, 1.093380331993103, 1.0168951749801636, 1.0435234308242798, 1.279923439025879, 1.4210002422332764, 1.2962497472763062, 1.0877172946929932, 1.2130532264709473, 1.024081826210022, 1.0085606575012207, 1.1450228691101074, 1.2634730339050293, 1.0632201433181763, 1.1477967500686646, 1.005897879600525, 1.078240156173706, 1.1147141456604004, 1.182084083557129, 1.1113009452819824, 1.2180407047271729, 2.117241382598877, 1.05060613155365, 1.1138211488723755, 1.0849056243896484, 1.0869001150131226, 2.206097364425659, 1.2577381134033203, 1.042140245437622, 1.0530236959457397, 1.227221131324768, 1.766394853591919, 1.0558115243911743, 1.4239393472671509, 41.970428466796875, 1.3254374265670776, 1.0742816925048828, 1.2613571882247925, 1.1900990009307861, 1.1104871034622192, 1.4161888360977173, 1.410592794418335, 1.2827141284942627, 1.1092314720153809, 1.115304946899414, 1.4925122261047363, 1.5813953876495361, 1.3105326890945435, 1.0970536470413208, 1.0533603429794312, 1.1398309469223022, 1.0142375230789185, 2.5539801120758057, 1.037519931793213, 1.4271727800369263, 1.0573621988296509, 1.1175386905670166, 1.1336696147918701, 1.1894536018371582, 1.7043172121047974, 1.0350512266159058, 1.0220385789871216, 1.3534437417984009, 6.629629611968994, 1.0541400909423828, 1.1609113216400146]

WORKLOAD-FINISHED | Type: QueryWorkload | Progress: 3/3 | Workload-time: 12.406536 | Model-update-time: 0.000000

Experiment Summary: #data-update-times=1, #drift=1 | total-time=28.542788
Sum of Model-update-time = 2.2432
The 1st    ReportEsts -> max: 1.8186	99th: 1.5388	95th: 1.3904	median: 1.1148	mean: 1.1486
2nd to end ReportEsts -> max: 41.9704	99th: 21.6533	95th: 2.2235	median: 1.1811	mean: 1.9069
