Input arguments = Namespace(data_update='tupleskew', update_size=80000, dataset='bjaq', debug=False, drift_test='js', model_update='adapt', model='face', end2end=False, query_seed=0, random_seed=42, num_workload=3)

JSON-passed parameters = {'data_updater': {'skew_ratio': '1e-3'}, 'random_seed': 67, 'face': {'learning_rate': '1e-4', 'epochs': 0, 'factor': 'auto'}}

ReportEsts: [1.143298625946045, 1.0659536123275757, 1.2879002094268799, 1.081701397895813, 1.2700926065444946, 1.151318073272705, 1.2442587614059448, 1.0565780401229858, 1.1003048419952393, 1.1313631534576416, 1.0327304601669312, 1.119915246963501, 1.0709573030471802, 1.0267857313156128, 1.201729655265808, 1.383062481880188, 1.4343286752700806, 1.158907413482666, 1.1723763942718506, 1.1224489212036133, 1.0431132316589355, 1.0114285945892334, 1.1055008172988892, 1.011030673980713, 1.1369762420654297, 1.0650994777679443, 1.0827702283859253, 1.363444447517395, 1.0220468044281006, 1.0270572900772095, 1.1674352884292603, 1.1179994344711304, 1.1317238807678223, 1.0600955486297607, 1.1316916942596436, 1.1034526824951172, 1.4332284927368164, 1.0217994451522827, 1.0180240869522095, 1.1090450286865234, 1.0086435079574585, 1.2786647081375122, 1.0029420852661133, 1.061185359954834, 1.1191632747650146, 1.0226757526397705, 1.1912058591842651, 1.26600182056427, 1.0163490772247314, 1.2148900032043457, 1.1410890817642212, 1.3193488121032715, 1.0224554538726807, 1.0980011224746704, 1.0532516241073608, 1.0110148191452026, 1.1897196769714355, 1.1317464113235474, 1.0438570976257324, 1.378411889076233, 1.2142059803009033, 1.1459131240844727, 1.4515794515609741, 1.0691941976547241, 1.226765751838684, 1.2285714149475098, 1.1774648427963257, 1.0369610786437988, 1.1322157382965088, 1.2315789461135864, 1.0032284259796143, 1.0735489130020142, 1.2216583490371704, 1.3064411878585815, 1.2785263061523438, 1.1888091564178467, 1.9111599922180176, 1.0705760717391968, 1.0282118320465088, 1.3986153602600098, 1.1899259090423584, 1.0239827632904053, 1.0777511596679688, 1.190247893333435, 1.254853367805481, 1.0980548858642578, 1.1133487224578857, 1.2595207691192627, 1.045701503753662, 1.007794976234436, 1.0301769971847534, 1.4315619468688965, 1.0198341608047485, 1.29841947555542, 1.133720874786377, 1.177869200706482, 1.0896821022033691, 1.243294596672058, 1.01694917678833, 1.092032551765442, 1.0636364221572876, 1.207543969154358, 1.0376572608947754, 1.014641284942627, 1.171966552734375, 1.0562257766723633, 1.118797779083252, 1.2111692428588867, 1.0521562099456787, 1.0513192415237427, 1.1598559617996216, 1.0722781419754028, 1.1913436651229858, 1.0146554708480835, 1.1004984378814697, 1.1522842645645142, 1.070933222770691, 1.0973817110061646, 1.3665921688079834, 1.0185476541519165, 1.2201435565948486, 1.116806983947754, 1.1130893230438232, 1.0972236394882202, 1.2160853147506714, 1.1795295476913452, 1.1451865434646606, 1.0882768630981445, 1.3434782028198242, 1.1152304410934448, 1.1025145053863525, 1.0783309936523438, 1.1783716678619385, 1.4285714626312256, 1.1066011190414429, 1.0223156213760376, 1.0212758779525757, 1.2029268741607666, 1.1647394895553589, 1.1393686532974243, 1.1927423477172852, 1.123145580291748, 1.1991053819656372, 1.2504366636276245, 1.0859094858169556, 1.1075326204299927, 1.1340689659118652, 1.3055497407913208, 1.047232747077942, 1.1715909242630005, 1.3066381216049194, 1.2008717060089111, 1.3473742008209229, 1.1644043922424316, 1.2263689041137695, 1.0186963081359863, 1.0851209163665771, 1.011254906654358, 1.024610161781311, 1.1406147480010986, 1.0225067138671875, 1.0057411193847656, 1.01884925365448, 1.329077959060669, 1.0963995456695557, 1.0303524732589722, 1.1863272190093994, 1.2415705919265747, 1.056880235671997, 1.010175347328186, 1.0001041889190674, 1.0491124391555786, 1.1558442115783691, 1.0625313520431519, 1.002043604850769, 1.051029920578003, 1.0301263332366943, 1.2388187646865845, 1.1154567003250122, 1.1909583806991577, 1.1646474599838257, 1.0039230585098267, 1.0023947954177856, 1.0531153678894043, 1.1763854026794434, 1.1501057147979736, 1.0407148599624634, 1.245407223701477, 1.0114260911941528, 1.2512198686599731, 1.0224275588989258, 1.0057414770126343, 1.5060685873031616, 1.184340476989746, 1.8850314617156982, 1.175257682800293, 1.191996693611145, 1.0704225301742554, 1.1236337423324585, 1.099103569984436]

WORKLOAD-FINISHED | Type: QueryWorkload | Progress: 1/3 | Workload-time: 11.844185 | Model-update-time: 0.000000

Distance score: 0.00015947819338180125

WORKLOAD-FINISHED | Type: DataUpdateWorkload | Progress: 2/3 | Workload-time: 2.007681 | Model-update-time: 2.234806

ReportEsts: [1.0309209823608398, 1.0304068326950073, 1.2369146347045898, 1.273629903793335, 1.0632959604263306, 1.024030089378357, 1.2620633840560913, 1.0362745523452759, 1.100300669670105, 1.111842155456543, 1.0527311563491821, 1.0923941135406494, 1.0119332075119019, 1.105084776878357, 1.2037814855575562, 1.0796947479248047, 1.0117905139923096, 1.030181646347046, 1.0157448053359985, 1.241998553276062, 1.2035826444625854, 1.1214717626571655, 1.0879427194595337, 1.0311509370803833, 1.3508000373840332, 1.149457573890686, 1.0408117771148682, 1.1963801383972168, 1.8485606908798218, 1.4352850914001465, 1.0662904977798462, 1.4322034120559692, 1.1317062377929688, 1.0127660036087036, 1.171755075454712, 1.1203651428222656, 1.1814781427383423, 4.1016950607299805, 1.0985877513885498, 1.0962305068969727, 1.0227917432785034, 1.0429184436798096, 1.054439663887024, 1.0656015872955322, 1.060072898864746, 1.245096206665039, 1.3194588422775269, 1.060753345489502, 1.2904762029647827, 1.1825580596923828, 1.2115193605422974, 1.054287075996399, 1.1374852657318115, 1.127933144569397, 1.034549593925476, 1.3109793663024902, 1.2808994054794312, 1.1023696660995483, 1.2547056674957275, 1.1229004859924316, 1.3366583585739136, 1.0973787307739258, 1.1816942691802979, 1.03276526927948, 1.0498257875442505, 1.0926477909088135, 1.26008141040802, 1.0413445234298706, 1.1953935623168945, 1.0730706453323364, 1.1854314804077148, 1.2566052675247192, 1.0102654695510864, 1.052864670753479, 1.3313802480697632, 1.0906163454055786, 1.754601240158081, 1.0257458686828613, 1.0401954650878906, 1.1340936422348022, 1.0482691526412964, 1.0075232982635498, 1.1986788511276245, 1.2275677919387817, 1.136069655418396, 1.6595745086669922, 1.2266147136688232, 1.5521801710128784, 1.0321546792984009, 1.7233856916427612, 1.2007941007614136, 1.2306264638900757, 1.251685619354248, 1.0211248397827148, 1.438475251197815, 1.072505235671997, 1.0484330654144287, 1.2308752536773682, 1.0015544891357422, 1.0002869367599487, 1.141990303993225, 1.1039305925369263, 1.0269607305526733, 1.0978425741195679, 1.2471120357513428, 1.0450010299682617, 1.0352001190185547, 1.1403069496154785, 1.5568181276321411, 1.123246192932129, 1.0930027961730957, 1.0798168182373047, 1.0760480165481567, 1.3375986814498901, 1.0975711345672607, 1.3374730348587036, 1.089396595954895, 1.1852203607559204, 1.008745551109314, 1.1150442361831665, 1.0308290719985962, 1.1391801834106445, 1.0560160875320435, 1.8202764987945557, 1.0730026960372925, 1.2621561288833618, 1.1020783185958862, 1.3823529481887817, 1.0054584741592407, 1.026184320449829, 1.592882752418518, 1.154944658279419, 1.0436877012252808, 1.7235984802246094, 1.7453222274780273, 1.139273762702942, 1.071250319480896, 1.236784815788269, 1.1002994775772095, 1.0411359071731567, 1.0046448707580566, 1.2025200128555298, 1.0233733654022217, 1.0442991256713867, 1.034064769744873, 1.1453418731689453, 1.2485207319259644, 1.1404765844345093, 1.3048337697982788, 1.0322345495224, 1.285300374031067, 1.0200563669204712, 1.0362024307250977, 1.1007972955703735, 1.039321780204773, 1.2760744094848633, 1.0922755002975464, 1.0538461208343506, 1.0204545259475708, 1.0017061233520508, 1.0125287771224976, 1.173214316368103, 1.7003374099731445, 1.2173844575881958, 1.1671645641326904, 1.133994460105896, 1.0347189903259277, 1.2874950170516968, 1.0406670570373535, 1.2168941497802734, 1.0062792301177979, 1.0587806701660156, 1.8640522956848145, 1.0081984996795654, 1.0885987281799316, 1.0347129106521606, 1.051474928855896, 1.085077166557312, 1.0020231008529663, 1.0096296072006226, 1.8157894611358643, 1.0565245151519775, 1.1345369815826416, 1.488937258720398, 1.359834909439087, 1.0840256214141846, 1.3200424909591675, 1.0059385299682617, 1.5962817668914795, 1.0153934955596924, 1.2990696430206299, 1.0923694372177124, 1.168300747871399, 2.493197202682495, 1.025090217590332, 1.208247423171997, 1.2790961265563965, 2.872549057006836, 1.345911979675293, 1.065213680267334]

WORKLOAD-FINISHED | Type: QueryWorkload | Progress: 3/3 | Workload-time: 12.369817 | Model-update-time: 0.000000

Experiment Summary: #data-update-times=1, #drift=1 | total-time=28.516054
Sum of Model-update-time = 2.2348
The 1st    ReportEsts -> max: 1.9112	99th: 1.5099	95th: 1.3786	median: 1.1184	mean: 1.1444
2nd to end ReportEsts -> max: 4.1017	99th: 2.4970	95th: 1.7234	median: 1.1032	mean: 1.2007
