Input arguments = Namespace(data_update='tupleskew', update_size=80000, dataset='bjaq', debug=False, drift_test='js', model_update='adapt', model='face', end2end=False, query_seed=0, random_seed=42, num_workload=3)

JSON-passed parameters = {'data_updater': {'skew_ratio': '1e-3'}, 'random_seed': 20, 'face': {'learning_rate': '1e-4', 'epochs': 0, 'factor': 'auto'}}

ReportEsts: [1.1249654293060303, 1.0638539791107178, 1.3289928436279297, 1.1421351432800293, 1.254352331161499, 1.1600849628448486, 1.2552821636199951, 1.1410791873931885, 1.0863937139511108, 1.0715104341506958, 1.2170542478561401, 1.1461864709854126, 1.165397047996521, 1.0401785373687744, 1.2192702293395996, 1.291001558303833, 1.1686592102050781, 1.0622327327728271, 1.1146646738052368, 1.0255101919174194, 1.0668859481811523, 1.1119740009307861, 1.1291404962539673, 1.1291089057922363, 1.068447232246399, 1.0867992639541626, 1.0405405759811401, 1.3013699054718018, 1.044333815574646, 1.0612348318099976, 1.0713019371032715, 1.2344930171966553, 1.1340162754058838, 1.0151853561401367, 1.2847553491592407, 1.1256616115570068, 1.2880405187606812, 1.0234509706497192, 1.0155750513076782, 1.15554940700531, 1.0526909828186035, 1.1412675380706787, 1.1651583909988403, 1.0285507440567017, 1.0862032175064087, 1.074299693107605, 1.0314393043518066, 1.2829841375350952, 1.0331330299377441, 1.133671760559082, 1.302259922027588, 1.173162579536438, 1.043698787689209, 1.2571519613265991, 1.0116046667099, 1.0273528099060059, 1.1831775903701782, 1.0956014394760132, 1.278991460800171, 1.37104070186615, 1.4145376682281494, 1.2512493133544922, 1.4494892358779907, 1.1764352321624756, 1.325301170349121, 1.1428571939468384, 1.2590361833572388, 1.0044220685958862, 1.0091360807418823, 1.2736842632293701, 1.0724762678146362, 1.0383970737457275, 1.1899118423461914, 1.009336233139038, 1.1987667083740234, 1.0920344591140747, 2.052793502807617, 1.1070470809936523, 1.002630591392517, 1.3255560398101807, 1.220882534980774, 1.1277661323547363, 1.080330491065979, 1.2135838270187378, 1.2138895988464355, 1.1263375282287598, 1.0998363494873047, 1.1330138444900513, 1.040611982345581, 1.0150924921035767, 1.076944351196289, 1.3218752145767212, 1.021276593208313, 1.3375455141067505, 1.1206896305084229, 1.173151969909668, 1.0576446056365967, 1.2203967571258545, 1.0526316165924072, 1.2153356075286865, 1.1886792182922363, 1.0884301662445068, 1.0374248027801514, 1.0080527067184448, 1.1003137826919556, 1.077573299407959, 1.166351556777954, 1.1867364645004272, 1.0532538890838623, 1.0394926071166992, 1.2690926790237427, 1.1109005212783813, 1.2271146774291992, 1.0947693586349487, 1.1919554471969604, 1.140703558921814, 1.067561149597168, 1.074164867401123, 1.372361421585083, 1.2496739625930786, 1.22500479221344, 1.0883814096450806, 1.313529372215271, 1.172186017036438, 1.303779125213623, 1.1857202053070068, 1.22158682346344, 1.049993634223938, 1.287500023841858, 1.0895123481750488, 1.3126428127288818, 1.2139605283737183, 1.3020509481430054, 1.4285714626312256, 1.0633819103240967, 1.0560022592544556, 1.0715335607528687, 1.2481300830841064, 1.028262972831726, 1.0031462907791138, 1.204490065574646, 1.013555645942688, 1.1442965269088745, 1.1966040134429932, 1.039703369140625, 1.11774480342865, 1.071232795715332, 1.556822419166565, 1.100610375404358, 1.0774857997894287, 1.1986738443374634, 1.1592103242874146, 1.403418779373169, 1.3906630277633667, 1.138148307800293, 1.0249696969985962, 1.1461163759231567, 1.0281373262405396, 1.0015157461166382, 1.170993685722351, 1.1571279764175415, 1.0617468357086182, 1.1969870328903198, 1.2248365879058838, 1.1484185457229614, 1.0296167135238647, 1.1810495853424072, 1.3713738918304443, 1.027551531791687, 1.0684802532196045, 1.0376676321029663, 1.0460835695266724, 1.1688311100006104, 1.1910494565963745, 1.0275886058807373, 1.1005467176437378, 1.0140913724899292, 1.1669018268585205, 1.243651270866394, 1.3026608228683472, 1.1001139879226685, 1.0681766271591187, 1.0512199401855469, 1.0219206809997559, 1.159362554550171, 1.119450330734253, 1.0644598007202148, 1.253226399421692, 1.0662575960159302, 1.4299554824829102, 1.0237880945205688, 1.0687980651855469, 1.4741735458374023, 1.2064670324325562, 2.1608176231384277, 1.2281368970870972, 1.1120049953460693, 1.1176470518112183, 1.0270990133285522, 1.1952522993087769]

WORKLOAD-FINISHED | Type: QueryWorkload | Progress: 1/3 | Workload-time: 11.865395 | Model-update-time: 0.000000

Distance score: 5.705356670659967e-05

WORKLOAD-FINISHED | Type: DataUpdateWorkload | Progress: 2/3 | Workload-time: 2.005861 | Model-update-time: 2.220476

ReportEsts: [1.0882611274719238, 1.0032336711883545, 1.0568861961364746, 1.5713101625442505, 1.087812066078186, 1.1266591548919678, 1.2050302028656006, 1.1252212524414062, 1.1189217567443848, 1.3603200912475586, 1.0947563648223877, 1.2008399963378906, 1.0190930366516113, 1.2402291297912598, 1.6572052240371704, 1.0061848163604736, 1.0887160301208496, 1.236567497253418, 1.0219037532806396, 1.1922043561935425, 1.177758812904358, 1.103874921798706, 1.7306910753250122, 1.0385441780090332, 1.1209641695022583, 1.0717494487762451, 1.0842251777648926, 1.1731008291244507, 1.309844732284546, 1.0885008573532104, 1.0357952117919922, 1.5423728227615356, 1.1975724697113037, 1.0791208744049072, 1.010165810585022, 1.1207094192504883, 1.0834095478057861, 1.1142979860305786, 1.0409197807312012, 1.0439984798431396, 1.1093279123306274, 1.2541507482528687, 1.0659875869750977, 1.0713560581207275, 1.089595079421997, 1.1341097354888916, 1.0712918043136597, 1.318711519241333, 1.3285714387893677, 1.1291744709014893, 1.0039359331130981, 1.0284279584884644, 1.2398096323013306, 1.2409638166427612, 1.0499753952026367, 1.3312046527862549, 1.2131050825119019, 1.267623782157898, 1.1875420808792114, 1.1152632236480713, 1.5995575189590454, 1.043459415435791, 1.13873291015625, 1.5521279573440552, 1.0046933889389038, 1.0928268432617188, 1.301149606704712, 1.149030089378357, 1.1445553302764893, 1.0793023109436035, 1.0746105909347534, 1.3142225742340088, 1.0949616432189941, 1.1333510875701904, 1.0293166637420654, 1.1791163682937622, 1.0363506078720093, 1.0117383003234863, 1.384106993675232, 1.0620315074920654, 1.3625134229660034, 1.1235142946243286, 1.1362453699111938, 1.1026655435562134, 1.261187195777893, 1.6595745086669922, 1.1853306293487549, 1.4778501987457275, 1.19352388381958, 1.6554230451583862, 1.0608948469161987, 1.1406244039535522, 1.3024238348007202, 1.0245624780654907, 1.2591146230697632, 1.0570173263549805, 1.1166857481002808, 1.2836793661117554, 1.7008980512619019, 1.1944444179534912, 1.0891629457473755, 1.2157926559448242, 1.0024570226669312, 1.2405692338943481, 1.1025748252868652, 1.1087990999221802, 1.1256424188613892, 1.0163111686706543, 1.054441213607788, 1.033648133277893, 1.1867759227752686, 1.0788878202438354, 1.1074161529541016, 1.181790828704834, 1.0562734603881836, 1.0045326948165894, 1.102134346961975, 1.1685028076171875, 1.778052806854248, 1.1769911050796509, 1.046447992324829, 1.0622549057006836, 1.0202752351760864, 1.1842718124389648, 1.1361100673675537, 1.2288321256637573, 1.1339528560638428, 1.0941557884216309, 1.2383687496185303, 1.0100334882736206, 1.3607280254364014, 1.0322190523147583, 1.0267176628112793, 2.082524299621582, 1.4756219387054443, 1.1590925455093384, 1.0598759651184082, 1.1366562843322754, 1.1379746198654175, 1.0471075773239136, 1.1595920324325562, 1.1736327409744263, 1.166365623474121, 1.0425758361816406, 1.0341802835464478, 1.100451946258545, 1.1530054807662964, 1.085373878479004, 1.0845717191696167, 1.0453299283981323, 1.3122570514678955, 1.0698977708816528, 1.1406279802322388, 1.0646129846572876, 1.010240912437439, 1.0994747877120972, 1.250885009765625, 2.625, 1.148667573928833, 1.1301409006118774, 1.052225112915039, 1.0833333730697632, 1.5235270261764526, 1.0887418985366821, 1.133712887763977, 1.1222749948501587, 1.2137961387634277, 1.2206510305404663, 1.1164262294769287, 1.335692286491394, 1.0210580825805664, 1.2004966735839844, 1.7291666269302368, 1.0823421478271484, 1.096919298171997, 1.0424751043319702, 1.0678952932357788, 1.0307198762893677, 1.1180797815322876, 1.0886390209197998, 2.0, 1.1357733011245728, 1.0087170600891113, 1.3614206314086914, 1.2843883037567139, 1.4590542316436768, 6.581395149230957, 1.2525323629379272, 1.5214271545410156, 1.0035741329193115, 1.089918851852417, 1.0512669086456299, 1.2509866952896118, 1.9626002311706543, 1.1877480745315552, 1.0451877117156982, 1.1723867654800415, 1.1116832494735718, 1.5663082599639893, 1.0361120700836182]

WORKLOAD-FINISHED | Type: QueryWorkload | Progress: 3/3 | Workload-time: 12.362566 | Model-update-time: 0.000000

Experiment Summary: #data-update-times=1, #drift=1 | total-time=28.500127
Sum of Model-update-time = 2.2205
The 1st    ReportEsts -> max: 2.1608	99th: 1.5618	95th: 1.3733	median: 1.1311	mean: 1.1591
2nd to end ReportEsts -> max: 6.5814	99th: 2.0879	95th: 1.6573	median: 1.1244	mean: 1.2175
