Input arguments = Namespace(data_update='sample', update_size=80000, dataset='bjaq', debug=False, drift_test='js', model_update='adapt', model='face', end2end=False, query_seed=0, random_seed=42, num_workload=3)

JSON-passed parameters = {'data_updater': {'skew_ratio': '1e-3'}, 'random_seed': 8, 'face': {'learning_rate': '1e-4', 'epochs': 0, 'factor': 'auto'}}

ReportEsts: [1.1602509021759033, 1.0775140523910522, 1.4495848417282104, 1.126974105834961, 1.2382755279541016, 1.1215544939041138, 1.1849788427352905, 1.1986668109893799, 1.050349235534668, 1.1222023963928223, 1.0654608011245728, 1.1603813171386719, 1.0615688562393188, 1.0535714626312256, 1.0498290061950684, 1.355653166770935, 1.4593943357467651, 1.1565320491790771, 1.0972000360488892, 1.1352040767669678, 1.0925780534744263, 1.0672178268432617, 1.1540604829788208, 1.0235161781311035, 1.1690762042999268, 1.0082042217254639, 1.1143018007278442, 1.322144865989685, 1.0652903318405151, 1.1031430959701538, 1.1649521589279175, 1.01495361328125, 1.02297842502594, 1.023762822151184, 1.0850354433059692, 1.1775240898132324, 1.2351009845733643, 1.0747126340866089, 1.0861769914627075, 1.0079041719436646, 1.0063700675964355, 1.1676342487335205, 1.0440423488616943, 1.0424975156784058, 1.0593703985214233, 1.0113378763198853, 1.1608505249023438, 1.285109519958496, 1.0921635627746582, 1.0642977952957153, 1.245945930480957, 1.324324369430542, 1.0051121711730957, 1.161527156829834, 1.0672125816345215, 1.0155366659164429, 1.327102780342102, 1.121970295906067, 1.208614468574524, 1.3755674362182617, 1.2774232625961304, 1.1812397241592407, 1.4458458423614502, 1.0021164417266846, 1.2741312980651855, 1.0571428537368774, 1.203454852104187, 1.04716157913208, 1.176853895187378, 1.221052646636963, 1.0418342351913452, 1.0436110496520996, 1.2343883514404297, 1.1912949085235596, 1.175955891609192, 1.1063250303268433, 1.8220694065093994, 1.0217955112457275, 1.0083035230636597, 1.4509330987930298, 1.116178035736084, 1.1040220260620117, 1.0351749658584595, 1.177722454071045, 1.2248505353927612, 1.0180503129959106, 1.0884379148483276, 1.2710214853286743, 1.0122827291488647, 1.0553942918777466, 1.046170949935913, 1.3779175281524658, 1.0381879806518555, 1.3362466096878052, 1.1403508186340332, 1.137036919593811, 1.1073857545852661, 1.3583167791366577, 1.0526316165924072, 1.1098212003707886, 1.1617021560668945, 1.0813192129135132, 1.0220710039138794, 1.0, 1.0132845640182495, 1.0499522686004639, 1.1239774227142334, 1.1989529132843018, 1.0700467824935913, 1.01400887966156, 1.0407015085220337, 1.0673952102661133, 1.1744916439056396, 1.0981481075286865, 1.2038947343826294, 1.1349999904632568, 1.0227556228637695, 1.0208951234817505, 1.127020239830017, 1.0145872831344604, 1.2353166341781616, 1.1450254917144775, 1.1182236671447754, 1.2004375457763672, 1.1279069185256958, 1.1810771226882935, 1.161794662475586, 1.214186191558838, 1.2726523876190186, 1.1292585134506226, 1.0949534177780151, 1.1695072650909424, 1.1793038845062256, 1.4642857313156128, 1.0520219802856445, 1.0651088953018188, 1.0667165517807007, 1.2344715595245361, 1.1104663610458374, 1.267727017402649, 1.1126487255096436, 1.1187363862991333, 1.2452231645584106, 1.335521936416626, 1.1056451797485352, 1.0810141563415527, 1.0388258695602417, 1.562680721282959, 1.0123164653778076, 1.0237926244735718, 1.0554306507110596, 1.1316497325897217, 1.3249058723449707, 1.35829496383667, 1.1774839162826538, 1.1040935516357422, 1.184244990348816, 1.0208215713500977, 1.059770941734314, 1.1784541606903076, 1.2032921314239502, 1.0249226093292236, 1.0925028324127197, 1.3253182172775269, 1.106682300567627, 1.0963709354400635, 1.0960396528244019, 1.3318456411361694, 1.0138782262802124, 1.0101001262664795, 1.0306580066680908, 1.0461233854293823, 1.097402572631836, 1.0782477855682373, 1.0844687223434448, 1.1399883031845093, 1.0131195783615112, 1.2478982210159302, 1.2156652212142944, 1.1991276741027832, 1.1036309003829956, 1.022535800933838, 1.0167633295059204, 1.0602655410766602, 1.0833030939102173, 1.0909091234207153, 1.071815848350525, 1.2065144777297974, 1.0754421949386597, 1.2800524234771729, 1.0123409032821655, 1.0132378339767456, 1.748774528503418, 1.7022643089294434, 1.5886774063110352, 1.269986867904663, 1.1284284591674805, 1.1014492511749268, 1.0572396516799927, 1.052489995956421]

WORKLOAD-FINISHED | Type: QueryWorkload | Progress: 1/3 | Workload-time: 11.831306 | Model-update-time: 0.000000

Distance score: 2.1457671550706436e-07

WORKLOAD-FINISHED | Type: DataUpdateWorkload | Progress: 2/3 | Workload-time: 2.038017 | Model-update-time: 0.000000

ReportEsts: [1.0150291919708252, 1.0216959714889526, 1.1726518869400024, 1.236703634262085, 1.0132908821105957, 1.347043752670288, 1.1292303800582886, 1.0012688636779785, 1.193627953529358, 1.0813008546829224, 1.0198326110839844, 1.1118285655975342, 1.2777777910232544, 1.0969624519348145, 1.041733741760254, 1.1162904500961304, 1.677524447441101, 1.0512741804122925, 1.0021034479141235, 1.2720813751220703, 1.093806266784668, 1.0414917469024658, 1.074461579322815, 1.0351338386535645, 1.150778889656067, 1.165132761001587, 1.119949460029602, 1.1178107261657715, 1.0946112871170044, 1.5936073064804077, 1.137303113937378, 1.3028168678283691, 1.0085337162017822, 1.01705002784729, 1.0197041034698486, 1.1938570737838745, 1.116438388824463, 1.3197146654129028, 1.0948512554168701, 1.0095661878585815, 1.0285993814468384, 1.016322135925293, 1.0624719858169556, 1.0685291290283203, 1.0271517038345337, 1.0898014307022095, 1.4247242212295532, 1.103562355041504, 1.0295202732086182, 1.1060131788253784, 1.0128072500228882, 1.0249102115631104, 1.0784317255020142, 1.2029775381088257, 1.128791093826294, 1.0671290159225464, 1.2664703130722046, 1.138593316078186, 1.2574667930603027, 1.1301755905151367, 1.1700183153152466, 1.0152238607406616, 1.0621616840362549, 1.3343688249588013, 1.133029580116272, 1.0511904954910278, 1.4169588088989258, 1.021669626235962, 1.1515140533447266, 1.097447156906128, 1.0969769954681396, 1.1216051578521729, 1.0784071683883667, 1.0965486764907837, 1.0880225896835327, 1.0507469177246094, 1.229616403579712, 1.0878431797027588, 1.4286060333251953, 1.1303019523620605, 1.1976679563522339, 1.0070407390594482, 1.01091730594635, 1.0873700380325317, 1.3431161642074585, 1.376344084739685, 1.2246872186660767, 1.6766467094421387, 1.0927406549453735, 1.2078663110733032, 1.1067203283309937, 1.0745474100112915, 1.3838961124420166, 1.0449544191360474, 1.0515238046646118, 1.0766870975494385, 1.1029152870178223, 1.2006152868270874, 2.25, 1.0816824436187744, 1.173340082168579, 1.1244676113128662, 1.191846489906311, 1.173165202140808, 1.0554726123809814, 1.004132866859436, 1.0455912351608276, 1.018399953842163, 1.1468926668167114, 1.1308951377868652, 1.0279127359390259, 1.1071399450302124, 1.1372060775756836, 1.2918050289154053, 1.0872313976287842, 1.053923487663269, 1.032862663269043, 1.2379252910614014, 1.0136618614196777, 1.1111111640930176, 1.046796441078186, 1.0610569715499878, 1.1036394834518433, 1.2534277439117432, 1.1026501655578613, 1.1443157196044922, 1.145942211151123, 1.2743221521377563, 1.2645620107650757, 1.0336591005325317, 1.163384199142456, 1.129981279373169, 1.0085233449935913, 1.9023809432983398, 1.6337372064590454, 1.0927551984786987, 1.098467469215393, 1.0135186910629272, 1.0994871854782104, 1.029807686805725, 1.0986533164978027, 1.184714436531067, 1.0367289781570435, 1.0228556394577026, 1.0443377494812012, 1.0130434036254883, 1.5776396989822388, 1.1030269861221313, 1.0468229055404663, 1.066088080406189, 1.0102137327194214, 1.047904133796692, 1.0662707090377808, 1.0242185592651367, 1.0198371410369873, 1.1045886278152466, 1.0978232622146606, 1.3046875, 1.0012236833572388, 1.0972012281417847, 1.094283938407898, 1.045976996421814, 2.2777321338653564, 1.1461831331253052, 1.147316575050354, 1.195259928703308, 1.0366652011871338, 1.1252050399780273, 1.0538347959518433, 1.1983363628387451, 1.0457849502563477, 1.182456135749817, 1.4495289325714111, 1.043033242225647, 1.0602450370788574, 1.0541582107543945, 1.0568773746490479, 1.020465612411499, 1.0165860652923584, 1.0145598649978638, 1.40816330909729, 1.096567988395691, 1.0726261138916016, 1.4043636322021484, 1.315050721168518, 1.3731088638305664, 1.413303017616272, 1.2077903747558594, 1.3555982112884521, 1.0564919710159302, 1.2286087274551392, 1.17074453830719, 1.3580776453018188, 1.9240987300872803, 1.026270866394043, 1.2518248558044434, 1.3365216255187988, 1.0539640188217163, 1.3606271743774414, 1.0353206396102905]

WORKLOAD-FINISHED | Type: QueryWorkload | Progress: 3/3 | Workload-time: 12.244699 | Model-update-time: 0.000000

Experiment Summary: #data-update-times=1, #drift=0 | total-time=26.150474
Sum of Model-update-time = 0.0000
The 1st    ReportEsts -> max: 1.8221	99th: 1.7027	95th: 1.3813	median: 1.1086	mean: 1.1471
2nd to end ReportEsts -> max: 2.2777	99th: 1.9274	95th: 1.4297	median: 1.0986	mean: 1.1588
