Input arguments = Namespace(data_update='sample', update_size=80000, dataset='bjaq', debug=False, drift_test='js', model_update='adapt', model='face', end2end=False, query_seed=0, random_seed=42, num_workload=3)

JSON-passed parameters = {'data_updater': {'skew_ratio': '1e-3'}, 'random_seed': 4, 'face': {'learning_rate': '1e-4', 'epochs': 0, 'factor': 'auto'}}

ReportEsts: [1.1835368871688843, 1.0064640045166016, 1.313917875289917, 1.134975790977478, 1.2569485902786255, 1.1161086559295654, 1.2668336629867554, 1.1401456594467163, 1.1023212671279907, 1.1741390228271484, 1.0801033973693848, 1.0938559770584106, 1.0274101495742798, 1.0491071939468384, 1.1144251823425293, 1.3224611282348633, 1.186496615409851, 1.1920427083969116, 1.1617511510849, 1.03316330909729, 1.168100357055664, 1.0431746244430542, 1.1162694692611694, 1.0411763191223145, 1.1249693632125854, 1.0750452280044556, 1.1280968189239502, 1.5023255348205566, 1.0007020235061646, 1.0337706804275513, 1.1340900659561157, 1.3395479917526245, 1.0060111284255981, 1.082450032234192, 1.1466397047042847, 1.1888198852539062, 1.4494779109954834, 1.13750159740448, 1.0040767192840576, 1.0655089616775513, 1.0084455013275146, 1.1174407005310059, 1.0648996829986572, 1.0555027723312378, 1.0876822471618652, 1.1462584733963013, 1.081179141998291, 1.1916708946228027, 1.0216926336288452, 1.145516037940979, 1.1582914590835571, 1.3441786766052246, 1.099270224571228, 1.0709450244903564, 1.1804312467575073, 1.047751545906067, 1.3644859790802002, 1.1675938367843628, 1.0374643802642822, 1.3812681436538696, 1.2737174034118652, 1.1626174449920654, 1.2999192476272583, 1.1784694194793701, 1.3469387292861938, 1.2285714149475098, 1.1338155269622803, 1.0213016271591187, 1.133070707321167, 1.399999976158142, 1.0707964897155762, 1.0443687438964844, 1.3268332481384277, 1.2813369035720825, 1.0497535467147827, 1.0225480794906616, 1.9720815420150757, 1.0020800828933716, 1.018410325050354, 1.3243147134780884, 1.2391083240509033, 1.148602843284607, 1.0819004774093628, 1.084768533706665, 1.236011266708374, 1.1272810697555542, 1.0361416339874268, 1.0269861221313477, 1.1027754545211792, 1.0960278511047363, 1.018353819847107, 1.448021411895752, 1.0292102098464966, 1.2272018194198608, 1.1818181276321411, 1.0862258672714233, 1.1261773109436035, 1.2853114604949951, 1.034482717514038, 1.2294728755950928, 1.1203830242156982, 1.0359282493591309, 1.0167642831802368, 1.004392385482788, 1.1016736030578613, 1.0734118223190308, 1.0370726585388184, 1.2006981372833252, 1.074507713317871, 1.10228431224823, 1.164849042892456, 1.0963517427444458, 1.2928740978240967, 1.0085127353668213, 1.084502100944519, 1.0509259700775146, 1.0114132165908813, 1.0290210247039795, 1.2090954780578613, 1.0091291666030884, 1.122175931930542, 1.1005243062973022, 1.1125558614730835, 1.1955732107162476, 1.174903154373169, 1.1926331520080566, 1.0349212884902954, 1.3211907148361206, 1.3005050420761108, 1.1158984899520874, 1.1851005554199219, 1.1498805284500122, 1.2200124263763428, 1.4285714626312256, 1.2273763418197632, 1.0039535760879517, 1.0220379829406738, 1.2439024448394775, 1.0744704008102417, 1.122652530670166, 1.1250933408737183, 1.1722224950790405, 1.1811268329620361, 1.2659122943878174, 1.1339411735534668, 1.0002400875091553, 1.1313972473144531, 1.454229712486267, 1.0568186044692993, 1.0259943008422852, 1.2433700561523438, 1.1340854167938232, 1.3220611810684204, 1.0843656063079834, 1.097967505455017, 1.0430469512939453, 1.1082499027252197, 1.0053460597991943, 1.0025527477264404, 1.1173380613327026, 1.1894065141677856, 1.0176472663879395, 1.0518015623092651, 1.2906335592269897, 1.2486772537231445, 1.026290774345398, 1.1360881328582764, 1.4286854267120361, 1.0405429601669312, 1.0081050395965576, 1.0354669094085693, 1.1048334836959839, 1.1428571939468384, 1.1815749406814575, 1.1324931383132935, 1.1382346153259277, 1.025267243385315, 1.189439058303833, 1.090515375137329, 1.0613926649093628, 1.0281847715377808, 1.0477818250656128, 1.0447638034820557, 1.1276812553405762, 1.0851141214370728, 1.1131078004837036, 1.03904390335083, 1.2611442804336548, 1.0736603736877441, 1.2629222869873047, 1.0026063919067383, 1.0756059885025024, 1.6952776908874512, 1.4779930114746094, 1.63884437084198, 1.2089831829071045, 1.0229679346084595, 1.1176470518112183, 1.0020842552185059, 1.070517897605896]

WORKLOAD-FINISHED | Type: QueryWorkload | Progress: 1/3 | Workload-time: 11.830911 | Model-update-time: 0.000000

Distance score: 8.225441092690744e-07

WORKLOAD-FINISHED | Type: DataUpdateWorkload | Progress: 2/3 | Workload-time: 2.031414 | Model-update-time: 0.000000

ReportEsts: [1.2240257263183594, 1.0188068151474, 1.2992366552352905, 1.0385525226593018, 1.083981990814209, 1.42001473903656, 1.2146402597427368, 1.0750981569290161, 1.076997995376587, 1.0333333015441895, 1.0041234493255615, 1.2797001600265503, 1.0497925281524658, 1.1184792518615723, 1.050529956817627, 1.0738091468811035, 1.0535829067230225, 1.1650747060775757, 1.0236151218414307, 1.3114386796951294, 1.0688847303390503, 1.1502786874771118, 1.029317021369934, 1.05295729637146, 1.1096177101135254, 1.2473633289337158, 1.1026439666748047, 1.2066855430603027, 1.2395209074020386, 1.052884578704834, 1.17789626121521, 1.2380952835083008, 1.131615161895752, 1.043936848640442, 1.081479549407959, 1.0623061656951904, 1.1497968435287476, 1.1067695617675781, 1.0542349815368652, 1.0763270854949951, 1.0006126165390015, 1.0308839082717896, 1.2983094453811646, 1.2014038562774658, 1.103613257408142, 1.0390093326568604, 1.2108595371246338, 1.0342369079589844, 1.1457489728927612, 1.259024739265442, 1.0667951107025146, 1.1346278190612793, 1.1209133863449097, 1.0612674951553345, 1.0546151399612427, 1.1985348463058472, 1.2972444295883179, 1.1987251043319702, 1.2437020540237427, 1.091336965560913, 1.634517788887024, 1.063723087310791, 1.0663855075836182, 1.816033959388733, 1.0214264392852783, 1.152471899986267, 1.2737390995025635, 1.1216251850128174, 1.1555280685424805, 1.0863516330718994, 1.0013642311096191, 1.1863045692443848, 1.0878019332885742, 1.2184371948242188, 1.0384520292282104, 1.0875977277755737, 1.0390369892120361, 1.1708272695541382, 1.3060669898986816, 1.1235716342926025, 1.122245192527771, 1.1242302656173706, 1.0377801656723022, 1.3692923784255981, 1.369062066078186, 1.375, 1.1708204746246338, 1.5859402418136597, 1.0229138135910034, 1.0656291246414185, 1.1413270235061646, 1.209775686264038, 1.2885710000991821, 1.0225334167480469, 1.0917465686798096, 1.0370397567749023, 1.1029438972473145, 1.149611473083496, 1.337837815284729, 1.2258806228637695, 1.0977325439453125, 1.1275804042816162, 1.25, 1.1911860704421997, 1.2146393060684204, 1.1265074014663696, 1.1844041347503662, 1.2132123708724976, 1.179063320159912, 1.0202690362930298, 1.0105966329574585, 1.0889803171157837, 1.1353241205215454, 1.2148574590682983, 1.1378310918807983, 1.4187437295913696, 1.1900748014450073, 1.1035724878311157, 1.0339739322662354, 1.2719298601150513, 1.115502119064331, 1.1014567613601685, 1.0120882987976074, 1.108143925666809, 1.004672884941101, 1.1453049182891846, 1.1758811473846436, 1.252730131149292, 1.1063953638076782, 1.0204466581344604, 1.1674703359603882, 1.0931496620178223, 1.0917580127716064, 1.274336338043213, 1.635859489440918, 1.1586774587631226, 1.018725037574768, 1.0578868389129639, 1.0205051898956299, 1.0675691366195679, 1.0864365100860596, 1.1040278673171997, 1.068374752998352, 1.0203648805618286, 1.0017852783203125, 1.064282774925232, 1.4046242237091064, 1.018005609512329, 1.0883013010025024, 1.049170970916748, 1.1479545831680298, 1.0222433805465698, 1.1398003101348877, 1.0740586519241333, 1.0176470279693604, 1.0061516761779785, 1.1374748945236206, 1.293233036994934, 1.0369532108306885, 1.0707348585128784, 1.048648715019226, 1.0662413835525513, 1.0748510360717773, 1.127867341041565, 1.1378288269042969, 1.0566037893295288, 1.0062204599380493, 1.0507736206054688, 1.0370845794677734, 1.1156243085861206, 1.0068410634994507, 1.0421411991119385, 1.4414535760879517, 1.046404480934143, 1.1329857110977173, 1.0602827072143555, 1.7929860353469849, 1.109391212463379, 1.0506634712219238, 1.0343784093856812, 1.5111111402511597, 1.1194968223571777, 1.0615421533584595, 1.2654824256896973, 1.329613447189331, 1.0957746505737305, 1.2736477851867676, 1.0191999673843384, 1.4853901863098145, 1.0720765590667725, 1.2047609090805054, 1.0335909128189087, 1.312512755393982, 2.1394736766815186, 1.029924750328064, 1.0802348852157593, 1.2035399675369263, 1.0038155317306519, 1.374367594718933, 1.034879446029663]

WORKLOAD-FINISHED | Type: QueryWorkload | Progress: 3/3 | Workload-time: 12.255048 | Model-update-time: 0.000000

Experiment Summary: #data-update-times=1, #drift=0 | total-time=26.149927
Sum of Model-update-time = 0.0000
The 1st    ReportEsts -> max: 1.9721	99th: 1.6394	95th: 1.4014	median: 1.1174	mean: 1.1468
2nd to end ReportEsts -> max: 2.1395	99th: 1.7932	95th: 1.4188	median: 1.1052	mean: 1.1504
