Input arguments = Namespace(data_update='valueskew', update_size=80000, dataset='bjaq', debug=False, drift_test='js', model_update='adapt', model='face', end2end=False, query_seed=0, random_seed=42, num_workload=3)

JSON-passed parameters = {'data_updater': {'skew_ratio': '1e-3'}, 'random_seed': 14, 'face': {'learning_rate': '1e-4', 'epochs': 0, 'factor': 'auto'}}

ReportEsts: [1.1093238592147827, 1.0665217638015747, 1.472190260887146, 1.201937198638916, 1.1910899877548218, 1.0976877212524414, 1.207074761390686, 1.1273256540298462, 1.0424610376358032, 1.1458669900894165, 1.1300603151321411, 1.209110140800476, 1.0591322183609009, 1.0044642686843872, 1.1439813375473022, 1.2999629974365234, 1.2730292081832886, 1.1887173652648926, 1.0910271406173706, 1.0586735010147095, 1.0399830341339111, 1.0088393688201904, 1.1788136959075928, 1.0148385763168335, 1.0730212926864624, 1.0669077634811401, 1.1058558225631714, 1.4080209732055664, 1.0957942008972168, 1.0896145105361938, 1.1223838329315186, 1.1276605129241943, 1.0326207876205444, 1.0122737884521484, 1.1384450197219849, 1.0724358558654785, 1.4655472040176392, 1.1602258682250977, 1.092098593711853, 1.0685948133468628, 1.0484955310821533, 1.135099172592163, 1.014474868774414, 1.0364277362823486, 1.1037397384643555, 1.0090702772140503, 1.187743902206421, 1.3757635354995728, 1.0364086627960205, 1.0642977952957153, 1.226063847541809, 1.2994141578674316, 1.0981642007827759, 1.1312929391860962, 1.013976812362671, 1.0377839803695679, 1.4289720058441162, 1.0102643966674805, 1.0380218029022217, 1.4176945686340332, 1.3513689041137695, 1.2188136577606201, 1.4803988933563232, 1.0052069425582886, 1.3147410154342651, 1.2857142686843872, 1.1107174158096313, 1.0048260688781738, 1.1867436170578003, 1.4421052932739258, 1.1541318893432617, 1.054609775543213, 1.302648663520813, 1.326535701751709, 1.077490210533142, 1.1214591264724731, 2.1573235988616943, 1.0477426052093506, 1.0524160861968994, 1.3217389583587646, 1.1983401775360107, 1.0263594388961792, 1.105936050415039, 1.2953547239303589, 1.3078490495681763, 1.1020675897598267, 1.1237696409225464, 1.0654728412628174, 1.0823893547058105, 1.075296401977539, 1.0327186584472656, 1.3008263111114502, 1.0310133695602417, 1.2255622148513794, 1.1271675825119019, 1.193232536315918, 1.2581526041030884, 1.2191109657287598, 1.0714285373687744, 1.1938021183013916, 1.1666666269302368, 1.1479871273040771, 1.0693097114562988, 1.005890965461731, 1.1462342739105225, 1.0948046445846558, 1.1778963804244995, 1.191972017288208, 1.0228826999664307, 1.0975486040115356, 1.2239670753479004, 1.0568078756332397, 1.1817808151245117, 1.058287262916565, 1.0664193630218506, 1.0133928060531616, 1.0869808197021484, 1.0561072826385498, 1.3303349018096924, 1.0500410795211792, 1.1470954418182373, 1.0948668718338013, 1.177568793296814, 1.2672218084335327, 1.1884689331054688, 1.187474250793457, 1.1373955011367798, 1.1039601564407349, 1.2136684656143188, 1.1155644655227661, 1.3088916540145874, 1.1577837467193604, 1.2461155652999878, 1.4642857313156128, 1.1932575702667236, 1.128117561340332, 1.0279500484466553, 1.2058537006378174, 1.1219710111618042, 1.0379815101623535, 1.1620290279388428, 1.1045011281967163, 1.2020022869110107, 1.335521936416626, 1.0741450786590576, 1.0043951272964478, 1.0155032873153687, 1.6491515636444092, 1.1255171298980713, 1.1472301483154297, 1.3651182651519775, 1.1968978643417358, 1.3415032625198364, 1.087731957435608, 1.0948477983474731, 1.0409420728683472, 1.007237195968628, 1.0357344150543213, 1.0483816862106323, 1.18328857421875, 1.0381965637207031, 1.0289454460144043, 1.0452117919921875, 1.2906335592269897, 1.3111110925674438, 1.1050052642822266, 1.0927733182907104, 1.274830937385559, 1.0445377826690674, 1.0455487966537476, 1.0296013355255127, 1.1131314039230347, 1.1363636255264282, 1.2091623544692993, 1.0596048831939697, 1.037569522857666, 1.0383450984954834, 1.3256239891052246, 1.0997047424316406, 1.050719141960144, 1.1146421432495117, 1.0445430278778076, 1.0496954917907715, 1.0939733982086182, 1.0890980958938599, 1.0644819736480713, 1.0354689359664917, 1.280470371246338, 1.0380058288574219, 1.412766456604004, 1.1760865449905396, 1.0138742923736572, 1.4316529035568237, 1.0959529876708984, 1.5641493797302246, 1.2037266492843628, 1.0052798986434937, 1.1343283653259277, 1.1713181734085083, 1.1749999523162842]

WORKLOAD-FINISHED | Type: QueryWorkload | Progress: 1/3 | Workload-time: 11.879569 | Model-update-time: 0.000000

Distance score: 0.0024413347709923983

WORKLOAD-FINISHED | Type: DataUpdateWorkload | Progress: 2/3 | Workload-time: 2.044228 | Model-update-time: 2.224209

ReportEsts: [1.0280057191848755, 1.0481120347976685, 1.016997218132019, 1.002810001373291, 1.2043513059616089, 1.225401759147644, 1.199753761291504, 1.0370631217956543, 2.025516986846924, 1.175438642501831, 1.0848027467727661, 1.30608332157135, 1.016990303993225, 1.1429084539413452, 47.85714340209961, 1.1980140209197998, 1.4133167266845703, 1.099313497543335, 1.010434865951538, 1.2015488147735596, 1.1294163465499878, 1.7283236980438232, 1.153786540031433, 1.0942028760910034, 1.2000389099121094, 1.4899837970733643, 1.0287638902664185, 1.1465476751327515, 1.494153618812561, 1.1241326332092285, 1.1956735849380493, 1.087837815284729, 1.0129085779190063, 1.054431438446045, 1.0496076345443726, 1.087646245956421, 1.125647783279419, 2.3926525115966797, 1.1458998918533325, 1.2657383680343628, 1.0272537469863892, 1.1829419136047363, 17.50943374633789, 1.0063694715499878, 1.0949122905731201, 1.094138741493225, 1.3596230745315552, 1.4950013160705566, 1.1039999723434448, 1.1577938795089722, 1.054861307144165, 1.0466331243515015, 1.2319869995117188, 1.2989742755889893, 1.2762504816055298, 1.3700919151306152, 1.1606594324111938, 1.1569164991378784, 1.0596035718917847, 1.0816807746887207, 1.5526316165924072, 1.3643674850463867, 3.2807958126068115, 1.6501163244247437, 1.2210185527801514, 1.0860828161239624, 1.2635399103164673, 1.0305241346359253, 1.135524868965149, 1.3594144582748413, 1.1873958110809326, 1.1505626440048218, 1.1222261190414429, 1.244687557220459, 1.002038836479187, 1.1663621664047241, 23.05240249633789, 1.0307623147964478, 1.0412741899490356, 1.175156831741333, 1.1752287149429321, 1.241889476776123, 1.4760923385620117, 1.0451596975326538, 1.091416597366333, 1.600000023841858, 1.111193060874939, 1.587486743927002, 1.4015284776687622, 3.5729618072509766, 1.070131778717041, 1.2498478889465332, 1.4464389085769653, 1.0372265577316284, 1.0046948194503784, 1.0131868124008179, 2.4056379795074463, 1.0052353143692017, 1.8073394298553467, 1.1046442985534668, 1.3761037588119507, 1.3770419359207153, 1.031862735748291, 1.0099159479141235, 1.0496269464492798, 2.8380415439605713, 1.1629077196121216, 1.0961380004882812, 1.2122093439102173, 1.0642540454864502, 1.0417064428329468, 1.1487414836883545, 1.0065253973007202, 1.070891261100769, 1.2137500047683716, 1.2087568044662476, 1.058064579963684, 1.3513175249099731, 2.636556386947632, 1.0507246255874634, 1.3268681764602661, 1.1082205772399902, 1.7913262844085693, 1.8910614252090454, 1.0910255908966064, 1.053471326828003, 1.1629066467285156, 4.492424011230469, 1.0044244527816772, 1.0054781436920166, 1.119246482849121, 1.0617201328277588, 1.175424337387085, 1.0143721103668213, 1.6911487579345703, 1.1783708333969116, 1.0605356693267822, 1.1267714500427246, 1.2248889207839966, 1.193850040435791, 1.0924800634384155, 1.086602807044983, 1.2841335535049438, 1.1231346130371094, 1.1133124828338623, 1.1641533374786377, 1.4802260398864746, 1.2674014568328857, 1.0992804765701294, 1.1697810888290405, 1.1492127180099487, 1.2619675397872925, 1.2113337516784668, 1.1239336729049683, 1.0816291570663452, 1.018514633178711, 1.1931034326553345, 1.0538461208343506, 1.1114797592163086, 1.0237195491790771, 5.867193222045898, 1.1761904954910278, 1.506893277168274, 1.1322755813598633, 1.1771342754364014, 1.043574571609497, 1.0229835510253906, 1.0611203908920288, 217.64178466796875, 1.2250514030456543, 1.0873454809188843, 1.1354955434799194, 1.6518745422363281, 1.079621434211731, 1.0359870195388794, 1.0686191320419312, 1.0170637369155884, 1.0479060411453247, 1.0244072675704956, 1.0555760860443115, 1.6046512126922607, 1.152352213859558, 1.1671041250228882, 1.3958740234375, 1.0758897066116333, 1.314093828201294, 1.2159180641174316, 1.2485796213150024, 1.4797388315200806, 1.1033926010131836, 1.0453503131866455, 1.098451852798462, 1.2495298385620117, 1.874371886253357, 1.247056484222412, 1.0896400213241577, 1.0115798711776733, 1.152760624885559, 1.3685121536254883, 1.1618225574493408]

WORKLOAD-FINISHED | Type: QueryWorkload | Progress: 3/3 | Workload-time: 12.335661 | Model-update-time: 0.000000

Experiment Summary: #data-update-times=1, #drift=1 | total-time=28.517505
Sum of Model-update-time = 2.2242
The 1st    ReportEsts -> max: 2.1573	99th: 1.5650	95th: 1.4183	median: 1.1151	mean: 1.1541
2nd to end ReportEsts -> max: 217.6418	99th: 23.3004	95th: 2.4172	median: 1.1515	mean: 2.7882
