Input arguments = Namespace(data_update='valueskew', update_size=80000, dataset='bjaq', debug=False, drift_test='js', model_update='adapt', model='face', end2end=False, query_seed=0, random_seed=42, num_workload=3)

JSON-passed parameters = {'data_updater': {'skew_ratio': '1e-3'}, 'random_seed': 35, 'face': {'learning_rate': '1e-4', 'epochs': 0, 'factor': 'auto'}}

ReportEsts: [1.1458743810653687, 1.0616801977157593, 1.4920262098312378, 1.0509580373764038, 1.2418930530548096, 1.1208828687667847, 1.2558784484863281, 1.0772203207015991, 1.0376653671264648, 1.0749843120574951, 1.0999138355255127, 1.1129237413406372, 1.1063148975372314, 1.046875, 1.0301662683486938, 1.301777720451355, 1.2868448495864868, 1.1119952201843262, 1.194786787033081, 1.040816307067871, 1.2422633171081543, 1.082176685333252, 1.1211490631103516, 1.071911334991455, 1.1265212297439575, 1.1401447057724, 1.0917792320251465, 1.316218376159668, 1.0527647733688354, 1.063370943069458, 1.1078397035598755, 1.0690994262695312, 1.1853840351104736, 1.0522698163986206, 1.0913358926773071, 1.1333640813827515, 1.2332719564437866, 1.2151539325714111, 1.1275893449783325, 1.0099177360534668, 1.0977017879486084, 1.175858736038208, 1.0015617609024048, 1.0588005781173706, 1.0627509355545044, 1.0691609382629395, 1.0692980289459229, 1.2939214706420898, 1.0457851886749268, 1.1353638172149658, 1.2163587808609009, 1.3074774742126465, 1.1005231142044067, 1.3397696018218994, 1.1514490842819214, 1.0234121084213257, 1.1252336502075195, 1.2011693716049194, 1.245808482170105, 1.4912751913070679, 1.2508622407913208, 1.1805920600891113, 1.268438696861267, 1.0748405456542969, 1.3469387292861938, 1.2285714149475098, 1.2069296836853027, 1.0102061033248901, 1.1843767166137695, 1.3263157606124878, 1.3378921747207642, 1.1055221557617188, 1.2408814430236816, 1.2483420372009277, 1.2157255411148071, 1.2637807130813599, 1.8652722835540771, 1.0420342683792114, 1.096975564956665, 1.3903281688690186, 1.0842885971069336, 1.1368114948272705, 1.0343525409698486, 1.1354742050170898, 1.2682380676269531, 1.1021161079406738, 1.059151530265808, 1.0604439973831177, 1.0299291610717773, 1.0417945384979248, 1.0835065841674805, 1.4691357612609863, 1.0164955854415894, 1.3962455987930298, 1.0955055952072144, 1.0025320053100586, 1.1516703367233276, 1.2157607078552246, 1.0526316165924072, 1.1742346286773682, 1.1454545259475708, 1.0801246166229248, 1.0450143814086914, 1.0029282569885254, 1.012552261352539, 1.0878686904907227, 1.1953413486480713, 1.1849912405014038, 1.0261318683624268, 1.0032235383987427, 1.0344326496124268, 1.135658860206604, 1.1192635297775269, 1.0001518726348877, 1.163788080215454, 1.23369562625885, 1.0827547311782837, 1.0273442268371582, 1.4009910821914673, 1.119596242904663, 1.2299047708511353, 1.1341934204101562, 1.176568627357483, 1.1353102922439575, 1.2562984228134155, 1.187474250793457, 1.2430095672607422, 1.0950932502746582, 1.328460931777954, 1.1165664196014404, 1.1090792417526245, 1.1852821111679077, 1.2200124263763428, 1.4642857313156128, 1.1209193468093872, 1.0696433782577515, 1.0361584424972534, 1.0904065370559692, 1.1428042650222778, 1.3247922658920288, 1.1813430786132812, 1.017687439918518, 1.0003622770309448, 1.2482566833496094, 1.034242033958435, 1.0791674852371216, 1.0243571996688843, 1.1976927518844604, 1.0662815570831299, 1.0078740119934082, 1.2125678062438965, 1.0999871492385864, 1.3652993440628052, 1.1270663738250732, 1.259721040725708, 1.0054892301559448, 1.1219909191131592, 1.0115362405776978, 1.0812524557113647, 1.0935243368148804, 1.0746427774429321, 1.0134992599487305, 1.0115408897399902, 1.3160111904144287, 1.172670841217041, 1.0101362466812134, 1.214117169380188, 1.2152371406555176, 1.0322213172912598, 1.016932487487793, 1.0159317255020142, 1.1733015775680542, 1.1623376607894897, 1.113693356513977, 1.0953677892684937, 1.132835865020752, 1.0519921779632568, 1.1355433464050293, 1.1896189451217651, 1.1029713153839111, 1.0028966665267944, 1.0766717195510864, 1.0475685596466064, 1.1103166341781616, 1.21332848072052, 1.126849889755249, 1.0049176216125488, 1.292911171913147, 1.015962839126587, 1.342677354812622, 1.0437195301055908, 1.0949831008911133, 1.5886446237564087, 1.3573161363601685, 1.969809889793396, 1.1824283599853516, 1.1811587810516357, 1.1515151262283325, 1.085633635520935, 1.0539509057998657]

WORKLOAD-FINISHED | Type: QueryWorkload | Progress: 1/3 | Workload-time: 11.791072 | Model-update-time: 0.000000

Distance score: 0.0037998915649950504

WORKLOAD-FINISHED | Type: DataUpdateWorkload | Progress: 2/3 | Workload-time: 2.048277 | Model-update-time: 2.210581

ReportEsts: [2.343043088912964, 1.0355546474456787, 1.182320475578308, 1.0143977403640747, 1.044127345085144, 1.1480000019073486, 1.2357351779937744, 1.1258509159088135, 1.3648056983947754, 1.7398781776428223, 1.0130459070205688, 1.6703541278839111, 1.016990303993225, 1.4406077861785889, 1.0064865350723267, 1.299617052078247, 1.0768805742263794, 1.0884015560150146, 1.0641252994537354, 1.1908873319625854, 1.056404709815979, 1.1755752563476562, 1.0227165222167969, 1.0223166942596436, 1.1008052825927734, 1.4265475273132324, 1.2914177179336548, 1.2821810245513916, 1.1428025960922241, 1.2975929975509644, 1.2243678569793701, 1.48305082321167, 1.7624815702438354, 45.41293716430664, 1.0288543701171875, 1.0624656677246094, 1.0061302185058594, 2.157794713973999, 1.4541915655136108, 1.1532299518585205, 1.1019926071166992, 1.365878701210022, 90.43801879882812, 49.38922119140625, 1.2188968658447266, 1.2068965435028076, 1.5134456157684326, 1.0933398008346558, 1.3285714387893677, 1.0105124711990356, 1.1642577648162842, 1.235445261001587, 1.2046436071395874, 1.0947574377059937, 1.022430181503296, 1.4698868989944458, 1.2185224294662476, 1.1176546812057495, 1.2040951251983643, 1.073441982269287, 1.3638676404953003, 1.0473620891571045, 1.0024750232696533, 1.2199971675872803, 1.25895357131958, 1.0053905248641968, 1.2767000198364258, 1.1207647323608398, 1.1690300703048706, 1.0940909385681152, 1.1313146352767944, 1.2022650241851807, 1.0361140966415405, 1.02360999584198, 1.1085572242736816, 1.214860439300537, 1.2118713855743408, 1.236189603805542, 1.2521179914474487, 1.0668127536773682, 1.2143595218658447, 8.80471134185791, 1.2404347658157349, 1.1068531274795532, 1.0911628007888794, 1.7106382846832275, 1.0647531747817993, 1.535934329032898, 1.018507480621338, 1.199862003326416, 1.1668472290039062, 1.0451939105987549, 1.1058238744735718, 1.1150538921356201, 1.0280381441116333, 1.2768462896347046, 1.082232117652893, 1.2114529609680176, 1.366939902305603, 1.2014333009719849, 1.1130882501602173, 1.1555275917053223, 1.2247474193572998, 1.36936616897583, 3.2755496501922607, 1.4073221683502197, 1.0785598754882812, 1.027266502380371, 1.1306666135787964, 1.0734012126922607, 1.100067138671875, 1.0160951614379883, 1.0508400201797485, 1.193854808807373, 1.358253836631775, 1.2930684089660645, 1.2266316413879395, 1.3153269290924072, 1.3504682779312134, 1.0884956121444702, 1.0590345859527588, 1.1853220462799072, 1.0230181217193604, 1.1119747161865234, 1.077957034111023, 1.0131824016571045, 1.2108604907989502, 1.3054662942886353, 1.2503546476364136, 3.0421910285949707, 1.155971646308899, 1.3368299007415771, 1.0731282234191895, 1.2999017238616943, 1.8137860298156738, 1.426801085472107, 1.318444848060608, 1.0382575988769531, 1.1156173944473267, 1.0161538124084473, 1.1152303218841553, 1.1824588775634766, 1.026610016822815, 1.15672767162323, 1.0169237852096558, 1.2796140909194946, 1.2411764860153198, 1.0590972900390625, 1.0223803520202637, 1.202989101409912, 1.2971975803375244, 1.0149824619293213, 1.3097041845321655, 1.0126854181289673, 1.0342882871627808, 1.027497410774231, 1.1390007734298706, 1.234375, 1.2598049640655518, 1.0978199243545532, 1.0221099853515625, 1.2374999523162842, 1.0978752374649048, 1.065742015838623, 1.247409701347351, 1.1152206659317017, 1.5285298824310303, 1.1237876415252686, 1.1159229278564453, 1.1584157943725586, 1.1599947214126587, 1.1550244092941284, 1.2814499139785767, 1.277270793914795, 1.0756109952926636, 1.2632935047149658, 1.1012213230133057, 1.0986164808273315, 1.039181113243103, 1.3187416791915894, 1.8421052694320679, 1.1788562536239624, 1.0856845378875732, 1.6400675773620605, 1.1729011535644531, 1.6271981000900269, 1.0231574773788452, 1.0468559265136719, 1.2790513038635254, 1.0530929565429688, 1.1634271144866943, 1.0594801902770996, 1.0203938484191895, 1.5396825075149536, 1.0036777257919312, 1.1130722761154175, 1.466314435005188, 1.475517749786377, 1.0359936952590942, 1.0000181198120117]

WORKLOAD-FINISHED | Type: QueryWorkload | Progress: 3/3 | Workload-time: 12.373752 | Model-update-time: 0.000000

Experiment Summary: #data-update-times=1, #drift=1 | total-time=28.490159
Sum of Model-update-time = 2.2106
The 1st    ReportEsts -> max: 1.9698	99th: 1.5914	95th: 1.3666	median: 1.1202	mean: 1.1516
2nd to end ReportEsts -> max: 90.4380	99th: 45.4527	95th: 1.7650	median: 1.1592	mean: 2.1676
