Input arguments = Namespace(data_update='valueskew', update_size=80000, dataset='bjaq', debug=False, drift_test='js', model_update='adapt', model='face', end2end=False, query_seed=0, random_seed=42, num_workload=3)

JSON-passed parameters = {'data_updater': {'skew_ratio': '1e-3'}, 'random_seed': 30, 'face': {'learning_rate': '1e-4', 'epochs': 0, 'factor': 'auto'}}

ReportEsts: [1.0767399072647095, 1.095842719078064, 1.3092504739761353, 1.0915982723236084, 1.2328885793685913, 1.1454800367355347, 1.1361390352249146, 1.1547178030014038, 1.0376653671264648, 1.0977928638458252, 1.0757967233657837, 1.0917372703552246, 1.0486021041870117, 1.0267857313156128, 1.114519476890564, 1.3683185577392578, 1.4498927593231201, 1.1426365375518799, 1.1571297645568848, 1.0076531171798706, 1.0669317245483398, 1.0641891956329346, 1.1303253173828125, 1.1419442892074585, 1.2443028688430786, 1.1600362062454224, 1.0864301919937134, 1.4191564321517944, 1.031466007232666, 1.1254196166992188, 1.1007449626922607, 1.1880772113800049, 1.0791995525360107, 1.1380449533462524, 1.0366084575653076, 1.0121629238128662, 1.5520060062408447, 1.1557999849319458, 1.0309476852416992, 1.0077239274978638, 1.016944169998169, 1.1138123273849487, 1.0775936841964722, 1.0582540035247803, 1.0414113998413086, 1.0327868461608887, 1.1752526760101318, 1.3119127750396729, 1.0549976825714111, 1.1099830865859985, 1.1943005323410034, 1.3852728605270386, 1.034603238105774, 1.1916239261627197, 1.1069746017456055, 1.0215576887130737, 1.1953270435333252, 1.1343075037002563, 1.150309681892395, 1.4021875858306885, 1.3576737642288208, 1.15625, 1.2968838214874268, 1.0278316736221313, 1.3469387292861938, 1.085714340209961, 1.1863765716552734, 1.0593098402023315, 1.1673941612243652, 1.2526315450668335, 1.0180180072784424, 1.0263592004776, 1.2299257516860962, 1.0970795154571533, 1.08115553855896, 1.0933585166931152, 2.0441465377807617, 1.013854742050171, 1.0247231721878052, 1.2667651176452637, 1.1510306596755981, 1.1056371927261353, 1.0692245960235596, 1.1943875551223755, 1.2843046188354492, 1.0492634773254395, 1.179184913635254, 1.185271143913269, 1.0607551336288452, 1.0422091484069824, 1.042140245437622, 1.2672312259674072, 1.0227190256118774, 1.3205374479293823, 1.0773481130599976, 1.0414352416992188, 1.1484265327453613, 1.1976114511489868, 1.0, 1.1430578231811523, 1.2008798122406006, 1.1536608934402466, 1.0561083555221558, 1.0153733491897583, 1.0485355854034424, 1.038116216659546, 1.0767121315002441, 1.2041884660720825, 1.0631911754608154, 1.042236566543579, 1.226144552230835, 1.089219331741333, 1.2544785737991333, 1.148329257965088, 1.0920366048812866, 1.164102554321289, 1.0045086145401, 1.0475611686706543, 1.1089485883712769, 1.1727769374847412, 1.1757100820541382, 1.1087346076965332, 1.004622220993042, 1.075047254562378, 1.3052325248718262, 1.2008873224258423, 1.0568228960037231, 1.0841193199157715, 1.2821576595306396, 1.0965263843536377, 1.1580212116241455, 1.3563849925994873, 1.3474208116531372, 1.5714285373687744, 1.0991003513336182, 1.0086636543273926, 1.026712417602539, 1.2474796772003174, 1.1141473054885864, 1.5616326332092285, 1.2004579305648804, 1.0968011617660522, 1.0514940023422241, 1.4200713634490967, 1.028144121170044, 1.0005543231964111, 1.1353527307510376, 1.448236107826233, 1.0039736032485962, 1.0918323993682861, 1.313934087753296, 1.1879246234893799, 1.3342361450195312, 1.0545954704284668, 1.144039511680603, 1.1082346439361572, 1.0895788669586182, 1.0199774503707886, 1.0010781288146973, 1.1711727380752563, 1.1306264400482178, 1.0779842138290405, 1.1287111043930054, 1.2713704109191895, 1.2372214794158936, 1.0537383556365967, 1.2343993186950684, 1.273357629776001, 1.023203730583191, 1.105473279953003, 1.0272350311279297, 1.0137351751327515, 1.1233766078948975, 1.1601738929748535, 1.0099759101867676, 1.0413966178894043, 1.0243902206420898, 1.1928703784942627, 1.277734637260437, 1.3294676542282104, 1.0064051151275635, 1.0015579462051392, 1.002400517463684, 1.1399387121200562, 1.1180731058120728, 1.1183931827545166, 1.037915587425232, 1.2961760759353638, 1.0318337678909302, 1.3583390712738037, 1.028334140777588, 1.0133414268493652, 1.5816015005111694, 1.2213870286941528, 1.6004643440246582, 1.1597845554351807, 1.1246769428253174, 1.0133333206176758, 1.0810320377349854, 1.1052124500274658]

WORKLOAD-FINISHED | Type: QueryWorkload | Progress: 1/3 | Workload-time: 11.864942 | Model-update-time: 0.000000

Distance score: 0.0017867923015728593

WORKLOAD-FINISHED | Type: DataUpdateWorkload | Progress: 2/3 | Workload-time: 2.042740 | Model-update-time: 2.238919

ReportEsts: [1.233270525932312, 1.0732098817825317, 1.2332837581634521, 1.4255797863006592, 1.0556544065475464, 2.4968061447143555, 1.2369825839996338, 1.005984902381897, 1.5002292394638062, 1.177953839302063, 1.0037102699279785, 1.9097983837127686, 1.1431981325149536, 1.302901029586792, 1.0350346565246582, 1.5981863737106323, 1.7017543315887451, 1.1361857652664185, 1.0087608098983765, 1.9346075057983398, 1.1619930267333984, 1.801181435585022, 1.965315341949463, 1.149999976158142, 1.0439006090164185, 1.326836347579956, 1.210871934890747, 1.4839119911193848, 6.645217418670654, 1.156618595123291, 1.4015151262283325, 1.3220338821411133, 1.5214797258377075, 75.58865356445312, 1.1207973957061768, 1.128911018371582, 1.1868574619293213, 1.013124704360962, 1.0925885438919067, 1.0608901977539062, 1.0330809354782104, 1.2247765064239502, 67.1276626586914, 1.200186848640442, 1.1366510391235352, 1.1632726192474365, 1.1538405418395996, 1.0243792533874512, 1.485714316368103, 1.1197013854980469, 1.119564175605774, 1.1502996683120728, 1.1545366048812866, 1.0605697631835938, 1.0260369777679443, 1.5265769958496094, 1.151924967765808, 1.1520788669586182, 1.268062710762024, 1.1264336109161377, 1.0447760820388794, 1.0144851207733154, 1.1025798320770264, 1.639348030090332, 1.061346173286438, 1.0423661470413208, 1.4139525890350342, 2.022998809814453, 1.150520920753479, 1.0700690746307373, 1.05997896194458, 1.1616793870925903, 1.0790663957595825, 1.0247023105621338, 1.0084550380706787, 1.2343157529830933, 1.6736679077148438, 1.0562496185302734, 1.1584891080856323, 1.0778999328613281, 1.167877197265625, 1.0622800588607788, 1.7554235458374023, 1.3159265518188477, 1.0996016263961792, 1.591489315032959, 1.4999032020568848, 1.5972222089767456, 1.0690579414367676, 1.5942356586456299, 1.0474592447280884, 1.089414358139038, 1.2571831941604614, 1.5100398063659668, 1.0257930755615234, 1.084789514541626, 1.086476445198059, 1.1782822608947754, 1.1353768110275269, 2.0531604290008545, 1.4611878395080566, 1.150187611579895, 1.1749409437179565, 1.1146347522735596, 1.0667222738265991, 1.11277174949646, 1.0546525716781616, 1.024093508720398, 1.1311475038528442, 1.0806398391723633, 1.1032421588897705, 1.087626576423645, 1.1378713846206665, 1.0883114337921143, 1.018833041191101, 1.1660197973251343, 1.1434440612792969, 1.1949461698532104, 6.027972221374512, 1.0089285373687744, 1.139776349067688, 1.2314478158950806, 1.2225581407546997, 1.5950485467910767, 1.008117437362671, 1.2173306941986084, 1.2119216918945312, 1.2559618949890137, 1.2229174375534058, 1.0775084495544434, 1.0105403661727905, 1.2663527727127075, 1.0272352695465088, 1.820936679840088, 1.7457627058029175, 1.2955220937728882, 1.156538486480713, 1.2081866264343262, 1.1369354724884033, 1.005242109298706, 1.2150747776031494, 1.128591537475586, 1.0140091180801392, 1.7555969953536987, 1.04377281665802, 1.0947171449661255, 1.185393214225769, 1.1736376285552979, 1.0025907754898071, 1.372235894203186, 1.121188998222351, 1.0401294231414795, 1.272318959236145, 1.036224603652954, 1.0338011980056763, 1.246281385421753, 1.1631896495819092, 1.25600004196167, 3.725954055786133, 1.171903133392334, 1.077157974243164, 1.1290618181228638, 1.5330389738082886, 1.0249053239822388, 1.1005406379699707, 7.8461174964904785, 1.288044810295105, 1.1121065616607666, 1.0196564197540283, 1.3234635591506958, 1.1491734981536865, 1.0263763666152954, 1.2149596214294434, 1.7209943532943726, 1.1491023302078247, 1.34186589717865, 1.159505009651184, 1.3496158123016357, 1.161702036857605, 1.3453257083892822, 1.894736886024475, 1.2137675285339355, 1.110398292541504, 1.5503625869750977, 1.1445425748825073, 1.3834013938903809, 1.8436914682388306, 1.096301555633545, 1.116897702217102, 1.0432615280151367, 1.0575566291809082, 1.102471947669983, 1.0486419200897217, 1.3948233127593994, 1.0484123229980469, 7.245999813079834, 1.2359719276428223, 1.3194711208343506, 1.0799347162246704, 1.085199236869812]

WORKLOAD-FINISHED | Type: QueryWorkload | Progress: 3/3 | Workload-time: 12.365207 | Model-update-time: 0.000000

Experiment Summary: #data-update-times=1, #drift=1 | total-time=28.537814
Sum of Model-update-time = 2.2389
The 1st    ReportEsts -> max: 2.0441	99th: 1.5818	95th: 1.4030	median: 1.1095	mean: 1.1481
2nd to end ReportEsts -> max: 75.5887	99th: 8.4389	95th: 1.9682	median: 1.1542	mean: 2.0633
