Input arguments = Namespace(data_update='sample', update_size=80000, dataset='bjaq', debug=False, drift_test='js', model_update='adapt', model='face', end2end=False, query_seed=0, random_seed=42, num_workload=3)

JSON-passed parameters = {'data_updater': {'skew_ratio': '1e-3'}, 'random_seed': 82, 'face': {'learning_rate': '1e-4', 'epochs': 0, 'factor': 'auto'}}

ReportEsts: [1.191857099533081, 1.0727218389511108, 1.2452646493911743, 1.1252895593643188, 1.2723735570907593, 1.1467833518981934, 1.1597328186035156, 1.120707631111145, 1.195033073425293, 1.2070456743240356, 1.0412555932998657, 1.08072030544281, 1.0607768297195435, 1.0736607313156128, 1.166634440422058, 1.324415922164917, 1.2695181369781494, 1.1586698293685913, 1.1852374076843262, 1.0510203838348389, 1.0771102905273438, 1.009097933769226, 1.1043674945831299, 1.003381371498108, 1.2179204225540161, 1.0931284427642822, 1.0830518007278442, 1.2868525981903076, 1.0311944484710693, 1.0904282331466675, 1.0840723514556885, 1.1670560836791992, 1.1329354047775269, 1.0668199062347412, 1.0958656072616577, 1.053223729133606, 1.272798776626587, 1.1282203197479248, 1.0965121984481812, 1.0171762704849243, 1.084136724472046, 1.0597484111785889, 1.0702815055847168, 1.0552818775177002, 1.0701457262039185, 1.1428571939468384, 1.0959240198135376, 1.3955626487731934, 1.0157021284103394, 1.1675126552581787, 1.188144326210022, 1.2189760208129883, 1.009503722190857, 1.239423394203186, 1.012344241142273, 1.0897079706192017, 1.2289719581604004, 1.0817642211914062, 1.0736396312713623, 1.4669893980026245, 1.353561520576477, 1.1592377424240112, 1.3047634363174438, 1.1182070970535278, 1.2313432693481445, 1.1142857074737549, 1.1368993520736694, 1.0400304794311523, 1.0849099159240723, 1.3684210777282715, 1.2306931018829346, 1.028794527053833, 1.2950669527053833, 1.2058510780334473, 1.1899328231811523, 1.108137607574463, 1.987606406211853, 1.0632702112197876, 1.0809162855148315, 1.3749113082885742, 1.049707055091858, 1.101599097251892, 1.0135691165924072, 1.2374253273010254, 1.2232948541641235, 1.1423864364624023, 1.0751566886901855, 1.1036065816879272, 1.0448637008666992, 1.034331202507019, 1.135667085647583, 1.3804347515106201, 1.0162279605865479, 1.3058125972747803, 1.133720874786377, 1.1228028535842896, 1.1310542821884155, 1.3319755792617798, 1.0166666507720947, 1.223293662071228, 1.11277174949646, 1.2244535684585571, 1.046148419380188, 1.0139092206954956, 1.0203975439071655, 1.0558987855911255, 1.018477439880371, 1.1570680141448975, 1.0407216548919678, 1.027199625968933, 1.1879608631134033, 1.0801843404769897, 1.2674379348754883, 1.1382088661193848, 1.1552103757858276, 1.2204301357269287, 1.0191465616226196, 1.0015478134155273, 1.2837629318237305, 1.1698304414749146, 1.221990942955017, 1.1635159254074097, 1.1871707439422607, 1.1181681156158447, 1.3594961166381836, 1.1989269256591797, 1.0438412427902222, 1.0495280027389526, 1.307106614112854, 1.1008683443069458, 1.0787761211395264, 1.2213962078094482, 1.138284683227539, 1.4642857313156128, 1.0296381711959839, 1.0559202432632446, 1.078304648399353, 1.2308943271636963, 1.1958080530166626, 1.4097273349761963, 1.1836328506469727, 1.1184463500976562, 1.018404483795166, 1.2075828313827515, 1.0858889818191528, 1.0243393182754517, 1.1116199493408203, 1.400602102279663, 1.0464544296264648, 1.0864346027374268, 1.211588978767395, 1.173695683479309, 1.3241935968399048, 1.0343226194381714, 1.1087316274642944, 1.0176507234573364, 1.3541196584701538, 1.0137872695922852, 1.015795111656189, 1.1579827070236206, 1.2125927209854126, 1.0099616050720215, 1.0477490425109863, 1.2594085931777954, 1.0825687646865845, 1.0388286113739014, 1.2192643880844116, 1.155534029006958, 1.1395549774169922, 1.0069156885147095, 1.019622564315796, 1.0640873908996582, 1.1688311100006104, 1.0908432006835938, 1.0333787202835083, 1.1253739595413208, 1.0364431142807007, 1.211594820022583, 1.2724334001541138, 1.0991624593734741, 1.0589914321899414, 1.109810471534729, 1.0232799053192139, 1.1154239177703857, 1.1271278858184814, 1.121564507484436, 1.017094373703003, 1.292911171913147, 1.0868862867355347, 1.3979074954986572, 1.0543708801269531, 1.041321039199829, 1.593078374862671, 1.382651686668396, 1.3452401161193848, 1.191149353981018, 1.0786994695663452, 1.0704225301742554, 1.1184231042861938, 1.0902721881866455]

WORKLOAD-FINISHED | Type: QueryWorkload | Progress: 1/3 | Workload-time: 11.828024 | Model-update-time: 0.000000

Distance score: 5.722046125811175e-07

WORKLOAD-FINISHED | Type: DataUpdateWorkload | Progress: 2/3 | Workload-time: 2.022744 | Model-update-time: 0.000000

ReportEsts: [1.0424541234970093, 1.0901719331741333, 1.2138727903366089, 1.026426911354065, 1.0075700283050537, 1.3514851331710815, 1.210930347442627, 1.1724870204925537, 1.3183249235153198, 1.194690227508545, 1.0708835124969482, 1.3849438428878784, 1.1083521842956543, 1.0054928064346313, 1.0717934370040894, 1.0290334224700928, 1.111419439315796, 1.1110708713531494, 1.1420272588729858, 1.2789398431777954, 1.1513997316360474, 1.4560796022415161, 1.0503184795379639, 1.25, 1.109322428703308, 1.1996383666992188, 1.1371341943740845, 1.1304551362991333, 1.4189249277114868, 1.1696727275848389, 1.125241756439209, 1.0839160680770874, 1.277382731437683, 1.0191013813018799, 1.0416979789733887, 1.1668020486831665, 1.082236886024475, 1.1218452453613281, 1.0164602994918823, 1.1483246088027954, 1.0334619283676147, 1.042391300201416, 1.243767261505127, 1.12018883228302, 1.0062881708145142, 1.110929012298584, 1.2539494037628174, 1.1004242897033691, 1.1541666984558105, 1.0539147853851318, 1.0000348091125488, 1.0150349140167236, 1.0903434753417969, 1.0213955640792847, 1.139699935913086, 1.401564598083496, 1.1914554834365845, 1.0888748168945312, 1.240328073501587, 1.1349983215332031, 1.4893112182617188, 1.0118930339813232, 1.034401297569275, 1.5756430625915527, 1.0253831148147583, 1.1280213594436646, 1.3131283521652222, 1.091647982597351, 1.1360137462615967, 1.0963971614837646, 1.1575157642364502, 1.1755459308624268, 1.0752990245819092, 1.0476183891296387, 1.0112943649291992, 1.0959925651550293, 2.450000047683716, 1.2174392938613892, 1.297695279121399, 1.1328859329223633, 1.302258849143982, 1.111807942390442, 1.078676462173462, 1.1772691011428833, 1.3274881839752197, 1.4239130020141602, 1.256136417388916, 1.4392282962799072, 1.1483510732650757, 1.2118338346481323, 1.12791907787323, 1.1804587841033936, 1.4718481302261353, 1.0322346687316895, 1.551314353942871, 1.130237102508545, 1.106101155281067, 1.1908540725708008, 1.146675705909729, 1.0996979475021362, 1.1902379989624023, 1.1317894458770752, 1.2023530006408691, 1.186753749847412, 1.1648632287979126, 1.023860216140747, 1.0667098760604858, 1.1463418006896973, 1.1530054807662964, 1.0079506635665894, 1.0711318254470825, 1.0842328071594238, 1.1221834421157837, 1.1966369152069092, 1.0973563194274902, 1.1081740856170654, 1.1399081945419312, 1.2674866914749146, 1.1771643161773682, 1.0076335668563843, 1.034258246421814, 1.1530343294143677, 1.1672766208648682, 1.575757622718811, 1.0326017141342163, 1.066894769668579, 1.1752560138702393, 1.3220064640045166, 1.090131163597107, 1.0603801012039185, 1.043881893157959, 1.0689551830291748, 1.071700096130371, 1.6459627151489258, 1.9183456897735596, 1.0869383811950684, 1.0574625730514526, 1.2260959148406982, 1.0886653661727905, 1.0095345973968506, 1.0201680660247803, 1.1079884767532349, 1.022132158279419, 1.0401110649108887, 1.025539517402649, 1.220097303390503, 1.4770114421844482, 1.0119329690933228, 1.1165069341659546, 1.0064550638198853, 1.0829460620880127, 1.0111145973205566, 1.0013422966003418, 1.0219684839248657, 1.1296424865722656, 1.158813238143921, 1.183386206626892, 1.3333333730697632, 1.1081267595291138, 1.0805431604385376, 1.0553394556045532, 1.0797209739685059, 1.2709566354751587, 1.1967179775238037, 1.187350869178772, 1.0300177335739136, 1.03581964969635, 1.261370301246643, 1.1154608726501465, 1.1624070405960083, 1.1528522968292236, 1.0531666278839111, 1.4802495241165161, 1.4823529720306396, 1.140333652496338, 1.0214933156967163, 1.0256410837173462, 1.0997095108032227, 1.0376514196395874, 1.295335292816162, 1.4693877696990967, 1.101191520690918, 1.079129934310913, 1.6048353910446167, 1.2042722702026367, 1.0683633089065552, 1.0007288455963135, 1.0549579858779907, 1.388649821281433, 1.0268337726593018, 1.1487642526626587, 1.0277115106582642, 1.1957157850265503, 2.373563289642334, 1.0088911056518555, 1.1957770586013794, 1.1743190288543701, 1.0041019916534424, 1.3926056623458862, 1.0324748754501343]

WORKLOAD-FINISHED | Type: QueryWorkload | Progress: 3/3 | Workload-time: 12.255920 | Model-update-time: 0.000000

Experiment Summary: #data-update-times=1, #drift=0 | total-time=26.131743
Sum of Model-update-time = 0.0000
The 1st    ReportEsts -> max: 1.9876	99th: 1.4683	95th: 1.3752	median: 1.1182	mean: 1.1476
2nd to end ReportEsts -> max: 2.4500	99th: 1.9229	95th: 1.4804	median: 1.1237	mean: 1.1698
