Input arguments = Namespace(data_update='sample', update_size=80000, dataset='bjaq', debug=False, drift_test='js', model_update='adapt', model='face', end2end=False, query_seed=0, random_seed=42, num_workload=3)

JSON-passed parameters = {'data_updater': {'skew_ratio': '1e-3'}, 'random_seed': 98, 'face': {'learning_rate': '1e-4', 'epochs': 0, 'factor': 'auto'}}

ReportEsts: [1.1096264123916626, 1.021490454673767, 1.36053466796875, 1.1524531841278076, 1.194101095199585, 1.0508501529693604, 1.1385408639907837, 1.1503807306289673, 1.064287781715393, 1.0435709953308105, 1.077519416809082, 1.0925847291946411, 1.0160529613494873, 1.109375, 1.0676788091659546, 1.2275022268295288, 1.2698765993118286, 1.110451340675354, 1.0976778268814087, 1.3163264989852905, 1.047958254814148, 1.1149653196334839, 1.1197504997253418, 1.1029224395751953, 1.009474754333496, 1.1320072412490845, 1.008164405822754, 1.5581283569335938, 1.0703843832015991, 1.036008596420288, 1.0514366626739502, 1.0824092626571655, 1.108559489250183, 1.0194847583770752, 1.180489182472229, 1.1996656656265259, 1.2535316944122314, 1.1661381721496582, 1.0662881135940552, 1.0791616439819336, 1.044234275817871, 1.187106966972351, 1.0265315771102905, 1.062827229499817, 1.0826114416122437, 1.0963718891143799, 1.0904101133346558, 1.3698253631591797, 1.170488715171814, 1.038917064666748, 1.1700507402420044, 1.3506410121917725, 1.1118804216384888, 1.315264344215393, 1.0092747211456299, 1.018080711364746, 1.3158878087997437, 1.0623821020126343, 1.1614181995391846, 1.3980704545974731, 1.3715883493423462, 1.1484800577163696, 1.3557238578796387, 1.1275694370269775, 1.217712163925171, 1.2000000476837158, 1.1146667003631592, 1.1381535530090332, 1.0390266180038452, 1.2526315450668335, 1.0563154220581055, 1.0603952407836914, 1.153517484664917, 1.0527101755142212, 1.1081410646438599, 1.157609462738037, 1.9594651460647583, 1.0029406547546387, 1.0756977796554565, 1.290605068206787, 1.1706883907318115, 1.0197060108184814, 1.0478469133377075, 1.1234650611877441, 1.2406286001205444, 1.0897936820983887, 1.0739128589630127, 1.017755389213562, 1.0500794649124146, 1.174392580986023, 1.0288118124008179, 1.2958072423934937, 1.0094648599624634, 1.275550365447998, 1.1818181276321411, 1.0722638368606567, 1.2571758031845093, 1.3004236221313477, 1.034482717514038, 1.2573728561401367, 1.0720391273498535, 1.135594129562378, 1.029922366142273, 1.002936840057373, 1.0048117637634277, 1.0737802982330322, 1.1432137489318848, 1.191972017288208, 1.0522018671035767, 1.033555507659912, 1.2742271423339844, 1.0772058963775635, 1.0869165658950806, 1.072222113609314, 1.13353431224823, 1.1182266473770142, 1.0051559209823608, 1.0157358646392822, 1.3052273988723755, 1.2599140405654907, 1.3209902048110962, 1.1312956809997559, 1.209375262260437, 1.1779849529266357, 1.297480583190918, 1.1775691509246826, 1.1915866136550903, 1.2193810939788818, 1.3160135746002197, 1.0868403911590576, 1.2017467021942139, 1.093557357788086, 1.2706650495529175, 1.4642857313156128, 1.0418124198913574, 1.0458539724349976, 1.074812412261963, 1.081626057624817, 1.0977814197540283, 1.2294344902038574, 1.1307183504104614, 1.1426464319229126, 1.2470976114273071, 1.2739306688308716, 1.0650280714035034, 1.0631197690963745, 1.2278547286987305, 1.5333536863327026, 1.036909580230713, 1.1073863506317139, 1.1601011753082275, 1.1460069417953491, 1.3094098567962646, 1.1827977895736694, 1.1277130842208862, 1.0182958841323853, 1.0785112380981445, 1.012943148612976, 1.0433169603347778, 1.3112503290176392, 1.1647977828979492, 1.0086174011230469, 1.0539159774780273, 1.2748299837112427, 1.0938585996627808, 1.0057016611099243, 1.171966791152954, 1.4795992374420166, 1.0575978755950928, 1.0375685691833496, 1.0626087188720703, 1.0113760232925415, 1.1753246784210205, 1.086496114730835, 1.079700231552124, 1.0212509632110596, 1.0223547220230103, 1.0804405212402344, 1.1756569147109985, 1.0599730014801025, 1.049878478050232, 1.099165916442871, 1.0051846504211426, 1.1256383657455444, 1.170228123664856, 1.1183931827545166, 1.0146681070327759, 1.3070207834243774, 1.0193978548049927, 1.3750406503677368, 1.0316529273986816, 1.131412148475647, 1.5908584594726562, 1.5809792280197144, 1.5051262378692627, 1.16746985912323, 1.0956231355667114, 1.1692308187484741, 1.0006355047225952, 1.086188554763794]

WORKLOAD-FINISHED | Type: QueryWorkload | Progress: 1/3 | Workload-time: 11.835438 | Model-update-time: 0.000000

Distance score: 2.8610230629055877e-07

WORKLOAD-FINISHED | Type: DataUpdateWorkload | Progress: 2/3 | Workload-time: 2.032760 | Model-update-time: 0.000000

ReportEsts: [1.0323476791381836, 1.074163794517517, 1.1134846210479736, 1.3421330451965332, 1.0046908855438232, 1.3835567235946655, 1.1835039854049683, 1.128635048866272, 1.1401838064193726, 1.0383130311965942, 1.0754270553588867, 1.0577348470687866, 1.1961722373962402, 1.0013597011566162, 1.0012654066085815, 1.0135892629623413, 1.4217649698257446, 1.0529680252075195, 1.152099847793579, 1.3776129484176636, 1.1042892932891846, 1.0494921207427979, 1.0011976957321167, 1.0512710809707642, 1.0020010471343994, 1.2309901714324951, 1.0663073062896729, 1.1177291870117188, 1.3520387411117554, 1.6118848323822021, 1.047434687614441, 1.1216216087341309, 1.085714340209961, 1.0757899284362793, 1.125991702079773, 1.077019214630127, 1.0391345024108887, 1.0983030796051025, 1.1710238456726074, 1.0492454767227173, 1.000550389289856, 1.0686163902282715, 1.2058120965957642, 1.0843125581741333, 1.0026899576187134, 1.1903178691864014, 1.1656078100204468, 1.0010956525802612, 1.0501930713653564, 1.0542100667953491, 1.0695401430130005, 1.0116169452667236, 1.137247085571289, 1.2935876846313477, 1.0687161684036255, 1.4408085346221924, 1.1759510040283203, 1.1120644807815552, 1.2810255289077759, 1.092319130897522, 1.3814655542373657, 1.0636789798736572, 1.0364741086959839, 1.792168140411377, 1.0130529403686523, 1.0502142906188965, 1.2313541173934937, 1.0131348371505737, 1.1032273769378662, 1.1067147254943848, 1.0888888835906982, 1.0360907316207886, 1.2288665771484375, 1.0113525390625, 1.0075417757034302, 1.0488147735595703, 1.0779575109481812, 1.096666693687439, 1.318480134010315, 1.1599597930908203, 1.1851779222488403, 1.1870793104171753, 1.1284923553466797, 1.1832115650177002, 1.2626060247421265, 1.3501805067062378, 1.3998732566833496, 1.623597502708435, 1.327794075012207, 1.0096007585525513, 1.1833468675613403, 1.1116688251495361, 1.4194618463516235, 1.1190112829208374, 1.3873472213745117, 1.012273907661438, 1.049500823020935, 1.191131591796875, 1.2666857242584229, 1.0224826335906982, 1.1582986116409302, 1.1147514581680298, 1.317460298538208, 1.0543149709701538, 1.0910392999649048, 1.1876728534698486, 1.1304805278778076, 1.065099835395813, 1.221574306488037, 1.0133335590362549, 1.1299290657043457, 1.0887824296951294, 1.2202472686767578, 1.2852239608764648, 1.1188160181045532, 1.0282363891601562, 1.0399103164672852, 1.0115129947662354, 1.0681806802749634, 1.0846153497695923, 1.0739753246307373, 1.1405518054962158, 1.061745047569275, 1.1589272022247314, 1.0620644092559814, 1.1646875143051147, 1.1544560194015503, 1.1940298080444336, 1.0745387077331543, 1.0841307640075684, 1.3052735328674316, 1.0381410121917725, 1.1424520015716553, 2.1066665649414062, 1.4468599557876587, 1.065117597579956, 1.0218416452407837, 1.0516833066940308, 1.0259907245635986, 1.0355815887451172, 1.0586457252502441, 1.0992766618728638, 1.0887210369110107, 1.0880008935928345, 1.038102626800537, 1.0910427570343018, 1.5297619104385376, 1.0057563781738281, 1.1870428323745728, 1.0228111743927002, 1.0730950832366943, 1.0300096273422241, 1.0970979928970337, 1.1444123983383179, 1.0102133750915527, 1.0991735458374023, 1.1258269548416138, 1.3709677457809448, 1.0921859741210938, 1.1699097156524658, 1.0827049016952515, 1.129971981048584, 1.417299509048462, 1.172343134880066, 1.1469311714172363, 1.1123287677764893, 1.0070468187332153, 1.0366379022598267, 1.0513571500778198, 1.1674540042877197, 1.1905559301376343, 1.0842646360397339, 1.4573333263397217, 1.0266896486282349, 1.0915337800979614, 1.0337175130844116, 1.0464222431182861, 1.125821590423584, 1.0425047874450684, 1.0329890251159668, 1.7674418687820435, 1.0370994806289673, 1.0531657934188843, 1.5927834510803223, 1.4184467792510986, 1.238736629486084, 1.2788586616516113, 1.0417388677597046, 1.3191016912460327, 1.0051747560501099, 1.2043790817260742, 1.129538893699646, 1.2476394176483154, 1.8738490343093872, 1.0718094110488892, 1.1650131940841675, 1.3411412239074707, 1.243119239807129, 1.4003496170043945, 1.0348520278930664]

WORKLOAD-FINISHED | Type: QueryWorkload | Progress: 3/3 | Workload-time: 12.252240 | Model-update-time: 0.000000

Experiment Summary: #data-update-times=1, #drift=0 | total-time=26.145540
Sum of Model-update-time = 0.0000
The 1st    ReportEsts -> max: 1.9595	99th: 1.5811	95th: 1.3718	median: 1.1100	mean: 1.1478
2nd to end ReportEsts -> max: 2.1067	99th: 1.7930	95th: 1.4411	median: 1.0992	mean: 1.1562
