Input arguments = Namespace(data_update='tupleskew', update_size=80000, dataset='bjaq', debug=False, drift_test='js', model_update='adapt', model='face', end2end=False, query_seed=0, random_seed=42, num_workload=3)

JSON-passed parameters = {'data_updater': {'skew_ratio': '1e-3'}, 'random_seed': 51, 'face': {'learning_rate': '1e-4', 'epochs': 0, 'factor': 'auto'}}

ReportEsts: [1.203134298324585, 1.0697823762893677, 1.3030784130096436, 1.071172833442688, 1.2558345794677734, 1.0985159873962402, 1.0949350595474243, 1.0846613645553589, 1.0016652345657349, 1.1836029291152954, 1.1050817966461182, 1.04427969455719, 1.086318850517273, 1.0625, 1.118890404701233, 1.185958981513977, 1.2998498678207397, 1.2095011472702026, 1.1393492221832275, 1.0484694242477417, 1.071398377418518, 1.0144274234771729, 1.0690749883651733, 1.0450118780136108, 1.2317242622375488, 1.1645569801330566, 1.004240870475769, 1.2115528583526611, 1.0150068998336792, 1.0404841899871826, 1.1670805215835571, 1.21232008934021, 1.0674762725830078, 1.1432443857192993, 1.1048015356063843, 1.059181571006775, 1.292667269706726, 1.2885783910751343, 1.037273645401001, 1.1217963695526123, 1.0592073202133179, 1.1623125076293945, 1.0232421159744263, 1.108569860458374, 1.1083879470825195, 1.0544217824935913, 1.1033631563186646, 1.3842189311981201, 1.0241749286651611, 1.1573604345321655, 1.2228116989135742, 1.3829996585845947, 1.0575746297836304, 1.2997041940689087, 1.084589958190918, 1.0224848985671997, 1.5009346008300781, 1.1413458585739136, 1.207553744316101, 1.3570846319198608, 1.4333332777023315, 1.1700717210769653, 1.4642484188079834, 1.2227749824523926, 1.2840466499328613, 1.1142857074737549, 1.1196428537368774, 1.0660898685455322, 1.0361028909683228, 1.2842105627059937, 1.20675790309906, 1.0236740112304688, 1.2979867458343506, 1.056477427482605, 1.219576120376587, 1.3192458152770996, 1.9646161794662476, 1.1117308139801025, 1.1099590063095093, 1.341425895690918, 1.0825090408325195, 1.1101598739624023, 1.0261996984481812, 1.263940691947937, 1.2053817510604858, 1.0324366092681885, 1.039283275604248, 1.0950013399124146, 1.0680097341537476, 1.0655112266540527, 1.0062849521636963, 1.2716028690338135, 1.0068989992141724, 1.2236549854278564, 1.1890244483947754, 1.1632626056671143, 1.0464645624160767, 1.370507001876831, 1.01694917678833, 1.166370153427124, 1.140668511390686, 1.1474645137786865, 1.1175085306167603, 1.022455096244812, 1.046966552734375, 1.0469688177108765, 1.1578845977783203, 1.1937172412872314, 1.1129076480865479, 1.0185271501541138, 1.0308594703674316, 1.1247600317001343, 1.0974692106246948, 1.030916690826416, 1.0787063837051392, 1.0913461446762085, 1.0830554962158203, 1.0367745161056519, 1.4238468408584595, 1.0462400913238525, 1.1584140062332153, 1.149096131324768, 1.191571593284607, 1.113940954208374, 1.3439922332763672, 1.1872678995132446, 1.052772045135498, 1.1026650667190552, 1.2907267808914185, 1.1068804264068604, 1.039798378944397, 1.0981125831604004, 1.2268489599227905, 1.4642857313156128, 1.2079644203186035, 1.0141769647598267, 1.0051277875900269, 1.0240650177001953, 1.1678849458694458, 1.1239718198776245, 1.136592149734497, 1.1864492893218994, 1.0884865522384644, 1.333432674407959, 1.014399528503418, 1.0325571298599243, 1.058915376663208, 1.4767531156539917, 1.1499733924865723, 1.0157670974731445, 1.1450167894363403, 1.203691840171814, 1.3436988592147827, 1.19902765750885, 1.139786958694458, 1.0598034858703613, 1.0114582777023315, 1.0399550199508667, 1.055681824684143, 1.1946284770965576, 1.1386632919311523, 1.0262657403945923, 1.0641353130340576, 1.3013888597488403, 1.2637215852737427, 1.0730795860290527, 1.1852726936340332, 1.2905666828155518, 1.0236990451812744, 1.032508134841919, 1.0672416687011719, 1.1164515018463135, 1.1948051452636719, 1.1039402484893799, 1.0734918117523193, 1.0001720190048218, 1.0393586158752441, 1.3219913244247437, 1.0997443199157715, 1.1150081157684326, 1.0328998565673828, 1.026557445526123, 1.009579062461853, 1.114402413368225, 1.0615718364715576, 1.0887949466705322, 1.0009055137634277, 1.159406304359436, 1.0148789882659912, 1.3589935302734375, 1.0022177696228027, 1.012352705001831, 1.546883463859558, 1.231540322303772, 1.7574682235717773, 1.1904176473617554, 1.0486035346984863, 1.20634925365448, 1.0300031900405884, 1.0910358428955078]

WORKLOAD-FINISHED | Type: QueryWorkload | Progress: 1/3 | Workload-time: 11.824635 | Model-update-time: 0.000000

Distance score: 0.00010851621482288465

WORKLOAD-FINISHED | Type: DataUpdateWorkload | Progress: 2/3 | Workload-time: 1.995308 | Model-update-time: 2.240439

ReportEsts: [1.2933825254440308, 1.0300711393356323, 1.0014184713363647, 1.0641423463821411, 1.0098577737808228, 1.025010347366333, 1.2450062036514282, 1.0449426174163818, 1.0331225395202637, 1.141953706741333, 1.0695788860321045, 1.0014724731445312, 1.0739856958389282, 1.033916711807251, 1.3954501152038574, 1.0119234323501587, 1.0074775218963623, 1.0256694555282593, 1.0199849605560303, 1.337045669555664, 1.148115873336792, 1.1493258476257324, 1.4640371799468994, 1.051131248474121, 1.0214332342147827, 1.1347713470458984, 1.040054202079773, 1.1949717998504639, 1.1671075820922852, 1.195683479309082, 1.2461299896240234, 1.508474588394165, 1.2108923196792603, 1.0018914937973022, 1.044874906539917, 1.1523431539535522, 1.0390113592147827, 1.256112813949585, 1.1678709983825684, 1.010105848312378, 1.0541129112243652, 1.107279658317566, 1.0045487880706787, 1.0098098516464233, 1.0739529132843018, 1.0173503160476685, 1.429756760597229, 1.0451886653900146, 1.700819730758667, 1.3590675592422485, 1.1085411310195923, 1.1765609979629517, 1.1218541860580444, 1.060046911239624, 1.0152950286865234, 1.1988893747329712, 1.19046151638031, 1.0962737798690796, 1.2429611682891846, 1.1566349267959595, 1.2701421976089478, 1.0179164409637451, 1.6070175170898438, 1.0563665628433228, 1.0053364038467407, 1.0599168539047241, 1.2503364086151123, 1.1277610063552856, 1.1066184043884277, 1.1207772493362427, 1.2719446420669556, 1.1654304265975952, 1.043703556060791, 1.032835602760315, 1.0883277654647827, 1.5580027103424072, 1.7294520139694214, 1.1060707569122314, 1.4400653839111328, 1.0285615921020508, 1.0758111476898193, 1.1622670888900757, 1.0517796277999878, 1.1633011102676392, 1.1759259700775146, 1.1538461446762085, 1.0813642740249634, 1.7188849449157715, 1.425330400466919, 2.126183032989502, 1.1755177974700928, 1.0865581035614014, 1.3742228746414185, 1.132935881614685, 1.1394861936569214, 1.0031354427337646, 1.0895582437515259, 1.1097029447555542, 1.229036569595337, 1.0280110836029053, 1.1126567125320435, 1.083803653717041, 1.0465686321258545, 1.0001517534255981, 1.0688679218292236, 1.0048878192901611, 1.055072546005249, 1.1307499408721924, 1.615160346031189, 1.111632227897644, 1.1815497875213623, 1.1135276556015015, 1.178022861480713, 1.0147970914840698, 1.289513349533081, 1.300980806350708, 1.1412290334701538, 1.2613320350646973, 1.0570486783981323, 1.1150442361831665, 1.0581048727035522, 1.3433021306991577, 1.0658280849456787, 1.1689766645431519, 1.0275616645812988, 1.225473403930664, 1.2364760637283325, 1.0353302955627441, 1.349120020866394, 1.1102607250213623, 1.1840184926986694, 1.0307765007019043, 1.0862667560577393, 1.5405887365341187, 1.6852017641067505, 1.0757532119750977, 1.2680872678756714, 1.121522307395935, 1.0227121114730835, 1.046057939529419, 1.0638598203659058, 1.1937007904052734, 1.1444649696350098, 1.1466645002365112, 1.0721111297607422, 1.0673283338546753, 1.2865853309631348, 1.0196977853775024, 1.0455836057662964, 1.0369794368743896, 1.0794312953948975, 1.008561134338379, 1.2156111001968384, 1.1934447288513184, 1.018088459968567, 1.1420824527740479, 1.2119431495666504, 2.9180328845977783, 1.2133368253707886, 1.0394152402877808, 1.0327309370040894, 1.0880801677703857, 1.007796287536621, 1.104544758796692, 1.1607246398925781, 1.2134146690368652, 1.0468049049377441, 1.0023669004440308, 1.7739018201828003, 1.3556084632873535, 1.2422479391098022, 1.10318922996521, 1.4546657800674438, 1.0777027606964111, 1.0831156969070435, 1.0536702871322632, 1.10017728805542, 1.0593440532684326, 1.0702784061431885, 1.1006550788879395, 1.736842155456543, 1.0526139736175537, 1.2911032438278198, 1.6689239740371704, 1.3077971935272217, 1.9240506887435913, 1.0077972412109375, 1.0533136129379272, 1.3347829580307007, 1.019749402999878, 1.1679767370224, 1.1242235898971558, 1.1075170040130615, 1.7649911642074585, 1.0955142974853516, 1.0257359743118286, 1.0005455017089844, 1.0419806241989136, 1.4333332777023315, 1.1564147472381592]

WORKLOAD-FINISHED | Type: QueryWorkload | Progress: 3/3 | Workload-time: 12.409241 | Model-update-time: 0.000000

Experiment Summary: #data-update-times=1, #drift=1 | total-time=28.509029
Sum of Model-update-time = 2.2404
The 1st    ReportEsts -> max: 1.9646	99th: 1.5490	95th: 1.3831	median: 1.1101	mean: 1.1465
2nd to end ReportEsts -> max: 2.9180	99th: 1.9261	95th: 1.6697	median: 1.1091	mean: 1.1798
