Input arguments = Namespace(data_update='sample', update_size=80000, dataset='bjaq', debug=False, drift_test='js', model_update='adapt', model='face', end2end=False, query_seed=0, random_seed=42, num_workload=3)

JSON-passed parameters = {'data_updater': {'skew_ratio': '1e-3'}, 'random_seed': 64, 'face': {'learning_rate': '1e-4', 'epochs': 0, 'factor': 'auto'}}

ReportEsts: [1.12714684009552, 1.048267126083374, 1.361423134803772, 1.303011178970337, 1.2444379329681396, 1.1294827461242676, 1.2883280515670776, 1.1769524812698364, 1.051267147064209, 1.1444636583328247, 1.0895779132843018, 1.133050799369812, 1.1189826726913452, 1.0625, 1.138741135597229, 1.3815988302230835, 1.262349247932434, 1.116152048110962, 1.134903907775879, 1.0663264989852905, 1.177125096321106, 1.0917787551879883, 1.1367665529251099, 1.0597572326660156, 1.1876174211502075, 1.169077754020691, 1.0639076232910156, 1.61097252368927, 1.0452486276626587, 1.0697792768478394, 1.1624689102172852, 1.0641980171203613, 1.220306158065796, 1.0958409309387207, 1.2566710710525513, 1.1748337745666504, 1.3572193384170532, 1.123365044593811, 1.1161961555480957, 1.082155704498291, 1.0035057067871094, 1.2227866649627686, 1.0194027423858643, 1.0394089221954346, 1.0836678743362427, 1.0907028913497925, 1.0738738775253296, 1.1584535837173462, 1.0107299089431763, 1.0406091213226318, 1.1496258974075317, 1.251931071281433, 1.1113061904907227, 1.1760332584381104, 1.1706526279449463, 1.0579508543014526, 1.2065420150756836, 1.115117073059082, 1.227468729019165, 1.5006753206253052, 1.4179840087890625, 1.1881482601165771, 1.3904260396957397, 1.190603494644165, 1.2547528743743896, 1.2000000476837158, 1.1097345352172852, 1.0625041723251343, 1.0546627044677734, 1.378947377204895, 1.1287208795547485, 1.0220115184783936, 1.2018451690673828, 1.073001742362976, 1.2699308395385742, 1.0667718648910522, 1.9900410175323486, 1.068379282951355, 1.0166044235229492, 1.3490344285964966, 1.0978989601135254, 1.067032814025879, 1.0058276653289795, 1.1540303230285645, 1.203874945640564, 1.1571847200393677, 1.2251296043395996, 1.1170743703842163, 1.0126703977584839, 1.1716560125350952, 1.022736668586731, 1.3265162706375122, 1.0102003812789917, 1.408032774925232, 1.1271675825119019, 1.086864948272705, 1.1389871835708618, 1.1306374073028564, 1.0, 1.142870545387268, 1.1390820741653442, 1.0452042818069458, 1.00139582157135, 1.0139092206954956, 1.088702917098999, 1.022324800491333, 1.202976942062378, 1.1762652397155762, 1.0644055604934692, 1.0822327136993408, 1.2575870752334595, 1.1140683889389038, 1.1996303796768188, 1.0713844299316406, 1.1348093748092651, 1.101941704750061, 1.0406352281570435, 1.0100312232971191, 1.293013334274292, 1.0690721273422241, 1.1992942094802856, 1.0858975648880005, 1.1997733116149902, 1.0773200988769531, 1.4031007289886475, 1.1516715288162231, 1.1782594919204712, 1.2655633687973022, 1.307106614112854, 1.1062123775482178, 1.0794001817703247, 1.1692142486572266, 1.265692949295044, 1.4285714626312256, 1.1876294612884521, 1.1785244941711426, 1.0369585752487183, 1.1980488300323486, 1.0314942598342896, 1.2813128232955933, 1.0975658893585205, 1.06490159034729, 1.0006390810012817, 1.2806754112243652, 1.1005456447601318, 1.1233248710632324, 1.136775255203247, 1.295552372932434, 1.1690222024917603, 1.0539062023162842, 1.2291619777679443, 1.0997308492660522, 1.31993567943573, 1.0881328582763672, 1.1573281288146973, 1.1105034351348877, 1.3274242877960205, 1.044456958770752, 1.0678074359893799, 1.2071022987365723, 1.0403141975402832, 1.0170503854751587, 1.0524182319641113, 1.3253182172775269, 1.3020689487457275, 1.0871212482452393, 1.0950372219085693, 1.2503491640090942, 1.0732860565185547, 1.0521539449691772, 1.0191835165023804, 1.0193743705749512, 1.0909091234207153, 1.1209385395050049, 1.0997956991195679, 1.152814507484436, 1.042273998260498, 1.1427161693572998, 1.030634880065918, 1.1627668142318726, 1.1267998218536377, 1.175165057182312, 1.0445449352264404, 1.1021450757980347, 1.1354581117630005, 1.0708245038986206, 1.0213661193847656, 1.2687146663665771, 1.042708396911621, 1.2658189535140991, 1.0397666692733765, 1.0581448078155518, 1.6407012939453125, 1.7109375, 1.6733509302139282, 1.26171875, 1.0318882465362549, 1.0133333206176758, 1.0232255458831787, 1.0737051963806152]

WORKLOAD-FINISHED | Type: QueryWorkload | Progress: 1/3 | Workload-time: 11.833037 | Model-update-time: 0.000000

Distance score: 4.5299529460862686e-07

WORKLOAD-FINISHED | Type: DataUpdateWorkload | Progress: 2/3 | Workload-time: 2.023395 | Model-update-time: 0.000000

ReportEsts: [1.1792547702789307, 1.0138814449310303, 1.1889985799789429, 1.1887916326522827, 1.0492639541625977, 1.425936222076416, 1.1424857378005981, 1.046151876449585, 1.073111891746521, 1.1111111640930176, 1.0186113119125366, 1.4077976942062378, 1.1386363506317139, 1.0733704566955566, 1.0978994369506836, 1.0107190608978271, 1.3147718906402588, 1.0081650018692017, 1.036424994468689, 1.4178779125213623, 1.0674676895141602, 1.142501950263977, 1.1231204271316528, 1.0404876470565796, 1.146781086921692, 1.270193099975586, 1.0391370058059692, 1.0278940200805664, 1.5236505270004272, 1.686964750289917, 1.0716403722763062, 1.1496598720550537, 1.0, 1.0065879821777344, 1.0160765647888184, 1.0564165115356445, 1.1610556840896606, 1.0713762044906616, 1.1165452003479004, 1.130470633506775, 1.0539641380310059, 1.002159833908081, 1.1409378051757812, 1.0750068426132202, 1.0905615091323853, 1.1645084619522095, 1.0957509279251099, 1.0022977590560913, 1.0448979139328003, 1.120150089263916, 1.0583012104034424, 1.0669883489608765, 1.0523581504821777, 1.1129164695739746, 1.030037522315979, 1.3670594692230225, 1.2206496000289917, 1.1187204122543335, 1.323831558227539, 1.0999724864959717, 1.5375303030014038, 1.0607163906097412, 1.0361648797988892, 1.5255368947982788, 1.0627901554107666, 1.060623049736023, 1.2789121866226196, 1.0875049829483032, 1.1661274433135986, 1.0912163257598877, 1.1020746231079102, 1.0374606847763062, 1.0553476810455322, 1.016545295715332, 1.0132399797439575, 1.0819227695465088, 1.2486791610717773, 1.0378057956695557, 1.403326392173767, 1.1435415744781494, 1.1397953033447266, 1.0129177570343018, 1.224675178527832, 1.0773762464523315, 1.2382631301879883, 1.369338035583496, 1.2103090286254883, 1.5, 1.0654139518737793, 1.0465037822723389, 1.15299391746521, 1.0951019525527954, 1.1820194721221924, 1.1882377862930298, 1.3284763097763062, 1.0732502937316895, 1.0137205123901367, 1.187139868736267, 1.1799381971359253, 1.0690985918045044, 1.3401025533676147, 1.1255313158035278, 1.0838851928710938, 1.2002298831939697, 1.008203148841858, 1.0275391340255737, 1.1072297096252441, 1.1441205739974976, 1.2157434225082397, 1.121538519859314, 1.1539781093597412, 1.0950042009353638, 1.0357327461242676, 1.156192660331726, 1.0833333730697632, 1.0611650943756104, 1.0392721891403198, 1.1479159593582153, 1.05470609664917, 1.0944881439208984, 1.0434012413024902, 1.145909309387207, 1.0044207572937012, 1.400097370147705, 1.0730563402175903, 1.099852442741394, 1.2443643808364868, 1.3132137060165405, 1.0899924039840698, 1.010160207748413, 1.0251970291137695, 1.122585415840149, 1.0089699029922485, 1.8717340230941772, 1.7141481637954712, 1.0817457437515259, 1.080474615097046, 1.2221708297729492, 1.0753706693649292, 1.0397963523864746, 1.044869065284729, 1.2186672687530518, 1.0553913116455078, 1.1597226858139038, 1.0381847620010376, 1.0411511659622192, 1.5384615659713745, 1.0401712656021118, 1.1549112796783447, 1.1199325323104858, 1.0629280805587769, 1.0047318935394287, 1.2040518522262573, 1.0577112436294556, 1.0078269243240356, 1.0473049879074097, 1.1985448598861694, 1.237704873085022, 1.036085605621338, 1.179260492324829, 1.0150381326675415, 1.1772441864013672, 1.152132272720337, 1.0492833852767944, 1.1909751892089844, 1.1638027429580688, 1.0077402591705322, 1.1788394451141357, 1.1000674962997437, 1.160348892211914, 1.0038626194000244, 1.2355904579162598, 1.4737197160720825, 1.0494762659072876, 1.044480323791504, 1.0588775873184204, 1.1781830787658691, 1.1117435693740845, 1.0768243074417114, 1.1578558683395386, 1.6829267740249634, 1.0366078615188599, 1.0735831260681152, 1.554973840713501, 1.1718993186950684, 1.0970873832702637, 1.4621514081954956, 1.153380036354065, 1.427431344985962, 1.022457480430603, 1.1154932975769043, 1.0110529661178589, 1.1947022676467896, 2.169222593307495, 1.033459186553955, 1.0312906503677368, 1.5216795206069946, 1.1641441583633423, 1.3544520139694214, 1.0489803552627563]

WORKLOAD-FINISHED | Type: QueryWorkload | Progress: 3/3 | Workload-time: 12.212629 | Model-update-time: 0.000000

Experiment Summary: #data-update-times=1, #drift=0 | total-time=26.120760
Sum of Model-update-time = 0.0000
The 1st    ReportEsts -> max: 1.9900	99th: 1.6737	95th: 1.3911	median: 1.1251	mean: 1.1564
2nd to end ReportEsts -> max: 2.1692	99th: 1.7157	95th: 1.5218	median: 1.0999	mean: 1.1538
