Input arguments = Namespace(data_update='sample', update_size=80000, dataset='bjaq', debug=False, drift_test='js', model_update='adapt', model='face', end2end=False, query_seed=0, random_seed=42, num_workload=3)

JSON-passed parameters = {'data_updater': {'skew_ratio': '1e-3'}, 'random_seed': 17, 'face': {'learning_rate': '1e-4', 'epochs': 0, 'factor': 'auto'}}

ReportEsts: [1.2466299533843994, 1.0810216665267944, 1.435018539428711, 1.1003243923187256, 1.2644259929656982, 1.082720398902893, 1.2616947889328003, 1.0878576040267944, 1.0409575700759888, 1.1423226594924927, 1.0404824018478394, 1.0686440467834473, 1.0212942361831665, 1.0066964626312256, 1.0826168060302734, 1.170526146888733, 1.3048840761184692, 1.1057007312774658, 1.1574839353561401, 1.2219387292861938, 1.1097935438156128, 1.1849232912063599, 1.152332067489624, 1.1286300420761108, 1.1622967720031738, 1.0271247625350952, 1.060247778892517, 1.500232219696045, 1.0343140363693237, 1.031227707862854, 1.1053564548492432, 1.180274486541748, 1.052724003791809, 1.0162549018859863, 1.0988717079162598, 1.2130558490753174, 1.112536072731018, 1.2274078130722046, 1.0042598247528076, 1.0541317462921143, 1.0063700675964355, 1.1219158172607422, 1.072036862373352, 1.0513331890106201, 1.0585252046585083, 1.0895692110061646, 1.0055536031723022, 1.2452291250228882, 1.0450340509414673, 1.11505925655365, 1.1700507402420044, 1.2934315204620361, 1.057375431060791, 1.4503116607666016, 1.0461828708648682, 1.0373203754425049, 1.3448598384857178, 1.1509188413619995, 1.1633228063583374, 1.3858628273010254, 1.3857910633087158, 1.1859235763549805, 1.214264154434204, 1.243359088897705, 1.166077733039856, 1.2285714149475098, 1.1897532939910889, 1.0723767280578613, 1.0136405229568481, 1.48421049118042, 1.0180180072784424, 1.160935640335083, 1.2176471948623657, 1.084404706954956, 1.1518725156784058, 1.0634171962738037, 2.047170400619507, 1.0219197273254395, 1.0210903882980347, 1.3414946794509888, 1.1547342538833618, 1.0113067626953125, 1.0302306413650513, 1.173257827758789, 1.2013221979141235, 1.021640419960022, 1.11940598487854, 1.0844388008117676, 1.001805067062378, 1.10689115524292, 1.027450442314148, 1.3551828861236572, 1.0003606081008911, 1.3496812582015991, 1.05978262424469, 1.1027603149414062, 1.0619648694992065, 1.2466434240341187, 1.0, 1.229660153388977, 1.2115384340286255, 1.091005802154541, 1.0274797677993774, 1.002936840057373, 1.0837866067886353, 1.1034311056137085, 1.1066930294036865, 1.1675392389297485, 1.046520709991455, 1.0665520429611206, 1.3312199115753174, 1.085185170173645, 1.124161958694458, 1.1118687391281128, 1.0576097965240479, 1.213903784751892, 1.081403374671936, 1.0252805948257446, 1.3634631633758545, 1.0308650732040405, 1.2581839561462402, 1.1101834774017334, 1.127625584602356, 1.1978460550308228, 1.310562014579773, 1.2397854328155518, 1.0793684720993042, 1.0456194877624512, 1.4032697677612305, 1.1138944625854492, 1.0447218418121338, 1.070746660232544, 1.1746426820755005, 1.4285714626312256, 1.0339175462722778, 1.1611971855163574, 1.0053198337554932, 1.056910514831543, 1.036510944366455, 1.3605974912643433, 1.2289810180664062, 1.0183069705963135, 1.0684630870819092, 1.2908343076705933, 1.1312129497528076, 1.0964404344558716, 1.0696367025375366, 1.2868924140930176, 1.142271876335144, 1.1705965995788574, 1.1273099184036255, 1.1629278659820557, 1.336408019065857, 1.1577887535095215, 1.167162537574768, 1.0665727853775024, 1.0032516717910767, 1.0191333293914795, 1.0210602283477783, 1.095792293548584, 1.0742886066436768, 1.0542476177215576, 1.1064223051071167, 1.2394180297851562, 1.2843537330627441, 1.1530314683914185, 1.011504888534546, 1.2471920251846313, 1.0402766466140747, 1.017798662185669, 1.007470965385437, 1.1001818180084229, 1.1623376607894897, 1.1021010875701904, 1.0068587064743042, 1.085679054260254, 1.0344995260238647, 1.2497841119766235, 1.0202652215957642, 1.0013750791549683, 1.0236347913742065, 1.0008352994918823, 1.0194365978240967, 1.148110270500183, 1.1274900436401367, 1.1279069185256958, 1.0025602579116821, 1.2458391189575195, 1.09360933303833, 1.4392788410186768, 1.023449420928955, 1.0705127716064453, 1.3817477226257324, 1.3980016708374023, 1.5014915466308594, 1.0736842155456543, 1.2477699518203735, 1.1176470518112183, 1.0305780172348022, 1.1050132513046265]

WORKLOAD-FINISHED | Type: QueryWorkload | Progress: 1/3 | Workload-time: 11.779464 | Model-update-time: 0.000000

Distance score: 5.4836272056491e-07

WORKLOAD-FINISHED | Type: DataUpdateWorkload | Progress: 2/3 | Workload-time: 2.025264 | Model-update-time: 0.000000

ReportEsts: [1.0034215450286865, 1.0514894723892212, 1.2637853622436523, 1.1962343454360962, 1.0610982179641724, 1.2721794843673706, 1.122429370880127, 1.015533447265625, 1.1009113788604736, 1.1239328384399414, 1.1433953046798706, 1.3726664781570435, 1.1563218832015991, 1.2709766626358032, 1.028509497642517, 1.0480369329452515, 1.7178378105163574, 1.1130309104919434, 1.1062747240066528, 1.2015116214752197, 1.1725194454193115, 2.548799991607666, 1.18059241771698, 1.15625, 1.0676127672195435, 1.1473668813705444, 1.1450799703598022, 1.082230567932129, 1.2718623876571655, 1.6203703880310059, 1.1820353269577026, 1.25, 1.0866241455078125, 1.0186573266983032, 1.0609077215194702, 1.0830751657485962, 1.229488730430603, 1.1505520343780518, 1.298531413078308, 1.043837070465088, 1.0020112991333008, 1.0241596698760986, 1.2501415014266968, 1.053375482559204, 1.0906531810760498, 1.1412464380264282, 1.5060409307479858, 1.0241129398345947, 1.1746032238006592, 1.1447938680648804, 1.0359975099563599, 1.0816304683685303, 1.0586105585098267, 1.1179602146148682, 1.0690115690231323, 1.1755725145339966, 1.25211501121521, 1.1452726125717163, 1.2151612043380737, 1.042850375175476, 1.4322580099105835, 1.0094574689865112, 1.054161548614502, 1.5732632875442505, 1.0855990648269653, 1.0410858392715454, 1.2590389251708984, 1.146710753440857, 1.1659132242202759, 1.1395906209945679, 1.0253958702087402, 1.0546047687530518, 1.084438443183899, 1.1474827527999878, 1.136478066444397, 1.086337924003601, 1.2584446668624878, 1.122239112854004, 1.3217122554779053, 1.0152320861816406, 1.1882647275924683, 1.0562704801559448, 1.0416285991668701, 1.1799367666244507, 1.3899184465408325, 1.3333333730697632, 1.0723066329956055, 1.4950264692306519, 1.1146023273468018, 1.1946855783462524, 1.0781031847000122, 1.0501437187194824, 1.4302247762680054, 1.051519751548767, 1.2668793201446533, 1.0559245347976685, 1.0280526876449585, 1.2014063596725464, 1.22446608543396, 1.1240298748016357, 1.17173433303833, 1.0939961671829224, 1.2436548471450806, 1.0447973012924194, 1.2185261249542236, 1.1744251251220703, 1.0127098560333252, 1.1447778940200806, 1.145658254623413, 1.2699108123779297, 1.0772501230239868, 1.1356079578399658, 1.2261238098144531, 1.414149522781372, 1.1321934461593628, 1.0224028825759888, 1.0991766452789307, 1.2212713956832886, 1.1687642335891724, 1.149999976158142, 1.0519307851791382, 1.0628865957260132, 1.0416229963302612, 1.5392156839370728, 1.0114907026290894, 1.1163991689682007, 1.188437581062317, 1.2515431642532349, 1.0316580533981323, 1.0570510625839233, 1.1377485990524292, 1.0767250061035156, 1.1198937892913818, 1.8556338548660278, 1.5438441038131714, 1.1529676914215088, 1.0743789672851562, 1.0591009855270386, 1.0336992740631104, 1.0258946418762207, 1.105976939201355, 1.2080285549163818, 1.1460918188095093, 1.0888839960098267, 1.0234605073928833, 1.10749089717865, 1.3812154531478882, 1.1374824047088623, 1.1751261949539185, 1.0058120489120483, 1.1155779361724854, 1.0034548044204712, 1.1033445596694946, 1.0866811275482178, 1.0202358961105347, 1.304630994796753, 1.1472376585006714, 1.2366411685943604, 1.0279911756515503, 1.179919719696045, 1.0704474449157715, 1.092583417892456, 1.1608378887176514, 1.0632916688919067, 1.257611870765686, 1.1117578744888306, 1.1652578115463257, 1.1175892353057861, 1.0800000429153442, 1.2406067848205566, 1.0486043691635132, 1.095482587814331, 1.4732142686843872, 1.106801152229309, 1.0, 1.024726152420044, 1.041229009628296, 1.033058762550354, 1.0756365060806274, 1.0737996101379395, 1.6585365533828735, 1.1805672645568848, 1.0741713047027588, 1.5837458372116089, 1.1811017990112305, 1.5096319913864136, 1.132610559463501, 1.1245380640029907, 1.4118996858596802, 1.0198923349380493, 1.1915565729141235, 1.0455259084701538, 1.187859296798706, 1.9182509183883667, 1.0949136018753052, 1.018530011177063, 1.285670280456543, 1.0181989669799805, 1.360683798789978, 1.1875444650650024]

WORKLOAD-FINISHED | Type: QueryWorkload | Progress: 3/3 | Workload-time: 12.165407 | Model-update-time: 0.000000

Experiment Summary: #data-update-times=1, #drift=0 | total-time=26.034946
Sum of Model-update-time = 0.0000
The 1st    ReportEsts -> max: 2.0472	99th: 1.5002	95th: 1.3865	median: 1.1055	mean: 1.1419
2nd to end ReportEsts -> max: 2.5488	99th: 1.8563	95th: 1.5111	median: 1.1243	mean: 1.1711
