Input arguments = Namespace(data_update='tupleskew', update_size=80000, dataset='bjaq', debug=False, drift_test='js', model_update='adapt', model='face', end2end=False, query_seed=0, random_seed=42, num_workload=3)

JSON-passed parameters = {'data_updater': {'skew_ratio': '1e-3'}, 'random_seed': 35, 'face': {'learning_rate': '1e-4', 'epochs': 0, 'factor': 'auto'}}

ReportEsts: [1.2020679712295532, 1.0328532457351685, 1.4191396236419678, 1.0619077682495117, 1.2742805480957031, 1.112412929534912, 1.2680212259292603, 1.2120368480682373, 1.0388600826263428, 1.1266921758651733, 1.0301464796066284, 1.0963983535766602, 1.2059499025344849, 1.0089285373687744, 1.0567103624343872, 1.3562968969345093, 1.358481526374817, 1.1548693180084229, 1.161037802696228, 1.1556122303009033, 1.0838617086410522, 1.0666395425796509, 1.0694996118545532, 1.0777673721313477, 1.1522502899169922, 1.011754035949707, 1.1534346342086792, 1.3119415044784546, 1.0252728462219238, 1.067236304283142, 1.2142603397369385, 1.227026343345642, 1.1534907817840576, 1.0128980875015259, 1.0993247032165527, 1.0790190696716309, 1.4273332357406616, 1.1023913621902466, 1.0798534154891968, 1.3159281015396118, 1.0313564538955688, 1.1336477994918823, 1.0192515850067139, 1.1328485012054443, 1.112613558769226, 1.0613718032836914, 1.1013243198394775, 1.321097493171692, 1.0753796100616455, 1.2808798551559448, 1.2195767164230347, 1.3058568239212036, 1.0344775915145874, 1.0589022636413574, 1.048244595527649, 1.0690773725509644, 1.141121506690979, 1.291460394859314, 1.0741477012634277, 1.4010088443756104, 1.3035732507705688, 1.2156486511230469, 1.1192106008529663, 1.1382696628570557, 1.2643678188323975, 1.2857142686843872, 1.2502492666244507, 1.0090943574905396, 1.1402071714401245, 1.3894736766815186, 1.1627689599990845, 1.0043623447418213, 1.2887420654296875, 1.0527904033660889, 1.1504164934158325, 1.1740199327468872, 1.9238531589508057, 1.0917847156524658, 1.0935301780700684, 1.5032031536102295, 1.215167760848999, 1.1007914543151855, 1.0028783082962036, 1.2104195356369019, 1.248185634613037, 1.0604658126831055, 1.0629844665527344, 1.0895334482192993, 1.0247098207473755, 1.0752135515213013, 1.0928236246109009, 1.241314172744751, 1.0194852352142334, 1.3411306142807007, 1.0714285373687744, 1.1968233585357666, 1.232060194015503, 1.354403018951416, 1.034482717514038, 1.131729245185852, 1.1818181276321411, 1.122921347618103, 1.001397728919983, 1.0036603212356567, 1.175627589225769, 1.0678197145462036, 1.0283750295639038, 1.2198952436447144, 1.0849006175994873, 1.0394926071166992, 1.146933674812317, 1.0902326107025146, 1.209824800491333, 1.0374321937561035, 1.1284339427947998, 1.0607476234436035, 1.0879665613174438, 1.0088998079299927, 1.3489766120910645, 1.0202386379241943, 1.1165485382080078, 1.1163239479064941, 1.1037540435791016, 1.1493297815322876, 1.3924418687820435, 1.2183244228363037, 1.118618130683899, 1.0483657121658325, 1.2350119352340698, 1.1543086767196655, 1.3746556043624878, 1.3180700540542603, 1.2271597385406494, 1.4285714626312256, 1.2175331115722656, 1.0299291610717773, 1.0268219709396362, 1.1144715547561646, 1.002528190612793, 1.2153748273849487, 1.174871802330017, 1.0768215656280518, 1.0700393915176392, 1.2442651987075806, 1.0033032894134521, 1.0787981748580933, 1.1067970991134644, 1.413088083267212, 1.141903281211853, 1.1030539274215698, 1.3386482000350952, 1.1790796518325806, 1.3220611810684204, 1.0626059770584106, 1.1221039295196533, 1.0228238105773926, 1.0479252338409424, 1.014068603515625, 1.0350507497787476, 1.1126230955123901, 1.26845383644104, 1.0611498355865479, 1.1795436143875122, 1.2628031969070435, 1.2227978706359863, 1.0488371849060059, 1.2964247465133667, 1.1250392198562622, 1.0274932384490967, 1.0769449472427368, 1.0539913177490234, 1.0330355167388916, 1.1688311100006104, 1.238588809967041, 1.0762943029403687, 1.0360373258590698, 1.0499999523162842, 1.240943193435669, 1.2840744256973267, 1.2452878952026367, 1.1405645608901978, 1.0272783041000366, 1.0438419580459595, 1.1869254112243652, 1.1724013090133667, 1.126849889755249, 1.0975708961486816, 1.2791029214859009, 1.060452938079834, 1.383131742477417, 1.0201371908187866, 1.1379722356796265, 1.4385080337524414, 1.2010014057159424, 1.3106555938720703, 1.168878197669983, 1.0664026737213135, 1.0704225301742554, 1.0836764574050903, 1.001329779624939]

WORKLOAD-FINISHED | Type: QueryWorkload | Progress: 1/3 | Workload-time: 11.831588 | Model-update-time: 0.000000

Distance score: 0.00013065338134765625

WORKLOAD-FINISHED | Type: DataUpdateWorkload | Progress: 2/3 | Workload-time: 2.004914 | Model-update-time: 2.228566

ReportEsts: [1.2975276708602905, 1.0540984869003296, 1.3896498680114746, 1.2943495512008667, 1.0312795639038086, 1.001854419708252, 1.1264744997024536, 1.1281282901763916, 1.0519661903381348, 1.0936881303787231, 1.0018000602722168, 1.346591591835022, 1.0294840335845947, 1.0874757766723633, 1.0161086320877075, 1.0083746910095215, 1.0297850370407104, 1.0459104776382446, 1.0403188467025757, 1.253642201423645, 1.20584237575531, 1.1393643617630005, 1.0346375703811646, 1.0221128463745117, 1.2552162408828735, 1.211375117301941, 1.0613569021224976, 1.0579115152359009, 1.5119768381118774, 1.2005208730697632, 1.2721445560455322, 1.6864407062530518, 1.099105954170227, 1.079428791999817, 1.0445733070373535, 1.0539077520370483, 1.0131953954696655, 1.2693092823028564, 1.0413390398025513, 1.0634956359863281, 1.0365651845932007, 1.2618135213851929, 2.9679999351501465, 1.0906966924667358, 1.0208594799041748, 1.1283553838729858, 1.1997684240341187, 1.0338610410690308, 1.4409722089767456, 1.0261969566345215, 1.143882155418396, 1.0057765245437622, 1.081494927406311, 1.0133849382400513, 1.0108662843704224, 1.1985219717025757, 1.3021984100341797, 1.1853822469711304, 1.4178043603897095, 1.1867445707321167, 1.709302306175232, 1.0215448141098022, 1.000190258026123, 2.1912283897399902, 1.0300005674362183, 1.0113649368286133, 1.347141146659851, 1.0303449630737305, 1.263135552406311, 1.1016567945480347, 1.0411710739135742, 1.1021324396133423, 1.0309500694274902, 1.1026835441589355, 1.0211327075958252, 1.5638095140457153, 1.0353950262069702, 1.107465147972107, 1.1587787866592407, 1.2280336618423462, 1.1562119722366333, 1.145712971687317, 1.1891871690750122, 1.2853282690048218, 1.381543755531311, 1.0731070041656494, 1.4306352138519287, 1.6285903453826904, 1.6163792610168457, 1.6438356637954712, 1.1399897336959839, 1.208558201789856, 1.6188167333602905, 1.0806138515472412, 1.0634597539901733, 1.1382639408111572, 1.1870442628860474, 1.2582961320877075, 1.0577870607376099, 1.208653211593628, 1.2168885469436646, 1.1937577724456787, 1.6259740591049194, 1.0644655227661133, 1.0184401273727417, 1.0710726976394653, 1.1849842071533203, 1.1446239948272705, 1.02949857711792, 1.0630626678466797, 1.2070084810256958, 1.1377261877059937, 1.2176169157028198, 1.226432204246521, 1.2764676809310913, 1.1003230810165405, 1.1168036460876465, 1.1174381971359253, 1.1957898139953613, 1.230088472366333, 1.1934407949447632, 1.0631163120269775, 1.0644201040267944, 1.0175557136535645, 1.1716796159744263, 1.1199229955673218, 1.037808895111084, 1.1067323684692383, 1.1600929498672485, 1.0112636089324951, 1.0178416967391968, 1.1191818714141846, 1.041914939880371, 1.7675234079360962, 1.790144443511963, 1.083457350730896, 1.0144304037094116, 1.096854329109192, 1.1225346326828003, 1.0919835567474365, 1.0776606798171997, 1.0525593757629395, 1.1448206901550293, 1.178099274635315, 1.0044636726379395, 1.0002933740615845, 1.1283422708511353, 1.051323652267456, 1.1500259637832642, 1.0193729400634766, 1.4080663919448853, 1.1712000370025635, 1.2192047834396362, 1.0226551294326782, 1.0490102767944336, 1.053445816040039, 1.1242185831069946, 1.014814853668213, 1.01410710811615, 1.3794567584991455, 1.061558723449707, 1.125862956047058, 1.1608778238296509, 1.1650688648223877, 1.1751619577407837, 1.239269733428955, 1.039211392402649, 1.4769078493118286, 1.0707573890686035, 1.2634021043777466, 1.030288815498352, 1.0449072122573853, 1.2273656129837036, 1.0208765268325806, 1.0138318538665771, 1.0690196752548218, 1.4312037229537964, 1.1464481353759766, 1.0847727060317993, 1.100482702255249, 1.8684210777282715, 1.1827454566955566, 1.099861741065979, 1.3430534601211548, 1.352066159248352, 1.268648624420166, 1.3544851541519165, 1.2337454557418823, 1.2119837999343872, 1.084919810295105, 1.2725238800048828, 1.024901270866394, 1.2723703384399414, 1.6135931015014648, 1.1032887697219849, 1.3820408582687378, 1.1167030334472656, 1.0794849395751953, 1.2968515157699585, 1.0013015270233154]

WORKLOAD-FINISHED | Type: QueryWorkload | Progress: 3/3 | Workload-time: 12.386860 | Model-update-time: 0.000000

Experiment Summary: #data-update-times=1, #drift=1 | total-time=28.476606
Sum of Model-update-time = 2.2286
The 1st    ReportEsts -> max: 1.9239	99th: 1.4392	95th: 1.3834	median: 1.1225	mean: 1.1535
2nd to end ReportEsts -> max: 2.9680	99th: 1.8716	95th: 1.6192	median: 1.1212	mean: 1.1846
