Input arguments = Namespace(data_update='sample', update_size=80000, dataset='bjaq', debug=False, drift_test='js', model_update='adapt', model='face', end2end=False, query_seed=0, random_seed=42, num_workload=3)

JSON-passed parameters = {'data_updater': {'skew_ratio': '1e-3'}, 'random_seed': 40, 'face': {'learning_rate': '1e-4', 'epochs': 0, 'factor': 'auto'}}

ReportEsts: [1.189070701599121, 1.0314699411392212, 1.3465263843536377, 1.2520530223846436, 1.277727723121643, 1.124056339263916, 1.000154733657837, 1.1411726474761963, 1.06712007522583, 1.1064585447311401, 1.1653746366500854, 1.144915223121643, 1.0942806005477905, 1.00223708152771, 1.1665968894958496, 1.2172998189926147, 1.1218849420547485, 1.1339668035507202, 1.2529821395874023, 1.0, 1.0074113607406616, 1.079506516456604, 1.125600814819336, 1.0122644901275635, 1.067793846130371, 1.1889692544937134, 1.0988175868988037, 1.4172883033752441, 1.0730316638946533, 1.0893093347549438, 1.1589215993881226, 1.2069460153579712, 1.044500470161438, 1.0223783254623413, 1.1416571140289307, 1.088255763053894, 1.3908956050872803, 1.10939359664917, 1.1703274250030518, 1.089940071105957, 1.1307820081710815, 1.1550556421279907, 1.101372241973877, 1.0505512952804565, 1.0325374603271484, 1.0804988145828247, 1.0399127006530762, 1.3760347366333008, 1.0711956024169922, 1.0490694046020508, 1.1641414165496826, 1.399070382118225, 1.1259843111038208, 1.1905478239059448, 1.187558889389038, 1.0667593479156494, 1.1794393062591553, 1.1499661207199097, 1.0084469318389893, 1.356532335281372, 1.2342671155929565, 1.193680763244629, 1.2228845357894897, 1.0635566711425781, 1.25, 1.2857142686843872, 1.1117020845413208, 1.097866415977478, 1.2330058813095093, 1.4526315927505493, 1.0697073936462402, 1.0682238340377808, 1.1917376518249512, 1.0438027381896973, 1.0569573640823364, 1.0864793062210083, 1.6882171630859375, 1.0672893524169922, 1.1725579500198364, 1.3603276014328003, 1.166547179222107, 1.1096752882003784, 1.098825216293335, 1.1539771556854248, 1.2079517841339111, 1.1192662715911865, 1.05502450466156, 1.1093568801879883, 1.0174552202224731, 1.1612074375152588, 1.0329371690750122, 1.4899930953979492, 1.0111792087554932, 1.2641249895095825, 1.101694941520691, 1.0965839624404907, 1.2125283479690552, 1.2701174020767212, 1.0714285373687744, 1.1358487606048584, 1.140668511390686, 1.0957090854644775, 1.1437668800354004, 1.0, 1.0633890628814697, 1.030366063117981, 1.1688095331192017, 1.1989529132843018, 1.0605847835540771, 1.0345402956008911, 1.1955288648605347, 1.0882079601287842, 1.2510466575622559, 1.0255093574523926, 1.1470962762832642, 1.0509259700775146, 1.0597268342971802, 1.0027086734771729, 1.177940011024475, 1.0503791570663452, 1.2103092670440674, 1.110114574432373, 1.1440287828445435, 1.212524175643921, 1.2359496355056763, 1.2469046115875244, 1.0211790800094604, 1.1310960054397583, 1.3160135746002197, 1.1229125261306763, 1.1413750648498535, 1.029146432876587, 1.2560596466064453, 1.4285714626312256, 1.008433222770691, 1.0215280055999756, 1.0018079280853271, 1.0504064559936523, 1.006095290184021, 1.290823221206665, 1.1033401489257812, 1.1035521030426025, 1.0260517597198486, 1.324062466621399, 1.0491087436676025, 1.0258351564407349, 1.0465285778045654, 1.4780561923980713, 1.006597638130188, 1.0792614221572876, 1.1401411294937134, 1.1444686651229858, 1.3143010139465332, 1.030338168144226, 1.106337070465088, 1.0556488037109375, 1.1405569314956665, 1.0056593418121338, 1.0627357959747314, 1.2422560453414917, 1.259554386138916, 1.0391746759414673, 1.0706545114517212, 1.24105966091156, 1.1079812049865723, 1.1106420755386353, 1.1356483697891235, 1.2434027194976807, 1.0509799718856812, 1.019601821899414, 1.0383070707321167, 1.0336780548095703, 1.1103895902633667, 1.1795686483383179, 1.0143052339553833, 1.0530871152877808, 1.0184645652770996, 1.2093168497085571, 1.2148292064666748, 1.0865612030029297, 1.130753755569458, 1.0241286754608154, 1.068076729774475, 1.155260443687439, 1.1231437921524048, 1.1120507717132568, 1.0470526218414307, 1.255854606628418, 1.081706166267395, 1.4211498498916626, 1.1040555238723755, 1.2273577451705933, 1.5961968898773193, 1.3059372901916504, 1.7575657367706299, 1.0980169773101807, 1.1139224767684937, 1.1014492511749268, 1.0134727954864502, 1.1131473779678345]

WORKLOAD-FINISHED | Type: QueryWorkload | Progress: 1/3 | Workload-time: 11.850218 | Model-update-time: 0.000000

Distance score: 8.82148754044465e-07

WORKLOAD-FINISHED | Type: DataUpdateWorkload | Progress: 2/3 | Workload-time: 2.016726 | Model-update-time: 0.000000

ReportEsts: [1.0927090644836426, 1.0503391027450562, 1.2566372156143188, 1.1956475973129272, 1.0677051544189453, 1.5814982652664185, 1.1965807676315308, 1.0280145406723022, 1.144444465637207, 1.0325098037719727, 1.0437629222869873, 1.0250800848007202, 1.2170732021331787, 1.0561306476593018, 1.0384728908538818, 1.0175597667694092, 1.0956774950027466, 1.0483497381210327, 1.0039479732513428, 1.2247161865234375, 1.1028285026550293, 1.4082905054092407, 1.0439821481704712, 1.0716477632522583, 1.0799490213394165, 1.1361173391342163, 1.0628398656845093, 1.1371536254882812, 1.0002789497375488, 1.7480080127716064, 1.2786725759506226, 1.2758620977401733, 1.1187173128128052, 1.0086207389831543, 1.0650634765625, 1.0538594722747803, 1.03756582736969, 1.052350640296936, 1.306882381439209, 1.132761001586914, 1.0253069400787354, 1.101694941520691, 1.1660466194152832, 1.2143877744674683, 1.040734887123108, 1.1224064826965332, 1.1478830575942993, 1.062440276145935, 1.1044176816940308, 1.135867953300476, 1.04897940158844, 1.019738793373108, 1.0392359495162964, 1.065810203552246, 1.1317405700683594, 1.261647343635559, 1.2644065618515015, 1.0779811143875122, 1.2639967203140259, 1.067116618156433, 1.5357142686843872, 1.0019203424453735, 1.0859425067901611, 1.563218355178833, 1.0639265775680542, 1.0470836162567139, 1.2631880044937134, 1.1026966571807861, 1.1724849939346313, 1.076336145401001, 1.2436760663986206, 1.2764639854431152, 1.0744647979736328, 1.0277591943740845, 1.026952862739563, 1.1846846342086792, 1.1876883506774902, 1.1417683362960815, 1.134486198425293, 1.1368705034255981, 1.1304347515106201, 1.1269315481185913, 1.0307008028030396, 1.2160478830337524, 1.2831050157546997, 1.2429577112197876, 1.3457762002944946, 1.4058656692504883, 1.207960844039917, 1.022132158279419, 1.242415428161621, 1.2208584547042847, 1.3179771900177002, 1.1458615064620972, 1.3428906202316284, 1.0882964134216309, 1.1049985885620117, 1.2489736080169678, 1.0417418479919434, 1.1812689304351807, 1.1470494270324707, 1.0981053113937378, 1.1006865501403809, 1.037763237953186, 1.0875345468521118, 1.0066241025924683, 1.2346456050872803, 1.1228183507919312, 1.083769679069519, 1.0688345432281494, 1.0283291339874268, 1.1122089624404907, 1.0292398929595947, 1.2132391929626465, 1.0865343809127808, 1.0761066675186157, 1.0403645038604736, 1.1937559843063354, 1.0608770847320557, 1.0932203531265259, 1.0097087621688843, 1.1792994737625122, 1.0235743522644043, 1.7108384370803833, 1.0354496240615845, 1.0693550109863281, 1.1951873302459717, 1.3087999820709229, 1.0361734628677368, 1.160176157951355, 1.120988130569458, 1.160103440284729, 1.0769294500350952, 1.7110874652862549, 1.649350643157959, 1.1289876699447632, 1.007200002670288, 1.1847738027572632, 1.0386160612106323, 1.020447850227356, 1.0916812419891357, 1.1597871780395508, 1.002948522567749, 1.0634759664535522, 1.0184504985809326, 1.0102821588516235, 1.5029239654541016, 1.0610926151275635, 1.0259507894515991, 1.0339921712875366, 1.098675012588501, 1.0075281858444214, 1.0779426097869873, 1.050102949142456, 1.015864610671997, 1.0327491760253906, 1.214666485786438, 1.2764227390289307, 1.1164498329162598, 1.1498031616210938, 1.07638680934906, 1.0566929578781128, 1.162361979484558, 1.0256054401397705, 1.04816472530365, 1.0648269653320312, 1.2637503147125244, 1.1032044887542725, 1.084812045097351, 1.3040794134140015, 1.0491552352905273, 1.0438841581344604, 1.5325778722763062, 1.33345627784729, 1.0393961668014526, 1.0868310928344727, 1.0227994918823242, 1.0774319171905518, 1.050534963607788, 1.0340850353240967, 1.6304347515106201, 1.197487473487854, 1.1238497495651245, 1.3518130779266357, 1.3779784440994263, 1.2375283241271973, 1.0342051982879639, 1.1798226833343506, 1.2507504224777222, 1.014788269996643, 1.2144489288330078, 1.0695539712905884, 1.3678683042526245, 1.994154930114746, 1.0493483543395996, 1.2043193578720093, 1.3253300189971924, 1.025624394416809, 1.2211689949035645, 1.0254902839660645]

WORKLOAD-FINISHED | Type: QueryWorkload | Progress: 3/3 | Workload-time: 12.265233 | Model-update-time: 0.000000

Experiment Summary: #data-update-times=1, #drift=0 | total-time=26.179919
Sum of Model-update-time = 0.0000
The 1st    ReportEsts -> max: 1.7576	99th: 1.5971	95th: 1.3913	median: 1.1112	mean: 1.1436
2nd to end ReportEsts -> max: 1.9942	99th: 1.7115	95th: 1.5044	median: 1.0997	mean: 1.1516
