Input arguments = Namespace(data_update='tupleskew', update_size=80000, dataset='bjaq', debug=False, drift_test='js', model_update='adapt', model='face', end2end=False, query_seed=0, random_seed=42, num_workload=3)

JSON-passed parameters = {'data_updater': {'skew_ratio': '1e-3'}, 'random_seed': 2, 'face': {'learning_rate': '1e-4', 'epochs': 0, 'factor': 'auto'}}

ReportEsts: [1.1356405019760132, 1.1247931718826294, 1.4388666152954102, 1.1911981105804443, 1.2491918802261353, 1.1215544939041138, 1.1270794868469238, 1.2180753946304321, 1.1228997707366943, 1.1071934700012207, 1.1042205095291138, 1.077330470085144, 1.0054563283920288, 1.0602678060531616, 1.0934804677963257, 1.177463412284851, 1.3177381753921509, 1.1389548778533936, 1.1044100522994995, 1.086734652519226, 1.103156328201294, 1.0596071481704712, 1.136286973953247, 1.0826658010482788, 1.1533937454223633, 1.135623812675476, 1.121340036392212, 1.314076542854309, 1.1053673028945923, 1.0359067916870117, 1.0663355588912964, 1.1526427268981934, 1.0819599628448486, 1.03235924243927, 1.0998599529266357, 1.1560685634613037, 1.4131478071212769, 1.1514731645584106, 1.0244941711425781, 1.092814326286316, 1.0110039710998535, 1.0442670583724976, 1.144849181175232, 1.1461020708084106, 1.1244454383850098, 1.0385487079620361, 1.0529260635375977, 1.274320125579834, 1.0929938554763794, 1.1387479305267334, 1.1974025964736938, 1.3771241903305054, 1.1127183437347412, 1.1649484634399414, 1.1621111631393433, 1.0360230207443237, 1.2813084125518799, 1.038621425628662, 1.1522949934005737, 1.3390920162200928, 1.5086809396743774, 1.1144808530807495, 1.327125906944275, 1.1497035026550293, 1.0819672346115112, 1.085714340209961, 1.198852777481079, 1.0357908010482788, 1.1431001424789429, 1.4105262756347656, 1.0642123222351074, 1.0573495626449585, 1.2235283851623535, 1.1805659532546997, 1.1634514331817627, 1.0563582181930542, 1.9436670541763306, 1.0411694049835205, 1.0090388059616089, 1.2826327085494995, 1.2366594076156616, 1.0906153917312622, 1.016761064529419, 1.1701909303665161, 1.201771855354309, 1.0889308452606201, 1.1387442350387573, 1.0703656673431396, 1.0519216060638428, 1.0806037187576294, 1.0958675146102905, 1.3562774658203125, 1.0258971452713013, 1.276141881942749, 1.1271675825119019, 1.0543874502182007, 1.1854299306869507, 1.3199946880340576, 1.0909091234207153, 1.2437974214553833, 1.1767241954803467, 1.046249508857727, 1.101718544960022, 1.0102488994598389, 1.0591003894805908, 1.0029128789901733, 1.1565113067626953, 1.2181501388549805, 1.021158218383789, 1.018049716949463, 1.083174705505371, 1.0912476778030396, 1.1643198728561401, 1.0697882175445557, 1.0967891216278076, 1.030837059020996, 1.0223774909973145, 1.0366309881210327, 1.3497884273529053, 1.011580228805542, 1.2019731998443604, 1.133434534072876, 1.1762351989746094, 1.2482740879058838, 1.321220874786377, 1.2395790815353394, 1.154556393623352, 1.3969663381576538, 1.307106614112854, 1.1319304704666138, 1.1191606521606445, 1.1214430332183838, 1.168427586555481, 1.4642857313156128, 1.0755313634872437, 1.032817006111145, 1.00478994846344, 1.1359349489212036, 1.059847116470337, 1.083238959312439, 1.169495701789856, 1.025843858718872, 1.0524230003356934, 1.1546152830123901, 1.0772631168365479, 1.1331980228424072, 1.088615894317627, 1.3382337093353271, 1.113022804260254, 1.0787642002105713, 1.3611420392990112, 1.1958723068237305, 1.3422343730926514, 1.1763910055160522, 1.0515625476837158, 1.1422518491744995, 1.0451565980911255, 1.024198055267334, 1.0307527780532837, 1.2216055393218994, 1.1564242839813232, 1.0014197826385498, 1.062109112739563, 1.314165472984314, 1.318435788154602, 1.0811643600463867, 1.1517894268035889, 1.2151340246200562, 1.0800340175628662, 1.1081714630126953, 1.0068252086639404, 1.0217726230621338, 1.1428571939468384, 1.078637957572937, 1.053133487701416, 1.0579760074615479, 1.0679813623428345, 1.3378784656524658, 1.1193584203720093, 1.2094511985778809, 1.0042076110839844, 1.0258365869522095, 1.0321323871612549, 1.1797752380371094, 1.096704125404358, 1.158562421798706, 1.0594598054885864, 1.2175533771514893, 1.0266904830932617, 1.4642671346664429, 1.0346620082855225, 1.0975607633590698, 1.5523524284362793, 1.431779384613037, 1.7840665578842163, 1.1795495748519897, 1.2650270462036133, 1.1515151262283325, 1.0353702306747437, 1.0440902709960938]

WORKLOAD-FINISHED | Type: QueryWorkload | Progress: 1/3 | Workload-time: 11.851835 | Model-update-time: 0.000000

Distance score: 8.362531661987305e-05

WORKLOAD-FINISHED | Type: DataUpdateWorkload | Progress: 2/3 | Workload-time: 1.998983 | Model-update-time: 2.224524

ReportEsts: [1.066445231437683, 1.0275770425796509, 1.2815126180648804, 1.1735970973968506, 1.0166974067687988, 1.0718120336532593, 1.3447438478469849, 1.0238515138626099, 1.1904141902923584, 1.0173835754394531, 1.0486223697662354, 1.098594069480896, 1.054892659187317, 1.0423444509506226, 1.1569063663482666, 1.037250280380249, 1.0327497720718384, 1.2397786378860474, 1.0338116884231567, 1.3390357494354248, 1.156952977180481, 1.1354150772094727, 1.3753563165664673, 4.614678859710693, 1.0169936418533325, 1.1370700597763062, 1.0288965702056885, 1.0954797267913818, 2.7740304470062256, 1.2272727489471436, 1.2014085054397583, 1.5847457647323608, 1.047197937965393, 1.473085641860962, 1.1072206497192383, 1.0872215032577515, 1.121829628944397, 1.5989974737167358, 1.0915007591247559, 1.017802119255066, 1.0733624696731567, 1.2120051383972168, 1.1194411516189575, 1.122685194015503, 1.051275610923767, 1.1770082712173462, 1.1640989780426025, 1.058184027671814, 1.3285714387893677, 1.2390276193618774, 1.0353223085403442, 1.087572693824768, 1.110176920890808, 1.0352649688720703, 1.1146060228347778, 1.2675268650054932, 1.1000745296478271, 1.0204919576644897, 1.3891006708145142, 1.0537041425704956, 1.6236079931259155, 1.0202831029891968, 1.1443661451339722, 1.2306941747665405, 1.1896034479141235, 1.0793921947479248, 1.4554129838943481, 1.0334768295288086, 1.062969446182251, 1.0223511457443237, 1.216634750366211, 1.1856026649475098, 1.0120012760162354, 1.1505682468414307, 1.1423183679580688, 1.0850805044174194, 1.0508618354797363, 1.0724902153015137, 1.5612622499465942, 1.1182135343551636, 1.0239726305007935, 1.7392996549606323, 1.0225024223327637, 1.2071831226348877, 1.3204047679901123, 1.621276617050171, 1.299752116203308, 1.420685052871704, 1.0708142518997192, 1.4215338230133057, 1.204049825668335, 1.2505213022232056, 1.321746826171875, 1.0393732786178589, 1.0338878631591797, 1.1390877962112427, 1.09999680519104, 1.2674602270126343, 1.1795661449432373, 1.3024752140045166, 1.2128770351409912, 1.0616874694824219, 1.04347825050354, 1.0110102891921997, 1.2906920909881592, 1.0832823514938354, 1.0249669551849365, 1.145442247390747, 1.0401146411895752, 1.2492101192474365, 1.0819227695465088, 1.0495983362197876, 1.1952297687530518, 1.2235987186431885, 1.0223881006240845, 1.0093692541122437, 1.0651121139526367, 1.4432613849639893, 1.322209119796753, 1.035398244857788, 1.0171493291854858, 1.0804020166397095, 1.0856291055679321, 1.36307692527771, 1.0628434419631958, 1.2114070653915405, 1.10369074344635, 1.0784000158309937, 1.0554972887039185, 1.0285358428955078, 1.5085643529891968, 1.11262047290802, 1.11872398853302, 1.2071713209152222, 1.185451626777649, 1.1405556201934814, 1.0609450340270996, 1.1479251384735107, 1.0207302570343018, 1.0105829238891602, 1.1028679609298706, 1.1992312669754028, 1.0488840341567993, 1.107398271560669, 1.0187779664993286, 1.0146673917770386, 1.1988636255264282, 1.089585781097412, 1.0992984771728516, 1.0254778861999512, 1.1051151752471924, 1.0851138830184937, 1.0042502880096436, 1.0424683094024658, 1.0496795177459717, 1.040892243385315, 1.1488491296768188, 1.1416666507720947, 1.0887727737426758, 1.048248052597046, 1.01409912109375, 1.0573152303695679, 1.1993886232376099, 1.0777932405471802, 1.0881640911102295, 1.3464566469192505, 1.072730541229248, 1.1956524848937988, 1.3042168617248535, 1.222887635231018, 1.053985834121704, 1.098626732826233, 1.4774575233459473, 1.2827160358428955, 1.1287521123886108, 1.007873773574829, 1.2440946102142334, 1.0406525135040283, 1.0990655422210693, 1.1968023777008057, 1.736842155456543, 1.1561737060546875, 1.0280474424362183, 1.503142237663269, 1.2975282669067383, 1.1887404918670654, 1.003386378288269, 1.1822326183319092, 1.4686845541000366, 1.0108388662338257, 1.1621119976043701, 1.1604814529418945, 1.191009759902954, 1.755110502243042, 1.0064135789871216, 1.2811343669891357, 1.1681740283966064, 1.0550161600112915, 1.4368771314620972, 1.058197259902954]

WORKLOAD-FINISHED | Type: QueryWorkload | Progress: 3/3 | Workload-time: 12.428898 | Model-update-time: 0.000000

Experiment Summary: #data-update-times=1, #drift=1 | total-time=28.529034
Sum of Model-update-time = 2.2245
The 1st    ReportEsts -> max: 1.9437	99th: 1.5547	95th: 1.3976	median: 1.1214	mean: 1.1502
2nd to end ReportEsts -> max: 4.6147	99th: 1.7653	95th: 1.5112	median: 1.1088	mean: 1.1866
