Input arguments = Namespace(data_update='sample', update_size=80000, dataset='bjaq', debug=False, drift_test='js', model_update='adapt', model='face', end2end=False, query_seed=0, random_seed=42, num_workload=3)

JSON-passed parameters = {'data_updater': {'skew_ratio': '1e-3'}, 'random_seed': 9, 'face': {'learning_rate': '1e-4', 'epochs': 0, 'factor': 'auto'}}

ReportEsts: [1.1224827766418457, 1.1001161336898804, 1.5748074054718018, 1.0937039852142334, 1.2382755279541016, 1.0956681966781616, 1.2223331928253174, 1.0319141149520874, 1.0933051109313965, 1.116513967514038, 1.0680447816848755, 1.103389859199524, 1.2235242128372192, 1.0357142686843872, 1.092063307762146, 1.0807710886001587, 1.3066778182983398, 1.1597386598587036, 1.2135751247406006, 1.0510203838348389, 1.0806630849838257, 1.109780192375183, 1.0703498125076294, 1.0016942024230957, 1.1565792560577393, 1.117540717124939, 1.0841779708862305, 1.4317375421524048, 1.0368455648422241, 1.0614383220672607, 1.1376374959945679, 1.2583223581314087, 1.0314526557922363, 1.1460824012756348, 1.1890957355499268, 1.2060492038726807, 1.2413338422775269, 1.1102523803710938, 1.0042109489440918, 1.052934169769287, 1.074593424797058, 1.2903966903686523, 1.0774741172790527, 1.1681914329528809, 1.105430006980896, 1.0374149084091187, 1.0682599544525146, 1.3507448434829712, 1.1399257183074951, 1.1708967685699463, 1.1612091064453125, 1.3038365840911865, 1.0200319290161133, 1.196671724319458, 1.1090952157974243, 1.1012980937957764, 1.2691588401794434, 1.0966558456420898, 1.1091675758361816, 1.3772727251052856, 1.5133336782455444, 1.1373190879821777, 1.2783046960830688, 1.0396144390106201, 1.2595419883728027, 1.1142857074737549, 1.1176470518112183, 1.1244524717330933, 1.061789631843567, 1.4421052932739258, 1.036697268486023, 1.017183542251587, 1.2204631567001343, 1.202681064605713, 1.1606190204620361, 1.1916018724441528, 1.8459219932556152, 1.0090765953063965, 1.0760725736618042, 1.3615665435791016, 1.2234532833099365, 1.1048295497894287, 1.0894726514816284, 1.2240722179412842, 1.1922506093978882, 1.1362980604171753, 1.006803035736084, 1.08287513256073, 1.0097160339355469, 1.1378223896026611, 1.162160873413086, 1.223922848701477, 1.0014445781707764, 1.208077311515808, 1.05978262424469, 1.0633935928344727, 1.1520565748214722, 1.2903281450271606, 1.0526316165924072, 1.0654432773590088, 1.252293586730957, 1.064017653465271, 1.0819157361984253, 1.002196192741394, 1.065585732460022, 1.062032699584961, 1.1147335767745972, 1.1762652397155762, 1.0060673952102661, 1.060302734375, 1.3107730150222778, 1.085185170173645, 1.2165054082870483, 1.0076748132705688, 1.175727367401123, 1.1182266473770142, 1.0579297542572021, 1.099703311920166, 1.3594690561294556, 1.1288219690322876, 1.2831876277923584, 1.0772733688354492, 1.0166078805923462, 1.0943560600280762, 1.215116262435913, 1.1783945560455322, 1.1405160427093506, 1.102591633796692, 1.3636363744735718, 1.101202368736267, 1.0005865097045898, 1.157927393913269, 1.330640196800232, 1.4642857313156128, 1.0726444721221924, 1.01357102394104, 1.0852596759796143, 1.0917073488235474, 1.0876578092575073, 1.3674052953720093, 1.1014485359191895, 1.1525869369506836, 1.0331025123596191, 1.3154027462005615, 1.0328068733215332, 1.0054107904434204, 1.0615870952606201, 1.2655651569366455, 1.0478062629699707, 1.0495738983154297, 1.1624424457550049, 1.1901038885116577, 1.3622788190841675, 1.2602638006210327, 1.2423957586288452, 1.0279138088226318, 1.1633188724517822, 1.0475521087646484, 1.0171114206314087, 1.1120859384536743, 1.4503655433654785, 1.0459649562835693, 1.0098669528961182, 1.2168830633163452, 1.2519893646240234, 1.1218905448913574, 1.197318434715271, 1.2385646104812622, 1.1343110799789429, 1.0059025287628174, 1.0141681432724, 1.0481507778167725, 1.1558442115783691, 1.041520357131958, 1.0183923244476318, 1.078539252281189, 1.001457691192627, 1.3500466346740723, 1.084193468093872, 1.2116559743881226, 1.1273072957992554, 1.0776234865188599, 1.034000039100647, 1.0868233442306519, 1.193770408630371, 1.130021095275879, 1.0796022415161133, 1.3527861833572388, 1.0311392545700073, 1.446413278579712, 1.0001909732818604, 1.0970407724380493, 1.4388706684112549, 1.158197283744812, 1.6114442348480225, 1.1918818950653076, 1.1664860248565674, 1.1692308187484741, 1.0131596326828003, 1.086753010749817]

WORKLOAD-FINISHED | Type: QueryWorkload | Progress: 1/3 | Workload-time: 11.805865 | Model-update-time: 0.000000

Distance score: 4.5299529460862686e-07

WORKLOAD-FINISHED | Type: DataUpdateWorkload | Progress: 2/3 | Workload-time: 2.029146 | Model-update-time: 0.000000

ReportEsts: [1.0027008056640625, 1.0139108896255493, 1.2332361936569214, 1.1309707164764404, 1.0022542476654053, 1.0814576148986816, 1.1965305805206299, 1.07893705368042, 1.2196043729782104, 1.0340726375579834, 1.1277412176132202, 1.3022489547729492, 1.1299303770065308, 1.0024034976959229, 1.1952872276306152, 1.0517423152923584, 1.0345721244812012, 1.1036534309387207, 1.065368413925171, 1.3062056303024292, 1.0367964506149292, 1.729028344154358, 1.1121019124984741, 1.2620878219604492, 1.0666964054107666, 1.1472452878952026, 1.1600462198257446, 1.1729038953781128, 1.2744311094284058, 1.2921932935714722, 1.2056119441986084, 1.119718313217163, 1.1233552694320679, 1.052477478981018, 1.0105010271072388, 1.220067024230957, 1.1773170232772827, 1.186282992362976, 1.1567727327346802, 1.1607931852340698, 1.045164942741394, 1.07876718044281, 1.020024299621582, 1.0933277606964111, 1.0023353099822998, 1.121193528175354, 1.2085026502609253, 1.0009177923202515, 1.1128404140472412, 1.021322250366211, 1.093677282333374, 1.0420660972595215, 1.1197112798690796, 1.0684993267059326, 1.091459035873413, 1.167168140411377, 1.1175626516342163, 1.0490307807922363, 1.282904863357544, 1.1499402523040771, 1.5517241954803467, 1.095347285270691, 1.0654714107513428, 1.5158352851867676, 1.109039545059204, 1.0942513942718506, 1.4043350219726562, 1.0099406242370605, 1.1250709295272827, 1.1482025384902954, 1.0618525743484497, 1.0553617477416992, 1.0894800424575806, 1.0812289714813232, 1.0419702529907227, 1.0019959211349487, 1.0486656427383423, 1.1610386371612549, 1.4020603895187378, 1.1421701908111572, 1.2011502981185913, 1.2333873510360718, 1.0735615491867065, 1.184682846069336, 1.4062343835830688, 1.382022500038147, 1.1653468608856201, 1.8218849897384644, 1.1398974657058716, 1.009276032447815, 1.2643376588821411, 1.1200048923492432, 1.420148253440857, 1.1832904815673828, 1.294797420501709, 1.0239897966384888, 1.0202720165252686, 1.2505872249603271, 1.5617977380752563, 1.0777395963668823, 1.1371008157730103, 1.1014431715011597, 1.23308265209198, 1.1838290691375732, 1.0653266906738281, 1.1577049493789673, 1.0600976943969727, 1.110003113746643, 1.1694444417953491, 1.0777112245559692, 1.0989420413970947, 1.1022506952285767, 1.1707772016525269, 1.181434988975525, 1.1238493919372559, 1.0882759094238281, 1.1287122964859009, 1.1722490787506104, 1.0580265522003174, 1.0629920959472656, 1.1122963428497314, 1.0915638208389282, 1.0025066137313843, 1.2026796340942383, 1.0289586782455444, 1.2058571577072144, 1.1909855604171753, 1.2921348810195923, 1.0471739768981934, 1.5205986499786377, 1.1399662494659424, 1.1161247491836548, 1.1020925045013428, 1.4783834218978882, 1.2803468704223633, 1.1840629577636719, 1.0404887199401855, 1.02656888961792, 1.047322392463684, 1.0037744045257568, 1.0692421197891235, 1.0713146924972534, 1.0499999523162842, 1.0176100730895996, 1.0456433296203613, 1.0765215158462524, 1.4772727489471436, 1.0160466432571411, 1.250859022140503, 1.0513317584991455, 1.061430811882019, 1.0325701236724854, 1.1594451665878296, 1.0579437017440796, 1.1209462881088257, 1.3352112770080566, 1.168320894241333, 1.2879999876022339, 1.0441570281982422, 1.0500891208648682, 1.01327383518219, 1.0605303049087524, 1.1647058725357056, 1.0532422065734863, 1.1378728151321411, 1.0896103382110596, 1.0187962055206299, 1.2202485799789429, 1.022591471672058, 1.2103735208511353, 1.035412311553955, 1.0752220153808594, 1.354245901107788, 1.0162895917892456, 1.0444061756134033, 1.0154938697814941, 1.0485655069351196, 1.057958960533142, 1.1670736074447632, 1.1964694261550903, 1.5111111402511597, 1.159939169883728, 1.0305739641189575, 1.6677433252334595, 1.3078651428222656, 1.191840648651123, 1.2026876211166382, 1.0219265222549438, 1.5134077072143555, 1.0602290630340576, 1.1639411449432373, 1.0397496223449707, 1.2158490419387817, 2.0716099739074707, 1.001994013786316, 1.426573395729065, 1.6193759441375732, 1.1441419124603271, 1.3390119075775146, 1.0861924886703491]

WORKLOAD-FINISHED | Type: QueryWorkload | Progress: 3/3 | Workload-time: 12.181631 | Model-update-time: 0.000000

Experiment Summary: #data-update-times=1, #drift=0 | total-time=26.058282
Sum of Model-update-time = 0.0000
The 1st    ReportEsts -> max: 1.8459	99th: 1.5752	95th: 1.3800	median: 1.1132	mean: 1.1499
2nd to end ReportEsts -> max: 2.0716	99th: 1.7300	95th: 1.5112	median: 1.1186	mean: 1.1586
