Input arguments = Namespace(data_update='tupleskew', update_size=80000, dataset='bjaq', debug=False, drift_test='js', model_update='adapt', model='face', end2end=False, query_seed=0, random_seed=42, num_workload=3)

JSON-passed parameters = {'data_updater': {'skew_ratio': '1e-3'}, 'random_seed': 96, 'face': {'learning_rate': '1e-4', 'epochs': 0, 'factor': 'auto'}}

ReportEsts: [1.1114449501037598, 1.1028579473495483, 1.2889693975448608, 1.0989681482315063, 1.2689552307128906, 1.1041631698608398, 1.2888133525848389, 1.1822693347930908, 1.0194915533065796, 1.1605509519577026, 1.0921618938446045, 1.1438559293746948, 1.0139284133911133, 1.0245535373687744, 1.1549943685531616, 1.2236236333847046, 1.2712020874023438, 1.1390736103057861, 1.2052589654922485, 1.1122448444366455, 1.2444337606430054, 1.1368558406829834, 1.1197504997253418, 1.1889582872390747, 1.1337907314300537, 1.0813742876052856, 1.0951576232910156, 1.4484305381774902, 1.0343778133392334, 1.0555386543273926, 1.128414273262024, 1.1079936027526855, 1.0084534883499146, 1.016784429550171, 1.1501400470733643, 1.057993769645691, 1.4696481227874756, 1.0479257106781006, 1.0377123355865479, 1.023535132408142, 1.0700165033340454, 1.146105408668518, 1.0947388410568237, 1.0665415525436401, 1.0678216218948364, 1.0385487079620361, 1.1348778009414673, 1.195343255996704, 1.0156373977661133, 1.3248730897903442, 1.1730279922485352, 1.3480485677719116, 1.1585824489593506, 1.1715047359466553, 1.1949222087860107, 1.0162262916564941, 1.2336448431015015, 1.2165876626968384, 1.207923173904419, 1.4255774021148682, 1.2006332874298096, 1.1365987062454224, 1.3825485706329346, 1.097231388092041, 1.2547528743743896, 1.0571428537368774, 1.180790901184082, 1.0049363374710083, 1.040382981300354, 1.2947368621826172, 1.031535267829895, 1.0057456493377686, 1.3001389503479004, 1.1281272172927856, 1.2417364120483398, 1.2931246757507324, 1.9477195739746094, 1.0001729726791382, 1.0226473808288574, 1.4455617666244507, 1.1458959579467773, 1.0723631381988525, 1.041978120803833, 1.16286301612854, 1.2131251096725464, 1.0158206224441528, 1.066597819328308, 1.1818915605545044, 1.0777382850646973, 1.1078861951828003, 1.0702309608459473, 1.2707475423812866, 1.0102003812789917, 1.3463796377182007, 1.0427807569503784, 1.1316667795181274, 1.1082735061645508, 1.3066933155059814, 1.0, 1.0865087509155273, 1.1312154531478882, 1.0935627222061157, 1.0333245992660522, 1.0007320642471313, 1.0086820125579834, 1.0092310905456543, 1.2240468263626099, 1.1675392389297485, 1.0882630348205566, 1.0345402956008911, 1.287182331085205, 1.1025400161743164, 1.3367066383361816, 1.027538537979126, 1.2030833959579468, 1.1349999904632568, 1.0432804822921753, 1.0009028911590576, 1.2719694375991821, 1.045790433883667, 1.2369731664657593, 1.0570580959320068, 1.0216710567474365, 1.244896650314331, 1.3992247581481934, 1.19376802444458, 1.146979808807373, 1.1809481382369995, 1.3227739334106445, 1.101202368736267, 1.1931891441345215, 1.2264363765716553, 1.1625232696533203, 1.4642857313156128, 1.0246137380599976, 1.0301916599273682, 1.0577548742294312, 1.0315330028533936, 1.0230412483215332, 1.3519434928894043, 1.1484394073486328, 1.0954885482788086, 1.1386302709579468, 1.1016062498092651, 1.030564785003662, 1.0640166997909546, 1.114361047744751, 1.3978357315063477, 1.1227315664291382, 1.067968726158142, 1.153294563293457, 1.1575438976287842, 1.345901608467102, 1.1251200437545776, 1.1158350706100464, 1.0654302835464478, 1.062820553779602, 1.0559931993484497, 1.02855384349823, 1.195583462715149, 1.11470627784729, 1.023206353187561, 1.02593994140625, 1.2853223085403442, 1.2536520957946777, 1.1352031230926514, 1.0594160556793213, 1.1899975538253784, 1.0606193542480469, 1.0104396343231201, 1.0177772045135498, 1.169899821281433, 1.1103895902633667, 1.0955804586410522, 1.090939998626709, 1.0189471244812012, 1.0349854230880737, 1.1577999591827393, 1.1198744773864746, 1.035799264907837, 1.035921573638916, 1.0618377923965454, 1.0020263195037842, 1.1123595237731934, 1.1115537881851196, 1.0951374769210815, 1.0101079940795898, 1.296643853187561, 1.0516724586486816, 1.458797812461853, 1.0232059955596924, 1.0187647342681885, 1.35646390914917, 1.334304690361023, 1.4925864934921265, 1.2127659320831299, 1.1702792644500732, 1.1176470518112183, 1.0432499647140503, 1.1337981224060059]

WORKLOAD-FINISHED | Type: QueryWorkload | Progress: 1/3 | Workload-time: 11.897357 | Model-update-time: 0.000000

Distance score: 0.00011670589447021484

WORKLOAD-FINISHED | Type: DataUpdateWorkload | Progress: 2/3 | Workload-time: 2.000507 | Model-update-time: 2.240022

ReportEsts: [1.06850266456604, 1.0078545808792114, 1.0056657791137695, 1.6177715063095093, 1.0009349584579468, 1.0105668306350708, 1.2301273345947266, 1.0232090950012207, 1.064217209815979, 1.4639999866485596, 1.0439196825027466, 1.4370925426483154, 1.0095465183258057, 1.1238676309585571, 1.171474814414978, 1.013377070426941, 1.1447418928146362, 1.1373406648635864, 1.1055749654769897, 1.2438825368881226, 1.051930546760559, 1.103532075881958, 1.0860172510147095, 1.0024330615997314, 1.0409070253372192, 1.0595349073410034, 1.0651403665542603, 1.2260651588439941, 1.584375023841858, 1.4073128700256348, 1.0103760957717896, 1.610169529914856, 1.0675512552261353, 1.1579722166061401, 1.0687251091003418, 1.056503415107727, 1.0541751384735107, 1.144846796989441, 1.0908054113388062, 1.0544623136520386, 1.0879021883010864, 1.0154004096984863, 1.013304352760315, 1.0366765260696411, 1.012345314025879, 1.0554989576339722, 1.0775223970413208, 1.0462896823883057, 1.3476190567016602, 1.2943624258041382, 1.1472300291061401, 1.0350074768066406, 1.0827202796936035, 1.041906714439392, 1.1652097702026367, 1.283715844154358, 1.1522207260131836, 1.0001192092895508, 1.1902247667312622, 1.1640571355819702, 1.7933491468429565, 1.047508955001831, 1.0119999647140503, 1.0994831323623657, 1.0389143228530884, 1.7269790172576904, 1.3006666898727417, 1.1047590970993042, 1.1964874267578125, 1.171685814857483, 1.1875559091567993, 1.2099955081939697, 1.099357008934021, 1.146942138671875, 1.1878855228424072, 1.1459742784500122, 2.383838415145874, 1.1669840812683105, 1.256253957748413, 1.0476826429367065, 1.1163079738616943, 1.1994010210037231, 1.170239806175232, 1.1179276704788208, 1.4668816328048706, 1.1246752738952637, 1.1848487854003906, 1.9152119159698486, 1.4238468408584595, 3.3144330978393555, 1.1981959342956543, 1.0447970628738403, 1.5750824213027954, 1.1051421165466309, 1.0605612993240356, 1.0040780305862427, 1.2894880771636963, 1.1035503149032593, 1.2151364088058472, 1.0038971900939941, 1.213438868522644, 1.1454955339431763, 1.027707815170288, 1.1093069314956665, 1.078943133354187, 1.1413394212722778, 1.001734972000122, 1.143723726272583, 1.5099149942398071, 1.056580901145935, 1.0841890573501587, 1.0916656255722046, 1.0442615747451782, 1.2548800706863403, 1.1284176111221313, 1.217900276184082, 1.111607313156128, 1.2121621370315552, 1.029615879058838, 1.017699122428894, 1.0394749641418457, 1.2523365020751953, 1.073233962059021, 1.361801028251648, 1.0576611757278442, 1.1219289302825928, 1.1494781970977783, 1.6613672971725464, 1.095626711845398, 1.025567650794983, 1.0375394821166992, 1.1493433713912964, 1.1891264915466309, 1.1260647773742676, 1.420918345451355, 1.3042051792144775, 1.0490447282791138, 1.1721408367156982, 1.0975109338760376, 1.0887166261672974, 1.0123966932296753, 1.0357047319412231, 1.058680534362793, 1.025589108467102, 1.0563632249832153, 1.1293426752090454, 1.2485207319259644, 1.1046791076660156, 1.2406026124954224, 1.0313414335250854, 1.157089114189148, 1.0089423656463623, 1.2047597169876099, 1.0472725629806519, 1.0357455015182495, 1.1005263328552246, 1.0011147260665894, 1.1048387289047241, 1.528536319732666, 1.0628764629364014, 1.1551618576049805, 1.1200212240219116, 1.4410918951034546, 1.0229264497756958, 1.2044215202331543, 1.0321167707443237, 1.1469733715057373, 1.12807297706604, 1.2536112070083618, 1.155954122543335, 1.0532982349395752, 1.1728698015213013, 1.3325942754745483, 1.1215685606002808, 1.2620967626571655, 1.0619432926177979, 1.170469045639038, 1.0261666774749756, 1.0193328857421875, 1.162928819656372, 1.7105263471603394, 1.1615036725997925, 1.0985616445541382, 1.3901712894439697, 1.3285627365112305, 1.1583606004714966, 1.0256012678146362, 1.069082498550415, 1.3180855512619019, 1.0814223289489746, 1.2226450443267822, 1.2384095191955566, 1.4063963890075684, 2.5544252395629883, 1.0990432500839233, 1.0696109533309937, 1.0339646339416504, 1.1133685111999512, 1.0694668292999268, 1.1894704103469849]

WORKLOAD-FINISHED | Type: QueryWorkload | Progress: 3/3 | Workload-time: 12.370503 | Model-update-time: 0.000000

Experiment Summary: #data-update-times=1, #drift=1 | total-time=28.599446
Sum of Model-update-time = 2.2400
The 1st    ReportEsts -> max: 1.9477	99th: 1.4699	95th: 1.3833	median: 1.1145	mean: 1.1444
2nd to end ReportEsts -> max: 3.3144	99th: 2.3855	95th: 1.5857	median: 1.1171	mean: 1.1837
