Input arguments = Namespace(data_update='sample', update_size=80000, dataset='bjaq', debug=False, drift_test='js', model_update='adapt', model='face', end2end=False, query_seed=0, random_seed=42, num_workload=3)

JSON-passed parameters = {'data_updater': {'skew_ratio': '1e-3'}, 'random_seed': 78, 'face': {'learning_rate': '1e-4', 'epochs': 0, 'factor': 'auto'}}

ReportEsts: [1.156951904296875, 1.124397873878479, 1.5092759132385254, 1.1943566799163818, 1.2528735399246216, 1.0725278854370117, 1.1302992105484009, 1.2447024583816528, 1.0792464017868042, 1.0230066776275635, 1.1300603151321411, 1.0360169410705566, 1.0539137125015259, 1.0089285373687744, 1.0656933784484863, 1.2720263004302979, 1.2150673866271973, 1.1780284643173218, 1.0676171779632568, 1.0943877696990967, 1.0945271253585815, 1.0533708333969116, 1.148890733718872, 1.0806400775909424, 1.2096707820892334, 1.0786617994308472, 1.074324369430542, 1.2490332126617432, 1.0120620727539062, 1.1343709230422974, 1.115643858909607, 1.0862730741500854, 1.1274627447128296, 1.0223438739776611, 1.1605172157287598, 1.170483112335205, 1.3076285123825073, 1.0026825666427612, 1.0726065635681152, 1.0308642387390137, 1.0337225198745728, 1.0260038375854492, 1.083156704902649, 1.0899096727371216, 1.1318402290344238, 1.0657596588134766, 1.0691381692886353, 1.411645770072937, 1.02787446975708, 1.219966173171997, 1.226063847541809, 1.3054523468017578, 1.0627132654190063, 1.2559542655944824, 1.0039467811584473, 1.1576263904571533, 1.257943868637085, 1.228183627128601, 1.120680332183838, 1.3824139833450317, 1.4438354969024658, 1.1322957277297974, 1.4231058359146118, 1.0179921388626099, 1.25, 1.085714340209961, 1.291452169418335, 1.0450574159622192, 1.1881451606750488, 1.221052646636963, 1.0909091234207153, 1.0262675285339355, 1.1860377788543701, 1.1874451637268066, 1.2713823318481445, 1.1005421876907349, 1.771115779876709, 1.0096052885055542, 1.0583263635635376, 1.4710429906845093, 1.0310109853744507, 1.1379421949386597, 1.0418660640716553, 1.2464077472686768, 1.2171111106872559, 1.1697635650634766, 1.0705734491348267, 1.1827490329742432, 1.0325791835784912, 1.0557260513305664, 1.0526341199874878, 1.211754322052002, 1.0224926471710205, 1.2926256656646729, 1.0427807569503784, 1.0447981357574463, 1.0665184259414673, 1.2419601678848267, 1.0909091234207153, 1.209343671798706, 1.1470588445663452, 1.159409523010254, 1.018480658531189, 1.0133531093597412, 1.145188331604004, 1.0789252519607544, 1.2692800760269165, 1.2111692428588867, 1.0447607040405273, 1.0046263933181763, 1.1711866855621338, 1.1215311288833618, 1.2201941013336182, 1.0763612985610962, 1.1279703378677368, 1.1293532848358154, 1.0525037050247192, 1.0595898628234863, 1.2844245433807373, 1.09670090675354, 1.2001858949661255, 1.1280529499053955, 1.209441900253296, 1.2542855739593506, 1.3347867727279663, 1.2029508352279663, 1.2818567752838135, 1.2202569246292114, 1.3423110246658325, 1.133266568183899, 1.248520016670227, 1.1453925371170044, 1.1911125183105469, 1.4285714626312256, 1.0127695798873901, 1.004725694656372, 1.0337063074111938, 1.0452032089233398, 1.0963528156280518, 1.0918949842453003, 1.1590920686721802, 1.1615842580795288, 1.0042389631271362, 1.2806754112243652, 1.0518945455551147, 1.0340344905853271, 1.0173484086990356, 1.413962960243225, 1.108803391456604, 1.1817471981048584, 1.185647964477539, 1.2017689943313599, 1.3532967567443848, 1.1476231813430786, 1.1979255676269531, 1.06638503074646, 1.0411181449890137, 1.0340461730957031, 1.0114474296569824, 1.144195795059204, 1.1456012725830078, 1.0169757604599, 1.1099462509155273, 1.2200521230697632, 1.360230565071106, 1.1179178953170776, 1.168931245803833, 1.173136830329895, 1.1304563283920288, 1.0127135515213013, 1.055511713027954, 1.0025111436843872, 1.1753246784210205, 1.2058742046356201, 1.0660762786865234, 1.2560778856277466, 1.0048590898513794, 1.2454819679260254, 1.1070973873138428, 1.0211114883422852, 1.076054573059082, 1.0684665441513062, 1.0750569105148315, 1.1511746644973755, 1.1162621974945068, 1.0961945056915283, 1.0136886835098267, 1.2342838048934937, 1.0412755012512207, 1.484387755393982, 1.0408315658569336, 1.0759555101394653, 1.585996150970459, 1.382651686668396, 1.7283480167388916, 1.1853210926055908, 1.1275115013122559, 1.1176470518112183, 1.1138732433319092, 1.1005643606185913]

WORKLOAD-FINISHED | Type: QueryWorkload | Progress: 1/3 | Workload-time: 11.825501 | Model-update-time: 0.000000

Distance score: 1.4901161193847656e-06

WORKLOAD-FINISHED | Type: DataUpdateWorkload | Progress: 2/3 | Workload-time: 2.025627 | Model-update-time: 0.000000

ReportEsts: [1.0260093212127686, 1.1030665636062622, 1.2769460678100586, 1.1951897144317627, 1.0304522514343262, 1.0809627771377563, 1.0078411102294922, 1.1622177362442017, 1.1158522367477417, 1.0420371294021606, 1.089104175567627, 1.1709243059158325, 1.2352941036224365, 1.061238169670105, 1.0216401815414429, 1.0452519655227661, 1.2685805559158325, 1.0961934328079224, 1.0021765232086182, 1.2934777736663818, 1.1888149976730347, 1.2780048847198486, 1.048473596572876, 1.226414680480957, 1.0634585618972778, 1.2264677286148071, 1.0059378147125244, 1.1491351127624512, 1.364246129989624, 1.2824651002883911, 1.1493123769760132, 1.3028168678283691, 1.114144206047058, 1.1047959327697754, 1.166941523551941, 1.0966566801071167, 1.055323839187622, 1.0847033262252808, 1.1633199453353882, 1.0341153144836426, 1.0371214151382446, 1.0174672603607178, 1.1137946844100952, 1.216426134109497, 1.0686964988708496, 1.1124168634414673, 1.2111036777496338, 1.1152116060256958, 1.0509804487228394, 1.0395361185073853, 1.0443700551986694, 1.0735316276550293, 1.0255239009857178, 1.060408353805542, 1.0319238901138306, 1.3694491386413574, 1.1630609035491943, 1.1244158744812012, 1.2396457195281982, 1.1653847694396973, 1.4756380319595337, 1.0718990564346313, 1.1798702478408813, 1.472000002861023, 1.1833667755126953, 1.0316694974899292, 1.278209924697876, 1.0731688737869263, 1.1477272510528564, 1.1632308959960938, 1.0498024225234985, 1.1720633506774902, 1.0006932020187378, 1.0564671754837036, 1.1204830408096313, 1.0100126266479492, 1.0486737489700317, 1.0206557512283325, 1.4877923727035522, 1.1914933919906616, 1.312556505203247, 1.1547455787658691, 1.0351877212524414, 1.1804169416427612, 1.3569015264511108, 1.3589743375778198, 1.2761551141738892, 1.7996788024902344, 1.0351893901824951, 1.3180887699127197, 1.169573426246643, 1.1188420057296753, 1.2586175203323364, 1.069949746131897, 1.0686615705490112, 1.0091882944107056, 1.0252681970596313, 1.2278450727462769, 1.2796283960342407, 1.0040063858032227, 1.047589898109436, 1.1050422191619873, 1.1502346992492676, 1.2331132888793945, 1.0698635578155518, 1.1477062702178955, 1.1155251264572144, 1.1895897388458252, 1.149171233177185, 1.0616445541381836, 1.0546796321868896, 1.057667851448059, 1.1773103475570679, 1.2536522150039673, 1.147750735282898, 1.0901505947113037, 1.0693508386611938, 1.0944873094558716, 1.0550806522369385, 1.2000000476837158, 1.053266167640686, 1.213354229927063, 1.0617399215698242, 1.361006259918213, 1.1155309677124023, 1.0719515085220337, 1.1488277912139893, 1.3464696407318115, 1.0074108839035034, 1.0820419788360596, 1.011082410812378, 1.1079307794570923, 1.3157069683074951, 1.6628512144088745, 1.6539534330368042, 1.0341166257858276, 1.0693367719650269, 1.12144136428833, 1.1095579862594604, 1.0581457614898682, 1.1094273328781128, 1.2552293539047241, 1.036075234413147, 1.0838004350662231, 1.0826705694198608, 1.0649651288986206, 1.5357142686843872, 1.0379209518432617, 1.1071772575378418, 1.1386117935180664, 1.0521295070648193, 1.0193175077438354, 1.2114295959472656, 1.0954848527908325, 1.0699161291122437, 1.131515622138977, 1.158576488494873, 1.413223147392273, 1.093626618385315, 1.2070738077163696, 1.0224664211273193, 1.0439790487289429, 1.08493173122406, 1.0058250427246094, 1.0956990718841553, 1.046875, 1.0641287565231323, 1.188547134399414, 1.0270451307296753, 1.236608624458313, 1.1824334859848022, 1.0173847675323486, 1.6085010766983032, 1.1534910202026367, 1.118553638458252, 1.0923696756362915, 1.0439355373382568, 1.1189274787902832, 1.0894129276275635, 1.1028740406036377, 1.3469387292861938, 1.1370660066604614, 1.0605841875076294, 1.5033385753631592, 1.3360309600830078, 1.2292890548706055, 1.3850986957550049, 1.1575002670288086, 1.3347491025924683, 1.020643711090088, 1.0031741857528687, 1.0668261051177979, 1.2653836011886597, 2.1152241230010986, 1.0003312826156616, 1.0349348783493042, 1.1959710121154785, 1.0798152685165405, 1.3338842391967773, 1.0077506303787231]

WORKLOAD-FINISHED | Type: QueryWorkload | Progress: 3/3 | Workload-time: 12.242546 | Model-update-time: 0.000000

Experiment Summary: #data-update-times=1, #drift=0 | total-time=26.144223
Sum of Model-update-time = 0.0000
The 1st    ReportEsts -> max: 1.7711	99th: 1.5874	95th: 1.4118	median: 1.1277	mean: 1.1514
2nd to end ReportEsts -> max: 2.1152	99th: 1.6642	95th: 1.4162	median: 1.1110	mean: 1.1547
