Input arguments = Namespace(data_update='sample', update_size=8000, dataset='census', debug=False, drift_test='js', model_update='adapt', model='transformer', end2end=False, query_seed=3, random_seed=42, num_workload=3)
JSON-passed parameters = {'data_updater': {'skew_ratio': '1e-3'}, 'random_seed': 6, 'transformer': {'epochs': 0}}
MODEL-PATH=/home/kangping/code_copy/SAUCE/models/end2end/transformer/origin-census-2.8MB-model16.858-data14.989-200epochs-seed0.pt
DATASET-PATH=/home/kangping/code_copy/SAUCE/data/census/end2end/census_int.npy
Workloads: ['QueryWorkload', 'DataUpdateWorkload', 'QueryWorkload']

WORKLOAD-START | Type: QueryWorkload | Progress: 1/3
Going to run: ['python', '/home/kangping/code_copy/SAUCE/Naru/eval_model.py', '--dataset=census', '--model=transformer', '--query_seed=3', '--end2end', '--eval_type=first_estimate', '--num_workload=3', '--data_update=sample', '--model_update=adapt', '--random_seed=42']
Torch device: cuda:1
GET-MODEL-PATH=./models/end2end/transformer/origin-census-2.8MB-model16.858-data14.989-200epochs-seed0.pt
ckpts [PosixPath('/home/kangping/code_copy/SAUCE/models/end2end/transformer/origin-census-2.8MB-model16.858-data14.989-200epochs-seed0.pt')]
Validate Argument: DATASET="census" is valid.
load_csv_dataset - census (32561, 13)
Parsing... done, took 0.0s
Loading ckpt: /home/kangping/code_copy/SAUCE/models/end2end/transformer/origin-census-2.8MB-model16.858-data14.989-200epochs-seed0.pt
query_seed:3
origin-census_1.87 	max: 6.0000	99th: 4.0000	95th: 2.1127	median: 1.0921	mean: 1.3259
ReportEsts: [2.0, 3.3333333333333335, 1.0, 1.0, 1.0666666666666667, 1.066787549108492, 3.6666666666666665, 1.1666666666666667, 1.0, 1.0303951367781155, 2.0, 1.0, 2.0, 1.6226415094339623, 1.0312174817898023, 1.0, 1.3142857142857143, 1.0, 4.0, 1.8, 1.0725806451612903, 1.007891770011274, 1.1323529411764706, 1.4615384615384615, 2.0, 1.0, 1.2038327526132404, 1.0606060606060606, 2.0, 2.0, 1.5, 2.4545454545454546, 1.0, 1.1272727272727272, 1.2, 2.0, 1.4666666666666666, 1.0, 1.7142857142857142, 1.0833333333333333, 1.1666666666666667, 1.0798442064264848, 1.3333333333333333, 3.2, 1.0, 1.0687450039968025, 1.25, 1.005592841163311, 1.0, 1.1393939393939394, 1.0, 1.0, 2.0, 2.0, 1.25, 1.2857142857142858, 1.2573018080667593, 1.0, 2.0, 1.4705882352941178, 2.0, 2.0, 1.0871092377941693, 1.0517241379310345, 1.0, 2.0, 1.0, 1.1551246537396123, 1.0820565202587675, 1.0, 1.0909090909090908, 1.253763440860215, 1.0, 1.5, 1.1428571428571428, 2.25, 1.2857142857142858, 6.0, 1.1312217194570136, 1.0, 1.1858156028368794, 1.1538461538461537, 1.0, 1.2142857142857142, 1.0, 1.0547686496694995, 1.1666666666666667, 1.0, 1.6631578947368422, 1.1757105943152455, 1.5846153846153845, 1.6666666666666667, 1.7142857142857142, 1.0396825396825398, 1.0222761024397635, 1.3412698412698412, 1.0464759959141983, 1.0522565320665083, 1.0358056265984654, 1.0189624329159213, 1.2286689419795223, 1.0185694635488307, 1.1, 1.0303030303030303, 1.125, 1.375, 1.0760240305843802, 1.133245382585752, 1.40625, 1.0175352544451257, 2.111111111111111, 1.0621468926553672, 1.0, 1.3, 1.0, 1.036231884057971, 1.0289948453608246, 1.0, 1.162962962962963, 1.0714285714285714, 2.2, 1.0, 1.0625, 4.0, 1.0, 1.0, 1.0, 1.0043898156277435, 4.0, 1.5, 1.2337662337662338, 1.5294117647058822, 1.0096153846153846, 1.5, 1.1521739130434783, 2.0, 1.3520208604954367, 1.1320754716981132, 1.0, 1.136977886977887, 2.0, 1.0, 1.0180995475113122, 1.1333333333333333, 1.1, 1.002439024390244, 1.1320388349514563, 2.0, 1.0, 1.1940639269406392, 1.0, 1.0151515151515151, 1.204241948153967, 1.0170068027210883, 2.0, 1.0, 1.0463535228677379, 2.0, 1.3211678832116789, 1.935483870967742, 4.0, 1.0, 1.0, 1.0133928571428572, 1.0511770726714431, 1.0, 3.6666666666666665, 1.0, 1.0, 1.0, 1.1724137931034482, 2.0, 1.0, 1.0, 1.0298507462686568, 1.0318219291014015, 1.0, 1.0233100233100234, 1.0, 2.6666666666666665, 1.3333333333333333, 1.0, 2.0, 1.0571428571428572, 1.0, 1.0333333333333334, 1.55, 1.0274151436031331, 1.3333333333333333, 2.0, 1.0144508670520231, 2.0, 1.146864686468647, 1.5, 1.04, 1.0062893081761006, 1.0963198546115402, 1.1666666666666667, 1.0, 1.0604026845637584, 1.0617283950617284, 2.0, 1.0, 1.0, 1.019898556379243, 1.176991150442478, 1.0178396072013094, 2.0, 1.243498817966903, 1.0, 1.1176470588235294, 1.0, 1.0, 1.16, 1.1162790697674418, 1.1666666666666667, 1.0846241027578392, 2.0, 1.0143636885952312, 1.0740740740740742, 1.0, 1.0191496267445634, 1.25, 1.0, 2.0, 1.0606060606060606, 2.0, 2.0, 1.0955882352941178, 1.0606060606060606, 1.6666666666666667, 1.0, 1.0, 1.0, 1.0, 1.0, 1.2318840579710144, 2.0, 1.1153846153846154, 1.4528301886792452, 2.25, 1.0177849636216654, 1.337448559670782, 1.0203389830508474, 1.0, 1.0263157894736843, 1.132952380952381, 1.0, 1.0, 1.0, 1.0, 1.9375, 1.095846645367412, 1.0, 1.6666666666666667, 1.4833333333333334, 1.0, 2.0, 1.16, 1.4444444444444444, 1.0396634615384615, 1.2098765432098766, 1.0142487046632125, 1.021356783919598, 1.0144339197113217, 1.0, 1.6363636363636365, 1.0, 1.064896755162242, 1.2359550561797752, 1.5, 1.25, 1.0, 1.0056171470805617, 1.0, 1.0, 1.625, 1.0, 1.064102564102564, 1.0, 1.5, 1.2, 1.0596675415573054, 1.0677328316086547, 1.0865384615384615, 2.0, 1.16, 1.5454545454545454, 1.2894736842105263, 1.0, 1.0, 1.0, 1.5909090909090908, 1.0, 1.0776699029126213, 1.0, 2.0, 1.3636363636363635, 1.0, 1.3076923076923077, 1.125, 1.0, 1.1194295900178253, 1.0316831683168317, 1.3111111111111111, 2.3333333333333335, 1.125, 1.264516129032258, 2.0, 1.0389610389610389, 1.1501154734411085, 1.0127226463104326, 1.5, 1.2767295597484276, 1.3466666666666667, 1.124546553808948, 5.0, 1.0, 1.0851851851851853, 1.092920353982301, 1.0, 1.0359712230215827, 1.0, 1.3076923076923077, 1.0, 1.0, 1.0, 1.1601423487544484, 1.0, 1.2242424242424241, 1.0, 1.0, 1.0, 2.0, 1.1444600280504909, 1.234215885947047, 1.0, 1.0239234449760766, 1.1442307692307692, 4.5, 1.28, 1.0723192019950125, 1.1818181818181819, 1.375, 1.5225225225225225, 1.1276948590381426, 1.5, 1.0, 1.0, 2.0, 2.0, 2.0, 1.1875, 1.01517805020432, 4.0, 2.0, 1.0, 2.0, 1.0, 1.25, 1.1740412979351031, 1.0, 1.0, 1.0, 1.2, 1.000952380952381, 1.0, 1.0, 1.0575414123801221, 1.0, 1.094577553593947, 1.0466666666666666, 1.0, 1.5294117647058822, 1.0, 1.0, 1.0, 2.0, 1.0218978102189782, 2.0, 1.037827352085354, 1.1861198738170347, 1.0316060271958838, 1.25, 1.1018518518518519, 1.5, 1.1304347826086956, 2.0, 1.0331384015594542, 1.2893203883495146, 1.2, 1.0, 1.5, 1.1249591102387961, 1.08130081300813, 2.0, 1.161473087818697, 1.0, 1.006031363088058, 1.2203389830508475, 1.5, 1.0, 1.0, 1.127659574468085, 1.1979695431472082, 1.0, 1.3611111111111112, 1.1369339879978178, 1.2, 1.0, 1.0564971751412429, 1.0784313725490196, 1.6666666666666667, 1.1, 1.5, 1.011530525549217, 1.0, 1.0, 1.1270504026245154, 2.75, 2.0, 1.2325581395348837, 2.0, 1.0, 1.0952380952380953, 1.0377358490566038, 1.173913043478261, 1.5, 1.0884387351778657, 1.1310483870967742, 1.088410104011887, 1.0274651058081945, 1.0223577235772359, 1.0666666666666667, 1.0, 1.0, 1.0069444444444444, 1.001787842669845, 2.0, 1.3333333333333333, 1.0, 2.0, 1.0, 1.0403645833333333, 1.0, 1.2727272727272727, 1.0, 1.8571428571428572, 6.0, 2.0, 1.4, 1.0, 1.1153846153846154, 1.140625, 1.1929824561403508, 1.1805555555555556, 1.1310994441012971, 1.5, 1.015, 2.0, 1.3333333333333333, 1.9615384615384615, 2.0, 1.0158415841584159, 1.0, 1.1190965092402465, 1.0, 1.0, 2.0, 1.3043478260869565, 1.054421768707483, 2.0, 1.0, 1.0468111844172165, 1.0226486860304287, 1.2619047619047619, 1.1441558441558441, 1.4794520547945205, 1.4, 1.5, 1.0, 1.0804597701149425, 1.271186440677966, 1.5, 3.0, 1.1875, 1.2857142857142858, 1.0555555555555556, 2.176470588235294, 2.625, 1.0, 1.375, 1.0953716690042077, 1.0, 1.25, 1.0, 1.0695422535211268, 1.875, 2.0, 1.0708661417322836, 1.0, 3.5, 1.150197628458498, 1.3243243243243243, 1.0, 3.0, 1.0, 1.0057535560172606, 1.2, 1.0, 1.018041237113402, 1.0, 1.24609375, 1.0, 1.2105263157894737, 1.0793650793650793, 1.064516129032258, 1.0, 4.333333333333333, 1.0217391304347827, 1.0329113924050632, 1.0, 1.2298850574712643, 1.6904761904761905, 1.1604095563139931, 1.0, 1.0295081967213116, 1.0, 1.061662198391421, 1.0170648464163823, 1.0, 1.0444444444444445, 1.0, 1.0674157303370786, 1.0, 1.2, 1.4423076923076923, 1.0511302475780409, 1.0708316752884999, 1.0, 1.0, 1.3157894736842106, 1.0, 1.1216216216216217, 1.0005550929780738, 1.010989010989011, 1.3, 1.0666666666666667, 1.5, 1.0, 1.119047619047619, 1.0, 2.0, 1.0, 1.1277433877321328, 1.0187207488299532, 1.1111111111111112, 3.0, 1.5333333333333334, 2.142857142857143, 1.0, 1.141025641025641, 1.1670702179176755, 1.1111111111111112, 1.0, 2.0, 1.0551703346397348, 1.125, 1.2647058823529411, 1.0, 1.1666666666666667, 1.0, 3.0, 1.0, 1.0, 2.0, 1.0643131772107655, 1.53125, 1.0, 1.0511363636363635, 1.0, 1.0, 1.1380323054331865, 1.0476190476190477, 1.0612244897959184, 1.0694444444444444, 2.0, 1.3333333333333333, 1.140893470790378, 1.1846153846153846, 1.25, 2.25, 1.0, 1.0402150778537023, 2.0, 1.0165016501650166, 3.5, 1.0239179954441913, 1.24822695035461, 1.25, 1.0340557275541795, 1.2191780821917808, 1.0538030660377358, 1.2692307692307692, 1.0762987012987013, 1.072840790842872, 1.0, 1.0, 2.0, 1.2, 1.2706766917293233, 1.5, 1.0, 1.1532416502946954, 1.3252032520325203, 1.0122699386503067, 1.2619047619047619, 2.0, 3.0, 1.0454545454545454, 2.0, 1.1428571428571428, 1.0735294117647058, 1.0, 1.5, 1.5, 1.006968886386034, 1.0, 1.0478282088823816, 1.0172413793103448, 2.0, 1.061944718657453, 4.0, 1.030188679245283, 1.5, 1.0, 4.0, 1.0949367088607596, 1.1106194690265487, 1.0, 1.0, 1.0658436213991769, 3.3333333333333335, 1.3548387096774193, 1.0, 1.2058823529411764, 1.0041407867494825, 1.5714285714285714, 1.0362637362637364, 1.0, 1.0, 1.3, 1.5, 1.1846153846153846, 2.0, 1.0329489291598024, 1.0, 1.0, 2.0, 1.0283270978086585, 1.3146067415730338, 1.0853658536585367, 1.0, 1.0, 1.7, 1.728813559322034, 1.0704225352112675, 1.3333333333333333, 2.0, 1.6666666666666667, 1.25, 1.0, 1.014269186270729, 1.6666666666666667, 1.0791666666666666, 1.0, 1.1153846153846154, 1.3473684210526315, 1.0625, 1.1181818181818182, 1.0, 1.1462585034013606, 1.2295918367346939, 1.0, 1.0461049284578696, 1.0, 1.0, 1.0254545454545454, 1.0866574965612104, 1.1764705882352942, 1.375, 1.3392857142857142, 1.0, 1.2840909090909092, 1.0, 4.0, 1.0794871794871794, 1.0862217129762246, 1.6666666666666667, 1.0662891405729513, 1.2, 1.0666666666666667, 1.1142857142857143, 1.0, 2.5, 1.1818181818181819, 3.0, 1.201716738197425, 1.109704641350211, 2.5, 1.3333333333333333, 1.0, 2.0, 1.5, 1.0878284923928077, 1.075221238938053, 1.082191780821918, 3.0, 1.0, 1.035294117647059, 1.128686327077748, 4.0, 1.1567796610169492, 1.028391167192429, 1.0222222222222221, 1.0386009138175516, 1.1161020175104681, 1.0401785714285714, 1.0, 1.002301117685733, 1.38801261829653, 1.0416666666666667, 1.023972602739726, 1.0, 1.0, 1.0, 2.0, 1.0196078431372548, 1.2142857142857142, 1.0751633986928104, 2.0, 1.0, 2.0, 1.0, 1.0, 2.0, 1.3953488372093024, 1.087837837837838, 1.0476190476190477, 1.1691176470588236, 1.1772525849335302, 1.037602820211516, 1.0, 1.0150679897096655, 1.0, 1.0, 1.0, 1.0623655913978494, 1.1336633663366336, 1.0182128628343767, 1.2941176470588236, 1.0, 1.5384615384615385, 1.2123287671232876, 1.0262768319763138, 1.017509727626459, 1.1869158878504673, 1.15625, 1.3846153846153846, 1.4385964912280702, 2.0, 1.0, 1.0198789974070872, 1.0363636363636364, 1.1065719360568385, 1.0357142857142858, 1.051948051948052, 1.0, 1.0, 1.0393518518518519, 1.0, 1.0572549019607844, 1.1428571428571428, 1.0, 1.0, 1.0, 2.0, 1.3333333333333333, 1.0, 2.0, 1.076086956521739, 1.0, 1.2, 1.0, 1.0, 1.0, 1.0, 1.4, 2.0, 1.138095238095238, 1.0605809128630705, 1.08, 1.0, 1.411764705882353, 1.0, 1.0, 4.0, 1.0, 1.0, 1.0061628284138826, 1.0, 1.161764705882353, 1.0, 1.0729454109178165, 1.0171869519466854, 1.0, 1.0694444444444444, 2.0, 1.0307281229124916, 1.0, 1.0, 1.2382198952879582, 1.4285714285714286, 1.1581632653061225, 1.032258064516129, 1.043956043956044, 1.4615384615384615, 3.0, 2.0, 1.0, 1.3333333333333333, 1.0, 1.1263157894736842, 1.1948051948051948, 1.0, 1.2272727272727273, 1.0, 1.0199714693295292, 1.0663995420721237, 6.0, 1.1, 1.3254437869822486, 1.3, 1.1290322580645162, 1.0, 1.0, 1.0013531799729365, 1.0994764397905759, 1.2640067911714772, 1.0, 1.1378809869375908, 1.0856230031948881, 1.116504854368932, 1.1016949152542372, 1.0043572984749456, 1.1285081240768096, 1.5294117647058822, 1.2121212121212122, 2.0, 1.2857142857142858, 1.0, 2.0, 1.2222222222222223, 1.25, 4.0, 1.024505928853755, 1.0, 1.173913043478261, 1.123456790123457, 1.1666666666666667, 2.0, 1.1956521739130435, 1.0, 1.0, 1.125, 1.1630434782608696, 1.2536231884057971, 1.049363551692021, 1.0, 1.0612244897959184, 1.0, 1.236040609137056, 1.0, 1.5, 1.0716417910447762, 1.0, 1.40625, 1.017391304347826, 1.0430379746835443, 1.1875, 1.0943396226415094, 1.0538922155688624, 3.0, 1.02, 1.0199173243141677, 1.078387458006719, 1.0, 1.1647058823529413, 1.0731707317073171, 1.1529411764705881, 1.4489795918367347, 1.0, 1.0909090909090908, 2.0, 1.1758957654723128, 2.0, 1.0, 1.0679802955665025, 2.0, 1.2307692307692308, 1.030870549495781, 1.0, 1.2043795620437956, 3.0, 1.0, 1.105263157894737, 1.0, 1.0552147239263803, 1.1333333333333333, 1.0851485148514852, 1.0918367346938775, 1.0773809523809523, 2.0, 1.018987341772152, 1.0133689839572193, 1.25, 1.0923913043478262, 1.0, 2.25, 1.0, 1.0, 1.2141342756183746, 1.0112781954887218, 2.0, 1.0, 1.0, 1.5, 1.2102689486552567, 2.0, 1.0338212025316456, 1.2361111111111112, 1.3333333333333333, 2.0, 1.0, 1.0824561403508772, 1.393939393939394, 1.5, 1.0706896551724139, 1.2857142857142858, 1.375, 1.0539549502357255, 1.25, 1.0416666666666667, 1.1471264367816092, 1.0, 1.0313915857605178, 1.2857142857142858, 1.0, 1.8666666666666667, 1.4, 1.0, 1.6666666666666667, 1.1428571428571428, 1.3333333333333333, 1.0, 1.1875, 1.4416243654822336, 1.0, 1.0392156862745099, 1.2173913043478262, 1.3333333333333333, 1.5, 2.0, 1.2, 1.0632911392405062, 1.0, 2.6666666666666665, 1.0135052179251074, 1.2222222222222223, 1.4, 1.0500650195058518, 1.0, 4.0, 1.0525172039116262, 1.125, 1.5833333333333333, 1.25, 2.0, 1.0, 1.6906077348066297, 1.0449438202247192, 1.0143084260731319, 1.0833333333333333, 1.4705882352941178, 1.0, 1.2222222222222223, 1.1634615384615385, 1.0, 1.0, 2.0]
origin-census_1.87 	max: 6.0000	99th: 4.0000	95th: 2.1127	median: 1.0921	mean: 1.3259

...Done, result: results.csv

WORKLOAD-FINISHED | Type: QueryWorkload | Progress: 1/3 | Workload-time: 124.030450 | Model-update-time: 0.000000


WORKLOAD-START | Type: DataUpdateWorkload | Progress: 2/3
Going to run: ['python', '/home/kangping/code_copy/SAUCE/Naru/eval_model.py', '--model=transformer', '--data_update=sample', '--dataset=census', '--drift_test=js', '--end2end', '--update_size=8000', '--query_seed=3', '--eval_type=drift']
Torch device: cuda:1
GET-MODEL-PATH=./models/end2end/transformer/origin-census-2.8MB-model16.858-data14.989-200epochs-seed0.pt
GET-DATASET-PATH=./data/census/end2end/census_int.npy
Sample - START
Sample - END
load_npy_dataset_from_path - df.shape = (39073, 13)
Parsing... done, took 0.0s
Data updated!
Previous data size: (32561, 13), new data size: (6512, 13)
[5.9604645e-07 1.5854836e-05 9.0003014e-06 5.9604645e-06 1.0132790e-06
 3.5762787e-07 1.6689301e-06 2.6583672e-05 1.3113022e-06 7.4505806e-06
 5.4836273e-06 1.7881393e-07 4.2319298e-06]
Distance score: 6.130108431534609e-06
SAUCE Drift detection: False
Detection latency: 0.0037s

WORKLOAD-FINISHED | Type: DataUpdateWorkload | Progress: 2/3 | Workload-time: 1.923104 | Model-update-time: 0.000000


WORKLOAD-START | Type: QueryWorkload | Progress: 3/3
Going to run: ['python', '/home/kangping/code_copy/SAUCE/Naru/eval_model.py', '--dataset=census', '--model=transformer', '--end2end', '--query_seed=3', '--eval_type=estimate', '--num_workload=3', '--data_update=sample', '--model_update=adapt', '--random_seed=42']
Torch device: cuda:1
GET-MODEL-PATH=./models/end2end/transformer/origin-census-2.8MB-model16.858-data14.989-200epochs-seed0.pt
ckpts [PosixPath('/home/kangping/code_copy/SAUCE/models/end2end/transformer/origin-census-2.8MB-model16.858-data14.989-200epochs-seed0.pt')]
Validate Argument: DATASET="census" is valid.
data size: 39073, total size: 39073, split index: [32560 39073]
Parsing... done, took 0.0s
Loading ckpt: /home/kangping/code_copy/SAUCE/models/end2end/transformer/origin-census-2.8MB-model16.858-data14.989-200epochs-seed0.pt
query_seed:3
origin-census_1.87 	max: 15.0000	99th: 5.0000	95th: 2.6033	median: 1.1251	mean: 1.4142
ReportEsts: [1.0, 1.3636363636363635, 1.0, 1.0280898876404494, 1.0436974789915967, 1.5, 1.4259259259259258, 1.013236267372601, 1.1428571428571428, 2.0, 1.0237653984519786, 1.0, 1.1047835990888382, 1.0, 1.44, 2.0, 1.5242718446601942, 1.1175, 1.0344827586206897, 1.048780487804878, 1.027027027027027, 1.6610169491525424, 1.0, 2.0, 1.2040816326530612, 1.6, 1.0, 2.0, 2.0, 1.1923076923076923, 1.0, 1.5263157894736843, 1.0384615384615385, 1.0075883329381077, 1.0, 1.1168831168831168, 1.0, 2.0, 1.2857142857142858, 1.0, 1.0182232346241458, 1.0, 1.0265787795024452, 1.0, 2.0, 1.1333333333333333, 1.0196901893287436, 2.0, 3.0, 1.1356382978723405, 1.2727272727272727, 1.0594174757281554, 2.0, 1.0, 1.1091581868640148, 1.0, 1.0969899665551839, 1.04, 2.0, 2.0, 1.3873239436619718, 1.5942028985507246, 1.0, 1.0, 1.0, 1.2553191489361701, 1.018796992481203, 1.0, 1.25, 1.0598290598290598, 2.0, 1.5, 1.5714285714285714, 2.0, 1.0, 5.0, 1.0420168067226891, 1.2666666666666666, 1.2393162393162394, 1.0615106286748077, 1.3, 1.1666666666666667, 1.171912832929782, 2.0, 1.0, 1.6694915254237288, 3.0, 1.0, 1.1047120418848169, 1.1126408010012516, 2.0, 1.4893617021276595, 1.2903225806451613, 1.0, 1.5, 1.010907535467313, 1.1146384479717812, 1.0, 6.5, 1.0541871921182266, 1.070967741935484, 1.014734144778988, 1.0, 1.1898734177215189, 1.01031652989449, 1.0, 1.0, 1.0611111111111111, 1.1769722814498933, 1.0670391061452513, 1.0, 1.085, 1.0829596412556053, 1.0871369294605808, 1.0891785640388993, 3.0, 2.0, 1.1468771448181194, 1.0810616929698709, 1.1056910569105691, 1.0621761658031088, 1.078740157480315, 1.1136662286465178, 1.0, 1.5, 1.1754385964912282, 1.0, 1.1962025316455696, 1.125, 1.0, 1.1111111111111112, 1.148051948051948, 1.033707208786073, 2.0, 1.0220789685737308, 2.2941176470588234, 1.0, 1.0450736781277088, 2.0, 1.0, 1.0, 1.0, 1.3333333333333333, 1.2085561497326203, 1.0, 1.0, 2.0, 1.6424242424242423, 1.0338028169014084, 1.0, 1.0, 1.0283093468290367, 2.0, 1.2178217821782178, 1.1931818181818181, 4.0, 1.0, 1.0350877192982457, 1.01841620626151, 1.071364852809991, 1.0, 3.0, 2.0, 1.4045454545454545, 1.0, 1.1272321428571428, 3.0, 2.0, 1.0, 1.2933884297520661, 1.45, 1.1288659793814433, 1.4509803921568627, 1.024390243902439, 1.33, 1.2058823529411764, 1.0, 1.0303183425972713, 1.0, 2.0, 1.0, 1.2, 1.0769230769230769, 1.0, 1.3113207547169812, 1.4, 1.0, 3.0, 1.0, 1.0843373493975903, 1.1922811853893867, 3.0, 1.328125, 1.065217391304348, 1.0727272727272728, 2.6, 2.0, 2.8333333333333335, 1.1845238095238095, 1.0, 1.1818181818181819, 2.0, 1.0, 1.2, 5.0, 3.2, 1.016256157635468, 1.0, 1.0, 1.01, 1.2356020942408377, 1.1428571428571428, 1.0245806824754193, 1.1551724137931034, 1.0052058684335068, 1.0090233545647558, 1.0, 1.0, 2.0, 1.0156271801311567, 2.2, 1.0, 1.0178571428571428, 1.0, 1.0975609756097562, 1.25, 2.0, 1.0, 2.0, 2.0, 2.0, 1.6507936507936507, 1.0964912280701755, 1.2352941176470589, 1.131600324939074, 1.5294117647058822, 1.0558303886925795, 1.3404255319148937, 1.3333333333333333, 1.0648464163822526, 1.1, 1.0631749460043196, 1.0, 5.0, 1.0, 1.1481481481481481, 1.1764705882352942, 1.2340425531914894, 1.2238442822384428, 1.6666666666666667, 1.9444444444444444, 1.0, 2.0, 1.2142857142857142, 2.0, 1.2768361581920904, 1.081841432225064, 1.2653061224489797, 1.0193391198416324, 1.0, 2.0, 1.0818742704685675, 1.4833333333333334, 2.3636363636363638, 1.25, 1.188034188034188, 1.0385157350868952, 1.1363636363636365, 1.0, 1.2, 1.7, 2.0, 1.1411764705882352, 2.0, 1.45565749235474, 1.8, 1.0732498157700812, 1.0560747663551402, 1.0416666666666667, 1.0222222222222221, 1.3013333333333332, 1.25, 1.1894563426688634, 1.0, 2.0, 1.0, 1.0, 1.0695187165775402, 2.0, 3.0, 1.0, 1.2, 1.2202989771833201, 1.0581039755351682, 1.0097087378640777, 1.441860465116279, 1.1676646706586826, 1.4864864864864864, 1.0271041369472182, 1.0, 1.2065217391304348, 1.15625, 1.3333333333333333, 1.0077519379844961, 1.1202169328110876, 1.2816901408450705, 2.0, 1.1, 1.5833333333333333, 1.0, 1.0, 1.4045801526717556, 1.3333333333333333, 1.0240963855421688, 2.0, 1.2666666666666666, 1.0, 1.0, 2.0, 1.0477453580901857, 2.0, 1.204724409448819, 1.0, 1.0, 2.0, 1.2, 1.0535714285714286, 1.037037037037037, 1.085995085995086, 1.1048869438366156, 1.8, 1.0, 1.0, 1.0623245367770915, 1.7142857142857142, 5.0, 2.5, 1.070613629355535, 1.0509803921568628, 2.0, 1.375, 1.0084745762711864, 1.0, 1.022412656558998, 1.2352941176470589, 3.0, 1.1521739130434783, 1.1153846153846154, 1.0, 1.0, 1.3636363636363635, 1.0216093261302246, 1.1369863013698631, 1.0, 1.0, 1.367965367965368, 1.0545645330535152, 1.4666666666666666, 1.052129221732746, 1.0112359550561798, 1.5, 1.2038216560509554, 1.0, 1.0, 1.0659722222222223, 1.0, 2.192982456140351, 2.0, 1.0, 1.0217349117019212, 1.0, 1.0, 1.0040671072699543, 1.032258064516129, 1.0303030303030303, 1.3333333333333333, 1.0740740740740742, 1.0026558568632933, 1.1521739130434783, 1.08271001150748, 1.2, 1.0, 2.0, 2.0, 1.2692307692307692, 3.15, 1.0607734806629834, 1.0, 1.0987394957983194, 1.0078789788843365, 2.0, 1.0663811563169165, 1.1239669421487604, 1.0090361445783131, 1.0, 1.2264150943396226, 1.4030172413793103, 1.023728813559322, 1.1189189189189188, 1.1666666666666667, 1.030954115076475, 1.1108312342569269, 1.1109510086455332, 1.2, 1.0367268041237114, 1.0, 2.0, 1.1428571428571428, 1.7142857142857142, 1.0, 1.0, 1.0308502633559067, 2.0, 1.4736842105263157, 1.2258064516129032, 2.0, 1.0, 1.1014084507042254, 1.4516129032258065, 2.0, 1.0, 2.0, 3.0, 1.1326530612244898, 1.0171073094867806, 1.0952380952380953, 1.048689138576779, 1.3333333333333333, 1.096774193548387, 1.0833333333333333, 1.0005627462014632, 1.0, 1.2695924764890283, 1.0, 2.5, 1.1458699472759226, 2.375, 1.75, 2.0, 3.0, 1.0720338983050848, 1.0067911714770799, 1.139650872817955, 1.088235294117647, 1.5696202531645569, 8.0, 3.0, 1.067816091954023, 1.0026602176541717, 1.25, 1.0, 1.25, 1.0, 1.0, 2.0, 1.0555555555555556, 1.0, 1.0348837209302326, 1.0, 1.3316912972085386, 2.0, 1.0049261083743843, 1.0371130764371446, 1.5, 1.0897435897435896, 1.0508474576271187, 1.4591836734693877, 1.8153846153846154, 1.7294117647058824, 1.0, 1.5, 2.0, 1.103448275862069, 1.0971428571428572, 1.1666666666666667, 2.0, 1.2788461538461537, 2.0, 1.0, 2.0, 1.3454545454545455, 1.3333333333333333, 1.0138808559861192, 1.25, 1.0172143974960877, 1.25, 1.2, 1.5384615384615385, 1.3644859813084111, 1.0, 1.0689655172413792, 1.2321428571428572, 1.1176470588235294, 1.003078380298366, 1.0, 1.0, 1.1666666666666667, 2.0, 1.060910518053375, 1.2758620689655173, 1.0, 1.3636363636363635, 2.0, 2.0, 1.0975609756097562, 1.4, 1.0, 1.0300429184549356, 1.0, 2.0, 2.0, 1.0258899676375404, 2.0, 1.016115107913669, 1.119015047879617, 2.0, 1.0594090202177293, 1.0551601423487544, 1.5, 1.3956043956043955, 2.0, 1.1111111111111112, 1.0276595744680852, 1.0, 1.0, 2.0, 1.5, 1.1046077210460772, 1.0, 1.0765456329735035, 1.0281124497991967, 1.0508474576271187, 1.0153846153846153, 1.0980972515856238, 2.0, 1.22991452991453, 1.1666666666666667, 1.0783302063789868, 2.0, 1.8333333333333333, 1.0038175815105241, 1.0, 2.0, 1.0934579439252337, 1.0, 2.225165562913907, 1.08, 1.0, 1.167948717948718, 2.0, 1.2258064516129032, 1.18, 2.0, 2.0, 1.0244885306881588, 1.5, 1.0255474452554745, 1.5, 1.0673076923076923, 1.5, 1.0, 1.3578680203045685, 1.5, 2.0, 1.1952861952861953, 1.0, 2.0, 2.0, 1.1212871287128714, 1.1181818181818182, 1.099009900990099, 1.0, 1.0, 1.123931623931624, 1.0, 2.0, 2.0, 1.054054054054054, 2.4, 1.0, 1.0, 1.0, 1.0588235294117647, 1.0854700854700854, 1.0, 2.0526315789473686, 1.4285714285714286, 1.0469973890339426, 1.0, 1.0475667764361507, 1.3137254901960784, 1.0300620771430564, 1.6363636363636365, 1.2026078234704112, 1.3571428571428572, 1.35, 2.0, 1.0, 1.0, 1.0, 1.028688524590164, 1.088345582720864, 1.7, 1.1588838268792712, 1.0376404494382023, 1.4426229508196722, 1.1812865497076024, 1.0075006048874908, 1.0493827160493827, 1.6470588235294117, 1.0537897310513447, 2.0, 1.4166666666666667, 1.0455089820359282, 3.0, 2.0, 2.0, 1.1007462686567164, 1.1160453808752027, 1.1510791366906474, 1.155786350148368, 1.013157894736842, 1.1537414965986394, 3.0, 3.0, 1.16, 1.0884955752212389, 1.1071428571428572, 3.0, 2.0, 1.1354166666666667, 2.0, 1.0250696378830084, 1.0, 1.0508474576271187, 2.0, 1.0386039132734004, 1.3488372093023255, 1.3333333333333333, 1.0597014925373134, 1.0368516833484986, 3.0, 1.0, 2.0, 7.0, 2.5714285714285716, 2.0, 2.0, 1.0144508670520231, 1.0025, 1.0, 1.1458333333333333, 1.1273584905660377, 1.3421052631578947, 2.0, 2.0, 1.1578947368421053, 1.0551470588235294, 2.5, 1.2669683257918551, 1.0273224043715847, 1.25, 1.2521739130434784, 1.0, 1.5, 1.1397058823529411, 1.0257664709719505, 1.2666666666666666, 2.0, 1.3076923076923077, 2.0, 1.0, 2.0, 1.0588235294117647, 1.45, 2.0, 1.0495049504950495, 1.0, 1.1143701202785399, 1.119702806824436, 1.625, 1.2063492063492063, 1.1687779433681074, 1.5, 4.0, 1.25, 1.147147147147147, 1.0075187969924813, 1.0, 1.09375, 1.3908045977011494, 1.0, 2.217391304347826, 1.0070080862533692, 1.2, 1.1818181818181819, 1.1537324464153733, 1.0115606936416186, 1.0, 2.0, 1.0, 1.4466019417475728, 1.0, 2.0, 2.0, 1.2580645161290323, 1.0386363636363636, 3.0, 1.1254355400696865, 1.0573770491803278, 1.116564417177914, 1.0415754923413567, 1.0370992244343167, 1.0, 1.0, 2.0, 1.0259197324414715, 1.1854545454545455, 1.250965250965251, 1.0, 2.0, 1.0, 1.08, 1.0, 1.2098765432098766, 3.857142857142857, 1.064748201438849, 1.1666666666666667, 1.0588652482269503, 1.0, 2.0, 1.0463576158940397, 1.25, 1.0491345616973757, 1.2205882352941178, 1.2688172043010753, 1.0717948717948718, 1.054054054054054, 1.031390134529148, 1.1252032520325204, 1.0, 1.0, 1.1875, 1.0, 1.0171919770773639, 1.375, 1.0208333333333333, 1.2, 1.1153846153846154, 1.0025125628140703, 2.0, 1.1, 1.1538461538461537, 1.1971830985915493, 1.024687220732797, 1.144927536231884, 1.0138044371405095, 1.0, 1.0434782608695652, 1.0, 1.25, 1.0, 1.0, 1.009563831328793, 2.0, 1.1, 1.0657894736842106, 1.0810810810810811, 2.0, 4.0, 1.3121951219512196, 1.3571428571428572, 1.0, 1.3333333333333333, 1.0, 1.2291666666666667, 1.3529411764705883, 1.2240663900414939, 1.0204081632653061, 1.5555555555555556, 1.0208333333333333, 2.0, 1.0200501253132832, 3.0, 1.3333333333333333, 5.5, 2.0, 1.0, 1.6, 1.8, 3.0, 2.0, 1.5, 2.0, 1.0877403846153846, 2.0, 2.0, 1.0, 1.1639344262295082, 15.0, 1.0506715506715507, 1.0175585284280937, 1.0733590733590734, 1.0683229813664596, 1.5, 1.0058910162002945, 1.1666666666666667, 1.0, 1.1046511627906976, 1.5, 1.0, 1.1136363636363635, 1.3273542600896862, 1.0, 1.3333333333333333, 1.2, 1.0262183380239964, 1.3333333333333333, 3.0, 1.125, 1.0, 2.0, 1.0070057873895828, 1.0952804986642921, 2.0, 2.0, 1.6, 2.0, 1.169435215946844, 1.0, 1.0264150943396226, 1.0, 1.4, 1.0, 1.575, 1.1975308641975309, 1.2720588235294117, 1.1989247311827957, 1.0014376668720477, 1.288, 2.0, 1.082324455205811, 1.0191780821917809, 1.0602240896358543, 1.0, 1.0, 1.0, 1.1, 1.0799396681749622, 1.5, 1.1029720804563194, 1.0, 1.0, 1.095505617977528, 2.0, 1.2727272727272727, 1.0400202634245188, 1.0151515151515151, 2.0, 1.0, 1.250728862973761, 1.0, 2.0, 1.2134328358208955, 2.0, 1.0625, 1.5, 2.0, 1.0, 1.0461538461538462, 1.1333333333333333, 1.0, 1.0, 1.0, 1.0934579439252337, 1.0609137055837563, 1.0092592592592593, 1.1272791023842916, 1.018796992481203, 1.5, 1.6805555555555556, 1.0256410256410255, 1.0849772382397571, 1.3333333333333333, 1.1290322580645162, 2.0, 4.0, 1.3636363636363635, 1.090704647676162, 1.0, 1.2264150943396226, 1.0, 1.0, 2.75, 1.1486226777706599, 2.9, 1.1176470588235294, 1.0052261306532664, 3.0, 1.0585520623017017, 1.1446886446886446, 1.069836153639538, 1.0, 1.1666666666666667, 2.0, 1.2, 2.0, 1.0, 2.0, 1.0, 6.0, 1.4444444444444444, 2.0, 1.103846153846154, 1.0052631578947369, 1.3428571428571427, 1.0687432867883995, 1.0, 1.4814814814814814, 1.4303797468354431, 1.1288659793814433, 2.0, 1.0, 1.0154559505409582, 2.0, 3.0, 1.0, 1.0, 1.2021078735275883, 1.0476190476190477, 1.0, 2.0, 1.02508038585209, 1.4, 2.0, 1.046485888212507, 1.1153846153846154, 1.0213194739075095, 1.3133802816901408, 1.0, 1.2014925373134329, 1.23950056753689, 1.2222222222222223, 1.0864864864864865, 1.0, 1.9473684210526316, 1.1713286713286712, 1.0, 1.080267558528428, 2.0930232558139537, 1.0, 1.4133333333333333, 1.3181818181818181, 1.0666666666666667, 1.01, 1.0, 3.0, 1.0010876461524518, 1.0513761467889908, 1.0963855421686748, 1.0025567273889422, 1.1132075471698113, 1.0, 1.0, 2.6666666666666665, 1.0703557312252965, 1.3584229390681004, 3.0, 2.5, 1.0463215258855585, 1.1584158415841583, 1.25, 1.0041265474552958, 1.3594306049822065, 1.1245593419506463, 3.0, 1.0119521912350598, 1.1406926406926408, 2.0, 1.146341463414634, 2.7857142857142856, 2.197530864197531, 1.0143824027072759, 1.1521739130434783, 7.0, 1.218026796589525, 2.0, 1.0909090909090908, 1.1368613138686132, 1.0, 1.0, 1.0625, 1.0, 1.0118343195266273, 1.3888888888888888, 3.0, 1.1899886234357224, 1.1111111111111112, 1.084097859327217, 1.8275862068965518]
origin-census_1.87 	max: 15.0000	99th: 5.0000	95th: 2.6033	median: 1.1251	mean: 1.4142

...Done, result: results.csv

WORKLOAD-FINISHED | Type: QueryWorkload | Progress: 3/3 | Workload-time: 126.462469 | Model-update-time: 0.000000


Experiment Summary: #data-update-times=1, #drift=0 | total-time=252.433830