Input arguments = Namespace(data_update='valueskew', update_size=400000, dataset='power', debug=False, drift_test='js', model_update='adapt', model='face', end2end=False, query_seed=0, random_seed=42, num_workload=3)

JSON-passed parameters = {'data_updater': {'skew_ratio': '1e-3'}, 'random_seed': 23, 'face': {'learning_rate': '1e-4', 'epochs': 0, 'factor': 'auto'}}

ReportEsts: [1.0074844360351562, 1.186090350151062, 1.1288220882415771, 1.255707025527954, 1.1597102880477905, 1.0164073705673218, 1.2016538381576538, 1.0164172649383545, 1.1802928447723389, 1.014109492301941, 1.1606171131134033, 1.161136507987976, 1.0062685012817383, 1.0529173612594604, 1.0392686128616333, 1.0224343538284302, 1.0475361347198486, 1.0859413146972656, 1.0425487756729126, 1.0717852115631104, 1.0207186937332153, 1.1158536672592163, 1.005220890045166, 1.0207267999649048, 1.1204612255096436, 1.0583170652389526, 1.0241283178329468, 1.1544746160507202, 1.3141852617263794, 1.0672905445098877, 1.2409868240356445, 1.1427909135818481, 1.0075572729110718, 1.0017958879470825, 1.0978766679763794, 1.059122085571289, 1.0040160417556763, 1.077649474143982, 1.0331825017929077, 1.0275585651397705, 1.0968258380889893, 1.093117356300354, 1.0282155275344849, 1.0054101943969727, 1.0030981302261353, 1.0226454734802246, 1.087825894355774, 1.0416353940963745, 1.078365683555603, 1.0847710371017456, 1.0818912982940674, 1.0172423124313354, 1.0021170377731323, 1.0590322017669678, 1.065317988395691, 1.013190746307373, 1.1831605434417725, 1.071114420890808, 1.1380938291549683, 1.1081175804138184, 1.0302777290344238, 1.0885080099105835, 1.0357004404067993, 1.0260223150253296, 1.0703635215759277, 1.1148754358291626, 1.0108402967453003, 1.0592553615570068, 1.0335928201675415, 1.0302726030349731, 1.0291800498962402, 1.1991875171661377, 1.1061841249465942, 1.399999976158142, 1.114385962486267, 1.09903883934021, 1.2953020334243774, 1.0961060523986816, 1.0864543914794922, 1.3008826971054077, 1.0577627420425415, 1.1235171556472778, 1.0428617000579834, 1.0892254114151, 1.210365891456604, 1.0756314992904663, 1.0419092178344727, 1.0664759874343872, 1.1359257698059082, 1.0083361864089966, 1.0248322486877441, 1.0823707580566406, 1.0247409343719482, 1.0008165836334229, 1.008040428161621, 1.0383881330490112, 1.0142167806625366, 1.0643936395645142, 1.1533203125, 1.0376437902450562]

WORKLOAD-FINISHED | Type: QueryWorkload | Progress: 1/3 | Workload-time: 37.915777 | Model-update-time: 0.000000

Distance score: 0.0014977455139160156

WORKLOAD-FINISHED | Type: DataUpdateWorkload | Progress: 2/3 | Workload-time: 5.901837 | Model-update-time: 2.928909

ReportEsts: [1.1394376754760742, 1.0962228775024414, 1.0770851373672485, 1.0494062900543213, 1.0153307914733887, 1.0980972051620483, 1.0651346445083618, 1.0122487545013428, 1.032007098197937, 1.3016788959503174, 1.1376749277114868, 1.0, 1.0745964050292969, 1.147342562675476, 1.1103211641311646, 1.533980131149292, 2.808155059814453, 1.0727221965789795, 1.064845323562622, 1.142845630645752, 1.007990837097168, 1.0870742797851562, 1.1250286102294922, 1.045080304145813, 2.6013071537017822, 1.2325035333633423, 1.0211493968963623, 1.0908281803131104, 1.0356454849243164, 1.0814605951309204, 1.1073846817016602, 1.0141057968139648, 1.0855069160461426, 1.025198221206665, 1.2013201713562012, 1.1244479417800903, 1.1880149841308594, 1.2150799036026, 1.085800290107727, 1.2381564378738403, 1.3191004991531372, 1.0992003679275513, 1.1475820541381836, 1.2687824964523315, 1.0869603157043457, 1.104702115058899, 1.1101666688919067, 1.8053104877471924, 1.2368546724319458, 1.189845085144043, 1.1507389545440674, 1.1598621606826782, 2.226470470428467, 1.2166417837142944, 1.1850039958953857, 1.056406855583191, 1.0422090291976929, 1.3160209655761719, 1.0384902954101562, 1.1154677867889404, 1.2118961811065674, 1.116728663444519, 1.0768961906433105, 1.0676308870315552, 1.0092644691467285, 1.0536426305770874, 1.0333333015441895, 1.5888725519180298, 1.4076433181762695, 1.1186431646347046, 1.1264758110046387, 1.08603835105896, 1.1253422498703003, 1.1278290748596191, 1.2758692502975464, 1.1652754545211792, 1.1265547275543213, 1.1995161771774292, 1.075738549232483, 1.0719307661056519, 1.0944854021072388, 1.7492711544036865, 1.0401984453201294, 1.883349895477295, 5.319767475128174, 1.1046696901321411, 1.1642605066299438, 1.0523885488510132, 1.2082154750823975, 1.009071707725525, 1.0670028924942017, 1.0215578079223633, 1.0137916803359985, 1.1925647258758545, 1.1929874420166016, 1.1072477102279663, 1.2153679132461548, 1.0115091800689697, 1.068750262260437, 1.017110824584961]

WORKLOAD-FINISHED | Type: QueryWorkload | Progress: 3/3 | Workload-time: 35.154472 | Model-update-time: 0.000000

Experiment Summary: #data-update-times=1, #drift=1 | total-time=82.159959
Sum of Model-update-time = 2.9289
The 1st    ReportEsts -> max: 1.4000	99th: 1.3150	95th: 1.2417	median: 1.0649	mean: 1.0826
2nd to end ReportEsts -> max: 5.3198	99th: 2.8333	95th: 1.8092	median: 1.1088	mean: 1.2307
