Input arguments = Namespace(data_update='sample', update_size=400000, dataset='power', debug=False, drift_test='js', model_update='adapt', model='face', end2end=False, query_seed=0, random_seed=42, num_workload=3)

JSON-passed parameters = {'data_updater': {'skew_ratio': '1e-3'}, 'random_seed': 47, 'face': {'learning_rate': '1e-4', 'epochs': 0, 'factor': 'auto'}}

ReportEsts: [1.0304933786392212, 1.16368567943573, 1.0616540908813477, 1.1880594491958618, 1.1915993690490723, 1.1634963750839233, 1.060102939605713, 1.0427136421203613, 1.0955168008804321, 1.0129063129425049, 1.253921627998352, 1.1714187860488892, 1.1050724983215332, 1.0331143140792847, 1.0056347846984863, 1.007989764213562, 1.0379778146743774, 1.0872148275375366, 1.239670991897583, 1.0656721591949463, 1.1501774787902832, 1.0338983535766602, 1.0083022117614746, 1.0235811471939087, 1.097584843635559, 1.014053225517273, 1.0081610679626465, 1.2092571258544922, 1.1916024684906006, 1.079318642616272, 1.141226887702942, 1.0630154609680176, 1.053209900856018, 1.062468409538269, 1.1419497728347778, 1.0134285688400269, 1.0198073387145996, 1.0350866317749023, 1.0176515579223633, 1.0583407878875732, 1.0989490747451782, 1.1203320026397705, 1.00408935546875, 1.0973228216171265, 1.0143229961395264, 1.0698086023330688, 1.322021245956421, 1.032353401184082, 1.0578186511993408, 1.142519474029541, 1.0000653266906738, 1.057197093963623, 1.0086581707000732, 1.0376468896865845, 1.011704683303833, 1.1022011041641235, 1.105041742324829, 1.0329300165176392, 1.0629976987838745, 1.0981276035308838, 1.0188777446746826, 1.1176198720932007, 1.1035881042480469, 1.007421851158142, 1.0210508108139038, 1.074691891670227, 1.0195881128311157, 1.0204620361328125, 1.0412523746490479, 1.0136213302612305, 1.0052728652954102, 1.072013258934021, 1.0930100679397583, 1.0591132640838623, 1.2329192161560059, 1.0398595333099365, 1.215110182762146, 1.0920597314834595, 1.1221792697906494, 1.2641680240631104, 1.1320627927780151, 1.076443076133728, 1.0663037300109863, 1.0869609117507935, 1.1424460411071777, 1.0182791948318481, 1.032625675201416, 1.0385675430297852, 1.001090407371521, 1.0648951530456543, 1.0559886693954468, 1.050545334815979, 1.0486745834350586, 1.0037198066711426, 1.078352928161621, 1.006185531616211, 1.1589008569717407, 1.0712133646011353, 1.072174310684204, 1.0664091110229492]

WORKLOAD-FINISHED | Type: QueryWorkload | Progress: 1/3 | Workload-time: 35.325344 | Model-update-time: 0.000000

Distance score: 1.5288591384887695e-05

WORKLOAD-FINISHED | Type: DataUpdateWorkload | Progress: 2/3 | Workload-time: 5.811753 | Model-update-time: 0.000000

ReportEsts: [1.117990493774414, 1.0960770845413208, 1.047089695930481, 1.0100065469741821, 1.066279411315918, 1.0856103897094727, 1.0736829042434692, 1.0206059217453003, 1.045384168624878, 1.098068356513977, 1.0088016986846924, 1.0, 1.0432456731796265, 1.0540112257003784, 1.0754506587982178, 1.059238314628601, 1.0320422649383545, 1.1292976140975952, 1.0354785919189453, 1.084227442741394, 1.058666706085205, 1.0527167320251465, 1.0011805295944214, 1.1899570226669312, 1.069965124130249, 1.0352466106414795, 1.0303562879562378, 1.107518196105957, 1.014115571975708, 1.1862257719039917, 1.0390326976776123, 1.023672103881836, 1.0833933353424072, 1.043594479560852, 1.0393221378326416, 1.0656219720840454, 1.051817774772644, 1.0233653783798218, 1.0578821897506714, 1.1582380533218384, 1.1016206741333008, 1.0663224458694458, 1.1524089574813843, 1.023929476737976, 1.0529711246490479, 1.0349055528640747, 1.3778082132339478, 1.1316269636154175, 1.02619206905365, 1.0027360916137695, 1.0620771646499634, 1.088942050933838, 1.1111111640930176, 1.020560622215271, 1.0248440504074097, 1.0052763223648071, 1.0710140466690063, 1.0936717987060547, 1.0369231700897217, 1.023909568786621, 1.1117088794708252, 1.0629003047943115, 1.2336819171905518, 1.132468581199646, 1.046241044998169, 1.0668059587478638, 1.0523338317871094, 1.2119120359420776, 1.7200000286102295, 1.0862706899642944, 1.1102958917617798, 1.0114859342575073, 1.1092127561569214, 1.1466721296310425, 1.0800364017486572, 1.0073421001434326, 1.5898277759552002, 1.029040813446045, 1.022226333618164, 1.1561706066131592, 1.0356254577636719, 1.0924750566482544, 1.0991750955581665, 1.0179040431976318, 1.1333333253860474, 1.023158073425293, 1.022087812423706, 1.0603482723236084, 1.097593069076538, 1.2897934913635254, 1.026210069656372, 1.131341814994812, 1.0655425786972046, 1.037766695022583, 1.0225088596343994, 1.0595378875732422, 1.1214674711227417, 1.0430296659469604, 1.0390067100524902, 1.143233060836792]

WORKLOAD-FINISHED | Type: QueryWorkload | Progress: 3/3 | Workload-time: 38.073506 | Model-update-time: 0.000000

Experiment Summary: #data-update-times=1, #drift=0 | total-time=79.445421
Sum of Model-update-time = 0.0000
The 1st    ReportEsts -> max: 1.3220	99th: 1.2647	95th: 1.2160	median: 1.0627	mean: 1.0782
2nd to end ReportEsts -> max: 1.7200	99th: 1.5911	95th: 1.2130	median: 1.0599	mean: 1.0857
