Input arguments = Namespace(data_update='sample', update_size=400000, dataset='power', debug=False, drift_test='js', model_update='adapt', model='face', end2end=False, query_seed=0, random_seed=42, num_workload=3)

JSON-passed parameters = {'data_updater': {'skew_ratio': '1e-3'}, 'random_seed': 89, 'face': {'learning_rate': '1e-4', 'epochs': 0, 'factor': 'auto'}}

ReportEsts: [1.0276200771331787, 1.0858120918273926, 1.1092731952667236, 1.1755576133728027, 1.1446746587753296, 1.1179815530776978, 1.10570228099823, 1.0002353191375732, 1.1002938747406006, 1.044251799583435, 1.3253885507583618, 1.0522886514663696, 1.0506372451782227, 1.0906732082366943, 1.026199221611023, 1.0923030376434326, 1.032376766204834, 1.123208999633789, 1.023751139640808, 1.081135869026184, 1.0706672668457031, 1.0828402042388916, 1.0207747220993042, 1.087430477142334, 1.0627790689468384, 1.0300952196121216, 1.0187387466430664, 1.1785444021224976, 1.1643729209899902, 1.117584228515625, 1.0418888330459595, 1.0521700382232666, 1.1309477090835571, 1.0288766622543335, 1.2522518634796143, 1.0550267696380615, 1.0356487035751343, 1.1274099349975586, 1.0429863929748535, 1.0020824670791626, 1.020207405090332, 1.1297070980072021, 1.0239989757537842, 1.1310112476348877, 1.0740832090377808, 1.1433943510055542, 1.186654806137085, 1.1356844902038574, 1.1616162061691284, 1.1899768114089966, 1.1397621631622314, 1.0029257535934448, 1.0905423164367676, 1.0724225044250488, 1.0496547222137451, 1.1182434558868408, 1.2098488807678223, 1.0614217519760132, 1.1034839153289795, 1.1123989820480347, 1.0348774194717407, 1.0165066719055176, 1.0224907398223877, 1.013339877128601, 1.036368727684021, 1.002448558807373, 1.0185285806655884, 1.0019176006317139, 1.0232120752334595, 1.1711485385894775, 1.0999531745910645, 1.2000964879989624, 1.0304787158966064, 1.3355263471603394, 1.140804648399353, 1.025705099105835, 1.204994797706604, 1.168078899383545, 1.088152527809143, 1.3167141675949097, 1.1053571701049805, 1.0399397611618042, 1.0529930591583252, 1.0364559888839722, 1.4306306838989258, 1.0473037958145142, 1.0056179761886597, 1.0217403173446655, 1.0611059665679932, 1.0594685077667236, 1.0635766983032227, 1.0091021060943604, 1.1355894804000854, 1.010543704032898, 1.0797358751296997, 1.054178237915039, 1.104175090789795, 1.0343259572982788, 1.0874769687652588, 1.0561500787734985]

WORKLOAD-FINISHED | Type: QueryWorkload | Progress: 1/3 | Workload-time: 35.612818 | Model-update-time: 0.000000

Distance score: 1.343091298622312e-05

WORKLOAD-FINISHED | Type: DataUpdateWorkload | Progress: 2/3 | Workload-time: 5.777288 | Model-update-time: 0.000000

ReportEsts: [1.1917808055877686, 1.1667054891586304, 1.0953693389892578, 1.0157406330108643, 1.0471524000167847, 1.068818211555481, 1.0311567783355713, 1.0038293600082397, 1.0849969387054443, 1.0353261232376099, 1.1087006330490112, 2.0, 1.0109752416610718, 1.054419755935669, 1.0488221645355225, 1.1001417636871338, 1.015133023262024, 1.0058408975601196, 1.014055609703064, 1.024635910987854, 1.0301693677902222, 1.030060052871704, 1.0392380952835083, 1.1097248792648315, 1.1087069511413574, 1.0076704025268555, 1.0562924146652222, 1.0730159282684326, 1.0079541206359863, 1.10893714427948, 1.2713149785995483, 1.0375384092330933, 1.0828402042388916, 1.036956548690796, 1.0016216039657593, 1.0327348709106445, 1.3275558948516846, 1.0338172912597656, 1.0917460918426514, 1.1715054512023926, 1.02023184299469, 1.027217984199524, 1.2551789283752441, 1.0240732431411743, 1.013236403465271, 1.0579314231872559, 1.2946380376815796, 1.0211174488067627, 1.0532866716384888, 1.0064603090286255, 1.0753259658813477, 1.0480800867080688, 1.163879632949829, 1.049182653427124, 1.0477043390274048, 1.016767144203186, 1.1299629211425781, 1.0431426763534546, 1.058790922164917, 1.0356281995773315, 1.0456371307373047, 1.0138503313064575, 1.0119953155517578, 1.0405254364013672, 1.0721826553344727, 1.0585674047470093, 1.0688666105270386, 1.1056278944015503, 1.4133332967758179, 1.089418649673462, 1.0791476964950562, 1.0090256929397583, 1.1193153858184814, 1.0824223756790161, 1.1856694221496582, 1.1784511804580688, 1.4751636981964111, 1.0452048778533936, 1.099697470664978, 1.2302472591400146, 1.0365384817123413, 1.0118093490600586, 1.0199565887451172, 1.121400237083435, 1.296875, 1.0050086975097656, 1.0335204601287842, 1.4614791870117188, 1.029030203819275, 1.0002652406692505, 1.1362158060073853, 1.0899521112442017, 1.1642335653305054, 1.1132818460464478, 1.0288891792297363, 1.0828696489334106, 1.0436915159225464, 1.0166702270507812, 1.0092124938964844, 1.0798603296279907]

WORKLOAD-FINISHED | Type: QueryWorkload | Progress: 3/3 | Workload-time: 37.296209 | Model-update-time: 0.000000

Experiment Summary: #data-update-times=1, #drift=0 | total-time=78.932125
Sum of Model-update-time = 0.0000
The 1st    ReportEsts -> max: 1.4306	99th: 1.3365	95th: 1.2120	median: 1.0715	mean: 1.0902
2nd to end ReportEsts -> max: 2.0000	99th: 1.4804	95th: 1.2984	median: 1.0512	mean: 1.0943
