Input arguments = Namespace(data_update='sample', update_size=400000, dataset='power', debug=False, drift_test='js', model_update='adapt', model='face', end2end=False, query_seed=0, random_seed=42, num_workload=3)

JSON-passed parameters = {'data_updater': {'skew_ratio': '1e-3'}, 'random_seed': 91, 'face': {'learning_rate': '1e-4', 'epochs': 0, 'factor': 'auto'}}

ReportEsts: [1.0171133279800415, 1.1996407508850098, 1.1223057508468628, 1.0745348930358887, 1.1377815008163452, 1.0191869735717773, 1.0583293437957764, 1.0238698720932007, 1.0766162872314453, 1.045577049255371, 1.2632098197937012, 1.1254950761795044, 1.0167213678359985, 1.075506567955017, 1.0623230934143066, 1.0894200801849365, 1.0533033609390259, 1.036077857017517, 1.0304089784622192, 1.0714677572250366, 1.0472220182418823, 1.1090909242630005, 1.004575490951538, 1.1413215398788452, 1.0284512042999268, 1.0067014694213867, 1.0141260623931885, 1.1626776456832886, 1.3141852617263794, 1.089819312095642, 1.0733860731124878, 1.0226309299468994, 1.0050908327102661, 1.1821115016937256, 1.1903377771377563, 1.0356204509735107, 1.002772331237793, 1.002501368522644, 1.0160919427871704, 1.0147457122802734, 1.0891599655151367, 1.115702509880066, 1.0132094621658325, 1.0914571285247803, 1.0433835983276367, 1.0348924398422241, 1.1249885559082031, 1.0976755619049072, 1.1338027715682983, 1.2498729228973389, 1.0557796955108643, 1.0131127834320068, 1.0675039291381836, 1.1303555965423584, 1.090276837348938, 1.0661280155181885, 1.1637970209121704, 1.0898059606552124, 1.0830193758010864, 1.1139640808105469, 1.0297094583511353, 1.092484712600708, 1.0700541734695435, 1.004589319229126, 1.0254218578338623, 1.191298484802246, 1.0013957023620605, 1.0687764883041382, 1.0218788385391235, 1.236228108406067, 1.1543118953704834, 1.2397323846817017, 1.0857778787612915, 1.079787254333496, 1.1608186960220337, 1.1071709394454956, 1.222808837890625, 1.2486603260040283, 1.1458196640014648, 1.3853696584701538, 1.0099693536758423, 1.1039999723434448, 1.0515096187591553, 1.0004432201385498, 1.0600800514221191, 1.018752098083496, 1.0085643529891968, 1.0058995485305786, 1.1379203796386719, 1.0032740831375122, 1.0300014019012451, 1.0595632791519165, 1.05185067653656, 1.003991961479187, 1.0360187292099, 1.0602459907531738, 1.0768321752548218, 1.0923434495925903, 1.0731486082077026, 1.2245891094207764]

WORKLOAD-FINISHED | Type: QueryWorkload | Progress: 1/3 | Workload-time: 34.910669 | Model-update-time: 0.000000

Distance score: 1.523892115073977e-05

WORKLOAD-FINISHED | Type: DataUpdateWorkload | Progress: 2/3 | Workload-time: 5.761766 | Model-update-time: 0.000000

ReportEsts: [1.1206953525543213, 1.0728981494903564, 1.0255916118621826, 1.0200233459472656, 1.1732181310653687, 1.0102386474609375, 1.0653852224349976, 1.1189712285995483, 1.0742534399032593, 1.090864896774292, 1.036759376525879, 1.0, 1.0137931108474731, 1.0484813451766968, 1.1472148895263672, 1.3441747426986694, 1.0451853275299072, 1.1104706525802612, 1.0040141344070435, 1.0515509843826294, 1.0528571605682373, 1.075660228729248, 1.0428199768066406, 1.012394666671753, 1.0545474290847778, 1.0223451852798462, 1.091084599494934, 1.0916398763656616, 1.1054173707962036, 1.1433085203170776, 1.250784993171692, 1.0039148330688477, 1.0491663217544556, 1.153308391571045, 1.0190213918685913, 1.015439748764038, 1.5354093313217163, 1.1793067455291748, 1.0678834915161133, 1.0963819026947021, 1.1174330711364746, 1.0873559713363647, 1.2160605192184448, 1.0195956230163574, 1.2000772953033447, 1.0357296466827393, 1.2490640878677368, 1.0664148330688477, 1.0324264764785767, 1.0414445400238037, 1.0582717657089233, 1.0634464025497437, 1.0358306169509888, 1.0634958744049072, 1.058503270149231, 1.0480334758758545, 1.042354702949524, 1.0512604713439941, 1.04140043258667, 1.0627580881118774, 1.1022224426269531, 1.0026744604110718, 1.051416277885437, 1.0302199125289917, 1.1179296970367432, 1.0167856216430664, 1.0767004489898682, 1.126700520515442, 1.6953125, 1.0482666492462158, 1.0490907430648804, 1.1387639045715332, 1.1095348596572876, 1.0114758014678955, 1.0611121654510498, 1.220869541168213, 1.3887486457824707, 1.010146975517273, 1.1534749269485474, 1.2798446416854858, 1.1221743822097778, 1.0918551683425903, 1.024993896484375, 1.1617285013198853, 1.1592919826507568, 1.006695032119751, 1.0336322784423828, 1.025404691696167, 1.1198835372924805, 1.1973438262939453, 1.0645219087600708, 1.1325350999832153, 1.140252709388733, 1.064772129058838, 1.0864546298980713, 1.0436818599700928, 1.0596873760223389, 1.034049153327942, 1.0013539791107178, 1.145262360572815]

WORKLOAD-FINISHED | Type: QueryWorkload | Progress: 3/3 | Workload-time: 37.874885 | Model-update-time: 0.000000

Experiment Summary: #data-update-times=1, #drift=0 | total-time=78.789242
Sum of Model-update-time = 0.0000
The 1st    ReportEsts -> max: 1.3854	99th: 1.3149	95th: 1.2402	median: 1.0708	mean: 1.0861
2nd to end ReportEsts -> max: 1.6953	99th: 1.5370	95th: 1.2522	median: 1.0640	mean: 1.0963
