Input arguments = Namespace(data_update='tupleskew', update_size=400000, dataset='power', debug=False, drift_test='js', model_update='adapt', model='face', end2end=False, query_seed=0, random_seed=42, num_workload=3)

JSON-passed parameters = {'data_updater': {'skew_ratio': '1e-3'}, 'random_seed': 3, 'face': {'learning_rate': '1e-4', 'epochs': 0, 'factor': 'auto'}}

ReportEsts: [1.00889253616333, 1.0299558639526367, 1.106766939163208, 1.256852388381958, 1.091633915901184, 1.0139821767807007, 1.0593855381011963, 1.0410774946212769, 1.1498910188674927, 1.0456252098083496, 1.3649946451187134, 1.1399599313735962, 1.0850231647491455, 1.0547220706939697, 1.0262759923934937, 1.0279371738433838, 1.0504118204116821, 1.0152182579040527, 1.0318315029144287, 1.094352126121521, 1.084640622138977, 1.0054644346237183, 1.0359841585159302, 1.0854339599609375, 1.2766191959381104, 1.0403106212615967, 1.0053808689117432, 1.2293397188186646, 1.2407305240631104, 1.0731332302093506, 1.242012858390808, 1.000047206878662, 1.1373519897460938, 1.1116381883621216, 1.1446549892425537, 1.027817964553833, 1.0049197673797607, 1.0337191820144653, 1.0702179670333862, 1.0264846086502075, 1.093174934387207, 1.0714285373687744, 1.0312767028808594, 1.0722906589508057, 1.086566686630249, 1.0983506441116333, 1.0876343250274658, 1.1061490774154663, 1.045454502105713, 1.1083956956863403, 1.2190858125686646, 1.0519397258758545, 1.0604053735733032, 1.1695231199264526, 1.0128134489059448, 1.1417521238327026, 1.171328067779541, 1.0049269199371338, 1.0272090435028076, 1.1375718116760254, 1.086220145225525, 1.1111706495285034, 1.0002262592315674, 1.0374640226364136, 1.0232336521148682, 1.1745638847351074, 1.0085161924362183, 1.0524299144744873, 1.0354971885681152, 1.102553129196167, 1.0507969856262207, 1.1938446760177612, 1.0037670135498047, 1.4097222089767456, 1.236760139465332, 1.0661126375198364, 1.2358591556549072, 1.0274665355682373, 1.0691032409667969, 1.3242043256759644, 1.115315318107605, 1.0956107378005981, 1.0243384838104248, 1.0557771921157837, 1.4358047246932983, 1.1867963075637817, 1.029208779335022, 1.082553505897522, 1.0965163707733154, 1.0424766540527344, 1.0236797332763672, 1.0493394136428833, 1.041427731513977, 1.0038251876831055, 1.0021735429763794, 1.0261406898498535, 1.0663498640060425, 1.150729775428772, 1.1355769634246826, 1.3598159551620483]

WORKLOAD-FINISHED | Type: QueryWorkload | Progress: 1/3 | Workload-time: 36.026142 | Model-update-time: 0.000000

Distance score: 0.00011933843052247539

WORKLOAD-FINISHED | Type: DataUpdateWorkload | Progress: 2/3 | Workload-time: 5.480217 | Model-update-time: 3.613111

ReportEsts: [1.0625317096710205, 1.0856244564056396, 1.0912833213806152, 1.0462119579315186, 1.0714131593704224, 1.1820096969604492, 1.0797382593154907, 1.0084837675094604, 1.038657784461975, 1.1118743419647217, 1.0272834300994873, 1.0, 1.0596259832382202, 1.0101025104522705, 1.0359221696853638, 1.452003002166748, 1.0620685815811157, 1.0404495000839233, 1.067869782447815, 1.1141825914382935, 1.0403169393539429, 1.0564284324645996, 1.0005744695663452, 1.0088412761688232, 1.0866215229034424, 1.054242730140686, 1.0701806545257568, 1.0952805280685425, 1.0620670318603516, 1.1203224658966064, 1.0940866470336914, 1.0191303491592407, 1.0372692346572876, 1.0351026058197021, 1.0294839143753052, 1.0112032890319824, 1.14933443069458, 1.0963181257247925, 1.0656962394714355, 1.1119475364685059, 1.086714267730713, 1.012658715248108, 1.185775637626648, 1.0648581981658936, 1.0950398445129395, 1.008076548576355, 1.3831334114074707, 1.0201172828674316, 1.0138767957687378, 1.0133888721466064, 1.0129021406173706, 1.107896327972412, 1.3680000305175781, 1.0594265460968018, 1.1423641443252563, 1.00473952293396, 1.1384989023208618, 1.0585813522338867, 1.0054047107696533, 1.054261565208435, 1.040420413017273, 1.0432705879211426, 1.4124256372451782, 1.0108792781829834, 1.0683008432388306, 1.0371532440185547, 1.1931818723678589, 1.018240213394165, 1.2415729761123657, 1.0563042163848877, 1.2017980813980103, 1.0740586519241333, 1.0421181917190552, 1.033773422241211, 1.0600230693817139, 1.033450722694397, 1.497145175933838, 1.039164662361145, 1.0156786441802979, 1.2336422204971313, 1.0925781726837158, 1.0835224390029907, 1.2323020696640015, 1.12345290184021, 1.129807710647583, 1.0609935522079468, 1.0728504657745361, 1.0785331726074219, 1.0870368480682373, 1.1298842430114746, 1.1654711961746216, 1.161874771118164, 1.0893514156341553, 1.0529385805130005, 1.0567312240600586, 1.0542749166488647, 1.3448940515518188, 1.027630090713501, 1.0312719345092773, 1.0062731504440308]

WORKLOAD-FINISHED | Type: QueryWorkload | Progress: 3/3 | Workload-time: 37.885757 | Model-update-time: 0.000000

Experiment Summary: #data-update-times=1, #drift=1 | total-time=83.175327
Sum of Model-update-time = 3.6131
The 1st    ReportEsts -> max: 1.4358	99th: 1.4100	95th: 1.2790	median: 1.0697	mean: 1.0964
2nd to end ReportEsts -> max: 1.4971	99th: 1.4525	95th: 1.3460	median: 1.0621	mean: 1.0916
