Input arguments = Namespace(data_update='valueskew', update_size=400000, dataset='power', debug=False, drift_test='js', model_update='adapt', model='face', end2end=False, query_seed=0, random_seed=42, num_workload=3)

JSON-passed parameters = {'data_updater': {'skew_ratio': '1e-3'}, 'random_seed': 99, 'face': {'learning_rate': '1e-4', 'epochs': 0, 'factor': 'auto'}}

ReportEsts: [1.053519368171692, 1.1006278991699219, 1.1107769012451172, 1.2762559652328491, 1.1661523580551147, 1.089100956916809, 1.1865487098693848, 1.0262866020202637, 1.0332947969436646, 1.0079009532928467, 1.250244379043579, 1.0560908317565918, 1.0286678075790405, 1.0758881568908691, 1.0425865650177002, 1.0133302211761475, 1.0510810613632202, 1.0667099952697754, 1.0923211574554443, 1.0683668851852417, 1.1521937847137451, 1.0958083868026733, 1.0342289209365845, 1.0646616220474243, 1.0739601850509644, 1.114645004272461, 1.0113087892532349, 1.1807823181152344, 1.2465944290161133, 1.0742357969284058, 1.177667498588562, 1.183138370513916, 1.1115210056304932, 1.1191661357879639, 1.2194617986679077, 1.0002819299697876, 1.0051716566085815, 1.052456259727478, 1.015313982963562, 1.0641576051712036, 1.201378583908081, 1.1440677642822266, 1.0405735969543457, 1.0244972705841064, 1.1267316341400146, 1.0250928401947021, 1.131482481956482, 1.0992482900619507, 1.078365683555603, 1.1403933763504028, 1.003687858581543, 1.0302115678787231, 1.0386370420455933, 1.115657091140747, 1.0772535800933838, 1.0484025478363037, 1.1148966550827026, 1.1087753772735596, 1.0354620218276978, 1.1441473960876465, 1.0001736879348755, 1.150645136833191, 1.032736897468567, 1.0019360780715942, 1.0223714113235474, 1.1011484861373901, 1.0009377002716064, 1.0452450513839722, 1.0509225130081177, 1.10587477684021, 1.0235055685043335, 1.0520052909851074, 1.0260553359985352, 1.0572916269302368, 1.2030303478240967, 1.1574259996414185, 1.0086355209350586, 1.06141996383667, 1.09430992603302, 1.3279528617858887, 1.074628233909607, 1.0748859643936157, 1.0359662771224976, 1.1061716079711914, 1.5009452104568481, 1.0036098957061768, 1.004714846611023, 1.0058995485305786, 1.0267888307571411, 1.017005443572998, 1.0516657829284668, 1.0053017139434814, 1.023484706878662, 1.022449016571045, 1.0435746908187866, 1.0378832817077637, 1.0453312397003174, 1.122589349746704, 1.201424241065979, 1.138128399848938]

WORKLOAD-FINISHED | Type: QueryWorkload | Progress: 1/3 | Workload-time: 36.809083 | Model-update-time: 0.000000

Distance score: 0.0017331043491140008

WORKLOAD-FINISHED | Type: DataUpdateWorkload | Progress: 2/3 | Workload-time: 5.919383 | Model-update-time: 3.516090

ReportEsts: [1.1636279821395874, 1.16091787815094, 1.0901072025299072, 1.0709110498428345, 1.2504345178604126, 1.0239677429199219, 1.142488718032837, 1.0907896757125854, 1.0223755836486816, 1.3319011926651, 1.0287977457046509, 1.0, 1.6895482540130615, 1.048292636871338, 1.0162067413330078, 1.8200676441192627, 1.028135895729065, 1.0480891466140747, 1.125794529914856, 1.023567795753479, 1.3391798734664917, 1.3250083923339844, 1.1524982452392578, 1.116578221321106, 1.016624927520752, 1.0701007843017578, 1.258468508720398, 1.1453534364700317, 1.7433136701583862, 1.1816222667694092, 1.6549394130706787, 1.0077968835830688, 1.0198173522949219, 1.2731868028640747, 1.6574074029922485, 1.2529551982879639, 1.0666571855545044, 1.1655250787734985, 1.0364588499069214, 1.004483938217163, 1.0593963861465454, 1.0381819009780884, 1.3685859441757202, 1.0527467727661133, 1.1859320402145386, 1.1163368225097656, 1.2885154485702515, 1.052903652191162, 1.4529855251312256, 1.0645766258239746, 1.0987918376922607, 1.0857921838760376, 1.0660065412521362, 1.0167605876922607, 1.0227783918380737, 1.598618984222412, 1.1058543920516968, 1.0948035717010498, 1.0533534288406372, 1.1176289319992065, 1.122184157371521, 1.0315226316452026, 1.4977443218231201, 1.242118000984192, 1.537872552871704, 1.0832717418670654, 1.1331168413162231, 1.5839011669158936, 1.7281553745269775, 1.1540014743804932, 1.1011155843734741, 1.6377151012420654, 1.0867550373077393, 1.0103752613067627, 1.4957104921340942, 1.0068610906600952, 1.008730173110962, 1.0449484586715698, 1.153216004371643, 1.036596417427063, 1.0882656574249268, 1.2384769916534424, 1.0933940410614014, 1.8018393516540527, 1.136612057685852, 1.2817884683609009, 1.1091989278793335, 1.2210849523544312, 1.007878065109253, 1.098915457725525, 1.051111102104187, 1.1062160730361938, 1.122532606124878, 1.048191785812378, 1.185776948928833, 1.085124135017395, 1.12613046169281, 1.0462689399719238, 1.0342626571655273, 1.0366721153259277]

WORKLOAD-FINISHED | Type: QueryWorkload | Progress: 3/3 | Workload-time: 36.810151 | Model-update-time: 0.000000

Experiment Summary: #data-update-times=1, #drift=1 | total-time=83.230659
Sum of Model-update-time = 3.5161
The 1st    ReportEsts -> max: 1.5009	99th: 1.3297	95th: 1.2208	median: 1.0644	mean: 1.0859
2nd to end ReportEsts -> max: 1.8201	99th: 1.8020	95th: 1.6590	median: 1.1035	mean: 1.1822
