Input arguments = Namespace(data_update='valueskew', update_size=400000, dataset='power', debug=False, drift_test='js', model_update='adapt', model='face', end2end=False, query_seed=0, random_seed=42, num_workload=3)

JSON-passed parameters = {'data_updater': {'skew_ratio': '1e-3'}, 'random_seed': 63, 'face': {'learning_rate': '1e-4', 'epochs': 0, 'factor': 'auto'}}

ReportEsts: [1.0115712881088257, 1.1780463457107544, 1.0802005529403687, 1.361535906791687, 1.1822049617767334, 1.041253685951233, 1.437933087348938, 1.025067687034607, 1.0374507904052734, 1.081504464149475, 1.2600985765457153, 1.123517394065857, 1.0388283729553223, 1.0779913663864136, 1.0504710674285889, 1.0668531656265259, 1.010806918144226, 1.0151151418685913, 1.0672240257263184, 1.0281940698623657, 1.10724937915802, 1.2200000286102295, 1.0183446407318115, 1.1630858182907104, 1.1356576681137085, 1.0369822978973389, 1.0340654850006104, 1.1622430086135864, 1.297453761100769, 1.1169872283935547, 1.2345507144927979, 1.1923692226409912, 1.0591645240783691, 1.089951992034912, 1.1297450065612793, 1.0245522260665894, 1.0257794857025146, 1.0383570194244385, 1.0030165910720825, 1.156064510345459, 1.1576647758483887, 1.1065573692321777, 1.049704670906067, 1.0489449501037598, 1.0740832090377808, 1.0031096935272217, 1.0874427556991577, 1.0413904190063477, 1.1196105480194092, 1.1168724298477173, 1.0539960861206055, 1.060354471206665, 1.0775799751281738, 1.1032464504241943, 1.0324167013168335, 1.0329195261001587, 1.046866536140442, 1.1088645458221436, 1.054046869277954, 1.0909403562545776, 1.0266228914260864, 1.0424267053604126, 1.089246153831482, 1.0326764583587646, 1.06037175655365, 1.0795127153396606, 1.030440330505371, 1.0032519102096558, 1.011215090751648, 1.150951862335205, 1.0156947374343872, 1.0081616640090942, 1.0631481409072876, 1.0394089221954346, 1.65072762966156, 1.051182508468628, 1.0385650396347046, 1.1071925163269043, 1.0101567506790161, 1.2582924365997314, 1.1026109457015991, 1.0332655906677246, 1.0447757244110107, 1.0531319379806519, 1.2484276294708252, 1.051714301109314, 1.0538547039031982, 1.1484366655349731, 1.0169317722320557, 1.1099803447723389, 1.0491973161697388, 1.024714708328247, 1.0629866123199463, 1.0321191549301147, 1.0098497867584229, 1.032887578010559, 1.0321249961853027, 1.146536946296692, 1.2162718772888184, 1.0260345935821533]

WORKLOAD-FINISHED | Type: QueryWorkload | Progress: 1/3 | Workload-time: 38.183312 | Model-update-time: 0.000000

Distance score: 0.004146526101976633

WORKLOAD-FINISHED | Type: DataUpdateWorkload | Progress: 2/3 | Workload-time: 5.904149 | Model-update-time: 3.465280

ReportEsts: [1.2110320329666138, 1.0539920330047607, 1.1481205224990845, 1.1630070209503174, 1.070756435394287, 1.2784314155578613, 1.0763070583343506, 1.0732516050338745, 1.1204721927642822, 1.0284639596939087, 1.1675944328308105, 277.0, 1.1756935119628906, 1.1419460773468018, 1.1447898149490356, 1.3508638143539429, 1.2211428880691528, 1.1079901456832886, 1.0270028114318848, 1.6645294427871704, 1.6570632457733154, 1.5321446657180786, 1.175805926322937, 1.1169732809066772, 1.064077615737915, 1.2123029232025146, 1.5428063869476318, 1.1139804124832153, 2.305882453918457, 1.146305799484253, 1.2051432132720947, 1.1736481189727783, 1.2355055809020996, 1.3075294494628906, 1.1000587940216064, 1.0755269527435303, 1.2223682403564453, 1.2348999977111816, 1.1272730827331543, 1.328847050666809, 1.114355206489563, 1.0146665573120117, 1.2823119163513184, 1.0792546272277832, 1.171071171760559, 1.1340693235397339, 1.3952888250350952, 49046.0, 25194.0, 1.1533375978469849, 1.0543572902679443, 1.2647582292556763, 1.2920000553131104, 1.1422091722488403, 1.159336805343628, 1.0088083744049072, 1.0675772428512573, 1.1913360357284546, 1.0727357864379883, 1.0205371379852295, 1.0884065628051758, 1.4733071327209473, 1.0026485919952393, 1.0370761156082153, 1.004556655883789, 1.145753264427185, 1.1314934492111206, 1.1322028636932373, 1.1410256624221802, 1.0353606939315796, 1.1995478868484497, 1.4544050693511963, 1.056424617767334, 1.0281269550323486, 1.175054669380188, 1.0340715646743774, 1.6646629571914673, 1.1339138746261597, 1.2981053590774536, 1.2401988506317139, 1.2967462539672852, 1.25, 1.217058539390564, 1.1827741861343384, 1.1428571939468384, 1.0058012008666992, 1.013901948928833, 1.0109721422195435, 1.0961198806762695, 1.404446005821228, 1.5020519495010376, 1.0693256855010986, 1.045837163925171, 1.049813985824585, 1.0098844766616821, 1.1659001111984253, 1.3827893733978271, 1.00436270236969, 1.0332304239273071, 1.0345709323883057]

WORKLOAD-FINISHED | Type: QueryWorkload | Progress: 3/3 | Workload-time: 37.884567 | Model-update-time: 0.000000

Experiment Summary: #data-update-times=1, #drift=1 | total-time=85.614142
Sum of Model-update-time = 3.4653
The 1st    ReportEsts -> max: 1.6507	99th: 1.4401	95th: 1.2584	median: 1.0566	mean: 1.0915
2nd to end ReportEsts -> max: 49046.0000	99th: 25432.5200	95th: 1.6645	median: 1.1453	mean: 746.3212
