Input arguments = Namespace(data_update='sample', update_size=400000, dataset='power', debug=False, drift_test='js', model_update='adapt', model='face', end2end=False, query_seed=0, random_seed=42, num_workload=3)

JSON-passed parameters = {'data_updater': {'skew_ratio': '1e-3'}, 'random_seed': 40, 'face': {'learning_rate': '1e-4', 'epochs': 0, 'factor': 'auto'}}

ReportEsts: [1.0375727415084839, 1.037912130355835, 1.0621553659439087, 1.1711325645446777, 1.1608502864837646, 1.0080903768539429, 1.0560672283172607, 1.039239525794983, 1.0577237606048584, 1.0091122388839722, 1.2083137035369873, 1.0944297313690186, 1.060869574546814, 1.0134131908416748, 1.0214344263076782, 1.045762300491333, 1.0354243516921997, 1.103789210319519, 1.0386050939559937, 1.0390175580978394, 1.0426595211029053, 1.1226993799209595, 1.0193917751312256, 1.1530570983886719, 1.1168341636657715, 1.1745562553405762, 1.014411449432373, 1.170116662979126, 1.2397013902664185, 1.079411506652832, 1.2315596342086792, 1.1443179845809937, 1.148358941078186, 1.071002721786499, 1.2335914373397827, 1.0515861511230469, 1.0575975179672241, 1.0143014192581177, 1.0641025304794312, 1.0476834774017334, 1.032387137413025, 1.0629920959472656, 1.052324891090393, 1.0271003246307373, 1.040763020515442, 1.0880404710769653, 1.0484802722930908, 1.0340536832809448, 1.2160121202468872, 1.079224944114685, 1.2971996068954468, 1.1046373844146729, 1.049532413482666, 1.039747714996338, 1.0106675624847412, 1.0896937847137451, 1.0581694841384888, 1.030795693397522, 1.0500069856643677, 1.1246448755264282, 1.0706303119659424, 1.0005117654800415, 1.071000337600708, 1.0015701055526733, 1.0569473505020142, 1.0718437433242798, 1.0573054552078247, 1.0281308889389038, 1.0001779794692993, 1.1304442882537842, 1.1046037673950195, 1.1304601430892944, 1.1644655466079712, 1.034482717514038, 1.1912977695465088, 1.049896240234375, 1.2385026216506958, 1.101704478263855, 1.084761619567871, 1.2204591035842896, 1.1540008783340454, 1.097353219985962, 1.0316977500915527, 1.0840750932693481, 1.1230552196502686, 1.1387423276901245, 1.0382122993469238, 1.041996717453003, 1.1250547170639038, 1.0445998907089233, 1.0266422033309937, 1.0687962770462036, 1.0633808374404907, 1.0161335468292236, 1.03005051612854, 1.027977705001831, 1.0902235507965088, 1.1344974040985107, 1.0716878175735474, 1.0444471836090088]

WORKLOAD-FINISHED | Type: QueryWorkload | Progress: 1/3 | Workload-time: 34.170517 | Model-update-time: 0.000000

Distance score: 1.712640187179204e-05

WORKLOAD-FINISHED | Type: DataUpdateWorkload | Progress: 2/3 | Workload-time: 5.195082 | Model-update-time: 3.254125

ReportEsts: [1.1650933027267456, 1.190173625946045, 1.0345734357833862, 1.0429812669754028, 1.138830304145813, 1.0168373584747314, 1.020123839378357, 1.01271653175354, 1.0644381046295166, 1.1250640153884888, 1.0083485841751099, 2.0, 1.060671091079712, 1.0592420101165771, 1.0849668979644775, 1.2307692766189575, 1.039858102798462, 1.0118728876113892, 1.0300792455673218, 1.1623833179473877, 1.082436442375183, 1.017258644104004, 1.0719690322875977, 1.0097265243530273, 1.0662715435028076, 1.067278265953064, 1.035799264907837, 1.0778491497039795, 1.0643006563186646, 1.2364540100097656, 1.4129880666732788, 1.036555290222168, 1.1746997833251953, 1.0619513988494873, 2.5999999046325684, 1.0413939952850342, 1.4092090129852295, 1.0591156482696533, 1.0139076709747314, 1.1432124376296997, 1.0132406949996948, 1.030672311782837, 1.2083654403686523, 1.000207543373108, 1.088186502456665, 1.0604913234710693, 1.5451263189315796, 1.0191740989685059, 6.833333492279053, 1.060894250869751, 1.0338797569274902, 1.0037147998809814, 1.083612084388733, 1.0419505834579468, 1.0287089347839355, 1.1545623540878296, 1.0522282123565674, 1.0071067810058594, 1.0585254430770874, 1.047515630722046, 1.0876274108886719, 1.0499016046524048, 1.192307710647583, 1.0072691440582275, 1.0322078466415405, 1.0026360750198364, 1.0715328454971313, 1.2003328800201416, 1.121052622795105, 1.0818121433258057, 1.0114766359329224, 1.0775340795516968, 1.1071341037750244, 1.109330654144287, 1.1612629890441895, 1.227739691734314, 1.2069824934005737, 1.0231223106384277, 1.3563648462295532, 1.1508253812789917, 1.0925827026367188, 1.1576378345489502, 1.0692867040634155, 1.0521068572998047, 1.1603773832321167, 1.0112508535385132, 1.2432814836502075, 1.0259329080581665, 1.0279709100723267, 1.2156437635421753, 1.0622974634170532, 1.0501583814620972, 1.158433437347412, 1.0634428262710571, 1.0718913078308105, 1.053512454032898, 1.0196603536605835, 1.0630526542663574, 1.0540714263916016, 1.1510602235794067]

WORKLOAD-FINISHED | Type: QueryWorkload | Progress: 3/3 | Workload-time: 36.162925 | Model-update-time: 0.000000

Experiment Summary: #data-update-times=1, #drift=1 | total-time=78.943614
Sum of Model-update-time = 3.2541
The 1st    ReportEsts -> max: 1.2972	99th: 1.2403	95th: 1.2210	median: 1.0615	mean: 1.0830
2nd to end ReportEsts -> max: 6.8333	99th: 2.6423	95th: 1.4094	median: 1.0639	mean: 1.1764
