Input arguments = Namespace(data_update='tupleskew', update_size=400000, dataset='power', debug=False, drift_test='js', model_update='adapt', model='face', end2end=False, query_seed=0, random_seed=42, num_workload=3)

JSON-passed parameters = {'data_updater': {'skew_ratio': '1e-3'}, 'random_seed': 65, 'face': {'learning_rate': '1e-4', 'epochs': 0, 'factor': 'auto'}}

ReportEsts: [1.0016804933547974, 1.1284174919128418, 1.0431077480316162, 1.1696175336837769, 1.1723753213882446, 1.0347132682800293, 1.1299594640731812, 1.0491946935653687, 1.0317912101745605, 1.082375407218933, 1.3151670694351196, 1.1191743612289429, 1.0452364683151245, 1.1025681495666504, 1.030344009399414, 1.1138489246368408, 1.0504118204116821, 1.0873000621795654, 1.0531210899353027, 1.0110900402069092, 1.2220391035079956, 1.150943398475647, 1.0509743690490723, 1.033583641052246, 1.2252691984176636, 1.0173062086105347, 1.0060368776321411, 1.1985350847244263, 1.2145178318023682, 1.0532236099243164, 1.2032393217086792, 1.1813489198684692, 1.0971174240112305, 1.1867252588272095, 1.0826525688171387, 1.047548770904541, 1.0251792669296265, 1.0693739652633667, 1.0625, 1.0068533420562744, 1.0810413360595703, 1.0843373537063599, 1.0058852434158325, 1.072745680809021, 1.0306874513626099, 1.0867172479629517, 1.123086929321289, 1.0294798612594604, 1.09375, 1.0385679006576538, 1.000526785850525, 1.077459454536438, 1.0154058933258057, 1.0542970895767212, 1.03116774559021, 1.198650598526001, 1.2885361909866333, 1.077637791633606, 1.3329172134399414, 1.1647664308547974, 1.0001013278961182, 1.0654098987579346, 1.0161807537078857, 1.004589319229126, 1.103929042816162, 1.0008701086044312, 1.0126521587371826, 1.020158052444458, 1.0536807775497437, 1.1762417554855347, 1.0299314260482788, 1.0360567569732666, 1.0342497825622559, 1.1941176652908325, 1.17542564868927, 1.106685757637024, 1.207507848739624, 1.0032099485397339, 1.2137378454208374, 1.3612501621246338, 1.0416631698608398, 1.0351479053497314, 1.052880883216858, 1.0194991827011108, 1.5660749673843384, 1.0384600162506104, 1.0665922164916992, 1.0740536451339722, 1.137198805809021, 1.0103944540023804, 1.0181304216384888, 1.043182373046875, 1.0647573471069336, 1.01007080078125, 1.0853419303894043, 1.0225614309310913, 1.1164120435714722, 1.0433236360549927, 1.0479148626327515, 1.2167785167694092]

WORKLOAD-FINISHED | Type: QueryWorkload | Progress: 1/3 | Workload-time: 36.929028 | Model-update-time: 0.000000

Distance score: 4.0849048673408106e-05

WORKLOAD-FINISHED | Type: DataUpdateWorkload | Progress: 2/3 | Workload-time: 5.484036 | Model-update-time: 2.715671

ReportEsts: [1.2088501453399658, 1.0401209592819214, 1.058648705482483, 1.0160644054412842, 1.111069917678833, 1.0218937397003174, 1.0024410486221313, 1.0725688934326172, 1.035946011543274, 1.0911893844604492, 1.0584877729415894, 1.0, 1.0444685220718384, 1.0292696952819824, 1.0695263147354126, 1.2694538831710815, 1.120970368385315, 1.040343165397644, 1.0878772735595703, 1.0359028577804565, 1.0260721445083618, 1.059127688407898, 1.0066876411437988, 1.1535606384277344, 1.0285632610321045, 1.0021692514419556, 1.1069344282150269, 1.0308300256729126, 1.1747336387634277, 1.2570589780807495, 1.1199625730514526, 1.0279998779296875, 1.038212776184082, 1.0919561386108398, 1.0034416913986206, 1.0863994359970093, 1.1305806636810303, 1.106045126914978, 1.0513370037078857, 1.0711214542388916, 1.095697045326233, 1.055245041847229, 1.0860906839370728, 1.1307865381240845, 1.1526260375976562, 1.0501017570495605, 1.142977237701416, 1.0010418891906738, 1.1673469543457031, 1.017481803894043, 1.048883080482483, 1.00266432762146, 1.3279999494552612, 1.036793828010559, 1.0226751565933228, 1.237133264541626, 1.2026373147964478, 1.0130953788757324, 1.0862293243408203, 1.0219956636428833, 1.0917978286743164, 1.0839768648147583, 1.0975940227508545, 1.078517198562622, 1.090455412864685, 1.017979621887207, 1.6262341737747192, 1.2093721628189087, 1.2027027606964111, 1.000825047492981, 1.1474952697753906, 1.0912744998931885, 1.029608130455017, 1.0086904764175415, 1.1817059516906738, 1.0119251012802124, 1.040062427520752, 1.052357792854309, 1.0492514371871948, 1.192194938659668, 1.0684256553649902, 1.1538076400756836, 1.2603496313095093, 2.6194028854370117, 1.0777201652526855, 1.0196512937545776, 1.0273460149765015, 1.0428838729858398, 1.04252290725708, 1.0784364938735962, 1.046860694885254, 1.160569429397583, 1.0181900262832642, 1.0533959865570068, 1.046497106552124, 1.0942293405532837, 1.0205961465835571, 1.0465033054351807, 1.0453834533691406, 1.111188530921936]

WORKLOAD-FINISHED | Type: QueryWorkload | Progress: 3/3 | Workload-time: 35.722948 | Model-update-time: 0.000000

Experiment Summary: #data-update-times=1, #drift=1 | total-time=81.077669
Sum of Model-update-time = 2.7157
The 1st    ReportEsts -> max: 1.5661	99th: 1.3633	95th: 1.2284	median: 1.0636	mean: 1.0932
2nd to end ReportEsts -> max: 2.6194	99th: 1.6362	95th: 1.2572	median: 1.0589	mean: 1.1023
