Input arguments = Namespace(data_update='tupleskew', update_size=400000, dataset='power', debug=False, drift_test='js', model_update='adapt', model='face', end2end=False, query_seed=0, random_seed=42, num_workload=3)

JSON-passed parameters = {'data_updater': {'skew_ratio': '1e-3'}, 'random_seed': 8, 'face': {'learning_rate': '1e-4', 'epochs': 0, 'factor': 'auto'}}

ReportEsts: [1.0038042068481445, 1.0008200407028198, 1.0736842155456543, 1.2223396301269531, 1.1520731449127197, 1.076731562614441, 1.1497373580932617, 1.0041553974151611, 1.0904735326766968, 1.0292857885360718, 1.310450792312622, 1.0836864709854126, 1.0056049823760986, 1.1152522563934326, 1.0414941310882568, 1.063940405845642, 1.0647609233856201, 1.096269965171814, 1.2421294450759888, 1.0788465738296509, 1.0717517137527466, 1.165605068206787, 1.0060431957244873, 1.1291322708129883, 1.1547716856002808, 1.0606509447097778, 1.0387176275253296, 1.1284936666488647, 1.2356021404266357, 1.0166113376617432, 1.2511613368988037, 1.0303789377212524, 1.0095913410186768, 1.2266850471496582, 1.0382359027862549, 1.0002820491790771, 1.0390965938568115, 1.009894847869873, 1.0137615203857422, 1.036819577217102, 1.000604271888733, 1.1344537734985352, 1.0849871635437012, 1.0046695470809937, 1.0237029790878296, 1.0541260242462158, 1.023369550704956, 1.0920507907867432, 1.1172796487808228, 1.1524674892425537, 1.036061406135559, 1.0185624361038208, 1.0078094005584717, 1.1150166988372803, 1.046236276626587, 1.0059480667114258, 1.1096172332763672, 1.0529460906982422, 1.0018728971481323, 1.2448899745941162, 1.0086716413497925, 1.0226824283599854, 1.1026110649108887, 1.0226010084152222, 1.0452662706375122, 1.1314862966537476, 1.0247411727905273, 1.0427730083465576, 1.0153253078460693, 1.0659613609313965, 1.0931349992752075, 1.056087851524353, 1.0135480165481567, 1.123152732849121, 1.2796132564544678, 1.012816071510315, 1.012237787246704, 1.196088433265686, 1.1057814359664917, 1.323548436164856, 1.1292366981506348, 1.138819932937622, 1.0419964790344238, 1.0342307090759277, 1.199395775794983, 1.0157949924468994, 1.0160894393920898, 1.037653923034668, 1.071336269378662, 1.0055322647094727, 1.0022422075271606, 1.049578070640564, 1.012596607208252, 1.0371983051300049, 1.0320661067962646, 1.0272294282913208, 1.0358428955078125, 1.0151698589324951, 1.115729808807373, 1.0263093709945679]

WORKLOAD-FINISHED | Type: QueryWorkload | Progress: 1/3 | Workload-time: 35.873223 | Model-update-time: 0.000000

Distance score: 7.620453834533691e-05

WORKLOAD-FINISHED | Type: DataUpdateWorkload | Progress: 2/3 | Workload-time: 5.514641 | Model-update-time: 2.931604

ReportEsts: [1.0653349161148071, 1.1471328735351562, 1.0902087688446045, 1.0387766361236572, 1.1047751903533936, 1.128648042678833, 1.0715394020080566, 1.0011460781097412, 1.062608242034912, 1.0671675205230713, 1.0604056119918823, 1.0, 1.1548207998275757, 1.037048101425171, 1.1108930110931396, 1.2113299369812012, 2.780219793319702, 1.0323777198791504, 1.027408242225647, 1.0531741380691528, 1.1112531423568726, 1.074324607849121, 1.0082948207855225, 1.0146121978759766, 1.0204263925552368, 1.0046501159667969, 1.8069863319396973, 1.0673617124557495, 1.0432875156402588, 1.0078792572021484, 1.1636817455291748, 1.0212626457214355, 1.188983678817749, 1.1825350522994995, 1.0073176622390747, 1.0833595991134644, 1.2901394367218018, 1.0425366163253784, 1.1049113273620605, 1.1264798641204834, 1.0542491674423218, 1.0824298858642578, 1.2827359437942505, 1.0344398021697998, 1.0531567335128784, 1.146615982055664, 1.4625493288040161, 1.0411856174468994, 1.3634085655212402, 1.045827865600586, 1.0316455364227295, 1.100663661956787, 1.3320000171661377, 1.061820387840271, 1.0497901439666748, 1.0558632612228394, 1.1924264430999756, 1.0052049160003662, 1.0384572744369507, 1.0487136840820312, 1.084070086479187, 1.018351674079895, 1.0272992849349976, 1.065514087677002, 1.0321569442749023, 1.0210776329040527, 1.1428571939468384, 1.1407490968704224, 1.1710525751113892, 1.041074514389038, 1.1495146751403809, 1.0363407135009766, 1.1653952598571777, 1.0043199062347412, 1.1185023784637451, 1.0919932126998901, 1.4747081995010376, 1.0302112102508545, 1.3255048990249634, 1.0256562232971191, 1.1307690143585205, 1.1337674856185913, 1.0731946229934692, 1.009238600730896, 1.0384615659713745, 1.0856577157974243, 1.000534176826477, 1.0320545434951782, 1.0095934867858887, 1.0566253662109375, 1.0891259908676147, 1.1608892679214478, 1.144828200340271, 1.0355740785598755, 1.1953285932540894, 1.0313514471054077, 1.0705313682556152, 1.0410531759262085, 1.0022317171096802, 1.022171974182129]

WORKLOAD-FINISHED | Type: QueryWorkload | Progress: 3/3 | Workload-time: 35.730728 | Model-update-time: 0.000000

Experiment Summary: #data-update-times=1, #drift=1 | total-time=80.291340
Sum of Model-update-time = 2.9316
The 1st    ReportEsts -> max: 1.3235	99th: 1.3106	95th: 1.2423	median: 1.0458	mean: 1.0764
2nd to end ReportEsts -> max: 2.7802	99th: 1.8167	95th: 1.3336	median: 1.0640	mean: 1.1163
