Input arguments = Namespace(data_update='sample', update_size=100000, dataset='forest', debug=False, drift_test='js', model_update='adapt', model='transformer', end2end=False, query_seed=0, random_seed=42, num_workload=3)
JSON-passed parameters = {'data_updater': {'skew_ratio': '1e-3'}, 'random_seed': 40, 'transformer': {'epochs': 0}}
MODEL-PATH=/home/kangping/code_copy/SAUCE/models/end2end/transformer/origin-forest-2.0MB-model58.950-data19.148-300epochs-seed0.pt
DATASET-PATH=/home/kangping/code_copy/SAUCE/data/forest/end2end/forest.npy
Workloads: ['QueryWorkload', 'DataUpdateWorkload', 'QueryWorkload']

WORKLOAD-START | Type: QueryWorkload | Progress: 1/3
Going to run: ['python', '/home/kangping/code_copy/SAUCE/Naru/eval_model.py', '--dataset=forest', '--model=transformer', '--query_seed=0', '--end2end', '--eval_type=first_estimate', '--num_workload=3', '--data_update=sample', '--model_update=adapt', '--random_seed=42']
Torch device: cuda:1
GET-MODEL-PATH=./models/end2end/transformer/origin-forest-2.0MB-model58.950-data19.148-300epochs-seed0.pt
ckpts [PosixPath('/home/kangping/code_copy/SAUCE/models/end2end/transformer/origin-forest-2.0MB-model58.950-data19.148-300epochs-seed0.pt')]
Validate Argument: DATASET="forest" is valid.
load_csv_dataset - forest (581012, 10)
Parsing... done, took 0.0s
Loading ckpt: /home/kangping/code_copy/SAUCE/models/end2end/transformer/origin-forest-2.0MB-model58.950-data19.148-300epochs-seed0.pt
query_seed:0
origin-forest_39.80 	max: 51.0000	99th: 4.0000	95th: 2.3367	median: 1.0079	mean: 1.3620
ReportEsts: [1.0, 1.1068568568568569, 1.0, 1.4047619047619047, 1.3333333333333333, 1.0, 1.1067708333333333, 1.0, 1.9382022471910112, 1.0, 1.0806451612903225, 1.0, 1.0, 1.0, 2.0, 1.029056421408723, 1.0, 1.1111111111111112, 1.0377358490566038, 1.125, 1.0, 3.0, 1.1111111111111112, 1.6, 1.4, 1.0, 1.1044306512971598, 1.1818181818181819, 3.0, 1.9171270718232045, 1.0, 1.119277885235332, 1.5, 1.0, 1.1206896551724137, 1.0698924731182795, 1.0929692039511911, 1.0, 1.0456521739130435, 1.0, 2.0, 1.0, 1.8888888888888888, 1.0, 1.1544715447154472, 1.1141552511415524, 1.0, 1.5, 1.0, 1.0, 3.0, 1.1187570303712036, 1.0, 1.0, 1.0588235294117647, 1.0603015075376885, 1.1528384279475983, 1.36, 1.0, 1.0, 1.0802047781569966, 2.2, 1.0, 1.4210045662100457, 1.0828025477707006, 1.0, 1.3657142857142857, 1.3564356435643565, 1.176706827309237, 1.0, 2.0, 1.0, 1.1320754716981132, 1.4047593977045383, 1.5, 2.0, 1.0, 1.0, 1.0, 1.0, 1.0, 1.0, 1.046149193548387, 3.5, 3.25, 1.0, 1.0, 1.0, 1.1863513917988626, 1.0, 1.6, 1.15, 1.0, 1.029144768275203, 2.0, 1.0, 1.0150354927058298, 1.0679405520169851, 1.0, 1.0, 1.0, 1.0, 1.0, 1.0, 1.096551724137931, 1.0, 1.0, 1.0, 1.0978260869565217, 1.0, 1.0352112676056338, 1.0, 1.0, 1.0392504431501646, 1.066326530612245, 2.0, 1.0, 2.0, 1.0, 1.0, 1.0, 1.0, 3.0, 1.0, 1.110878661087866, 1.2857142857142858, 1.0, 1.0, 1.0, 1.0, 1.0, 1.0499461013295006, 1.0913306403422807, 1.0, 1.5, 1.0, 1.0, 2.0, 1.0298324478953822, 1.3174603174603174, 1.0890052356020943, 1.0, 1.0, 2.5, 1.0, 1.0540786986501958, 1.0, 1.2333333333333334, 1.92, 1.0, 1.0, 1.0, 1.0, 1.0, 1.0, 1.3333333333333333, 1.0, 1.0, 1.0, 2.0, 1.7777777777777777, 2.0, 1.006737699780633, 4.0, 1.0159454352735149, 1.0, 1.3333333333333333, 2.0, 1.2394822006472492, 1.0, 1.0, 1.0, 1.023076923076923, 1.380952380952381, 1.0, 1.0, 1.5361216730038023, 1.0, 1.0658682634730539, 1.0, 1.7540983606557377, 3.0, 1.0, 1.1258876797203907, 1.0, 1.10678531701891, 1.0, 1.0, 1.2285714285714286, 1.093092588704598, 1.0, 1.004201680672269, 1.5333333333333334, 1.0, 1.0, 1.0, 1.0, 1.1944444444444444, 1.125, 1.3472397050890128, 1.0994946304485156, 1.3333333333333333, 1.0, 1.0, 2.0, 3.0, 1.2260869565217392, 1.0, 1.0, 1.0, 1.0, 1.0588235294117647, 1.0, 1.1428571428571428, 1.0, 1.0, 1.0, 1.0046511627906978, 1.0, 1.0, 1.0, 1.183117900509205, 1.5, 1.0, 1.3142857142857143, 1.0, 1.15625, 1.0, 1.1737089201877935, 1.0, 1.0, 1.0, 1.2222222222222223, 1.0, 1.5294117647058822, 1.0, 2.0, 2.0, 1.0643151553582753, 1.0158972402390944, 1.0, 4.0, 3.0, 1.0537675123059447, 1.0408163265306123, 1.5, 1.0, 1.04, 1.6666666666666667, 1.1857876712328768, 1.0, 1.6666666666666667, 1.1183431952662721, 1.0, 1.0970588235294119, 1.1800787844682048, 2.0714285714285716, 2.0, 1.377906976744186, 1.0483460559796438, 2.0, 1.0, 1.2681401167639699, 1.25, 1.3333333333333333, 1.0, 1.1428571428571428, 1.0, 1.0, 1.0, 1.0263157894736843, 1.5, 1.2260089686098654, 2.0, 1.0, 1.1721626380662717, 1.8, 1.0, 1.0869565217391304, 1.0, 1.0, 1.0, 1.0, 1.0, 1.5, 1.0, 2.0, 1.0, 1.9243243243243244, 1.0, 1.1111111111111112, 1.0, 1.0, 1.0, 1.0, 1.3208868144690782, 1.0598802395209581, 1.0762398223538119, 2.8202247191011236, 1.0, 1.4254032258064515, 1.0, 1.0, 3.0, 1.0, 1.1818181818181819, 1.0, 2.0, 1.0, 1.2857142857142858, 1.0, 1.0, 1.1666666666666667, 1.5, 1.0, 1.0, 1.0, 1.0, 1.0, 1.6363636363636365, 1.0, 1.0, 1.218626393383675, 1.5, 1.0, 1.0933699489996076, 1.0, 1.0, 1.0, 1.0, 1.2569832402234637, 1.0, 3.0, 1.0, 1.0, 1.2951807228915662, 1.0, 1.0864197530864197, 1.2439024390243902, 2.0, 1.179533620104143, 1.1981981981981982, 1.0, 1.6666666666666667, 1.0, 1.1428571428571428, 10.0, 3.0, 1.0, 1.0, 1.0, 1.0, 1.0, 1.0086206896551724, 1.8333333333333333, 1.6296296296296295, 2.1666666666666665, 1.0, 1.0, 1.0, 1.3638814016172507, 1.1, 1.2272727272727273, 1.1358254768691076, 1.1329183288764193, 1.44003807106599, 1.013960057811063, 1.0867924528301887, 1.0, 1.1807511737089202, 1.0, 1.3847316704459562, 1.0092013053014497, 1.0, 1.0562957984930923, 1.0470216760539341, 1.1014027011768792, 1.0, 1.6666666666666667, 1.0, 1.0126582278481013, 1.0, 1.0, 1.0609212481426449, 51.0, 1.0, 2.5757575757575757, 1.0, 1.1006721215663355, 1.0, 3.9, 1.0769230769230769, 1.0, 1.0, 5.666666666666667, 1.0, 1.0251572327044025, 1.0, 1.0, 1.0, 1.0, 1.017278490343506, 1.0, 2.0, 1.0826086956521739, 1.1495793901156677, 1.2625698324022345, 1.2728232189973614, 1.131687242798354, 1.1146653368004844, 1.168141592920354, 1.2272727272727273, 1.0, 1.0, 1.1231364144614238, 1.0901986846025162, 1.0, 1.1818181818181819, 1.0, 1.0, 1.0, 1.0, 1.0, 1.0, 1.0, 1.160321237358715, 2.5, 1.19693094629156, 1.0, 1.0, 1.0, 1.520979020979021, 1.0884989388996231, 2.5, 1.2756508422664625, 2.1538461538461537, 1.0, 1.0, 1.0, 1.0345277982849679, 2.0, 1.0, 1.1342925659472423, 1.0, 1.8095238095238095, 1.0, 1.0, 1.0, 1.0351878823186718, 1.0, 1.0, 1.5, 1.3333333333333333, 1.1764705882352942, 1.0037064492216456, 1.75, 1.0, 1.0, 1.36, 1.4285714285714286, 2.0, 1.0649550706033377, 1.0, 1.4444444444444444, 1.0, 1.0, 1.1818181818181819, 2.0, 1.0, 1.125, 1.0368098159509203, 1.0325345580210985, 1.3417721518987342, 1.4137931034482758, 1.0, 1.0, 1.5, 1.0, 1.2287645840148294, 1.7142857142857142, 1.5, 1.0, 1.2029520295202951, 1.03475935828877, 1.0, 1.0581921472022522, 1.6666666666666667, 2.0, 1.0629028649357015, 2.5, 1.0103363412633306, 1.0, 1.0, 1.0, 1.0128196802223637, 1.7142857142857142, 2.0, 1.12, 1.0, 2.0, 1.0, 1.1304347826086956, 1.0, 1.1125827814569536, 1.008963056874134, 2.0, 1.0, 1.0, 1.130148270181219, 2.0, 1.3333333333333333, 1.2409638554216869, 1.0, 1.0178574722821776, 2.604761904761905, 1.16, 1.0, 2.4, 1.0, 2.0, 1.1790670778720123, 1.5, 4.0, 1.2299319727891156, 2.4, 1.0, 1.0297529042965148, 1.0, 1.5555555555555556, 1.0, 2.0, 1.0, 1.1835205992509363, 1.0, 1.0, 1.6666666666666667, 1.0412391336071212, 1.0921052631578947, 1.1723163841807909, 1.1, 1.3972602739726028, 1.0, 1.5833333333333333, 1.062111801242236, 1.0, 1.0, 1.0256410256410255, 1.9445324881141046, 1.6666666666666667, 2.0, 1.1428571428571428, 1.1714285714285715, 1.0, 1.2466666666666666, 1.0, 1.1074380165289257, 1.0, 2.4, 1.0592417818446036, 6.0, 1.042448429563595, 2.3333333333333335, 1.0, 3.0, 1.0625, 1.0, 2.0, 1.096023024594453, 1.0, 1.0, 1.0, 1.0, 1.0, 1.0576923076923077, 2.0, 2.4705882352941178, 1.0, 1.0, 2.0, 1.0, 1.0, 1.0, 1.0, 1.0, 2.0, 1.0, 1.0, 2.0, 1.5957446808510638, 1.04, 1.0, 1.2566666666666666, 1.0, 1.0, 2.3333333333333335, 1.0160707587214468, 2.0357142857142856, 1.0, 1.0, 1.0, 1.0, 1.0669281482099642, 1.0, 1.0, 1.0938609842719431, 2.747916666666667, 1.148936170212766, 2.0, 1.0, 1.0, 1.0, 1.3846153846153846, 2.0, 1.0, 1.0, 2.5352697095435683, 3.0, 1.059086078639745, 1.0, 1.0, 1.0206666666666666, 1.0, 1.0, 1.0, 1.4482758620689655, 1.0960303128977829, 1.0, 2.0, 1.625, 1.065439672801636, 1.0, 1.0, 1.5, 1.0, 1.0, 1.003032345013477, 1.0, 2.0, 1.1004697286012526, 1.0, 1.0, 1.0104612458392772, 1.0, 1.1461314423198683, 1.0, 1.0, 1.2582644628099173, 1.0086522462562395, 1.3333333333333333, 1.4130434782608696, 1.0, 1.0, 4.0, 1.0065693988236193, 1.0, 1.0, 1.0, 1.0, 1.4, 1.0, 1.0, 1.5, 1.048559670781893, 1.0, 2.0, 1.0, 1.5, 1.0, 1.2, 1.1709844559585492, 1.0, 1.0, 1.0, 1.0, 1.0, 1.0, 1.25, 1.0, 1.0, 1.0, 1.0, 1.0, 2.0, 1.0201186239620403, 1.189964157706093, 1.0, 2.0, 1.5, 1.0827338129496402, 1.0, 1.0, 1.0, 2.0, 1.0, 1.0155677655677655, 1.0108695652173914, 1.0909090909090908, 1.5003684598378777, 1.0, 2.090909090909091, 1.0, 1.48, 1.0, 1.2, 1.0, 1.0, 1.0, 1.117283950617284, 1.625, 1.0, 2.0, 1.1185185185185185, 1.1898431416175326, 1.0, 1.0, 1.2270676691729323, 1.125114995400184, 1.208955223880597, 1.2222222222222223, 1.0, 1.0, 1.0178519593613933, 1.0, 1.5, 1.0, 1.0, 1.6666666666666667, 1.0023446658851114, 1.0, 1.0, 1.2, 2.0, 1.0, 1.5, 1.3666666666666667, 1.0, 1.0055288032816123, 1.0455278001611603, 1.0, 1.0, 1.0, 3.0, 1.0, 1.0, 1.0, 1.0, 1.0, 2.0, 1.0, 2.0, 3.0, 1.011204481792717, 1.0, 1.0195421326765455, 1.0, 1.0, 1.6363636363636365, 1.015655577299413, 1.5, 1.0, 1.0, 1.0, 1.0, 2.0714285714285716, 1.3625, 3.0, 1.0, 1.0, 1.0, 1.0, 1.0, 1.0527448869752423, 1.0, 1.0, 1.0, 1.0, 1.170754716981132, 1.0087976539589443, 1.0, 1.0, 1.0172413793103448, 1.0416666666666667, 2.0, 1.2771084337349397, 1.0, 1.0, 1.0, 1.0, 1.0, 1.6, 2.0, 1.0, 1.1003039513677813, 1.2570397111913358, 1.3333333333333333, 1.0, 1.0, 1.0, 1.0, 2.8, 1.0, 1.0, 1.004991680532446, 1.0, 1.0, 16.5, 1.0, 18.0, 1.0, 1.4079173838209982, 1.0, 1.0, 3.0, 1.0, 1.1851851851851851, 1.0304054054054055, 1.0, 1.118421052631579, 1.0, 1.0909090909090908, 1.0, 1.0, 1.0, 1.2142857142857142, 1.0, 1.0, 1.0, 1.5, 1.0204081632653061, 1.0, 1.0, 1.0256117661975404, 1.0943140181842854, 1.0, 1.0, 1.0, 1.0156295861461697, 1.0, 1.0, 1.0, 1.119499568593615, 2.0, 1.0, 1.2307692307692308, 1.5, 1.6666666666666667, 1.0860042735042734, 1.0, 2.8125, 1.0, 2.0, 1.2, 1.0, 1.0, 1.0, 2.0, 2.5, 1.0, 1.0, 1.3333333333333333, 1.0, 1.0, 1.0, 4.0, 1.0, 1.3333333333333333, 1.0, 1.0, 1.0, 1.0, 1.0, 1.0, 1.0, 1.0, 1.052902902902903, 2.0, 1.0, 1.0, 1.0, 1.0, 1.135135135135135, 2.0, 1.0, 1.4669291338582677, 1.0, 1.2458386683738796, 1.0, 1.3167451244115669, 1.0, 1.1944444444444444, 2.608695652173913, 1.4444444444444444, 1.0, 1.0, 1.0, 1.0527492389649924, 1.0, 1.0, 1.0275983558426307, 1.0, 1.0, 1.0, 2.0, 1.037903558991914, 1.0, 2.6, 1.0, 1.0576923076923077, 1.0, 1.0, 1.0, 1.0, 1.0, 1.0, 1.0, 1.0, 3.0, 2.0, 1.0, 1.0, 1.0, 1.0671462829736211, 1.1515245158632057, 1.0, 1.0, 1.1428571428571428, 1.0681818181818181, 1.0, 2.0, 1.0463007159904534, 1.0555555555555556, 1.4375, 1.0, 1.0, 1.0, 1.5, 1.0975609756097562, 1.0, 1.2429506442184992, 1.0, 1.0, 1.1624146981627297, 1.0, 12.0, 1.0, 1.0, 1.1666666666666667, 1.084942084942085, 1.0, 1.5, 1.2894736842105263, 1.023298190085592, 1.0, 1.7142857142857142, 2.0, 1.0, 1.1642310368823938, 2.0, 1.75, 1.0, 1.0041152263374487, 1.0, 1.004335707649427, 1.5, 1.0, 1.0, 1.0, 1.0, 1.0, 1.0, 2.0, 1.2439024390243902, 1.0, 1.0782077393075356, 1.0, 1.0827968133329147, 1.0, 1.0, 1.0, 1.0, 1.0, 1.0571428571428572, 1.0583653194852112, 2.0, 1.007258064516129, 1.0, 1.1279376815421178, 1.16, 2.0, 1.0932203389830508, 1.2338709677419355, 1.0, 1.0, 1.0, 1.2179176755447942, 1.0, 1.0, 1.2602230483271375, 2.0, 1.0]
origin-forest_39.80 	max: 51.0000	99th: 4.0000	95th: 2.3367	median: 1.0079	mean: 1.3620

...Done, result: results.csv

WORKLOAD-FINISHED | Type: QueryWorkload | Progress: 1/3 | Workload-time: 30.157473 | Model-update-time: 0.000000


WORKLOAD-START | Type: DataUpdateWorkload | Progress: 2/3
Going to run: ['python', '/home/kangping/code_copy/SAUCE/Naru/eval_model.py', '--model=transformer', '--data_update=sample', '--dataset=forest', '--drift_test=js', '--end2end', '--update_size=100000', '--query_seed=0', '--eval_type=drift']
Torch device: cuda:1
GET-MODEL-PATH=./models/end2end/transformer/origin-forest-2.0MB-model58.950-data19.148-300epochs-seed0.pt
GET-DATASET-PATH=./data/forest/end2end/forest.npy
Sample - START
Sample - END
load_npy_dataset_from_path - df.shape = (681012, 10)
Parsing... done, took 0.1s
Data updated!
Previous data size: (581012, 10), new data size: (100000, 10)
[9.5367432e-07 2.9802322e-07 4.7683716e-07 3.5762787e-07 5.9604645e-08
 2.3841858e-07 4.1723251e-07 1.4901161e-06 2.9802322e-07 1.1920929e-07]
Distance score: 4.708766994099278e-07
SAUCE Drift detection: False
Detection latency: 0.0660s

WORKLOAD-FINISHED | Type: DataUpdateWorkload | Progress: 2/3 | Workload-time: 4.263137 | Model-update-time: 0.000000


WORKLOAD-START | Type: QueryWorkload | Progress: 3/3
Going to run: ['python', '/home/kangping/code_copy/SAUCE/Naru/eval_model.py', '--dataset=forest', '--model=transformer', '--end2end', '--query_seed=0', '--eval_type=estimate', '--num_workload=3', '--data_update=sample', '--model_update=adapt', '--random_seed=42']
Torch device: cuda:1
GET-MODEL-PATH=./models/end2end/transformer/origin-forest-2.0MB-model58.950-data19.148-300epochs-seed0.pt
ckpts [PosixPath('/home/kangping/code_copy/SAUCE/models/end2end/transformer/origin-forest-2.0MB-model58.950-data19.148-300epochs-seed0.pt')]
Validate Argument: DATASET="forest" is valid.
data size: 681012, total size: 681012, split index: [567510 681012]
Parsing... done, took 0.1s
Loading ckpt: /home/kangping/code_copy/SAUCE/models/end2end/transformer/origin-forest-2.0MB-model58.950-data19.148-300epochs-seed0.pt
query_seed:0
origin-forest_39.80 	max: 84.0000	99th: 6.0000	95th: 3.0000	median: 1.0867	mean: 1.5592
ReportEsts: [1.0, 1.0637065637065637, 1.0, 1.3584905660377358, 1.2857142857142858, 1.0, 1.2093023255813953, 2.0, 1.0401002506265664, 1.0, 1.2, 1.066030230708035, 1.0, 1.3333333333333333, 1.1543624161073827, 1.3095238095238095, 1.0, 2.0, 1.7428571428571429, 1.0, 2.0, 2.0, 1.0, 1.0, 1.0229166666666667, 1.0, 1.0117598579941676, 1.3333333333333333, 1.0, 3.5, 1.0, 1.0, 1.0, 1.0, 1.0, 2.0, 1.0, 1.4166666666666667, 1.0, 3.5, 2.0, 1.0, 1.6666666666666667, 1.0, 1.0890410958904109, 1.0144927536231885, 1.0, 1.0, 1.0, 1.0, 4.0, 1.156716597340771, 1.0, 1.0, 3.6666666666666665, 1.0643776824034334, 1.2264728385615915, 1.1388888888888888, 2.0, 2.0, 1.0913609121473469, 13.0, 2.0, 1.0, 1.0, 1.178294573643411, 1.089142449634516, 1.1111111111111112, 2.0, 2.0, 3.0, 1.0789473684210527, 1.0534880319797202, 1.6614173228346456, 1.0, 1.4392857142857143, 1.0, 1.0, 1.0, 1.0, 2.0, 1.0, 1.0, 1.0621265592788007, 6.0, 1.4761904761904763, 1.0, 2.0, 1.3333333333333333, 1.2366748473978981, 1.0, 2.5, 3.0, 1.056799246540607, 1.1538461538461537, 1.3278688524590163, 1.16, 1.0, 1.0, 2.0, 1.0, 1.0, 1.16349990499715, 2.0, 4.0, 1.0, 1.0, 1.0, 1.0249558973339628, 2.0, 2.0, 1.127906976744186, 1.0, 1.0, 1.0, 1.0, 1.0, 1.0, 1.0, 1.0, 1.0, 1.0649926144756279, 2.0, 1.0, 1.5, 3.0, 1.0, 1.2490586336740184, 1.125, 1.0, 2.0, 1.0, 1.0, 1.0, 1.2086055973369498, 1.208869199647402, 1.0, 1.0, 1.0, 1.0, 2.0, 1.069767441860465, 1.2428571428571429, 1.067696718700223, 1.0, 1.0, 1.75, 1.0, 1.0702992871367139, 1.0, 1.2647058823529411, 1.2173913043478262, 1.0625, 1.0, 1.0, 1.0, 1.0, 1.0, 1.0, 2.0, 1.0, 2.0, 2.6666666666666665, 1.7272727272727273, 2.0, 1.4428466076696165, 6.0, 1.0347344074014995, 1.0, 1.0, 2.0, 1.0997304582210243, 2.0, 1.0, 1.5, 1.0, 1.0457789965043016, 1.1466336224700537, 1.0, 1.2115384615384615, 1.1971830985915493, 1.1754276827371695, 2.0, 3.0, 1.0, 1.0, 1.0, 4.0, 1.0, 1.1070809020659202, 1.0, 1.0, 1.5, 1.0766254483919584, 1.0, 1.1795918367346938, 1.2275675399622084, 2.0, 10.727272727272727, 1.25, 1.2965247380289162, 2.0, 1.0, 2.0, 1.0, 1.375, 1.0, 1.0, 1.0, 2.0, 1.2678355501813785, 2.3333333333333335, 1.1728395061728396, 1.5925925925925926, 1.0, 2.0, 1.1774193548387097, 1.0, 1.0, 1.0, 1.0, 2.0, 1.0, 1.0, 1.0, 1.3076923076923077, 1.0, 1.0, 1.1020036429872495, 1.202823580127169, 1.1379310344827587, 1.0, 1.0896950303663553, 1.0, 1.0666666666666667, 1.0, 1.0, 1.3, 2.0, 4.559322033898305, 1.0, 1.0, 1.0, 1.1339285714285714, 1.2460351478782683, 1.0, 5.0, 2.0, 1.0, 2.0, 2.0, 1.0, 1.0478527607361963, 1.1818181818181819, 1.4615384615384615, 2.0, 1.25, 1.193717277486911, 1.0, 1.4195979899497488, 1.0694870670758438, 2.357142857142857, 1.6666666666666667, 1.3356643356643356, 1.0273109243697478, 2.0, 1.0, 1.2092126162922623, 1.0909090909090908, 1.3333333333333333, 1.0, 1.0, 1.0, 1.0, 1.0, 1.2142857142857142, 1.0, 1.390435403283369, 5.023255813953488, 1.0, 1.1717277486910995, 1.0, 1.1355932203389831, 1.0875, 2.0, 1.0, 2.5, 1.2647702407002188, 1.1243523316062176, 1.014480906224454, 2.0, 1.72, 1.0, 1.4736842105263157, 1.259903381642512, 1.0, 1.2651006711409396, 2.0, 1.86875, 1.0, 1.0, 1.5217391304347827, 1.5, 1.0, 1.0, 1.2344827586206897, 1.0, 4.0, 3.0, 1.0, 1.1666666666666667, 1.0, 1.0, 1.0, 1.0, 1.3877551020408163, 2.0, 1.0, 1.3333333333333333, 3.0, 1.0, 2.0, 2.0, 1.0, 1.0, 3.2857142857142856, 1.0, 1.0, 1.1683424741011579, 1.5, 1.0, 1.0946758743595455, 2.0, 1.0, 2.0, 1.0, 1.5023877745940784, 1.5, 5.0, 2.0, 1.0, 1.4606299212598426, 1.4, 1.1157894736842104, 1.5691489361702127, 2.0, 1.034013605442177, 1.05, 1.0, 1.4074074074074074, 1.0, 1.0, 2.6, 1.1428571428571428, 1.0, 1.0, 1.0, 1.0, 1.0, 1.2043795620437956, 1.3, 1.5612244897959184, 6.166666666666667, 1.0, 2.0, 1.3214285714285714, 1.1090225563909775, 1.0745332270149097, 3.0, 1.2029243937232525, 1.0693069306930694, 1.0475333093266115, 2.0, 1.060200668896321, 2.0, 1.1801385681293302, 2.0, 1.0196078431372548, 1.0065231023354695, 1.0, 1.0204658242628968, 1.0911806128891264, 1.13290035257005, 1.0, 1.25, 1.0, 1.0564971751412429, 2.0, 2.0, 2.0, 1.1617497456765005, 1.2, 1.3846153846153846, 1.0, 1.0, 1.0595238095238095, 1.6666666666666667, 1.4, 1.0, 1.0, 5.25, 1.0, 1.009433962264151, 2.0, 2.0, 1.0, 1.0, 1.0157055584128856, 1.0, 1.1333333333333333, 1.0723333333333334, 1.0, 2.3333333333333335, 1.0, 1.0, 1.0062529853662774, 1.263157894736842, 1.52, 1.0, 1.0, 1.1256510157834057, 1.1300712960250023, 1.0, 1.3636363636363635, 2.0, 2.0, 1.0, 1.7532467532467533, 1.1779793398841019, 1.0, 1.5378096479791394, 84.0, 1.0, 1.0, 1.0418848167539267, 1.28125, 2.0, 1.0, 1.0779456193353474, 1.093369399739017, 2.0, 1.2994652406417113, 2.0, 1.0, 1.0, 1.0, 1.0314968237482187, 2.0, 1.0, 1.5427547363031233, 3.0, 2.0, 1.039301310043668, 1.0, 1.0, 1.1527777777777777, 1.3333333333333333, 1.0909090909090908, 1.33003300330033, 1.0291858678955452, 1.0, 2.0, 2.0, 1.0, 1.0, 1.1033807548465528, 1.0, 1.0, 1.1585518102372034, 1.27, 1.0, 1.0, 1.0, 1.0, 1.0784313725490196, 2.0, 1.6744186046511629, 1.0853087626830011, 1.3333333333333333, 3.5, 1.1225626740947074, 1.0, 1.0, 1.0, 2.65, 1.0, 1.0, 1.0, 1.2857142857142858, 1.9230769230769231, 1.0359804378202142, 1.0, 1.0, 2.0, 1.1688311688311688, 1.0, 1.0, 2.0, 1.0, 1.0, 1.017510409818102, 2.0714285714285716, 1.0, 1.2333333333333334, 1.0, 2.0, 2.0, 1.3387096774193548, 1.3333333333333333, 1.0, 9.903225806451612, 2.0, 1.5, 1.0, 1.0731707317073171, 2.0, 3.125, 1.2291666666666667, 1.0, 1.0254638050200073, 6.888888888888889, 1.2692307692307692, 1.0, 2.0, 1.0, 1.0, 1.0, 2.0, 1.1837968561064087, 2.269230769230769, 1.1428571428571428, 2.0, 1.0, 1.1296111665004984, 1.0, 2.0, 6.0, 2.0, 1.5644859813084113, 2.0, 1.0, 1.1019417475728155, 2.0, 1.0367810609639205, 1.0, 2.0, 1.2946787148594376, 2.0, 1.0, 1.0683229813664596, 1.1911764705882353, 2.0, 1.2470588235294118, 1.2780522230063514, 1.75, 2.0, 1.2857142857142858, 1.1229508196721312, 2.0, 1.13903743315508, 1.0, 1.1634615384615385, 1.0, 1.8571428571428572, 1.0674160310450957, 1.4, 1.023400640139092, 1.352112676056338, 1.0, 4.0, 2.0, 1.0, 1.171875, 1.125, 1.4545454545454546, 1.0092623221964936, 1.0, 2.0, 1.0, 1.1121281464530892, 1.1428571428571428, 1.1496533679647065, 1.1702434625789, 1.0, 3.0, 4.0, 1.0, 1.0, 1.0, 1.0, 1.0, 2.0, 1.0, 1.0, 3.0, 1.3647058823529412, 1.1310198300283285, 1.5758835758835759, 2.0, 1.0, 1.2941176470588236, 1.0, 2.0, 2.0, 2.0, 1.0, 1.0, 1.0, 1.016531165311653, 1.0, 2.0, 1.0929678188319427, 1.0, 1.0, 1.0, 1.5, 1.5, 1.0, 1.0, 1.0, 1.0, 1.0, 1.5, 1.2183759301197024, 1.0, 1.0, 1.0, 1.0353903793979586, 1.0, 1.0, 1.0, 1.4545454545454546, 1.1515937666017355, 1.0, 3.0, 1.75, 1.188911704312115, 1.0, 1.0, 1.5, 1.0, 1.0, 1.2558930840814988, 1.0, 2.0, 1.0105111294311624, 1.0, 1.0, 1.0534431770173216, 1.0, 1.0772737139136097, 2.0, 1.0, 1.125, 1.1634756995581739, 1.0, 2.0, 1.0, 1.25, 1.0, 1.0803567833125276, 1.0075137136798757, 1.0, 2.0, 1.121212121212121, 2.0, 1.0, 6.0, 1.0, 2.0, 1.107271806984984, 1.0, 1.0, 1.5, 1.4409448818897639, 1.2592592592592593, 1.0153846153846153, 1.0058224163027656, 1.0, 1.2403846153846154, 1.7045454545454546, 8.833333333333334, 2.0, 3.0, 2.0, 1.0, 1.0, 1.096774193548387, 1.0, 1.062076749435666, 1.0, 2.0, 2.0, 3.0, 1.0862068965517242, 1.0, 4.285714285714286, 1.0, 1.0, 1.1486486486486487, 1.0, 1.0, 2.0, 1.014442916093535, 1.018018018018018, 2.0, 1.6666666666666667, 6.25, 1.0, 1.3448275862068966, 1.0, 1.5, 3.0, 1.0, 2.0, 1.1573174553431527, 1.7654320987654322, 1.0, 6.0, 1.2602739726027397, 1.179996191564315, 1.0, 1.0, 1.2317232375979112, 1.1269757639620652, 1.1920529801324504, 1.2222222222222223, 2.0, 2.0, 3.7401574803149606, 1.135483870967742, 12.0, 1.0, 2.0, 2.0, 1.10276008492569, 1.0, 1.4393939393939394, 1.0, 1.0, 1.0, 2.0, 5.0, 2.0, 1.0, 1.1136594792514238, 1.1614583333333333, 1.1416211293260474, 1.0, 1.0, 3.0, 2.0, 1.0, 1.0, 1.0, 1.0, 2.0, 1.0, 3.0, 3.0, 1.0477326968973748, 1.0, 1.0872477559559965, 1.0, 1.0, 1.0526315789473684, 1.0831134564643798, 2.0, 1.0, 1.0, 1.0, 1.0, 2.0, 1.8059490084985836, 3.0, 2.0, 1.0, 1.0, 1.0, 1.0, 1.2294117647058824, 1.0, 1.0, 2.0, 1.0, 1.064102564102564, 1.0329308452250274, 1.0, 2.0, 1.0346534653465347, 1.0689655172413792, 2.0, 1.3144329896907216, 2.0, 1.0, 1.0, 1.0, 1.0, 1.2, 2.0, 1.0, 1.0393120393120394, 1.3522670652715496, 1.1818181818181819, 1.0, 1.2277227722772277, 2.0, 1.1290322580645162, 1.0, 2.0, 1.0, 1.0857616966164805, 1.05, 1.0, 2.0, 1.0015546055188496, 1.0269299820466786, 1.0, 3.0, 2.0, 1.028104241185488, 1.0, 1.0785509325681493, 1.1363636363636365, 1.1132134973194576, 1.0198019801980198, 1.1075996481017798, 1.0, 1.053375196232339, 2.6666666666666665, 1.0, 1.0, 2.0, 1.0, 1.5625, 2.0, 3.0, 1.0, 3.0, 1.0, 1.0, 1.0, 2.027173913043478, 3.0, 1.0, 3.0, 1.2092511013215859, 1.4193548387096775, 1.0, 2.0, 1.0513106525376463, 1.1271565495207667, 1.0, 1.173913043478261, 1.0, 1.0, 1.0, 2.0, 1.0, 1.0, 1.5, 4.959731543624161, 2.0, 2.0, 1.1, 1.5590551181102361, 1.0, 1.0088028169014085, 1.0, 1.0, 1.0, 2.0, 1.0250447227191413, 1.0, 1.0, 1.0, 1.0, 1.0, 2.0, 1.0, 1.0, 1.0, 1.0, 1.0, 1.0, 1.1351167149429204, 2.0, 2.0, 1.0, 1.0, 1.0, 1.0666666666666667, 1.0, 2.0, 3.0, 2.0, 1.0, 1.0, 2.0, 1.0, 1.3495934959349594, 1.02621637092158, 2.0, 1.3126684636118597, 1.5, 1.5172413793103448, 1.0, 1.5139816877010641, 1.0, 3.0, 1.0153389411182583, 1.0, 1.0, 3.0, 1.1580459770114941, 2.0, 1.0, 1.0107675218575318, 1.1040162103184912, 1.1630434782608696, 1.4074074074074074, 1.0, 1.7777777777777777, 1.0, 2.0, 1.0, 2.0, 1.0, 3.5, 2.0, 2.0, 2.0, 1.0, 1.0391547545059043, 1.5, 1.0, 2.0, 1.2666666666666666, 1.0745192307692308, 1.0, 3.0, 1.1065563128854268, 1.0, 1.1746031746031746, 1.0, 1.0, 2.0, 1.4, 1.0545454545454545, 1.0, 1.2726880483244642, 1.0, 1.0, 1.2414780352509618, 3.0, 1.0210526315789474, 2.0, 1.0, 2.0, 1.0476190476190477, 3.0, 1.5, 1.0609137055837563, 1.0, 1.0, 1.0793129445317842, 1.0, 2.0, 1.0854166666666667, 1.0, 1.0, 1.0, 2.0, 1.058011049723757, 1.0, 1.0954701834862386, 1.5, 1.0, 2.0, 1.0, 1.0, 1.0, 1.0, 2.0, 1.2448979591836735, 1.0, 1.1486033519553072, 1.3333333333333333, 1.0727788785947625, 2.0, 1.0, 1.0, 1.0, 1.0, 1.75, 1.2058823529411764, 2.0, 1.0, 2.0, 1.343859649122807]
origin-forest_39.80 	max: 84.0000	99th: 6.0000	95th: 3.0000	median: 1.0867	mean: 1.5592

...Done, result: results.csv

WORKLOAD-FINISHED | Type: QueryWorkload | Progress: 3/3 | Workload-time: 30.647674 | Model-update-time: 0.000000


Experiment Summary: #data-update-times=1, #drift=0 | total-time=65.143286