Input arguments = Namespace(data_update='sample', update_size=100000, dataset='forest', debug=False, drift_test='js', model_update='adapt', model='transformer', end2end=False, query_seed=0, random_seed=42, num_workload=3)
JSON-passed parameters = {'data_updater': {'skew_ratio': '1e-3'}, 'random_seed': 35, 'transformer': {'epochs': 0}}
MODEL-PATH=/home/kangping/code_copy/SAUCE/models/end2end/transformer/origin-forest-2.0MB-model58.950-data19.148-300epochs-seed0.pt
DATASET-PATH=/home/kangping/code_copy/SAUCE/data/forest/end2end/forest.npy
Workloads: ['QueryWorkload', 'DataUpdateWorkload', 'QueryWorkload']

WORKLOAD-START | Type: QueryWorkload | Progress: 1/3
Going to run: ['python', '/home/kangping/code_copy/SAUCE/Naru/eval_model.py', '--dataset=forest', '--model=transformer', '--query_seed=0', '--end2end', '--eval_type=first_estimate', '--num_workload=3', '--data_update=sample', '--model_update=adapt', '--random_seed=42']
Torch device: cuda:1
GET-MODEL-PATH=./models/end2end/transformer/origin-forest-2.0MB-model58.950-data19.148-300epochs-seed0.pt
ckpts [PosixPath('/home/kangping/code_copy/SAUCE/models/end2end/transformer/origin-forest-2.0MB-model58.950-data19.148-300epochs-seed0.pt')]
Validate Argument: DATASET="forest" is valid.
load_csv_dataset - forest (581012, 10)
Parsing... done, took 0.1s
Loading ckpt: /home/kangping/code_copy/SAUCE/models/end2end/transformer/origin-forest-2.0MB-model58.950-data19.148-300epochs-seed0.pt
query_seed:0
origin-forest_39.80 	max: 18.0000	99th: 4.0000	95th: 2.1118	median: 1.0065	mean: 1.3027
ReportEsts: [1.0, 1.1173411711508026, 1.0, 1.4047619047619047, 1.3333333333333333, 1.0, 1.0546875, 1.0, 2.065868263473054, 1.0, 1.2407407407407407, 1.0, 1.0, 1.0, 3.0, 1.0039855899925592, 1.0, 1.1111111111111112, 2.5238095238095237, 1.125, 1.0, 3.0, 1.05, 1.8, 1.4, 1.0, 1.0787282784824272, 1.3, 3.0, 1.508695652173913, 1.0, 1.099290780141844, 1.75, 1.0, 1.0948275862068966, 1.0446059317027059, 1.021499128413713, 1.0, 1.0618101545253864, 1.0, 2.0, 1.0, 1.3529411764705883, 1.0, 1.3008130081300813, 1.0748898678414096, 1.0, 1.0, 1.0, 1.0, 3.0, 1.1656917885264342, 1.0, 1.0, 2.25, 1.0603015075376885, 1.1048034934497817, 2.0, 1.0, 1.0, 1.1482935153583618, 10.0, 1.0, 1.4401826484018265, 1.2101910828025477, 1.0, 1.1773399014778325, 1.1744186046511629, 1.248995983935743, 1.0, 2.0, 1.0, 1.1594202898550725, 1.4052858797515004, 1.3333333333333333, 2.0, 1.0, 1.0, 1.0, 1.0, 1.0, 1.0, 1.0603657913558802, 3.5, 1.7692307692307692, 1.0, 1.0, 1.0, 1.1292427416941035, 1.0, 1.3333333333333333, 1.3529411764705883, 1.0, 1.125268817204301, 1.0, 1.0, 1.1043541717343712, 1.1528662420382165, 1.0, 1.0, 3.0, 1.0, 1.0, 1.0, 1.0482758620689656, 1.0, 1.0, 1.0, 1.0326086956521738, 1.0, 1.0211267605633803, 1.0, 1.0, 1.1869552149083258, 1.3214285714285714, 2.0, 1.0, 2.0, 1.0, 1.0, 1.0, 2.0, 3.0, 1.0, 1.5014137606032045, 1.0, 1.0, 1.0, 1.0, 1.0, 1.0, 1.0868263473053892, 1.1349523975241742, 1.0, 1.375, 1.0, 1.0, 2.0, 1.0596648957907642, 1.2380952380952381, 1.0709091664589048, 1.0, 1.0, 1.25, 1.0, 1.0504012734628905, 1.0, 1.2333333333333334, 1.6551724137931034, 1.0833333333333333, 1.0, 1.0, 1.0, 1.0, 1.0, 2.0, 1.0, 1.0, 1.0, 2.0, 1.7777777777777777, 1.0, 1.0154085603112841, 4.0, 1.0299476733320874, 1.0, 1.3333333333333333, 2.0, 1.2103559870550162, 1.0, 1.0, 1.0, 1.08130081300813, 1.1153846153846154, 1.0, 1.0, 1.5562130177514792, 1.0, 1.047191011235955, 1.0, 2.0, 1.0, 1.0, 1.1786956867106204, 1.0, 1.099852616064849, 1.0, 1.0, 1.2647058823529411, 1.056525665351015, 1.0, 1.0294117647058822, 2.875, 1.0, 1.0, 1.0, 1.0, 1.1944444444444444, 1.125, 1.3276625908204855, 1.105811749842072, 1.3333333333333333, 1.0, 1.0, 2.0, 3.0, 1.2702702702702702, 1.0, 1.0, 1.0, 1.0, 1.1764705882352942, 1.0, 1.125, 1.0, 1.0, 1.0, 1.0238095238095237, 1.0, 2.0, 1.0, 1.2974656357388317, 1.5, 1.0, 1.15, 1.0, 1.25, 1.0, 1.0632279534109816, 1.0, 1.0, 1.0, 1.2222222222222223, 1.0, 1.7307692307692308, 1.0, 2.0, 1.5, 1.097260811296702, 1.0080122090805037, 1.0, 2.0, 1.5, 1.0416508898144643, 1.225, 1.375, 1.0, 1.011111111111111, 1.4285714285714286, 1.2748287671232876, 1.0, 1.6666666666666667, 1.1454545454545455, 1.0, 1.0, 1.1576041954181617, 1.2857142857142858, 2.0, 1.218508997429306, 1.10752688172043, 4.0, 1.0, 1.3454759973453285, 1.25, 1.3333333333333333, 1.0, 1.1428571428571428, 1.0, 1.0, 1.0, 1.0, 1.5, 1.0047832585949177, 2.0, 1.0, 1.203377621258204, 1.125, 1.0, 1.0416666666666667, 1.0, 1.0, 1.0, 1.2222222222222223, 1.0, 1.0, 1.0, 2.0, 1.0, 3.135593220338983, 1.0, 1.0, 1.0, 1.0, 1.0, 1.0, 1.2906626506024097, 1.1581920903954803, 1.0007407407407407, 1.0, 1.0, 1.4108870967741935, 1.0, 1.0, 3.0, 1.0, 1.2611940298507462, 1.0, 2.0, 1.0, 1.255813953488372, 1.0, 1.0, 1.1666666666666667, 1.5, 1.0, 1.0, 1.0, 1.0, 1.0, 2.5714285714285716, 1.0, 1.0, 1.1420352391226178, 1.5, 1.0, 1.0462366264155665, 1.0, 1.0, 1.0, 1.0, 1.3581488933601609, 2.0, 3.0, 1.0, 1.3333333333333333, 1.3069767441860465, 1.0, 1.035294117647059, 1.079268292682927, 1.0, 1.0580828594638505, 1.054054054054054, 1.0, 1.5909090909090908, 1.5, 1.1428571428571428, 3.3333333333333335, 1.5, 1.0, 1.0, 1.0, 1.0, 1.0, 1.3362068965517242, 3.6666666666666665, 1.654320987654321, 6.0, 1.0, 1.0, 1.0, 1.2588932806324111, 1.2, 1.4636363636363636, 1.0841372506029379, 1.1483494805137873, 1.4501903553299493, 1.046406779661017, 1.0950413223140496, 1.0, 1.147887323943662, 1.0, 1.0763416477702192, 1.0443035717469997, 1.0, 1.038710333346042, 1.060163850486431, 1.1236374690580622, 1.0, 1.6666666666666667, 1.0, 1.01875, 1.0, 1.0, 1.0688622754491017, 2.764705882352941, 1.0, 1.8478260869565217, 1.0, 1.1014768240970902, 1.0, 1.6666666666666667, 1.0769230769230769, 1.0, 1.0, 5.666666666666667, 1.0, 1.0141509433962264, 1.0, 1.0, 1.0, 1.0, 1.008420045795774, 1.0, 2.0, 1.0565217391304347, 1.5732009925558312, 1.2238267148014441, 1.7605839416058393, 1.1088709677419355, 1.0899440743775157, 1.182890855457227, 1.736842105263158, 1.0, 1.0, 1.1257454342154305, 1.1076150972798313, 1.0, 1.0, 1.0, 1.0, 1.0, 1.0, 1.0, 1.0, 1.0, 1.113934894346088, 2.5, 1.1508951406649617, 1.0, 1.0, 1.0, 1.0170697012802277, 1.0797266514806378, 2.5, 1.2741194486983154, 2.5454545454545454, 1.0, 1.0, 1.0, 1.0394137344238898, 1.5, 1.0, 1.5749400479616307, 1.0, 2.111111111111111, 1.0, 1.0, 1.0, 1.045878240605884, 1.0, 1.0, 2.0, 1.3333333333333333, 1.2195121951219512, 1.0044313146233383, 1.75, 1.0, 1.0, 1.0666666666666667, 1.25, 2.0, 1.1006418485237484, 1.0, 1.4444444444444444, 1.0, 1.0, 1.1818181818181819, 2.0, 1.0, 1.5, 1.0236015878744136, 1.017870134594398, 1.551219512195122, 1.5185185185185186, 1.0, 1.0, 1.3333333333333333, 1.0, 1.0084671211787992, 1.2972972972972974, 1.5, 1.0, 1.0922509225092252, 1.0213903743315509, 1.0, 1.0873563218390805, 1.0, 1.0, 1.06772925345465, 5.0, 1.0070549630844954, 1.0, 1.0, 1.0, 1.0582040738780552, 1.7142857142857142, 2.0, 1.24, 1.0, 2.0, 1.0, 1.3269230769230769, 1.0, 1.055944055944056, 1.0757429648461472, 2.0, 1.0, 1.0, 1.133884297520661, 2.0, 1.25, 1.2560975609756098, 1.0, 1.079090962429837, 2.6523809523809523, 1.12, 1.0, 2.0, 1.0, 1.0, 1.057389801210026, 1.5, 4.0, 1.126713751557956, 1.25, 1.0, 1.0206810206170494, 1.0, 1.1666666666666667, 1.0, 2.0, 1.0, 1.2865168539325842, 1.0, 1.0, 1.4285714285714286, 1.0336712182482688, 1.1513157894736843, 4.940476190476191, 1.2222222222222223, 1.36986301369863, 2.0, 1.7272727272727273, 1.062111801242236, 1.0, 1.0, 1.1025641025641026, 1.466992665036675, 2.5, 2.0, 1.1428571428571428, 1.1603773584905661, 1.0, 1.2808219178082192, 1.0, 1.0100502512562815, 1.0, 2.4, 1.0308331876371972, 6.0, 1.0126783672251778, 2.0, 1.0, 3.0, 1.0625, 1.0, 2.0, 1.0954997383568812, 1.0, 1.0, 1.0, 1.0, 1.0, 1.1346153846153846, 2.0, 2.125, 1.0, 1.0, 1.0, 1.0, 1.0, 1.0, 1.0, 1.0, 1.0, 1.0, 1.0, 2.0, 2.586206896551724, 1.25, 1.0, 1.2583333333333333, 1.0, 1.0, 1.1428571428571428, 1.0843194403963858, 2.2142857142857144, 1.0, 1.0, 1.0, 1.0, 1.0269901196883284, 1.0, 1.0, 1.0271557884707003, 1.1840215439856374, 1.1914893617021276, 2.0, 1.0, 1.0, 1.0, 1.2, 2.0, 1.0, 1.0, 1.117001828153565, 2.0, 1.0609989373007438, 1.0, 1.0, 1.0764242424242425, 1.0, 1.0, 1.0, 1.4482758620689655, 1.055204058367533, 1.0, 2.0, 1.8571428571428572, 1.1267281105990783, 1.0, 1.0, 1.5, 1.0, 1.0, 1.0383846461415434, 1.0, 2.0, 1.042263964409293, 1.0, 1.0, 1.0318038358824957, 1.0, 1.0821831075091808, 1.0, 1.0, 1.2004132231404958, 1.0179539295392954, 1.25, 1.5476190476190477, 1.0, 1.0, 4.0, 1.0223054006569399, 1.0, 1.0, 1.0, 1.0, 1.1111111111111112, 1.0, 1.0, 1.5, 1.1917680074836297, 1.0, 2.0, 1.0, 1.0, 1.0, 1.2857142857142858, 1.2216216216216216, 1.0, 1.0, 1.0, 1.0, 1.0, 1.0, 1.6666666666666667, 1.0, 1.0, 1.0, 1.0, 1.0, 2.0, 1.0090491238149957, 1.4497816593886463, 1.0, 2.0, 1.5, 1.0935251798561152, 1.0, 1.0, 1.0, 2.0, 1.0, 1.0296092796092795, 1.0222222222222221, 1.3333333333333333, 1.314396384764364, 1.0, 3.066666666666667, 1.0, 1.28, 1.0, 1.2, 1.0, 1.0, 1.0, 1.0515613652868554, 1.5, 1.0, 2.0, 1.1703703703703703, 1.1605295360996775, 1.0, 1.0, 1.206208425720621, 1.1140754369825208, 1.1417910447761195, 1.125, 1.0, 1.0, 1.0102276001152406, 2.0, 1.1428571428571428, 1.0, 1.0, 1.0, 1.0879249706916765, 1.0, 1.0, 1.0, 1.0, 1.0, 1.5, 1.3333333333333333, 1.0, 1.0539473684210525, 1.1841603053435115, 1.0, 1.0, 1.0, 3.0, 1.0, 1.0, 1.0, 1.0, 1.0, 2.0, 1.0, 2.0, 3.0, 1.0868347338935573, 1.0, 1.0389291513207397, 1.0, 1.0, 1.3333333333333333, 1.0472154963680387, 1.5, 1.0, 1.0, 1.0, 1.0, 1.4285714285714286, 1.1330275229357798, 3.0, 1.0, 1.0, 1.0, 1.0, 1.0, 1.065359477124183, 1.0, 1.0, 1.0, 1.0, 1.1575471698113207, 1.0264279624893435, 1.0, 1.0, 1.0804597701149425, 1.0, 2.0, 1.2108433734939759, 1.0, 1.0, 1.0, 1.0, 1.0, 1.7777777777777777, 2.0, 1.0, 1.1246200607902737, 1.2527432991545242, 1.3333333333333333, 1.0, 1.0, 1.0, 1.0, 2.0, 1.0, 1.0, 1.1321462043111528, 1.0, 1.0, 1.696969696969697, 4.0, 18.0, 1.0, 2.4802065404475044, 1.0, 1.0, 3.0, 1.0, 1.1481481481481481, 1.0171821305841924, 1.0, 1.105263157894737, 1.0, 1.2272727272727273, 1.0, 1.0, 2.0, 1.5, 1.0, 1.0, 1.0, 2.0, 1.01, 1.0, 1.0, 1.0540129326740206, 1.084226715519971, 1.0, 1.0, 1.0, 1.1217640152626944, 1.0, 1.8502673796791445, 1.0, 1.105263157894737, 2.0, 1.0, 1.1538461538461537, 1.25, 1.6666666666666667, 1.1007038440714672, 1.0, 1.1333333333333333, 1.0, 2.0, 1.2, 1.0, 2.0, 1.0, 2.0, 2.5, 1.0, 1.0, 1.6666666666666667, 1.0, 1.6, 1.0, 4.0, 1.0, 1.3333333333333333, 1.0, 1.0, 1.0, 1.0, 1.0, 1.0, 1.0, 1.0, 1.0100090991810737, 2.0, 1.0, 1.0, 1.0, 1.0, 1.1150442477876106, 2.0, 1.0, 1.5183374083129584, 1.0, 1.2560819462227912, 1.0, 1.4108944182918628, 1.0, 1.1944444444444444, 1.1111111111111112, 1.0769230769230769, 2.0, 1.0, 1.0526315789473684, 1.087354538401862, 1.0, 2.0, 1.0514285714285714, 1.0, 1.0, 1.0, 2.0, 1.0091365165555097, 1.0, 1.625, 1.0, 1.018181818181818, 1.0, 1.0, 1.0, 1.0, 1.0, 1.0, 1.0, 1.0, 3.0, 2.0, 1.0, 1.0, 1.0, 1.053722066005624, 1.015165274246277, 1.0, 1.0, 1.3333333333333333, 1.0804597701149425, 1.0, 2.0, 1.0477874087591241, 1.0, 1.3596059113300492, 1.0, 1.0, 1.0, 1.2, 1.2444444444444445, 1.0, 1.2532165684402756, 1.0, 1.0, 1.1807874015748032, 1.0, 12.0, 1.0, 1.0, 1.5, 1.0255474452554745, 1.0, 1.5, 1.1842105263157894, 1.0170752240326995, 1.0, 1.5714285714285714, 1.0, 1.0, 1.1296682904198563, 2.0, 1.75, 1.0, 1.4385245901639345, 1.0, 1.0394696268886834, 1.5, 1.0, 1.0, 1.0, 1.0, 1.0, 1.0, 2.0, 1.2439024390243902, 1.0, 1.1197123519458545, 1.0, 1.0060347551342812, 1.0, 1.0, 1.0, 1.0, 1.0, 1.0405405405405406, 1.0434635357868594, 2.0, 1.0008064516129032, 1.0, 1.2325782715336893, 1.0740740740740742, 2.0, 1.0847457627118644, 1.2540983606557377, 1.0, 1.0, 1.0, 1.2671509281678772, 1.0, 1.0, 1.2840909090909092, 2.0, 1.0]
origin-forest_39.80 	max: 18.0000	99th: 4.0000	95th: 2.1118	median: 1.0065	mean: 1.3027

...Done, result: results.csv

WORKLOAD-FINISHED | Type: QueryWorkload | Progress: 1/3 | Workload-time: 30.092059 | Model-update-time: 0.000000


WORKLOAD-START | Type: DataUpdateWorkload | Progress: 2/3
Going to run: ['python', '/home/kangping/code_copy/SAUCE/Naru/eval_model.py', '--model=transformer', '--data_update=sample', '--dataset=forest', '--drift_test=js', '--end2end', '--update_size=100000', '--query_seed=0', '--eval_type=drift']
Torch device: cuda:1
GET-MODEL-PATH=./models/end2end/transformer/origin-forest-2.0MB-model58.950-data19.148-300epochs-seed0.pt
GET-DATASET-PATH=./data/forest/end2end/forest.npy
Sample - START
Sample - END
load_npy_dataset_from_path - df.shape = (681012, 10)
Parsing... done, took 0.1s
Data updated!
Previous data size: (581012, 10), new data size: (100000, 10)
[8.3446503e-07 2.9802322e-07 1.7881393e-07 1.7285347e-06 1.4305115e-06
 1.1920929e-07 3.5762787e-07 2.1457672e-06 5.9604645e-08 1.1920929e-07]
Distance score: 7.271766548910819e-07
SAUCE Drift detection: False
Detection latency: 0.0660s

WORKLOAD-FINISHED | Type: DataUpdateWorkload | Progress: 2/3 | Workload-time: 4.278624 | Model-update-time: 0.000000


WORKLOAD-START | Type: QueryWorkload | Progress: 3/3
Going to run: ['python', '/home/kangping/code_copy/SAUCE/Naru/eval_model.py', '--dataset=forest', '--model=transformer', '--end2end', '--query_seed=0', '--eval_type=estimate', '--num_workload=3', '--data_update=sample', '--model_update=adapt', '--random_seed=42']
Torch device: cuda:1
GET-MODEL-PATH=./models/end2end/transformer/origin-forest-2.0MB-model58.950-data19.148-300epochs-seed0.pt
ckpts [PosixPath('/home/kangping/code_copy/SAUCE/models/end2end/transformer/origin-forest-2.0MB-model58.950-data19.148-300epochs-seed0.pt')]
Validate Argument: DATASET="forest" is valid.
data size: 681012, total size: 681012, split index: [567510 681012]
Parsing... done, took 0.1s
Loading ckpt: /home/kangping/code_copy/SAUCE/models/end2end/transformer/origin-forest-2.0MB-model58.950-data19.148-300epochs-seed0.pt
query_seed:0
origin-forest_39.80 	max: 69.0000	99th: 6.8967	95th: 3.0000	median: 1.0938	mean: 1.5781
ReportEsts: [3.0, 1.1309003496503496, 1.0, 1.3137254901960784, 1.2857142857142858, 1.0, 1.037122969837587, 1.0, 2.178117048346056, 1.0, 1.0845070422535212, 1.141089108910891, 1.0, 1.6666666666666667, 1.0552147239263803, 1.3132530120481927, 1.0, 2.0, 1.2615384615384615, 1.0, 1.0, 2.0, 1.0, 1.0, 1.0428265524625269, 1.0, 1.0844296587529614, 2.0, 1.0, 1.0, 1.0, 1.0, 1.0, 1.0, 1.0, 2.0, 1.0, 5.0, 1.0, 1.0, 3.0, 2.0, 1.1764705882352942, 1.0, 1.1608391608391608, 1.0264150943396226, 1.0, 1.0, 1.0, 1.0, 3.0, 1.1221480378500408, 1.0, 1.0, 1.8461538461538463, 1.0772532188841202, 1.0712242562929062, 1.894736842105263, 1.0, 3.0, 1.0105463600410136, 12.0, 3.0, 1.0, 1.0, 1.094488188976378, 1.0999881108072762, 1.4285714285714286, 2.0, 3.0, 3.0, 1.1139240506329113, 1.0910285422293597, 1.888, 1.0, 1.0801526717557253, 1.0, 1.0, 1.0, 1.0, 2.0, 1.0, 1.0, 1.0550765868128438, 4.0, 5.8, 1.0, 2.0, 1.0, 1.0389251765705485, 1.0, 1.0, 2.0, 1.1264526438117373, 1.1875, 3.823529411764706, 1.125, 1.0, 1.0, 6.0, 1.25, 1.0, 1.2153598789369149, 1.8571428571428572, 2.0, 2.0, 1.0, 1.0, 1.094644250780437, 2.0, 1.0, 1.086021505376344, 2.0, 1.0, 1.0, 2.0, 2.0, 1.0, 1.0, 1.0, 1.0, 1.056547619047619, 1.0, 1.0, 1.0, 3.0, 1.0, 1.5976707252514557, 1.1428571428571428, 1.0, 1.027156736509423, 1.0, 3.0, 1.0, 1.0759951749095296, 1.1377778722319039, 1.0, 1.0, 1.0, 1.0, 3.0, 1.028391167192429, 1.131578947368421, 1.0902782694894853, 2.0, 1.0, 2.5, 1.0, 1.077415164046143, 1.0, 1.135135135135135, 1.6764705882352942, 1.0, 1.3714285714285714, 1.0, 1.0, 1.0, 2.0, 2.0, 1.0, 1.0, 1.0, 2.0, 1.8571428571428572, 1.0, 1.221080925410387, 8.0, 1.0052107637268626, 1.0, 1.0, 2.0, 1.2033660589060309, 2.0, 2.0, 3.25, 1.0, 1.0036075906926842, 1.1243961352657006, 2.0, 1.0098063344173918, 2.0, 1.4443405051449953, 1.0, 1.5, 1.0, 1.0, 1.0, 3.0, 1.0, 1.0732984293193717, 1.0, 1.0, 1.1411764705882352, 1.0649214750996276, 1.0, 1.1137254901960785, 1.052126206893224, 3.0, 1.6693548387096775, 1.8666666666666667, 1.121996548519846, 1.0, 1.0, 2.0, 1.0, 1.15, 1.0, 1.0, 1.0, 2.0, 1.2413793103448276, 4.5, 1.1428571428571428, 1.3846153846153846, 1.0, 2.0, 1.2, 1.0, 1.0, 1.0, 1.0, 2.0, 1.2037037037037037, 2.0, 1.2, 1.3636363636363635, 1.0, 2.0, 1.261182108626198, 1.234442060085837, 1.0689655172413792, 1.0, 1.8417786970010341, 1.0, 1.1666666666666667, 1.0, 1.0, 1.2727272727272727, 2.0, 2.0677966101694913, 1.0, 2.0, 1.0, 1.0901027851458887, 1.0905868452146514, 1.0, 1.0, 2.2, 1.0, 2.0, 1.1311475409836065, 1.0, 1.0011834319526627, 1.8181818181818181, 1.0, 2.0, 1.6666666666666667, 1.1306532663316582, 1.0, 1.0769230769230769, 1.1965832531280076, 1.6875, 1.6666666666666667, 1.3461538461538463, 1.1531100478468899, 2.0, 1.0, 1.096534399671896, 1.2777777777777777, 1.6666666666666667, 1.0, 1.375, 1.0, 1.0, 1.0, 1.1914893617021276, 1.3333333333333333, 1.1604562737642585, 1.7627906976744185, 1.0, 1.068577277379734, 1.0, 1.0289855072463767, 1.1263297872340425, 2.0, 1.0, 2.0, 1.3038793103448276, 1.1458333333333333, 1.0086740920989, 1.3333333333333333, 1.310897435897436, 1.0, 2.125, 1.154291224686596, 2.0, 1.3169230769230769, 4.0, 1.1705882352941177, 1.0, 1.0, 1.44, 2.0, 1.0, 1.0, 1.1575342465753424, 1.0, 3.0, 1.0, 1.0, 1.434782608695652, 1.0, 1.3333333333333333, 1.0, 1.0, 1.4375, 2.0, 1.0, 1.3333333333333333, 4.0, 1.0, 1.0, 1.0, 1.0, 1.0, 1.8181818181818181, 2.0, 1.0, 1.106542341791501, 1.5, 1.0, 1.080220385674931, 2.0, 1.0, 1.0, 2.0, 1.1010739102969047, 1.5, 4.0, 1.5, 1.0, 1.0077821011673151, 1.4, 1.0, 1.8478260869565217, 2.0, 1.0283653057878341, 1.2835820895522387, 1.0, 1.7826086956521738, 1.3333333333333333, 1.375, 11.0, 1.0, 2.0, 1.0, 1.0, 1.0, 1.0, 1.6277372262773722, 2.6666666666666665, 1.3979591836734695, 3.3333333333333335, 1.0, 2.0, 1.3288590604026846, 1.2885032537960954, 1.085269670171177, 3.0, 1.0552256292166606, 1.1443298969072164, 1.0213097090865557, 2.533333333333333, 1.0282131661442007, 4.0, 2.3251533742331287, 2.0, 1.0343915343915344, 1.0024701146621127, 1.0, 1.0119247369698505, 1.0460666537492733, 1.1686046511627908, 1.0, 1.25, 1.0, 1.016304347826087, 2.0, 1.0, 1.5, 1.1915322580645162, 2.0, 1.0313234142521535, 1.0, 1.0, 1.2592592592592593, 1.625, 1.25, 1.0, 1.0, 5.5, 1.0, 1.0074173971679028, 1.0, 1.0, 1.0, 1.0, 1.0247762289997089, 1.0, 1.4, 1.2297637003519357, 1.0, 2.0, 1.0, 1.0, 1.0066173312091176, 1.2272727272727273, 69.0, 1.0, 2.0, 1.1313014531464907, 1.098281155282661, 1.0, 1.0, 1.2105263157894737, 2.0, 2.0, 1.6835443037974684, 1.2041587901701323, 1.0, 1.5760797342192692, 9.666666666666666, 1.0, 1.0, 1.1073170731707318, 1.1612903225806452, 2.0, 1.0, 1.1476868327402134, 1.072614135587336, 2.0, 1.2746386333771353, 2.3333333333333335, 1.0, 1.0, 2.0, 1.0141790160047421, 2.0, 1.0, 1.1186094069529653, 2.0, 1.0, 1.0758928571428572, 1.0, 1.0, 1.118881118881119, 1.3333333333333333, 1.0476190476190477, 1.5846994535519126, 1.0186011904761905, 1.0, 2.0, 2.0, 1.0, 1.0, 1.0719344623185398, 2.0, 1.0, 1.1421800947867298, 1.2113564668769716, 1.0, 1.0, 1.0, 1.0, 1.099337748344371, 2.0, 1.037213456385829, 1.0992708183329625, 1.3333333333333333, 2.6666666666666665, 1.0461095100864553, 2.0, 1.0, 1.0, 2.238095238095238, 1.0, 1.0, 2.0, 1.2413793103448276, 2.0833333333333335, 1.096985276933863, 1.0, 1.024390243902439, 1.0, 1.2025316455696202, 1.0, 1.0, 1.0, 2.0, 2.0, 1.010608165006179, 2.4705882352941178, 2.0, 1.1851851851851851, 1.0, 2.0, 2.0, 1.0517241379310345, 1.0, 1.1311475409836065, 1.4426229508196722, 3.0, 1.5, 1.0, 1.0050188205771644, 2.0, 7.666666666666667, 1.2604166666666667, 1.0, 1.002130451563103, 1.4779874213836477, 1.1379310344827587, 1.0, 2.0, 1.0, 2.0, 1.0, 2.0, 1.1528436018957346, 1.4, 1.1428571428571428, 2.0, 1.0, 1.1392215568862276, 2.0, 2.0, 6.0, 2.0, 1.1562130177514793, 2.0, 2.0, 1.3858921161825726, 3.0, 1.0589591367216602, 2.0, 1.0, 1.604551045510455, 1.0, 2.0, 1.1486486486486487, 5.0, 4.0, 1.1348314606741574, 1.9743589743589745, 1.2, 3.0, 1.125, 1.208, 1.0, 1.1576086956521738, 1.0, 1.588500563697858, 2.0, 1.75, 1.0833806507971173, 1.2, 1.0397095984918374, 1.4833333333333334, 1.0, 4.0, 1.2507122507122508, 1.0, 1.2881355932203389, 1.125, 1.3898305084745763, 1.0743919885550788, 1.0, 1.0, 1.0, 1.2736842105263158, 1.3333333333333333, 3.0, 1.0787808127914724, 2.0, 2.0, 2.0, 1.0, 1.0, 1.0, 2.0, 1.0, 1.0, 1.0, 1.0, 2.0, 1.093167701863354, 1.032001510891006, 1.5936842105263158, 1.0, 1.0, 1.5625, 1.0, 2.0, 3.0, 1.0, 1.0, 1.0, 2.0, 1.017630441441748, 1.0, 2.0, 1.0830388692579505, 1.0, 1.0, 1.0, 2.0, 1.5, 1.0, 1.0, 1.0, 1.0, 1.625, 2.0, 1.2023619533992977, 1.0, 1.0, 1.0, 1.0207618127555333, 1.0, 1.0, 1.0, 1.2894736842105263, 1.122068037073474, 2.0, 3.0, 1.7777777777777777, 1.1899791231732777, 1.0, 1.0, 1.3333333333333333, 2.0, 1.0, 1.1612598166193824, 1.0, 2.0, 1.0369983277591974, 4.0, 1.0, 1.0418643019179212, 1.0, 1.0814694759589412, 1.0, 1.0, 2.0, 1.1368876080691643, 1.0, 1.0, 1.0, 1.1428571428571428, 1.0, 1.0815950364110674, 1.001428198473517, 1.0, 3.0, 7.8, 3.0, 1.6, 2.0, 1.0, 1.0, 1.0421902445615456, 1.0, 1.0, 2.0, 6.888888888888889, 1.3523809523809525, 1.3375, 1.0440729483282676, 2.0, 1.1746987951807228, 1.3541666666666667, 1.8461538461538463, 2.0, 3.3333333333333335, 1.0, 1.0, 1.0, 1.0297029702970297, 1.0, 1.0576923076923077, 1.0, 3.0, 2.25, 2.0, 1.1224489795918366, 1.0, 5.0, 2.0, 1.0, 1.0985915492957747, 1.0, 2.0, 1.0, 1.2248803827751196, 1.105263157894737, 2.0, 1.1111111111111112, 29.0, 1.5, 1.3214285714285714, 1.0, 1.0, 2.0, 2.0, 2.0, 1.0381538461538462, 1.389873417721519, 1.0, 2.0, 1.0822784810126582, 1.1615001186802754, 1.0, 1.0, 1.160670731707317, 1.1328083989501312, 1.150943396226415, 1.2222222222222223, 3.0, 1.0, 1.4283582089552238, 8.5, 2.4615384615384617, 1.0, 1.0, 2.0, 1.1291220556745183, 1.0, 1.564516129032258, 1.0, 1.0, 1.0, 9.0, 2.6666666666666665, 2.0, 2.0, 1.1478680203045686, 1.162303664921466, 1.1555915721231766, 2.0, 1.0, 3.0, 2.0, 1.0, 1.0, 1.0, 1.0, 2.0, 1.0, 3.0, 1.5, 1.0349127182044888, 1.0, 1.1555221002418932, 1.0, 2.0, 1.5714285714285714, 1.357613711272248, 1.5, 1.5, 1.0, 2.0, 2.0, 1.6470588235294117, 1.084530853761623, 3.0, 1.0, 1.0, 1.0, 1.0, 2.0, 1.2615473441108545, 1.0, 1.0, 2.0, 2.0, 1.1385350318471337, 1.045938993017273, 1.0, 1.0, 1.0343137254901962, 1.103448275862069, 2.0, 1.2406417112299466, 1.0, 2.0, 1.0, 1.0, 2.0, 1.5, 1.0, 1.0, 1.136482939632546, 1.2582282374653952, 1.1818181818181819, 1.0, 1.2698412698412698, 1.0, 1.096774193548387, 1.0, 2.0, 1.0, 1.0734317490798528, 1.1578947368421053, 2.0, 1.0, 1.0027450980392156, 1.12051221619923, 1.0, 1.5, 2.0, 1.0496235455167693, 1.0, 1.0277777777777777, 1.0196078431372548, 1.1118327261207033, 1.9148936170212767, 1.1554976770378713, 1.0, 1.0695102685624012, 3.0, 1.0, 1.0, 1.0, 3.0, 1.1333333333333333, 2.0, 4.0, 1.0, 2.0, 1.0, 1.0, 1.0, 2.102272727272727, 4.0, 1.0, 2.0, 1.1003861003861004, 1.6666666666666667, 1.0, 1.0, 1.1004645760743321, 1.162442396313364, 1.0, 1.5, 1.0, 1.0, 1.0, 1.0, 1.1, 1.0, 3.0, 1.7655172413793103, 2.0, 1.0, 1.0, 1.5, 1.0, 1.0094438614900314, 1.0, 1.0, 1.0, 2.0, 1.0415162454873645, 1.0, 1.0, 1.0, 2.0, 1.0, 1.0, 1.0, 1.0, 1.0, 1.0, 1.0, 1.0, 1.1012307823346537, 2.0, 1.0, 1.0, 1.0, 1.0, 1.42, 1.0, 2.0, 5.0, 1.0, 1.0, 1.0, 3.0, 2.0, 1.0318302387267904, 1.0373500045800128, 2.0, 1.0816733067729083, 1.5, 1.094488188976378, 1.0, 1.1708829365079365, 1.0, 1.0, 1.0281831907398087, 1.0, 1.0, 2.0, 1.0746268656716418, 1.125, 1.0, 1.0211796606857129, 1.043294640652013, 1.2196531791907514, 1.25, 1.0, 2.0, 2.0, 1.0, 1.0, 2.0, 1.0, 3.0, 2.0, 1.0, 1.0, 1.0, 1.0513793976208554, 1.22, 2.0, 1.0, 1.3571428571428572, 1.069377990430622, 1.0, 2.0, 1.0090143053106015, 1.105263157894737, 1.3724696356275303, 1.0, 2.0, 1.0, 1.2, 1.8518518518518519, 1.0, 1.2562855113636364, 1.0, 2.0, 1.1945883193427398, 2.5, 1.080939947780679, 3.0, 1.0, 2.0, 1.0593471810089021, 1.0, 1.5, 1.0204778156996588, 1.0, 1.0, 1.0567587935582168, 1.0, 2.0, 1.0561330561330562, 1.3333333333333333, 1.0, 1.0, 1.3333333333333333, 1.1780415430267062, 1.0, 1.2229817708333333, 1.5, 1.0, 2.0, 1.0, 1.0, 1.0, 1.0, 2.0, 1.2083333333333333, 1.0, 1.0080489375402446, 1.3333333333333333, 1.073068781651081, 1.0, 2.0, 1.0, 1.0, 2.0, 1.826086956521739, 1.1666666666666667, 1.0, 1.0, 2.0, 1.5018450184501846]
origin-forest_39.80 	max: 69.0000	99th: 6.8967	95th: 3.0000	median: 1.0938	mean: 1.5781

...Done, result: results.csv

WORKLOAD-FINISHED | Type: QueryWorkload | Progress: 3/3 | Workload-time: 30.763955 | Model-update-time: 0.000000


Experiment Summary: #data-update-times=1, #drift=0 | total-time=65.234972