Input arguments = Namespace(data_update='tupleskew', update_size=100000, dataset='forest', debug=False, drift_test='js', model_update='adapt', model='transformer', end2end=False, query_seed=0, random_seed=42, num_workload=3)
JSON-passed parameters = {'data_updater': {'skew_ratio': '1e-3'}, 'random_seed': 15, 'transformer': {'epochs': 0}}
MODEL-PATH=/home/kangping/code_copy/SAUCE/models/end2end/transformer/origin-forest-2.0MB-model58.950-data19.148-300epochs-seed0.pt
DATASET-PATH=/home/kangping/code_copy/SAUCE/data/forest/end2end/forest.npy
Workloads: ['QueryWorkload', 'DataUpdateWorkload', 'QueryWorkload']

WORKLOAD-START | Type: QueryWorkload | Progress: 1/3
Going to run: ['python', '/home/kangping/code_copy/SAUCE/Naru/eval_model.py', '--dataset=forest', '--model=transformer', '--query_seed=0', '--end2end', '--eval_type=first_estimate', '--num_workload=3', '--data_update=tupleskew', '--model_update=adapt', '--random_seed=42']
Torch device: cuda:1
GET-MODEL-PATH=./models/end2end/transformer/origin-forest-2.0MB-model58.950-data19.148-300epochs-seed0.pt
ckpts [PosixPath('/home/kangping/code_copy/SAUCE/models/end2end/transformer/origin-forest-2.0MB-model58.950-data19.148-300epochs-seed0.pt')]
Validate Argument: DATASET="forest" is valid.
load_csv_dataset - forest (581012, 10)
Parsing... done, took 0.0s
Loading ckpt: /home/kangping/code_copy/SAUCE/models/end2end/transformer/origin-forest-2.0MB-model58.950-data19.148-300epochs-seed0.pt
query_seed:0
origin-forest_39.80 	max: 30.8333	99th: 4.0025	95th: 2.2788	median: 1.0070	mean: 1.3665
ReportEsts: [1.0, 1.0994799909563644, 1.0, 1.372093023255814, 1.3333333333333333, 1.0, 1.0878186968838528, 1.0, 1.1217391304347826, 1.0, 1.046875, 1.0, 1.0, 1.0, 2.0, 1.0778177282066335, 1.0, 1.1111111111111112, 1.0816326530612246, 1.0, 1.0, 3.0, 1.1111111111111112, 1.4, 1.4, 1.0, 1.091351045788581, 1.4444444444444444, 1.5, 2.0, 1.0, 1.1102514506769825, 1.0714285714285714, 1.0, 1.0689655172413792, 1.055063216353539, 1.0411373260738053, 1.0, 1.0748603351955308, 1.0, 2.0, 1.0, 1.8888888888888888, 1.0, 2.2777777777777777, 1.0517241379310345, 1.0, 2.0, 1.0, 1.0, 3.0, 1.1338020247469067, 1.0, 1.0, 18.0, 1.0603015075376885, 1.5167394468704511, 1.7, 1.0, 1.0, 1.033788395904437, 1.8, 1.0, 1.445662100456621, 1.1719745222929936, 1.0, 1.0257510729613735, 1.2178217821782178, 1.104417670682731, 1.0, 2.0, 1.0, 1.2060301507537687, 1.303885437506581, 1.25, 2.0, 1.0, 1.0, 1.0, 1.0, 1.0, 1.0, 1.0822157799236658, 3.5, 1.1538461538461537, 1.0, 1.0, 1.0, 1.2389703681532476, 1.0, 1.6, 1.3529411764705883, 1.0, 1.2669491525423728, 1.0, 1.0, 1.1036829950164093, 1.1572481572481572, 1.0, 1.0, 2.0, 1.0, 1.0, 1.0, 1.2344827586206897, 1.0, 1.0, 1.0, 1.0942028985507246, 1.0, 1.0845070422535212, 1.0, 1.0, 1.1111423747889702, 1.066326530612245, 2.0, 1.0, 2.0, 1.0, 1.0, 1.0, 2.0, 3.0, 1.0, 1.3684871311989957, 1.0, 1.0, 1.1111111111111112, 1.0, 1.0, 1.0, 1.040892656775963, 1.129058582061871, 1.0, 1.125, 1.0, 1.0, 2.0, 1.0192071924805886, 1.0476190476190477, 1.0718233192055182, 1.0, 1.0, 1.0, 1.0, 1.0530553893210985, 1.0, 1.2666666666666666, 1.7777777777777777, 1.0, 1.0, 1.0, 1.0, 1.0, 1.0, 1.3333333333333333, 1.0, 1.0, 1.0, 2.3333333333333335, 1.7777777777777777, 1.0, 1.029482454734818, 4.0, 1.008739818797474, 1.0, 1.3333333333333333, 2.0, 1.2928802588996764, 1.0, 1.0, 1.0, 1.0075757575757576, 1.2083333333333333, 1.0, 1.0, 1.163716814159292, 1.0, 1.051685393258427, 1.0, 7.642857142857143, 1.0, 1.0, 1.152625307808404, 1.0, 1.0795660036166366, 1.0, 1.0, 1.34375, 1.0572014538956687, 1.0, 1.0630252100840336, 2.3, 1.0, 1.0, 1.0, 1.0, 1.1666666666666667, 1.125, 1.3323848479459364, 1.12065698041693, 1.3333333333333333, 1.0, 1.0, 2.0, 3.0, 1.0846153846153845, 1.0, 1.0, 1.0, 1.0, 1.1724137931034482, 1.0, 1.3333333333333333, 1.0, 1.0, 1.0, 1.0336538461538463, 1.0, 1.0, 1.0, 1.2399425287356323, 1.5, 1.0, 2.090909090909091, 1.0, 1.175, 1.0, 1.511737089201878, 1.0, 1.0, 1.0, 1.2222222222222223, 2.0, 1.2682926829268293, 1.0, 2.0, 1.0, 1.080884838922609, 1.0346052631578948, 1.0, 2.0, 1.5, 1.0416508898144643, 1.1073446327683616, 1.5, 1.0, 1.011111111111111, 1.0, 1.1832191780821917, 1.0, 1.6666666666666667, 1.1666666666666667, 1.0, 1.4088235294117648, 1.203788748564868, 2.357142857142857, 2.0, 1.3130193905817173, 1.1349862258953167, 2.0, 1.0, 1.0822064056939502, 1.25, 2.0, 1.0, 1.1428571428571428, 1.0, 1.0, 1.0, 1.2105263157894737, 1.5, 1.1598474341192788, 2.0, 1.0, 1.038818632943813, 1.8, 1.0, 1.0869565217391304, 1.0, 1.0, 1.0, 1.3333333333333333, 1.0, 1.0, 1.0, 2.0, 1.0, 30.833333333333332, 1.0, 1.1111111111111112, 1.0, 1.0, 2.0, 1.0, 1.0256709451575263, 1.0172413793103448, 1.0029695619896066, 1.5056179775280898, 1.0, 1.4, 1.0, 1.0, 3.0, 1.0, 1.2518518518518518, 1.0, 2.0, 1.0, 1.173913043478261, 1.0, 1.0, 1.0833333333333333, 1.5, 1.0, 1.0, 1.0, 1.0, 1.0, 3.6, 1.0, 1.0, 1.2853290183387271, 1.5, 1.0, 1.000598014591556, 1.0, 1.0, 1.0, 1.0, 1.193633952254642, 2.0, 3.0, 1.0, 1.6666666666666667, 1.12565445026178, 1.0, 1.1, 2.298780487804878, 1.0, 1.3246885329265192, 1.0373831775700935, 1.0, 1.5217391304347827, 1.5, 1.0, 1.6, 3.0, 1.0, 1.0, 1.0, 1.0, 1.0, 2.2155172413793105, 11.0, 1.4444444444444444, 6.0, 1.0, 1.0, 2.0, 1.0869565217391304, 1.1, 1.5909090909090908, 1.08117737338303, 1.1490508964973039, 1.4703362944162437, 1.0320283507739627, 1.03515625, 1.0, 1.9189189189189189, 2.0, 1.1688082640463593, 1.0018132285293198, 1.0, 1.0182259872928865, 1.0190874438186266, 1.1100013028184306, 1.0, 1.6666666666666667, 2.0, 1.0126582278481013, 1.0, 1.0, 1.0317919075144508, 2.8333333333333335, 1.0, 3.4, 1.0, 1.1358564535585043, 1.0, 2.6, 1.1666666666666667, 1.0, 1.0, 4.25, 1.0, 1.020440251572327, 1.0, 1.0, 1.0, 1.0, 1.018539839990553, 1.0, 2.0, 1.0239130434782608, 1.4247191011235956, 1.2238267148014441, 1.4246898995865327, 1.2387387387387387, 1.103551455134827, 1.1651917404129795, 1.7727272727272727, 1.0, 1.0, 1.1241147968691763, 1.1034443247702637, 1.0, 1.3636363636363635, 1.0, 1.0, 1.0, 1.0, 1.0, 1.0, 1.0, 1.1161659513590845, 2.5, 1.1628303495311167, 1.0, 1.0, 1.0, 1.0377358490566038, 1.0976427750095823, 2.5, 1.2649310872894335, 2.3333333333333335, 1.0, 1.0, 1.0, 1.0727872327895884, 2.0, 1.0, 1.0713429256594724, 1.0, 1.5833333333333333, 1.0, 1.0, 1.0, 1.0497524031459364, 1.0, 1.0, 2.0, 1.3333333333333333, 1.2987012987012987, 1.002962962962963, 1.75, 1.0, 1.0, 1.2195121951219512, 1.25, 2.0, 1.054428754813864, 1.0, 1.4444444444444444, 1.0, 1.0, 1.0909090909090908, 2.0, 1.0, 3.0, 1.0254607356968397, 1.0591806111313204, 1.4324324324324325, 1.3666666666666667, 1.0, 1.0, 1.5, 1.0, 1.1315014720314034, 1.3714285714285714, 1.5, 1.0, 1.4261992619926198, 1.0401069518716577, 1.0, 1.037971250339029, 1.4, 1.0, 1.039527376170639, 2.5, 1.0008203445447088, 1.0, 1.0, 1.0, 1.012254329257211, 1.7142857142857142, 2.0, 1.2, 1.0, 2.0, 1.0, 1.5, 1.0, 1.0066225165562914, 1.137780894772216, 2.0, 1.0, 1.0, 1.0, 2.0, 20.0, 1.2560975609756098, 1.0, 1.0757877086257994, 1.2571428571428571, 1.12, 1.0, 4.0, 1.0, 1.0, 1.0273765535774269, 1.5, 4.0, 1.1198377581120944, 1.4, 1.0, 1.0281792572680575, 1.0, 1.75, 1.0, 2.0, 1.0, 1.2340823970037453, 1.0, 1.0, 1.4285714285714286, 1.0465976858312693, 1.3693693693693694, 1.1527777777777777, 1.1578947368421053, 1.4109589041095891, 1.0, 1.6521739130434783, 1.062111801242236, 1.0, 1.0, 1.1538461538461537, 1.4006849315068493, 2.5, 2.0, 1.1428571428571428, 1.1714285714285715, 1.0, 1.230263157894737, 1.0, 1.5889328063241106, 1.0, 2.4, 1.0489525142425644, 6.0, 1.0193407249042907, 2.0, 1.0, 3.0, 1.0, 1.0, 2.0, 1.0907901622187337, 1.0, 1.0, 1.0, 1.0, 1.0, 1.1538461538461537, 2.0, 1.5454545454545454, 1.0, 1.0, 2.0, 1.0, 1.0, 1.0, 1.0, 1.0, 1.0, 1.0, 1.0, 2.0, 1.9266666666666667, 1.06, 1.5, 1.175, 1.0, 1.0, 1.0, 1.036860001943068, 2.642857142857143, 1.0, 1.0, 1.0, 1.0, 1.0076450189155106, 1.0, 1.0, 1.0547945205479452, 1.0833965125094769, 1.1914893617021276, 2.0, 1.0, 1.0, 1.0, 1.542857142857143, 2.0, 1.0, 1.0, 1.795417348608838, 2.0, 1.063124335812965, 1.0, 1.0, 1.0720606060606062, 1.0, 1.0, 1.0, 1.3548387096774193, 1.0765480678833461, 1.0, 2.0, 1.625, 1.332425068119891, 1.0, 1.0, 1.5, 1.0, 1.0, 1.0653638814016173, 1.0, 2.0, 1.0290385553928745, 1.0, 1.0, 1.0572139303482586, 1.0, 1.121185260225402, 1.0, 1.0, 1.0764462809917354, 1.0340674466620785, 6.666666666666667, 1.5476190476190477, 1.0, 1.0, 1.3333333333333333, 1.0343710493046776, 1.0, 1.0, 1.0, 1.0, 1.1, 1.0, 1.0, 2.0, 1.184065934065934, 1.0, 2.0, 1.0, 1.5, 1.0, 1.2, 1.13, 1.0, 1.0, 1.0, 1.0, 1.0, 1.0, 1.2, 1.0, 1.0, 1.0, 1.0, 1.0, 2.0, 1.0459057071960298, 1.1566265060240963, 1.0, 2.0, 1.5, 1.10431654676259, 1.0, 1.0, 1.0, 2.0, 1.0, 1.0057997557997558, 1.0108695652173914, 1.1379310344827587, 1.0893525949705725, 1.0, 1.1304347826086956, 1.0, 1.08, 1.0, 1.0, 1.0, 1.0, 1.0, 1.1002178649237473, 1.375, 1.0, 4.0, 1.1111111111111112, 1.1647569251307153, 1.0, 1.0, 1.2558676414005387, 1.140754369825207, 1.1940298507462686, 1.0, 1.0, 1.0, 1.04520098790666, 2.0, 1.5, 1.0, 1.0, 1.5, 1.0797186400937866, 1.0, 1.0, 1.1333333333333333, 2.0, 1.0, 1.5, 1.2333333333333334, 1.0, 1.2104922279792747, 1.0073051948051948, 1.0, 1.0, 1.0, 3.0, 1.0, 1.0, 1.0, 1.0, 1.0, 2.0, 1.0, 2.0, 3.0, 1.0980392156862746, 1.0, 1.0180212868892113, 1.0, 1.0, 1.1111111111111112, 1.0327552986512525, 1.5, 1.0, 1.0, 1.0, 1.0, 1.6785714285714286, 1.383248730964467, 3.0, 1.0, 1.0, 1.0, 1.0, 1.0, 1.0685071574642127, 1.0, 1.0, 1.0, 1.0, 1.2028301886792452, 1.02468085106383, 1.0, 1.0, 1.029585798816568, 1.0416666666666667, 2.0, 1.2891566265060241, 1.0, 1.0, 1.0, 1.0, 1.0, 1.3333333333333333, 1.0, 1.0, 1.0972644376899696, 1.1062748212867355, 1.3333333333333333, 1.0, 1.0, 1.0, 1.0, 1.6, 1.0, 1.0, 1.0843806104129263, 1.0, 1.0, 3.3, 1.5, 18.0, 1.0, 1.9049180327868853, 1.0, 1.0, 3.0, 1.0, 1.0740740740740742, 1.087837837837838, 1.0, 1.0921052631578947, 1.0, 1.2045454545454546, 1.0, 1.0, 2.0, 1.2857142857142858, 1.0, 1.0, 1.0, 2.0, 1.0638297872340425, 1.0, 1.0, 1.1138582477494612, 1.0409372596915005, 1.0, 1.0, 1.0, 1.0326386850601703, 1.0, 3.2566844919786098, 1.0, 1.0690250215703192, 2.0, 1.0, 1.1538461538461537, 1.75, 1.6666666666666667, 1.082534611288605, 1.0, 2.25, 1.0, 2.5, 1.0, 1.0, 2.0, 1.0, 2.0, 2.5, 1.0, 1.0, 1.3333333333333333, 1.0, 1.0, 1.0, 4.0, 1.0, 1.3333333333333333, 1.0, 1.0, 1.0, 1.0, 1.0, 1.0, 1.0, 1.0, 1.0067567567567568, 2.0, 1.0, 1.0, 1.0, 1.0, 1.024390243902439, 2.0, 1.0, 1.2874913614374568, 1.0, 1.2616303883909519, 1.0, 1.3718897108271688, 1.0, 1.2647058823529411, 1.4285714285714286, 2.1666666666666665, 1.0, 1.0, 1.0, 1.1159235668789809, 1.0, 1.0, 1.0045924225028702, 1.0, 1.0, 1.0, 2.0, 1.0332762792893821, 1.0, 3.25, 1.0, 1.0377358490566038, 1.0, 1.0, 1.0, 1.0, 1.0, 1.0, 1.0, 1.0, 2.0, 2.0, 1.0, 1.0, 1.0, 1.0843740481267135, 1.0162727272727272, 1.0, 1.0, 1.3333333333333333, 1.0621468926553672, 1.0, 2.0, 1.0674041970802919, 1.125, 1.6235294117647059, 1.0, 1.0, 1.0, 1.2, 1.4, 1.0, 1.2323483797241042, 1.0, 1.0, 1.253753280839895, 1.0, 3.4285714285714284, 1.0, 1.0, 1.1666666666666667, 1.01067615658363, 1.0, 1.5, 1.6888888888888889, 1.0230473537604456, 1.0, 1.7142857142857142, 2.0, 1.0, 1.1162143354210161, 2.0, 1.75, 1.0, 1.196078431372549, 1.0, 1.8584527220630374, 1.5, 1.0, 1.0, 1.0, 1.0, 1.0, 1.0, 2.0, 1.275, 1.0, 1.1149957877000842, 1.0, 1.031144331731625, 1.0, 1.0, 1.0, 1.0, 1.0, 1.0724637681159421, 1.0326258749153308, 2.0, 1.135483870967742, 1.0, 1.1119354418846805, 1.0344827586206897, 2.0, 1.076271186440678, 1.275, 1.0, 1.0, 1.0, 1.2179176755447942, 1.0, 1.0, 1.2463235294117647, 2.0, 1.0]
origin-forest_39.80 	max: 30.8333	99th: 4.0025	95th: 2.2788	median: 1.0070	mean: 1.3665

...Done, result: results.csv

WORKLOAD-FINISHED | Type: QueryWorkload | Progress: 1/3 | Workload-time: 30.069194 | Model-update-time: 0.000000


WORKLOAD-START | Type: DataUpdateWorkload | Progress: 2/3
Going to run: ['python', '/home/kangping/code_copy/SAUCE/Naru/eval_model.py', '--model=transformer', '--data_update=tupleskew', '--dataset=forest', '--drift_test=js', '--end2end', '--update_size=100000', '--query_seed=0', '--eval_type=drift']
Torch device: cuda:1
GET-MODEL-PATH=./models/end2end/transformer/origin-forest-2.0MB-model58.950-data19.148-300epochs-seed0.pt
GET-DATASET-PATH=./data/forest/end2end/forest.npy
TupleSkewSample - START
0.001
TupleSkewSample - END
load_npy_dataset_from_path - df.shape = (681012, 10)
Parsing... done, took 0.1s
Data updated!
Previous data size: (581012, 10), new data size: (100000, 10)
[2.24113464e-05 2.92062759e-06 1.82390213e-05 8.91685486e-05
 1.15692616e-04 1.02519989e-05 7.15255737e-07 3.15904617e-05
 3.88026237e-05 6.68764114e-05]
Distance score: 3.966689109802246e-05
SAUCE Drift detection: True
Detection latency: 0.0663s

DRIFT-DETECTED after 2-th workload
Going to run: ['python', '/home/kangping/code_copy/SAUCE/Naru/incremental_train.py', '--dataset=forest', '--end2end', '--model=transformer', '--model_update=adapt', '--update_size=100000', '--epochs=0']
Torch device: cuda:1
GET-MODEL-PATH=./models/end2end/transformer/origin-forest-2.0MB-model58.950-data19.148-300epochs-seed0.pt
update_size: 100000
AdaptTask - START
GET-DATASET-PATH=./data/forest/end2end/forest.npy
load_npy_dataset_from_path - df.shape = (681012, 10)
Parsing... done, took 0.1s
done, took 0.1s
dataset size: 681012
train data shape: torch.Size([100000, 10]), transfer data shape:torch.Size([20000, 10])
Training done; evaluating likelihood on full data:
Epoch None Iter 0, test loss 37.6329 nats / 54.2928 bits
Saved to: /home/kangping/code_copy/SAUCE/models/end2end/transformer/origin-forest-2.0MB-model58.950-data19.148-300epochs-seed0.pt
AdaptTask - END

WORKLOAD-FINISHED | Type: DataUpdateWorkload | Progress: 2/3 | Workload-time: 4.239249 | Model-update-time: 5.647309


WORKLOAD-START | Type: QueryWorkload | Progress: 3/3
Going to run: ['python', '/home/kangping/code_copy/SAUCE/Naru/eval_model.py', '--dataset=forest', '--model=transformer', '--end2end', '--query_seed=0', '--eval_type=estimate', '--num_workload=3', '--data_update=tupleskew', '--model_update=adapt', '--random_seed=42']
Torch device: cuda:1
GET-MODEL-PATH=./models/end2end/transformer/origin-forest-2.0MB-model58.950-data19.148-300epochs-seed0.pt
ckpts [PosixPath('/home/kangping/code_copy/SAUCE/models/end2end/transformer/origin-forest-2.0MB-model58.950-data19.148-300epochs-seed0.pt')]
Validate Argument: DATASET="forest" is valid.
data size: 681012, total size: 681012, split index: [567510 681012]
Parsing... done, took 0.1s
Loading ckpt: /home/kangping/code_copy/SAUCE/models/end2end/transformer/origin-forest-2.0MB-model58.950-data19.148-300epochs-seed0.pt
query_seed:0
origin-forest_39.80 	max: 204.0000	99th: 189.0000	95th: 165.1000	median: 1.0455	mean: 13.9701
ReportEsts: [1.0, 1.1352427921092565, 1.0, 1.1568627450980393, 1.1428571428571428, 1.0, 1.024, 1.0, 1.002906976744186, 1.0, 1.1044776119402986, 162.0, 1.0, 2.0, 1.2835820895522387, 1.0595238095238095, 1.0, 197.0, 3.7857142857142856, 37.8, 1.0, 91.5, 1.0, 1.0, 1.2556962025316456, 1.0, 1.7596418732782368, 1.3333333333333333, 1.0, 1.2857142857142858, 1.3333333333333333, 1.0, 1.0, 1.0, 1.0, 2.0, 1.0, 171.0, 1.0, 3.0, 1.0, 1.0, 1.2941176470588236, 1.0, 2.835227272727273, 1.1147540983606556, 1.0, 1.0, 1.0, 1.0, 3.0, 1.1371164091314514, 1.0, 1.0, 1.5, 1.099526066350711, 1.195436507936508, 1.36, 1.0, 91.0, 1.012779552715655, 10.0, 152.0, 1.0, 1.0, 1.7272727272727273, 1.078690240781668, 1.4285714285714286, 2.0, 169.0, 176.0, 1.2015384615384614, 1.0509830914574554, 1.7333333333333334, 1.0, 1.9506172839506173, 1.0, 1.0, 1.0, 1.0, 172.0, 1.0, 1.0, 1.0194769347548562, 3.5, 2.888888888888889, 1.0, 1.0, 1.3333333333333333, 1.0068831897211032, 1.0, 172.0, 156.0, 1.0112113947257086, 1.3409090909090908, 1.4864864864864864, 1.0, 1.0, 1.0, 202.0, 1.0, 1.0, 1.0980902777777777, 2.1666666666666665, 2.0, 1.0, 1.0, 1.0, 1.1100789004835836, 2.0, 1.0, 1.3506493506493507, 1.0, 1.0, 1.0, 1.0, 1.0, 1.0, 1.0, 1.0, 1.0, 1.071656050955414, 1.0, 1.0, 1.0, 3.0, 1.0, 1.2483698873740368, 1.1428571428571428, 1.0, 17.2, 1.0, 1.0, 1.0, 1.0035022862146123, 1.1477432927755005, 1.0, 1.625, 1.0, 1.0, 2.0, 1.2943177951684246, 1.4603174603174602, 1.0682280159080866, 1.0, 1.0, 1.6666666666666667, 1.0, 1.0627444862394333, 1.0, 1.3, 1.0208333333333333, 1.1538461538461537, 1.5609756097560976, 1.0, 1.0, 1.0, 1.0, 1.3333333333333333, 1.0, 1.0, 1.0, 2.0, 1.4545454545454546, 2.0, 1.5968992248062015, 4.0, 1.002063139865312, 1.0, 1.25, 1.0, 1.2524271844660195, 1.0, 1.0, 169.0, 1.0, 1.0416214603450147, 1.0605809128630705, 1.0, 1.0860816098378983, 179.0, 1.1063501849568433, 1.0, 3.0, 1.0, 1.0, 1.0, 3.0, 1.0, 1.1514535792435137, 1.0, 1.0, 9.818181818181818, 1.0488855224299782, 1.0, 1.0588235294117647, 1.1785123966942148, 2.0, 2.0, 178.0, 1.110814327785768, 1.0, 1.0, 183.0, 1.0, 1.0555555555555556, 1.0, 1.0, 1.0, 1.0, 3.515625, 1.75, 3.1, 1.0952380952380953, 1.0, 147.0, 1.0862068965517242, 1.0, 1.0, 1.0, 1.0, 167.0, 20.875, 1.0, 1.2, 1.2727272727272727, 1.0, 1.0, 1.0269775948788293, 1.1539483093267955, 1.0740740740740742, 1.0, 1.6079734219269104, 1.0, 176.0, 1.0, 1.0, 1.1, 161.0, 1.0384615384615385, 1.0, 2.0, 2.0, 1.0351822140728857, 1.2810251009303142, 1.0, 1.5, 161.0, 1.0, 2.0, 8.384615384615385, 1.0, 1.1717032967032968, 2.0, 18.0, 162.0, 1.6666666666666667, 1.0211640211640212, 1.0, 1.6548387096774193, 1.1392640894271076, 2.357142857142857, 2.0, 1.196969696969697, 1.1067961165048543, 2.0, 1.0, 1.3269207861822514, 14.583333333333334, 2.0, 1.0, 1.0, 1.0, 1.0, 1.0, 1.4210526315789473, 1.0, 1.1147158058655593, 1.4328358208955223, 1.0, 11.294117647058824, 1.0, 1.0677966101694916, 1.1904761904761905, 1.0, 1.0, 1.5, 1.3888888888888888, 1.0588235294117647, 1.0174181278411727, 2.0, 5.375, 1.0, 3.6, 1.2226450999048526, 1.0, 1.4774436090225564, 162.0, 1.206896551724138, 1.0, 1.0, 1.28, 2.5, 1.0, 1.0, 1.3821138211382114, 1.0, 3.0, 1.0, 1.0, 1.0416666666666667, 1.0, 1.3333333333333333, 1.0, 1.0, 1.148936170212766, 1.0, 1.0, 1.3333333333333333, 165.0, 1.0, 1.0, 1.0, 1.0, 1.0, 1.8, 1.0, 1.0, 1.0476457399103138, 1.5, 1.0, 1.095432078648634, 185.0, 1.0, 1.0, 1.0, 1.0235017626321974, 1.0, 3.0, 168.0, 1.0, 2.542483660130719, 75.5, 1.1136363636363635, 2.8109756097560976, 2.0, 1.6581986143187066, 1.0360360360360361, 1.0, 6.6, 1.0, 1.1428571428571428, 10.0, 174.0, 1.0, 1.0, 1.0, 1.0, 1.0, 1.0689655172413792, 2.75, 1.8271604938271604, 3.8333333333333335, 1.0, 172.0, 1.4338235294117647, 1.317829457364341, 1.0595016205938934, 3.0, 1.7984189723320159, 1.3333333333333333, 1.1143732448302273, 1.6923076923076923, 1.2100456621004567, 171.0, 1.119718309859155, 1.0, 6.407407407407407, 1.0221555074588657, 1.0, 1.0215606406346633, 1.025428413488115, 1.1267996784330923, 1.0, 1.25, 2.0, 1.16875, 188.0, 2.0, 1.5, 1.141747572815534, 190.0, 2.8488372093023258, 1.0, 1.0, 1.024390243902439, 2.5, 1.5, 1.0, 1.0, 4.25, 1.0, 1.0973630831643002, 1.0, 1.0, 1.0, 1.0, 1.0056448325695722, 1.0, 25.285714285714285, 1.1442605997931747, 1.0, 2.0, 1.0, 1.0, 1.0185451455834778, 10.222222222222221, 1.1515151515151516, 1.0, 1.0, 1.1286358376890238, 1.1056641271944352, 1.0, 1.1818181818181819, 173.0, 2.0, 1.0, 1.1224489795918366, 1.169696361858436, 1.0, 1.863430420711974, 12.666666666666666, 1.0, 1.0, 2.395121951219512, 1.1, 194.0, 1.0, 1.1021303258145363, 1.0582956079739496, 1.6666666666666667, 1.4640122511485452, 1.6470588235294117, 1.0, 1.0, 1.0, 1.0444911992610457, 2.0, 1.0, 1.8758992805755397, 172.0, 1.0, 1.2962962962962963, 1.0, 1.0, 1.0746268656716418, 1.3333333333333333, 1.411764705882353, 1.0, 1.1465741543798786, 1.0, 171.0, 2.0, 1.0, 1.0, 1.1255640499720305, 1.0, 1.0, 1.208232445520581, 1.5443037974683544, 1.0, 1.0, 1.0, 1.0, 2.25, 177.0, 1.1231008959875342, 1.0764042330503547, 1.3333333333333333, 2.0, 4.254237288135593, 1.0, 1.0, 1.0, 1.9, 1.0, 1.0, 1.0, 1.3846153846153846, 1.5, 1.1732406186308597, 1.0, 175.0, 1.0, 1.0126582278481013, 1.0, 1.0, 1.0, 1.0, 1.0, 1.019524514112163, 2.0, 2.0, 1.4, 1.0, 90.0, 178.0, 1.5961538461538463, 1.0, 1.4701986754966887, 1.8943089430894309, 2.0, 1.5, 1.0, 1.2040816326530612, 168.0, 20.0, 1.0957446808510638, 1.0, 1.1143192909723016, 3.3285714285714287, 1.32, 1.0, 169.0, 1.0, 1.0, 1.0, 189.0, 1.0084235860409145, 3.3043478260869565, 1.5, 2.0, 1.0, 1.2844531633153506, 1.0, 175.0, 1.0, 162.0, 1.0301624129930393, 173.0, 1.0, 1.2462311557788945, 2.0, 1.0557439363142034, 1.0, 1.0, 1.1678556441460344, 1.0, 1.0, 1.3206106870229009, 2.783505154639175, 53.333333333333336, 2.494949494949495, 1.1181744091279544, 1.0, 2.0, 1.0, 1.0165289256198347, 1.0, 1.0218579234972678, 1.0, 1.2008961911874534, 1.0, 2.4, 1.1136311538409676, 1.4, 1.0522301228183581, 1.125, 1.0, 3.0, 20.4, 1.0, 1.5294117647058822, 1.0625, 86.5, 1.1809491293956982, 1.0, 1.0, 1.0, 1.0293398533007334, 1.1666666666666667, 1.0759545417382061, 1.223195109862878, 1.0, 162.0, 1.0, 1.0, 1.0, 1.0, 1.0, 1.0, 1.0, 1.0, 1.0, 2.0, 1.5, 1.1343144125204392, 1.4273127753303965, 1.0, 1.0, 1.1764705882352942, 1.0, 160.0, 174.0, 1.0, 1.0, 1.0, 1.0, 1.0446927374301676, 1.0, 87.0, 1.1345693779904307, 1.0, 1.0, 1.0, 1.5, 1.5, 1.0, 1.0, 1.0, 1.0, 1.5714285714285714, 6.0, 1.2030312598673825, 1.5, 1.0, 1.0, 1.0474580935916953, 1.0, 1.0, 1.0, 1.105263157894737, 1.1186241539312929, 1.0, 3.0, 1.3, 1.5210280373831775, 1.0, 1.0, 1.5, 1.0, 1.0, 1.0329430197080893, 1.0, 2.0, 1.0164185639229422, 1.0, 1.0, 1.0757233273056057, 1.0, 1.1169910343319485, 1.0, 1.0, 177.0, 1.0586466165413533, 1.0, 1.0, 1.0, 1.1428571428571428, 1.0, 1.069169940309168, 1.038390653796895, 1.0, 204.0, 5.625, 1.0, 1.4, 1.6666666666666667, 1.0, 1.0, 1.058667676003028, 1.0, 1.0, 19.625, 1.0091743119266054, 1.1203703703703705, 6.967741935483871, 1.134125636672326, 1.0, 1.0721311475409836, 1.725, 1.75, 168.0, 2.3333333333333335, 1.0, 1.0, 1.0, 1.2222222222222223, 1.0, 1.2793296089385475, 1.0, 185.0, 1.4285714285714286, 176.0, 2.0100334448160537, 1.0, 183.0, 1.0, 1.0, 1.0144927536231885, 1.0, 1.0, 1.0, 1.1917392951875712, 1.1414141414141414, 2.0, 1.2857142857142858, 1.1219512195121952, 1.0, 1.4, 1.0, 1.1666666666666667, 167.0, 1.0, 170.0, 1.0050088391278726, 7.75, 1.0, 2.0, 1.2814814814814814, 1.1851637764932563, 1.0, 1.0, 1.0697961704756023, 1.0110414052697616, 1.2388059701492538, 1.3333333333333333, 189.0, 1.0, 1.6075221238938053, 1.1356898517673888, 4.461538461538462, 1.0, 1.0, 1.0, 1.091884722054745, 1.0, 2.75, 1.0, 1.0, 1.1818181818181819, 30.333333333333332, 1.6666666666666667, 2.0, 1.0, 1.1253442836396415, 1.5701357466063348, 1.2783616275936405, 1.0, 1.0, 3.0, 168.0, 1.0, 1.0, 1.0, 1.0, 2.0, 1.0, 2.0, 1.5, 1.319327731092437, 1.0, 1.0145000588067274, 1.0, 5.0, 1.5, 1.0186396337475474, 1.5, 1.0, 1.0, 1.0, 1.0, 1.5714285714285714, 1.3045871559633027, 3.0, 1.0, 1.0, 1.0, 1.0, 1.0, 2.970873786407767, 1.0, 1.0, 202.0, 1.0, 1.3415094339622642, 1.1066044508255564, 1.0, 1.0, 1.2126436781609196, 6.793103448275862, 2.0, 1.6325301204819278, 1.0, 1.0, 1.0, 1.0, 1.0, 1.4545454545454546, 1.0, 1.0, 1.1540229885057471, 1.2946343021398914, 1.0909090909090908, 1.0, 26.125, 1.0, 1.037037037037037, 1.0, 1.5, 1.0, 1.017821926813235, 1.2222222222222223, 1.0, 1.0, 1.0571321882001494, 1.0783012607830127, 1.0, 3.0, 189.0, 1.096133751306165, 1.0, 1.0385201110812505, 1.8333333333333333, 1.0833987749332497, 3.2564102564102564, 1.0681596250244125, 1.0, 1.2114467408585055, 3.0, 1.0, 1.0, 1.0, 2.0, 1.3571428571428572, 164.0, 189.0, 1.0, 194.0, 1.0, 1.0, 1.0, 2.925233644859813, 3.0, 1.0, 102.0, 1.2296296296296296, 1.3275862068965518, 1.0, 1.0, 1.017104459376909, 1.578099838969404, 1.0, 1.8, 1.0, 1.0, 1.0, 2.0, 1.1111111111111112, 1.0, 2.5454545454545454, 3.978723404255319, 160.0, 1.0, 1.6666666666666667, 2.163793103448276, 1.0, 1.1075227963525835, 1.0, 1.0, 1.0, 179.0, 1.1576086956521738, 1.0, 1.0, 1.0, 1.0, 1.0, 1.0, 1.0, 1.0, 1.0, 1.0, 1.0, 1.0, 1.0038014871752026, 2.0, 1.0, 1.0, 1.0, 1.0, 1.6796536796536796, 1.0, 1.0, 5.0, 1.0, 1.0, 1.0, 2.0, 1.0, 1.5918367346938775, 1.0436958086294938, 179.0, 1.1082910321489001, 1.5, 1.0642201834862386, 1.0, 1.1001526717557253, 1.0, 1.0, 1.2409456740442657, 1.0, 1.0, 184.0, 36.2, 160.0, 1.0, 1.0072531501128943, 1.0632364780794847, 1.381578947368421, 7.518518518518518, 1.0, 23.75, 1.0, 1.0, 1.0, 146.0, 1.0, 2.0, 2.0, 1.0, 1.0, 1.0, 1.0092775853537852, 1.4567901234567902, 1.0, 1.0, 1.0666666666666667, 1.1143617021276595, 1.0, 2.0, 1.0179572785323003, 1.1111111111111112, 1.4021739130434783, 1.0, 1.0, 1.0, 1.2, 2.2222222222222223, 1.0, 1.2498732343353858, 1.0, 1.0, 1.2320243362831858, 32.833333333333336, 1.55625, 165.0, 1.0, 2.0, 1.1459074733096086, 1.0, 1.5, 1.704225352112676, 1.0, 1.0, 1.0462751133480304, 1.0, 2.0, 1.2427184466019416, 1.6666666666666667, 1.0, 1.0, 2.0, 1.0698412698412698, 1.0, 1.048472607927291, 1.5, 1.0, 1.0, 1.0, 1.0, 1.0, 1.0, 2.0, 1.0851063829787233, 1.0, 1.3598253275109171, 1.0, 1.083089664190625, 1.0, 1.0, 1.0, 1.0, 1.0, 18.2, 1.0285714285714285, 1.0, 1.0, 2.0, 1.3157894736842106]
origin-forest_39.80 	max: 204.0000	99th: 189.0000	95th: 165.1000	median: 1.0455	mean: 13.9701

...Done, result: results.csv

WORKLOAD-FINISHED | Type: QueryWorkload | Progress: 3/3 | Workload-time: 30.599806 | Model-update-time: 0.000000


Experiment Summary: #data-update-times=1, #drift=1 | total-time=70.685207