Input arguments = Namespace(data_update='tupleskew', update_size=100000, dataset='forest', debug=False, drift_test='js', model_update='adapt', model='transformer', end2end=False, query_seed=0, random_seed=42, num_workload=3)
JSON-passed parameters = {'data_updater': {'skew_ratio': '1e-3'}, 'random_seed': 68, 'transformer': {'epochs': 0}}
MODEL-PATH=/home/kangping/code_copy/SAUCE/models/end2end/transformer/origin-forest-2.0MB-model58.950-data19.148-300epochs-seed0.pt
DATASET-PATH=/home/kangping/code_copy/SAUCE/data/forest/end2end/forest.npy
Workloads: ['QueryWorkload', 'DataUpdateWorkload', 'QueryWorkload']

WORKLOAD-START | Type: QueryWorkload | Progress: 1/3
Going to run: ['python', '/home/kangping/code_copy/SAUCE/Naru/eval_model.py', '--dataset=forest', '--model=transformer', '--query_seed=0', '--end2end', '--eval_type=first_estimate', '--num_workload=3', '--data_update=tupleskew', '--model_update=adapt', '--random_seed=42']
Torch device: cuda:1
GET-MODEL-PATH=./models/end2end/transformer/origin-forest-2.0MB-model58.950-data19.148-300epochs-seed0.pt
ckpts [PosixPath('/home/kangping/code_copy/SAUCE/models/end2end/transformer/origin-forest-2.0MB-model58.950-data19.148-300epochs-seed0.pt')]
Validate Argument: DATASET="forest" is valid.
load_csv_dataset - forest (581012, 10)
Parsing... done, took 0.0s
Loading ckpt: /home/kangping/code_copy/SAUCE/models/end2end/transformer/origin-forest-2.0MB-model58.950-data19.148-300epochs-seed0.pt
query_seed:0
origin-forest_39.80 	max: 66.0000	99th: 4.2625	95th: 2.3345	median: 1.0074	mean: 1.4383
ReportEsts: [1.0, 1.159674882013634, 1.0, 1.2826086956521738, 1.3333333333333333, 1.0, 1.1260997067448681, 1.0, 1.2825278810408922, 1.0, 1.1754385964912282, 1.0, 1.0, 1.0, 1.5, 1.082220428529498, 1.0, 1.1111111111111112, 1.4722222222222223, 1.0, 1.0, 3.0, 1.0, 1.6, 1.4, 1.0, 1.0889195972813672, 1.3, 1.5, 1.0345821325648414, 1.0, 1.1199226305609284, 2.3333333333333335, 1.0, 1.1551724137931034, 1.0557131041002008, 1.0354993983152827, 1.0, 1.126463700234192, 1.0, 2.0, 1.0, 2.125, 1.0, 1.5934959349593496, 1.0041152263374487, 1.0, 1.5, 1.0, 1.0, 3.0, 1.1883014623172103, 1.0, 1.0, 3.0, 1.0603015075376885, 1.6715328467153285, 1.7, 1.0, 1.0, 1.0641638225255974, 10.0, 1.0, 1.4438356164383561, 1.1719745222929936, 1.0, 1.335195530726257, 1.216867469879518, 1.216867469879518, 1.0, 2.0, 1.0, 1.1267605633802817, 1.3891755291144572, 1.5, 2.0, 1.0, 1.0, 1.0, 1.0, 1.0, 1.0, 1.0467612111920277, 3.5, 2.6, 1.0, 1.0, 1.0, 1.022208919485184, 1.0, 1.6, 1.1794871794871795, 1.0, 1.0496489468405215, 1.0, 1.0, 1.0063171894048542, 1.0328947368421053, 1.0, 1.0, 3.0, 1.0, 1.0, 1.0, 1.193103448275862, 1.0, 1.0, 1.0, 1.068840579710145, 1.0, 1.0774647887323943, 1.0, 1.0, 1.1024567280848687, 1.2653061224489797, 2.0, 1.0, 2.0, 1.0, 1.0, 1.0, 2.0, 3.0, 1.0, 1.0344155844155845, 1.0, 1.0, 1.0, 1.0, 1.0, 1.0, 1.0440165061898212, 1.1445402586984859, 1.0, 1.375, 1.0, 1.0, 2.0, 1.0572129137719657, 1.2063492063492063, 1.1506482174021442, 1.0, 1.0, 1.6666666666666667, 1.0, 1.0649877273797115, 1.0, 1.1666666666666667, 1.7777777777777777, 1.0, 1.0294117647058822, 1.0, 1.0, 1.0, 1.0, 1.3333333333333333, 1.0, 1.0, 1.0, 2.3333333333333335, 1.7777777777777777, 1.0, 1.0361232059345267, 4.0, 1.0086936627773966, 1.0, 1.3333333333333333, 2.0, 1.2249190938511327, 1.0, 1.0, 1.0, 1.0725806451612903, 1.2608695652173914, 1.0, 1.0, 1.0228136882129277, 1.0, 1.16263879817113, 1.0, 2.488372093023256, 1.0, 1.0, 1.131908809277941, 1.0, 1.14345910745068, 1.0, 1.0, 2.0476190476190474, 1.0286583618994931, 1.0, 1.0347826086956522, 2.3, 1.0, 1.0, 1.0, 1.0, 1.1805555555555556, 1.0, 1.3326218427605834, 1.0489576753000631, 1.3333333333333333, 1.0, 1.0, 2.0, 3.0, 1.0851063829787233, 1.0, 1.0, 1.0, 1.0, 1.5, 1.0, 1.3333333333333333, 1.0, 1.0, 1.0, 1.0336538461538463, 1.0, 2.0, 1.0, 1.1586114307633295, 1.5, 1.0, 1.4838709677419355, 1.0, 1.1875, 1.0, 1.5508607198748043, 1.0, 1.0, 1.0, 1.2222222222222223, 2.0, 4.173076923076923, 1.0, 1.0, 1.0, 1.0992010216444545, 1.021365890881343, 1.0, 1.0, 1.5, 1.040514956455888, 1.1136363636363635, 1.375, 1.0, 1.0096153846153846, 1.1, 1.360445205479452, 1.0, 1.6666666666666667, 1.1317365269461077, 1.0, 1.2592592592592593, 1.128936742934051, 1.5, 2.0, 1.2279792746113989, 1.1540616246498598, 2.0, 1.0, 1.296341030195382, 1.25, 1.3333333333333333, 1.0, 1.1428571428571428, 1.0, 1.0, 1.0, 1.1515151515151516, 1.5, 1.3061285500747384, 3.0, 1.0, 1.0788378421642388, 1.2857142857142858, 1.0, 1.0869565217391304, 1.0, 1.0, 1.0, 1.4444444444444444, 1.0, 1.5, 1.0, 2.0, 1.0, 1.1280487804878048, 1.0, 1.1111111111111112, 1.0, 1.0, 1.0, 1.0, 1.3617269544924153, 1.8631578947368421, 1.0969652109548482, 1.3820224719101124, 1.0, 1.356048387096774, 1.0, 1.0, 3.0, 1.0, 1.2900763358778626, 1.0, 2.0, 1.0, 1.2, 1.0, 1.0, 1.0833333333333333, 1.5, 1.0, 1.0, 1.0, 1.0, 1.0, 3.6, 1.0, 1.0, 1.1979503775620282, 1.5, 1.0, 1.0819099378881987, 1.0, 1.0, 1.0, 1.0, 1.1268781302170283, 2.0, 3.0, 1.0, 1.0, 1.524822695035461, 1.0, 1.035294117647059, 1.1097560975609757, 1.0, 1.7477356591747735, 1.0373831775700935, 1.0, 1.2962962962962963, 1.5, 1.0, 10.0, 1.5, 1.0, 1.0, 1.0, 1.0, 1.0, 1.6120689655172413, 3.909090909090909, 1.5185185185185186, 2.0, 1.0, 1.0, 1.0, 1.142212189616253, 1.3, 1.2790697674418605, 1.1401556676167508, 1.1507167594581562, 1.4585977157360406, 1.0578096086628743, 1.1849056603773584, 1.0, 3.1555555555555554, 1.0, 1.179642227261275, 1.014187667851233, 1.0, 1.0067500153969329, 1.048557774364226, 1.0534589829330785, 1.0, 1.6666666666666667, 2.0, 1.0126582278481013, 1.0, 1.0, 1.0640834575260805, 51.0, 1.0, 1.0897435897435896, 1.0, 1.1430955993930196, 1.0, 2.5, 1.1666666666666667, 1.0, 1.0, 4.25, 1.0, 1.0267295597484276, 1.0, 1.0, 1.0, 1.0, 1.0077109559832929, 1.0, 2.0, 1.117391304347826, 1.7529953917050691, 1.2, 1.3333333333333333, 1.354679802955665, 1.1222526983222314, 1.1533923303834808, 66.0, 1.0, 1.0, 1.1321049198658217, 1.115131654330041, 1.0, 1.1818181818181819, 1.0, 1.0, 1.0, 1.0, 1.0, 1.0, 1.0, 1.122589928057554, 2.5, 1.2028985507246377, 1.0, 1.0, 1.0, 1.1027972027972028, 1.0799641740387487, 2.5, 1.2725880551301685, 2.0, 1.0, 1.0, 1.0, 1.0206174015351, 2.0, 1.0, 1.356115107913669, 1.0, 1.7272727272727273, 1.0, 1.0, 1.0, 1.0539906787066706, 1.0, 1.0, 2.0, 1.3333333333333333, 1.1764705882352942, 1.019578313253012, 1.75, 1.0, 1.0, 1.78, 1.25, 2.0, 1.0146341463414634, 1.0, 1.4444444444444444, 1.0, 1.0, 1.0909090909090908, 1.0, 1.0, 1.3333333333333333, 1.002314982275917, 1.0412650054565296, 1.5071090047393365, 1.4137931034482758, 1.0, 1.0, 1.2, 1.0, 1.1873296259949842, 1.2972972972972974, 1.5, 1.0, 1.367158671586716, 1.0454545454545454, 1.0, 1.082936742726314, 1.8, 1.0, 1.0397937331529208, 2.5, 1.0008203445447088, 1.0, 1.0, 1.0, 1.0090451480997424, 1.7142857142857142, 2.0, 1.36, 1.0, 2.0, 1.0, 1.4423076923076923, 1.0, 1.2119205298013245, 1.098185324800561, 2.0, 1.0, 1.0, 1.1766723842195541, 2.0, 10.0, 1.2560975609756098, 1.0, 1.0148619567016757, 1.044776119402985, 1.16, 1.0, 1.4, 1.0, 2.0, 1.1154266958424508, 1.5, 4.0, 1.0125368731563422, 2.4, 1.0, 1.0331344526155126, 1.0, 1.4, 1.0, 2.0, 1.0, 1.249063670411985, 1.0, 1.0, 1.4285714285714286, 1.0394406060101558, 1.2236842105263157, 3.608695652173913, 1.0, 1.4109589041095891, 1.0, 1.5833333333333333, 1.062111801242236, 1.0, 1.0, 1.1153846153846154, 1.573076923076923, 1.25, 2.0, 1.0, 1.1603773584905661, 1.0, 1.230263157894737, 1.0, 1.06631299734748, 1.0, 2.0, 1.0593771211818725, 6.0, 1.0615400855016626, 2.0, 1.0, 3.0, 1.0625, 1.0, 2.0, 1.065934065934066, 1.0, 1.0, 1.0, 1.0, 1.0, 1.1346153846153846, 2.0, 1.2588235294117647, 1.0, 1.0, 2.0, 1.0, 1.0, 1.0, 1.0, 1.0, 2.0, 1.0, 1.0, 2.0, 1.5066666666666666, 1.2, 1.5, 1.2233333333333334, 1.0, 1.0, 1.1666666666666667, 1.0109810238478765, 2.357142857142857, 1.0, 1.0, 1.0, 1.0, 1.0007821666014862, 1.0, 1.0, 1.1022494887525562, 1.0811220621683093, 1.1914893617021276, 2.0, 1.0, 1.0, 1.0, 1.173913043478261, 2.0, 1.0, 1.0, 1.160392798690671, 5.5, 1.0575982996811901, 1.0, 1.0, 1.0424545454545455, 1.0, 1.0, 1.0, 1.2, 1.1082343081205663, 1.0, 2.0, 1.4444444444444444, 1.1505882352941177, 1.0, 1.0, 1.5, 1.0, 1.0, 1.0893338467462457, 1.0, 2.0, 1.0848983792127604, 1.0, 1.0, 1.0928259192594498, 1.0, 1.0964923388628594, 1.0, 1.0, 1.3243801652892562, 1.0340674466620785, 20.0, 1.4772727272727273, 1.0, 1.0, 4.0, 1.0188679245283019, 1.0, 1.0, 1.0, 1.0, 1.1111111111111112, 1.0, 1.0, 1.5, 1.0274193548387096, 1.0, 2.0, 1.0, 1.0, 1.0, 1.2, 1.1649484536082475, 1.0, 1.0, 1.0, 1.0, 1.0, 1.0, 1.5, 1.0, 1.0, 1.0, 1.0, 1.0, 2.0, 1.0071443932044635, 1.8644578313253013, 1.0, 2.0, 1.5, 1.0503597122302157, 1.0, 1.0, 1.0, 2.0, 1.0, 1.0282485875706215, 1.0434782608695652, 1.121212121212121, 1.284947933101925, 1.0, 11.5, 1.0, 1.32, 1.0, 1.2, 1.0, 1.0, 1.0, 1.0388525780682643, 1.125, 1.0, 4.0, 1.1111111111111112, 1.1548003114918233, 1.0, 1.0, 1.2079940784603997, 1.1275682306041093, 1.1940298507462686, 1.125, 1.0, 1.0, 1.0237518078670225, 2.0, 1.3333333333333333, 1.0, 1.0, 1.3333333333333333, 1.0504103165298946, 1.0, 1.0, 1.0666666666666667, 2.0, 1.0, 1.5, 1.3, 1.0, 1.1786840445659028, 1.0689061154177433, 1.0, 1.0, 1.0, 3.0, 1.0, 1.0, 1.0, 1.0, 1.0, 2.0, 1.0, 2.0, 3.0, 1.0644257703081232, 1.0, 1.116015207318522, 1.0, 1.0, 2.5714285714285716, 1.2457993278924628, 1.5, 1.0, 1.0, 1.0, 1.0, 1.7142857142857142, 1.0532110091743119, 3.0, 1.0, 1.0, 1.0, 1.0, 2.0, 1.039877300613497, 1.0, 1.0, 1.0, 1.0, 1.1226415094339623, 1.017751479289941, 1.0, 1.0, 1.0481927710843373, 1.0, 2.0, 1.2409638554216869, 1.0, 1.0, 1.0, 1.0, 1.0, 2.0, 2.0, 1.0, 1.1367781155015197, 1.3376872839031886, 1.3333333333333333, 1.0, 1.0, 1.0, 1.0, 1.4, 1.0, 1.0, 1.0378006872852235, 1.0, 1.0, 11.0, 1.3333333333333333, 1.6388888888888888, 1.0, 1.1216216216216217, 1.0, 1.0, 3.0, 1.0, 1.0, 1.1587837837837838, 1.0, 1.0328947368421053, 1.0, 1.2272727272727273, 1.0, 1.0, 1.0, 1.3571428571428572, 1.0, 1.0, 1.0, 1.5, 1.02, 1.0, 1.0, 1.0313173576771903, 1.0036187632876465, 1.0, 1.0, 1.0, 1.0606838861168184, 1.0, 1.9893617021276595, 1.0, 1.1082830025884383, 2.0, 1.0, 1.0769230769230769, 1.5, 1.6666666666666667, 1.097732181425486, 1.0, 2.3684210526315788, 1.0, 2.0, 1.4, 1.0, 2.0, 1.0, 2.0, 2.5, 1.0, 1.0, 1.6666666666666667, 1.0, 1.125, 1.0, 4.0, 1.0, 1.3333333333333333, 1.0, 1.0, 1.0, 1.0, 1.0, 1.0, 1.0, 1.0, 1.063913913913914, 2.0, 1.0, 1.0, 1.0, 1.0, 1.1454545454545455, 1.5, 1.0, 1.1621958827199002, 1.0, 1.314127187366624, 1.0, 1.4115669132481505, 1.0, 1.2285714285714286, 2.608695652173913, 1.4615384615384615, 1.0, 1.0, 1.0, 1.008683970637624, 1.0, 1.0, 1.0156703424260012, 1.0, 1.0, 1.0, 2.0, 1.0417399516024317, 1.0, 2.1666666666666665, 1.0, 1.0377358490566038, 1.0, 1.0, 1.0, 1.0, 1.0, 1.0, 1.0, 1.0, 3.0, 2.0, 1.0, 1.0, 1.0, 1.0982569797933055, 1.0884042449615423, 1.0, 1.0, 1.2307692307692308, 1.032967032967033, 1.0, 2.0, 1.078125, 1.1666666666666667, 1.3079710144927537, 1.0, 1.0, 1.0, 1.5, 1.288888888888889, 1.0, 1.2464910832232496, 1.0, 1.0, 1.198005249343832, 1.0, 2.7083333333333335, 1.0, 1.0, 1.2, 1.0107913669064748, 1.0, 1.5, 1.3333333333333333, 1.034236700120524, 1.0, 1.4285714285714286, 1.0, 1.0, 1.1246810484806309, 2.0, 1.75, 1.0, 1.4139344262295082, 1.0, 1.1359019264448336, 1.5, 1.0, 1.0, 1.0, 1.0, 1.0, 1.0, 2.0, 1.2439024390243902, 1.0, 1.3539641943734015, 1.0, 1.0379489756393747, 1.0, 1.0, 1.0, 1.0, 1.0, 1.0277777777777777, 1.0750733799954844, 2.0, 1.0419354838709678, 1.0, 1.1615227736233855, 1.1153846153846154, 2.0, 1.11864406779661, 1.2644628099173554, 1.0, 1.0, 1.0, 1.2203389830508475, 1.0, 1.0, 1.2555555555555555, 2.0, 1.0]
origin-forest_39.80 	max: 66.0000	99th: 4.2625	95th: 2.3345	median: 1.0074	mean: 1.4383

...Done, result: results.csv

WORKLOAD-FINISHED | Type: QueryWorkload | Progress: 1/3 | Workload-time: 30.157701 | Model-update-time: 0.000000


WORKLOAD-START | Type: DataUpdateWorkload | Progress: 2/3
Going to run: ['python', '/home/kangping/code_copy/SAUCE/Naru/eval_model.py', '--model=transformer', '--data_update=tupleskew', '--dataset=forest', '--drift_test=js', '--end2end', '--update_size=100000', '--query_seed=0', '--eval_type=drift']
Torch device: cuda:1
GET-MODEL-PATH=./models/end2end/transformer/origin-forest-2.0MB-model58.950-data19.148-300epochs-seed0.pt
GET-DATASET-PATH=./data/forest/end2end/forest.npy
TupleSkewSample - START
0.001
TupleSkewSample - END
load_npy_dataset_from_path - df.shape = (681012, 10)
Parsing... done, took 0.1s
Data updated!
Previous data size: (581012, 10), new data size: (100000, 10)
[2.23755836e-04 1.50203705e-05 4.47034836e-06 5.90085983e-06
 3.59416008e-05 3.87430191e-06 3.99351120e-06 6.16312027e-05
 7.98702240e-06 4.23789024e-05]
Distance score: 4.0495397115591913e-05
SAUCE Drift detection: True
Detection latency: 0.0657s

DRIFT-DETECTED after 2-th workload
Going to run: ['python', '/home/kangping/code_copy/SAUCE/Naru/incremental_train.py', '--dataset=forest', '--end2end', '--model=transformer', '--model_update=adapt', '--update_size=100000', '--epochs=0']
Torch device: cuda:1
GET-MODEL-PATH=./models/end2end/transformer/origin-forest-2.0MB-model58.950-data19.148-300epochs-seed0.pt
update_size: 100000
AdaptTask - START
GET-DATASET-PATH=./data/forest/end2end/forest.npy
load_npy_dataset_from_path - df.shape = (681012, 10)
Parsing... done, took 0.1s
done, took 0.1s
dataset size: 681012
train data shape: torch.Size([100000, 10]), transfer data shape:torch.Size([20000, 10])
Training done; evaluating likelihood on full data:
Epoch None Iter 0, test loss 41.9816 nats / 60.5667 bits
Saved to: /home/kangping/code_copy/SAUCE/models/end2end/transformer/origin-forest-2.0MB-model58.950-data19.148-300epochs-seed0.pt
AdaptTask - END

WORKLOAD-FINISHED | Type: DataUpdateWorkload | Progress: 2/3 | Workload-time: 4.422977 | Model-update-time: 5.655744


WORKLOAD-START | Type: QueryWorkload | Progress: 3/3
Going to run: ['python', '/home/kangping/code_copy/SAUCE/Naru/eval_model.py', '--dataset=forest', '--model=transformer', '--end2end', '--query_seed=0', '--eval_type=estimate', '--num_workload=3', '--data_update=tupleskew', '--model_update=adapt', '--random_seed=42']
Torch device: cuda:1
GET-MODEL-PATH=./models/end2end/transformer/origin-forest-2.0MB-model58.950-data19.148-300epochs-seed0.pt
ckpts [PosixPath('/home/kangping/code_copy/SAUCE/models/end2end/transformer/origin-forest-2.0MB-model58.950-data19.148-300epochs-seed0.pt')]
Validate Argument: DATASET="forest" is valid.
data size: 681012, total size: 681012, split index: [567510 681012]
Parsing... done, took 0.1s
Loading ckpt: /home/kangping/code_copy/SAUCE/models/end2end/transformer/origin-forest-2.0MB-model58.950-data19.148-300epochs-seed0.pt
query_seed:0
origin-forest_39.80 	max: 210.0000	99th: 186.0200	95th: 167.0000	median: 1.0468	mean: 14.0076
ReportEsts: [1.0, 1.0571892111133645, 1.0, 1.1132075471698113, 1.1428571428571428, 1.0, 1.3307291666666667, 1.0, 1.3420289855072465, 1.0, 1.1343283582089552, 3.36231884057971, 1.0, 2.0, 1.291044776119403, 1.0595238095238095, 18.0, 164.0, 1.2264150943396226, 1.477124183006536, 1.0, 147.0, 1.0, 1.0, 1.2556962025316456, 1.0, 1.1283806915439918, 1.3333333333333333, 1.0, 2.3333333333333335, 1.3333333333333333, 1.0, 1.0, 1.0, 1.0, 2.0, 1.0, 177.0, 1.0, 2.0, 2.0, 1.0, 1.5294117647058822, 1.0, 2.066666666666667, 1.069672131147541, 1.0, 2.0, 1.0, 1.0, 3.0, 1.1224815332891604, 1.0, 1.0, 1.6363636363636365, 1.1042654028436019, 1.382198952879581, 1.4166666666666667, 1.0, 181.0, 1.0857853294653959, 10.0, 188.0, 2.0, 1.0, 1.2391304347826086, 1.097700798926633, 1.4285714285714286, 2.0, 178.0, 171.0, 1.1304347826086956, 1.2923990313256777, 1.276762402088773, 1.0, 1.6131687242798354, 1.0, 1.0, 1.0, 1.0, 191.0, 1.0, 1.0, 1.0319572743245828, 3.5, 26.0, 1.0, 1.0, 1.25, 1.1744534063815757, 1.0, 2.2125984251968505, 163.0, 1.0706525926496648, 1.2045454545454546, 1.3454545454545455, 1.0833333333333333, 1.0, 1.0, 197.0, 1.0, 1.0, 1.0895042429656097, 2.0, 1.0, 1.0, 1.0, 1.0, 1.1975828354155351, 2.0, 1.0, 1.2987012987012987, 1.0, 1.0, 1.0, 1.0, 1.0, 1.0, 1.0, 1.0, 1.0, 1.2109955423476968, 1.0, 1.0, 1.0, 3.0, 1.0, 1.4328358208955223, 1.1428571428571428, 1.0, 91.5, 1.0, 2.0, 1.0, 1.2250061713157245, 1.124871757291514, 1.0, 1.5, 1.0, 1.0, 2.0, 1.0287863918874713, 1.4603174603174602, 1.121305235958587, 1.0, 1.0, 1.25, 1.0, 1.0261566830576665, 1.0, 1.4666666666666666, 1.411764705882353, 1.2307692307692308, 2.6458333333333335, 1.0, 1.0, 1.0, 1.0, 2.0, 1.0, 1.0, 1.0, 2.0, 1.5238095238095237, 1.0, 1.1327139293590254, 4.0, 1.0009089472020234, 1.0, 1.3333333333333333, 2.0, 1.1634304207119741, 1.0, 1.0, 19.666666666666668, 1.0, 1.0435784391270557, 1.005922165820643, 1.0, 1.0362275710465125, 2.03125, 1.0485917672547198, 1.0, 3.0, 1.0, 1.0, 1.0, 3.0, 1.0, 1.018239372927344, 1.0, 1.0, 33.6, 1.0806803616586413, 1.0, 1.610236220472441, 1.1322156196943973, 2.0, 1.2641509433962264, 2.7471264367816093, 1.1737282507637137, 1.0, 1.0, 167.0, 1.0, 1.2, 1.0, 1.0, 1.0, 2.0, 1.3832599118942732, 2.3333333333333335, 3.4507042253521125, 1.2105263157894737, 1.0, 172.0, 1.0862068965517242, 1.0, 1.0, 1.0, 1.0, 179.0, 179.0, 1.0, 1.0, 1.1666666666666667, 1.0, 1.0, 1.1936623172765624, 1.308955223880597, 1.037037037037037, 1.0, 1.0201301533278033, 1.0, 89.0, 1.0, 1.0, 1.1, 43.25, 4.865384615384615, 1.0, 2.0, 1.0, 1.348942598187311, 1.1302710843373494, 1.0, 4.0, 8.0, 1.0, 1.0, 34.8, 1.0, 1.1565934065934067, 5.0, 38.25, 175.0, 1.6666666666666667, 1.0423280423280423, 1.0, 1.1205882352941177, 1.2508482792050413, 2.0714285714285716, 2.0, 1.1152941176470588, 1.133495145631068, 2.0, 1.0, 1.1179990551677077, 4.466019417475728, 2.0, 1.0, 1.0, 1.0, 1.0, 1.0, 1.3421052631578947, 1.0, 1.0435871743486973, 1.7538461538461538, 1.0, 1.1474609375, 1.0, 1.11864406779661, 1.116564417177914, 1.0, 1.0, 1.5, 1.3636363636363635, 1.0481283422459893, 1.0025550769610794, 2.0, 1.200501253132832, 1.0, 1.25, 1.5615650172612199, 1.0, 1.7857142857142858, 183.0, 1.3655172413793104, 1.0, 1.0, 1.391304347826087, 4.25, 1.0, 1.0, 1.3902439024390243, 1.0, 3.0, 1.0, 1.0, 1.0, 1.0, 38.0, 1.0, 1.0, 1.2, 2.0, 1.0, 1.4166666666666667, 101.0, 1.0, 1.0, 1.0, 1.0, 1.0, 1.2857142857142858, 1.0, 1.0, 1.007066177469765, 1.5, 1.0, 1.0729583173577257, 174.0, 1.0, 1.0, 1.0, 1.6237037037037036, 1.0, 3.0, 199.0, 1.0, 1.4625850340136055, 154.0, 1.1022727272727273, 2.018292682926829, 2.0, 1.0233188720173536, 1.09009009009009, 1.0, 1.09375, 1.5, 1.125, 1.25, 165.0, 1.0, 1.0, 1.0, 1.0, 1.0, 1.6724137931034482, 1.5714285714285714, 1.6419753086419753, 1.1666666666666667, 1.0, 167.0, 1.6911764705882353, 1.244956772334294, 1.0825248651704276, 3.0, 1.1359416192259197, 1.4047619047619047, 1.0737100737100738, 2.769230769230769, 1.3924528301886792, 195.0, 1.1666666666666667, 1.0, 6.838709677419355, 1.0073225771787353, 1.0, 1.0026607907537521, 1.040334070253009, 1.0856539480277758, 1.0, 1.25, 2.0, 1.2, 175.0, 2.0, 1.0, 1.399284862932062, 171.0, 13.25, 1.0, 1.0, 1.0120481927710843, 1.6666666666666667, 2.0, 1.0, 1.0, 44.75, 1.0, 1.1988993710691824, 1.0, 1.0, 1.0, 1.0, 1.0031789737171464, 1.0, 167.0, 1.0686340640809444, 1.0, 2.0, 1.0, 1.0, 1.0054634503790472, 3.933333333333333, 66.0, 1.0, 1.0, 1.1366626311541566, 1.1682946682946682, 1.0, 1.3636363636363635, 182.0, 2.0, 1.0, 1.1702127659574468, 1.1668353405525755, 1.0, 1.7008547008547008, 1.1176470588235294, 1.0, 1.0, 1.5091743119266054, 1.064516129032258, 180.0, 1.0, 1.2034851039910062, 1.10602852685536, 1.6666666666666667, 1.4762633996937213, 1.12, 1.0, 1.0, 1.0, 1.0409614971474948, 2.0, 1.0, 1.7102665350444226, 191.0, 1.0, 1.3492063492063493, 1.0, 1.0, 1.0597014925373134, 1.3333333333333333, 1.4705882352941178, 1.1686274509803922, 1.1494607087827426, 1.0, 195.0, 2.0, 1.0, 1.0, 1.0601102064605006, 1.0, 1.0, 1.2340966921119594, 1.4548872180451127, 1.0, 1.0, 1.0, 1.0, 1.0344827586206897, 154.0, 1.1342092914124824, 1.0681662604200655, 1.0, 2.0, 1.5583892617449664, 1.0, 1.0, 1.0, 2.789473684210526, 1.0, 1.0, 1.0, 1.3846153846153846, 1.9090909090909092, 1.2721023939322114, 1.0, 5.583333333333333, 1.0, 1.0256410256410255, 1.0, 1.0, 1.0, 1.0, 1.0, 1.0177543456464677, 2.0, 2.0, 1.44, 1.0, 168.0, 175.0, 1.0769230769230769, 1.0, 1.3642384105960266, 1.640117994100295, 2.0, 1.5, 1.0, 1.0088235294117647, 182.0, 20.0, 1.0510204081632653, 1.0, 1.0218906881953953, 1.7285714285714286, 1.32, 1.0, 175.0, 1.0, 1.0, 1.0, 192.0, 1.0072202166064983, 2.782608695652174, 1.5, 2.0, 1.0, 1.194647201946472, 1.0, 178.0, 5.0, 180.0, 1.1637298091042585, 151.0, 1.0, 1.592964824120603, 2.0, 1.0453887457739997, 1.0, 1.0, 1.7233644859813084, 2.0, 1.0, 1.2900763358778626, 183.0, 21.125, 1.2692307692307692, 1.024175824175824, 1.0, 2.0, 1.1428571428571428, 1.016260162601626, 1.0, 4.591463414634147, 1.0, 2.062600321027287, 1.0, 2.0, 1.0117408863512196, 1.4, 1.0091554077785843, 1.1911764705882353, 1.0, 3.0, 6.7894736842105265, 1.0, 1.5294117647058822, 1.0625, 12.533333333333333, 1.0530487804878048, 1.0, 1.0, 1.0, 1.1924198250728864, 1.1666666666666667, 1.1698248693501416, 1.1303873431533007, 1.0, 185.0, 2.0, 1.0, 1.0, 1.0, 1.0, 1.0, 1.0, 1.0, 1.0, 2.0, 1.2605042016806722, 1.0341685889131145, 1.731006160164271, 1.0, 1.0, 1.1764705882352942, 2.0, 171.0, 173.0, 1.0, 1.0, 1.0, 1.0, 1.0726017943409247, 1.0, 169.0, 1.009221902017291, 1.0, 1.0, 1.0, 1.0, 1.5, 1.0, 171.0, 1.0, 1.0, 1.0, 1.266267581642089, 1.4289463817022872, 1.5, 1.0, 1.0, 1.0435714407691388, 1.0, 1.0, 1.0, 1.0769230769230769, 1.1656821077579678, 1.0, 3.0, 1.625, 1.0061349693251533, 1.0, 1.0, 1.5, 1.0, 1.0, 1.1981745888306525, 1.0, 2.0, 1.1430475344291426, 1.0, 1.0, 1.0706546275395035, 1.0, 1.114322973266681, 1.0, 1.0, 170.0, 1.2392273402674592, 1.0, 1.0, 1.0, 1.1428571428571428, 1.0, 1.0907356370574517, 1.0413585987164047, 1.0, 84.0, 1.28125, 1.0, 1.4285714285714286, 5.0, 1.0, 1.0, 1.074487225620727, 1.0, 1.0, 162.0, 1.128440366972477, 1.1, 1.5555555555555556, 1.1918505942275042, 1.0, 1.0186915887850467, 1.9, 1.3409090909090908, 177.0, 2.0, 1.0, 1.0, 1.0, 1.2592592592592593, 1.0, 1.0572139303482586, 1.0, 186.0, 1.4, 177.0, 1.4855769230769231, 1.0, 6.923076923076923, 1.0, 1.0, 1.0434782608695652, 1.0, 1.0, 1.0, 1.0546428571428572, 1.2121212121212122, 2.0, 1.125, 46.0, 1.0, 1.44, 1.0, 1.0, 177.0, 1.0, 151.0, 1.0433925049309665, 4.043478260869565, 1.0, 2.0, 1.3777777777777778, 1.2325743610183848, 1.0, 1.0, 1.0597402597402596, 1.0950665188470066, 1.3208955223880596, 1.2222222222222223, 183.0, 1.0, 1.0196671709531013, 1.369774919614148, 156.0, 1.0, 1.0, 1.0, 2.9054054054054053, 1.0, 1.4259259259259258, 1.0, 1.0, 1.2424242424242424, 180.0, 1.5, 2.0, 1.0, 1.1152388550912535, 1.3664596273291925, 1.0507183282542447, 1.0, 1.0, 1.5, 165.0, 1.0, 1.0, 1.0, 1.0, 2.0, 1.0, 2.0, 1.5, 1.2529832935560858, 1.0, 1.1080545059754825, 1.0, 1.0, 1.2, 1.0714285714285714, 1.5, 1.0, 1.0, 1.0, 1.0, 2.5, 1.353544776119403, 3.0, 1.0, 1.0, 1.0, 1.0, 1.0, 1.3777292576419213, 1.0, 1.0, 172.0, 1.0, 1.3018867924528301, 1.0396253602305476, 1.0, 1.0, 1.2241379310344827, 1.16, 2.0, 1.6626506024096386, 1.0, 1.0, 1.0, 1.0, 1.0, 1.7777777777777777, 2.0, 1.0, 1.1557562076749435, 1.2924176507147296, 1.0909090909090908, 1.0, 1.9567901234567902, 1.0, 1.0, 1.0, 1.5, 1.0, 1.0189738553614112, 1.6111111111111112, 1.0, 1.0, 1.0956411341515024, 1.0074123989218329, 1.0, 1.5, 154.0, 1.2598784194528876, 1.0, 1.0452938205085032, 1.2954545454545454, 1.2, 1.8928571428571428, 1.2106488011283498, 1.0, 1.1066433566433567, 2.6666666666666665, 1.0, 1.0, 1.0, 2.0, 1.4285714285714286, 167.0, 161.0, 1.0, 8.842105263157896, 1.0, 1.0, 1.0, 1.5625, 3.0, 1.0, 189.0, 1.1229551451187334, 1.2833333333333334, 1.0, 1.0, 1.0556631171345596, 27.5, 1.0, 1.8, 1.0, 1.0, 1.0, 2.0, 1.1111111111111112, 1.0, 21.625, 23.75, 183.0, 1.0, 2.0, 1.9277566539923954, 1.0, 1.010634526763559, 1.0, 1.0, 1.0, 181.0, 1.15625, 1.0, 1.0, 1.0, 1.0, 1.0, 1.0, 1.0, 1.0, 1.0, 1.0, 1.0, 1.0, 1.0334663405843738, 2.0, 1.0, 1.0, 1.0, 1.0, 3.343283582089552, 1.0, 1.0, 5.0, 1.0, 1.0, 1.0, 2.0, 1.0, 1.1015801354401806, 1.0038659063339643, 166.0, 1.37012987012987, 1.5, 1.0344827586206897, 1.0, 1.4818254178827275, 1.0, 1.0, 1.1384462151394423, 1.0, 1.0, 164.0, 210.0, 11.266666666666667, 1.0, 1.0228037316281733, 1.1089538661468485, 1.3486842105263157, 33.5, 1.0, 167.0, 1.0, 1.0, 1.0, 174.0, 1.0, 3.0, 2.0, 1.0, 1.0, 1.0, 1.0562538892345987, 4.954545454545454, 1.0, 1.0, 1.0666666666666667, 1.101063829787234, 1.0, 2.0, 1.0055356124400308, 1.2777777777777777, 1.3007246376811594, 1.0, 1.0, 1.0, 1.2, 1.0, 1.0, 1.2225333907798364, 1.0, 1.0, 1.0892164468580294, 33.166666666666664, 1.4516129032258065, 19.0, 1.5, 2.0, 1.2241992882562278, 1.0, 1.5, 1.015963511972634, 1.0, 1.0, 1.038978669720053, 1.0, 2.0, 1.2572815533980584, 2.6, 1.0, 1.0, 2.25, 1.002967359050445, 1.0, 1.0717427157779, 1.5, 1.0, 1.0, 1.0, 1.0, 1.0, 1.0, 2.0, 1.0625, 1.0, 1.1088814567075436, 1.0, 1.0345734822114732, 1.0, 1.0, 1.0, 1.0, 1.0, 85.0, 1.0, 1.0, 1.0, 2.0, 1.4937759336099585]
origin-forest_39.80 	max: 210.0000	99th: 186.0200	95th: 167.0000	median: 1.0468	mean: 14.0076

...Done, result: results.csv

WORKLOAD-FINISHED | Type: QueryWorkload | Progress: 3/3 | Workload-time: 30.539688 | Model-update-time: 0.000000


Experiment Summary: #data-update-times=1, #drift=1 | total-time=70.894578