Input arguments = Namespace(data_update='valueskew', update_size=100000, dataset='forest', debug=False, drift_test='js', model_update='adapt', model='transformer', end2end=False, query_seed=0, random_seed=42, num_workload=3)
JSON-passed parameters = {'data_updater': {'skew_ratio': '1e-3'}, 'random_seed': 65, 'transformer': {'epochs': 0}}
MODEL-PATH=/home/kangping/code_copy/SAUCE/models/end2end/transformer/origin-forest-2.0MB-model58.950-data19.148-300epochs-seed0.pt
DATASET-PATH=/home/kangping/code_copy/SAUCE/data/forest/end2end/forest.npy
Workloads: ['QueryWorkload', 'DataUpdateWorkload', 'QueryWorkload']

WORKLOAD-START | Type: QueryWorkload | Progress: 1/3
Going to run: ['python', '/home/kangping/code_copy/SAUCE/Naru/eval_model.py', '--dataset=forest', '--model=transformer', '--query_seed=0', '--end2end', '--eval_type=first_estimate', '--num_workload=3', '--data_update=valueskew', '--model_update=adapt', '--random_seed=42']
Torch device: cuda:1
GET-MODEL-PATH=./models/end2end/transformer/origin-forest-2.0MB-model58.950-data19.148-300epochs-seed0.pt
ckpts [PosixPath('/home/kangping/code_copy/SAUCE/models/end2end/transformer/origin-forest-2.0MB-model58.950-data19.148-300epochs-seed0.pt')]
Validate Argument: DATASET="forest" is valid.
load_csv_dataset - forest (581012, 10)
Parsing... done, took 0.0s
Loading ckpt: /home/kangping/code_copy/SAUCE/models/end2end/transformer/origin-forest-2.0MB-model58.950-data19.148-300epochs-seed0.pt
query_seed:0
origin-forest_39.80 	max: 46.0000	99th: 4.0018	95th: 2.3011	median: 1.0010	mean: 1.3190
ReportEsts: [3.0, 1.0091261692904403, 1.0, 1.372093023255814, 1.3333333333333333, 1.0, 1.1294117647058823, 1.0, 1.2057971014492754, 1.0, 1.1964285714285714, 1.0, 1.0, 1.0, 2.0, 1.0378338714411506, 1.0, 1.1111111111111112, 1.06, 1.125, 1.0, 3.0, 1.3333333333333333, 2.2, 1.4, 1.0, 1.1525282072712077, 1.0833333333333333, 3.0, 1.3193916349809887, 1.0, 1.1089619600257898, 1.1428571428571428, 1.0, 1.1982758620689655, 1.0490960652250976, 1.0145264381173735, 1.0, 1.0760626398210291, 1.0, 2.0, 1.0, 1.0625, 1.0, 1.3085106382978724, 1.0338983050847457, 1.0, 2.0, 1.0, 1.0, 3.0, 1.146822272215973, 1.0, 1.0, 4.5, 1.0603015075376885, 1.487627365356623, 2.6153846153846154, 1.0, 1.0, 1.141296928327645, 4.4, 1.0, 1.4401826484018265, 1.1146496815286624, 1.0, 1.0323974082073435, 1.6031746031746033, 1.1164658634538152, 1.0, 2.0, 1.0, 1.1428571428571428, 1.3905443824365589, 1.5, 2.0, 1.0, 1.0, 1.0, 1.0, 1.0, 1.0, 1.0528996388133598, 3.5, 1.5294117647058822, 1.0, 1.0, 1.0, 1.1053576773421132, 1.0, 1.6, 1.2432432432432432, 1.0, 1.1065456282847588, 1.0, 1.0, 1.0463843272832036, 1.148780487804878, 1.0, 1.0, 2.0, 1.0, 1.0, 1.0, 1.0344827586206897, 1.0, 1.0, 1.0, 1.0942028985507246, 1.0, 1.1056338028169015, 1.0, 1.0, 1.1174981007850089, 1.1887755102040816, 2.0, 1.0, 2.0, 1.0, 1.0, 1.0, 1.0, 3.0, 1.0, 1.1627737226277373, 1.0, 1.0, 1.0, 1.0, 1.0, 1.0, 1.0112588333932206, 1.123115145253733, 1.0, 1.25, 1.0, 1.0, 2.0, 1.03351042092358, 1.253968253968254, 1.114643064904845, 1.0, 1.0, 1.2, 1.0, 1.072822604136324, 1.0, 1.3, 1.8461538461538463, 1.0, 1.0294117647058822, 1.0, 1.0, 1.0, 1.0, 1.0, 1.0, 1.0, 1.0, 1.6666666666666667, 1.7777777777777777, 2.0, 1.0182250396196513, 4.0, 1.0202767067362213, 1.0, 1.3333333333333333, 3.0, 1.1116504854368932, 1.0, 1.0, 1.0, 1.0075757575757576, 1.2608695652173914, 1.0, 1.0, 1.073469387755102, 1.0, 1.2359550561797752, 1.0, 1.3986928104575163, 1.0, 1.0, 1.0982286122805625, 1.0, 1.0605791437200214, 1.0, 1.0, 1.34375, 1.1135731702100355, 1.0, 1.1333333333333333, 1.5333333333333334, 1.0, 1.0, 1.0, 1.0, 1.1388888888888888, 1.0, 1.3081892788545486, 1.1999368288060643, 1.3333333333333333, 1.0, 1.0, 2.0, 3.0, 1.184873949579832, 1.0, 1.0, 1.0, 1.0, 1.1724137931034482, 1.0, 1.1428571428571428, 1.0, 1.0, 1.0, 1.0093896713615023, 1.0, 3.0, 1.0, 1.3823798627002288, 1.5, 1.0, 4.181818181818182, 1.0, 1.20625, 1.0, 1.65414710485133, 1.0, 1.0, 1.0, 1.2222222222222223, 1.0, 2.3636363636363638, 1.0, 1.0, 1.0, 1.0812329892258388, 1.0376088677751385, 1.0, 2.0, 3.0, 1.0393790230973117, 1.1701492537313434, 1.375, 1.0, 1.0267983074753173, 1.6666666666666667, 1.4101027397260273, 1.0, 1.6666666666666667, 1.1454545454545455, 1.0, 1.0911764705882352, 1.1121718377088305, 1.6428571428571428, 2.0, 1.324022346368715, 1.1195652173913044, 2.0, 1.0, 1.192860878661088, 1.25, 2.0, 1.0, 1.1428571428571428, 1.0, 1.0, 1.0, 1.1176470588235294, 1.5, 1.08609865470852, 2.0, 1.0, 1.0891814140005232, 1.5, 1.0, 1.0416666666666667, 1.0, 1.0, 1.0, 1.1111111111111112, 1.0, 1.0, 1.0, 2.0, 1.0, 2.2054054054054055, 1.0, 1.0, 1.0, 1.0, 1.0, 1.0, 1.130688448074679, 1.2768361581920904, 1.006661732050333, 1.1508620689655173, 1.0, 1.4008064516129033, 1.0, 1.0, 3.0, 1.0, 1.2706766917293233, 1.0, 2.0, 1.0, 1.2, 1.0, 1.0, 1.1666666666666667, 1.5, 1.0, 1.0, 1.0, 1.0, 1.0, 3.0, 1.0, 1.0, 1.2313915857605178, 1.5, 1.0, 1.1019439868204284, 1.0, 1.0, 1.0, 1.0, 1.1962962962962962, 2.0, 3.0, 1.0, 1.0, 1.1944444444444444, 1.0, 1.0731707317073171, 1.1951219512195121, 1.0, 1.3005491762356465, 1.2072072072072073, 1.0, 1.4, 1.0, 1.1428571428571428, 2.3, 3.0, 1.0, 1.0, 1.0, 1.0, 1.0, 1.1206896551724137, 4.454545454545454, 1.5679012345679013, 6.0, 1.0, 1.0, 1.0, 1.2618453865336658, 1.2, 1.1545454545454545, 1.0694474895856172, 1.1374336942703083, 1.520463197969543, 1.034241297282809, 1.2045454545454546, 1.0, 1.8766519823788546, 1.0, 1.08893927941547, 1.0129371065817865, 1.0, 1.030525015130119, 1.0665073675826364, 1.117123376905372, 1.0, 1.6666666666666667, 1.0, 1.00625, 1.0, 1.0, 1.05, 5.368421052631579, 1.0, 2.2972972972972974, 1.0, 1.1430955993930196, 1.0, 1.6666666666666667, 1.0769230769230769, 1.0, 1.0, 4.25, 1.0, 1.0133647798742138, 1.0, 1.0, 1.0, 1.0, 1.0027174307927051, 1.0, 2.0, 1.0782608695652174, 1.7850774284373534, 1.2150537634408602, 1.468940316686967, 1.3888888888888888, 1.083639083817191, 1.1710914454277286, 2.64, 1.0, 1.0, 1.1234159522922103, 1.1242294383206912, 1.0, 1.1818181818181819, 1.0, 1.0, 1.0, 1.0, 1.0, 1.0, 1.0, 1.1426479203280608, 2.5, 1.2446717817561808, 1.0, 1.0, 1.0, 1.1398601398601398, 1.0757046937849217, 2.5, 1.2695252679938744, 3.5, 1.0, 1.0, 1.0, 1.0490340042037374, 1.5, 1.0, 1.5935251798561152, 1.0, 2.0, 1.0, 1.0, 1.0, 1.0411593358578504, 1.0, 1.0, 2.0, 1.4285714285714286, 1.1627906976744187, 1.0074404761904763, 1.75, 1.0, 1.0, 1.56, 1.25, 2.0, 1.0130937098844672, 1.0, 1.4444444444444444, 1.0, 1.0, 1.1818181818181819, 1.0, 1.0, 2.5555555555555554, 1.0321066746126342, 1.0938977810112769, 1.904191616766467, 1.5185185185185186, 1.0, 1.0, 1.1666666666666667, 1.0, 1.1958346963253734, 1.0208333333333333, 1.5, 1.0, 1.3505535055350553, 1.0213903743315509, 1.0, 1.0604846835953246, 1.6, 1.0, 1.0768173536901096, 2.5, 1.0042840665678037, 1.0, 1.0, 1.0, 1.0112724101669701, 1.7142857142857142, 2.0, 1.48, 1.0, 2.0, 1.0, 1.1730769230769231, 1.0, 1.1920529801324504, 1.1188451535606792, 2.0, 1.0, 1.0, 1.1245901639344262, 2.0, 4.0, 1.271604938271605, 1.0, 1.1131622483153776, 2.3285714285714287, 1.12, 1.0, 2.4, 1.0, 1.0, 1.1886902448503691, 1.5, 2.0, 1.0247050147492625, 1.2, 1.0, 1.0229433423091718, 1.0, 1.75, 1.0, 2.0, 1.0, 1.2209737827715357, 1.0, 1.0, 1.4285714285714286, 1.0333803673619704, 1.763157894736842, 1.4674698795180723, 1.0454545454545454, 1.3972602739726028, 1.0, 1.7272727272727273, 1.062111801242236, 1.0, 1.0, 1.205128205128205, 1.3431132844335778, 1.4, 2.0, 1.1428571428571428, 1.1603773584905661, 1.0, 1.2466666666666666, 1.0, 1.3627118644067797, 1.0, 2.4, 1.0546481538161885, 6.0, 1.0210681287440349, 1.75, 1.0, 3.0, 1.0625, 1.0, 2.0, 1.1172161172161172, 1.0, 1.0, 1.0, 1.0, 1.0, 1.0961538461538463, 2.0, 1.0823529411764705, 1.0, 1.0, 2.0, 1.0, 1.0, 1.0, 1.0, 1.0, 1.0, 1.0, 1.0, 2.0, 1.7647058823529411, 1.04, 1.0, 1.2233333333333334, 1.0, 1.0, 1.0, 1.0437877743073865, 2.3214285714285716, 1.0, 1.0, 1.0, 1.0, 1.0357678130189978, 1.0, 1.0, 1.0481283422459893, 1.093698175787728, 1.148936170212766, 2.0, 1.0, 1.0, 1.0, 1.7419354838709677, 2.0, 1.0, 1.0, 1.3225108225108224, 2.0, 1.041020191285866, 1.0, 1.0, 1.0460606060606061, 1.0, 1.0, 1.0, 1.9090909090909092, 1.111138898614515, 1.0, 2.0, 1.4444444444444444, 1.2194513715710724, 1.0, 1.0, 1.5, 1.0, 1.0, 1.1050731613400078, 1.0, 2.0, 1.1421993499458287, 1.0, 1.0, 1.0564255530698483, 1.0, 1.1318222109661897, 1.0, 1.0, 1.1578947368421053, 1.0128075497135154, 1.0, 1.4444444444444444, 1.0, 1.0, 1.3333333333333333, 1.00091666030097, 1.0, 1.0, 1.0, 1.0, 1.4285714285714286, 1.0, 1.0, 1.5, 1.1380080393032603, 1.0, 2.0, 1.0, 1.0, 1.0, 1.2, 1.135678391959799, 1.0, 1.0, 1.0, 1.0, 1.0, 1.0, 1.3, 1.0, 1.0, 1.0, 1.0, 1.0, 2.0, 1.0163483796296295, 1.6927710843373494, 1.0, 2.0, 1.5, 1.1169064748201438, 1.0, 1.0, 1.0, 2.0, 1.0, 1.00398406374502, 1.0337078651685394, 1.2727272727272727, 1.431786216596343, 1.0, 46.0, 1.0, 1.16, 1.0, 1.2, 1.0, 1.0, 1.0, 1.1299927378358752, 1.625, 1.0, 4.0, 1.2222222222222223, 1.1718211146957391, 1.0, 1.0, 1.231698113207547, 1.1011959521619135, 1.164179104477612, 1.125, 1.0, 1.0, 1.0868387280764296, 2.0, 1.375, 1.0, 1.0, 1.0, 1.1406799531066822, 1.0, 1.0, 1.0666666666666667, 2.0, 1.0, 1.5, 1.3, 1.0, 1.1592652042090243, 1.0155482815057284, 1.0, 1.0, 1.0, 3.0, 1.0, 1.0, 1.0, 1.0, 1.0, 2.0, 1.0, 2.0, 3.0, 1.0308123249299719, 1.0, 1.0394241812205458, 1.0, 1.0, 1.0555555555555556, 1.0574181117533719, 1.5, 1.0, 1.0, 1.0, 1.0, 1.9285714285714286, 1.3374233128834356, 3.0, 1.0, 1.0, 1.0, 1.0, 2.0, 1.105316973415133, 1.0, 1.0, 1.0, 1.0, 1.0745283018867924, 1.0334763948497854, 1.0, 1.0, 1.1264367816091954, 1.0, 2.0, 1.2891566265060241, 1.0, 1.0, 1.0, 1.0, 1.0, 1.7777777777777777, 1.0, 1.0, 1.148936170212766, 1.0061746122917863, 1.3333333333333333, 1.0, 1.0, 1.0, 1.0, 2.4, 1.0, 1.0, 1.2905629139072847, 1.0, 1.0, 2.121212121212121, 1.3333333333333333, 1.0277777777777777, 1.0, 1.7142857142857142, 1.0, 1.0, 3.0, 1.0, 1.0740740740740742, 1.1607843137254903, 1.0, 1.105263157894737, 1.0, 1.3409090909090908, 1.0, 1.0, 2.0, 1.4285714285714286, 1.0, 1.0, 1.0, 2.0, 1.098901098901099, 1.0, 1.0, 1.0161040968822468, 1.1004206812321888, 1.0, 1.0, 1.0, 1.0024568578700366, 1.0, 1.9251336898395721, 1.0, 1.1587575496117342, 2.0, 1.0, 1.3076923076923077, 1.25, 1.6666666666666667, 1.1085059978189749, 1.0, 1.6666666666666667, 1.0, 1.5, 1.0, 1.0, 2.0, 1.0, 1.6, 1.6666666666666667, 1.0, 1.0, 1.6666666666666667, 1.0, 1.0, 1.0, 4.0, 1.0, 1.3333333333333333, 1.0, 1.0, 1.0, 1.0, 1.0, 1.0, 1.0, 1.0, 1.0498660080920603, 2.0, 1.0, 1.0, 1.0, 1.0, 1.1559633027522935, 2.0, 1.0, 1.6414096916299559, 1.0, 1.259069568928724, 1.0, 1.4505716207128447, 1.0, 1.1944444444444444, 1.0526315789473684, 3.25, 1.0, 1.0, 1.0555555555555556, 1.0176185866408518, 1.0, 1.0, 1.0011428571428571, 1.0, 1.0, 1.0, 2.0, 1.0724074839166617, 1.0, 2.6, 1.0, 1.0, 1.0, 1.0, 1.0, 1.0, 1.0, 1.0, 1.0, 1.0, 3.0, 2.0, 1.0, 1.0, 1.0, 1.0595238095238095, 1.0280485561890749, 1.0, 1.0, 1.3333333333333333, 1.0301369863013699, 1.0, 2.0, 1.0437956204379562, 1.2222222222222223, 1.010989010989011, 1.0, 1.0, 1.0, 1.2, 1.0666666666666667, 1.0, 1.2897783093417625, 1.0, 1.0, 1.2214173228346457, 1.0, 6.0, 1.0, 1.0, 1.0, 1.00711743772242, 1.0, 1.5, 1.0263157894736843, 1.0264956930524267, 1.0, 1.7142857142857142, 1.0, 1.0, 1.28380886105312, 2.0, 1.75, 1.0, 1.4180327868852458, 1.0, 1.0977489978415047, 3.0, 1.0, 1.0, 1.0, 1.0, 1.0, 1.0, 2.0, 1.2439024390243902, 1.0, 1.2545023696682465, 1.0, 1.0129811668394, 1.0, 1.0, 1.0, 1.0, 1.0, 1.027027027027027, 1.0546398735606233, 2.0, 1.0943548387096773, 1.0, 1.118047375997906, 1.0689655172413792, 2.0, 1.0847457627118644, 1.275, 1.0, 1.0, 1.0, 1.1928974979822438, 1.0, 1.0, 1.2509225092250922, 2.0, 1.0]
origin-forest_39.80 	max: 46.0000	99th: 4.0018	95th: 2.3011	median: 1.0010	mean: 1.3190

...Done, result: results.csv

WORKLOAD-FINISHED | Type: QueryWorkload | Progress: 1/3 | Workload-time: 30.172523 | Model-update-time: 0.000000


WORKLOAD-START | Type: DataUpdateWorkload | Progress: 2/3
Going to run: ['python', '/home/kangping/code_copy/SAUCE/Naru/eval_model.py', '--model=transformer', '--data_update=valueskew', '--dataset=forest', '--drift_test=js', '--end2end', '--update_size=100000', '--query_seed=0', '--eval_type=drift']
Torch device: cuda:1
GET-MODEL-PATH=./models/end2end/transformer/origin-forest-2.0MB-model58.950-data19.148-300epochs-seed0.pt
GET-DATASET-PATH=./data/forest/end2end/forest.npy
ValueSample - START
ValueSample - END
load_npy_dataset_from_path - df.shape = (681012, 10)
Parsing... done, took 0.1s
Data updated!
Previous data size: (581012, 10), new data size: (100000, 10)
[ 4.1723251e-07  5.9604645e-08  0.0000000e+00  5.9604645e-08
  4.1723251e-07 -5.9604645e-08 -2.9802322e-08  1.7881393e-06
  6.7245960e-03  3.5762787e-07]
Distance score: 0.0006727605941705406
SAUCE Drift detection: True
Detection latency: 0.0664s

DRIFT-DETECTED after 2-th workload
Going to run: ['python', '/home/kangping/code_copy/SAUCE/Naru/incremental_train.py', '--dataset=forest', '--end2end', '--model=transformer', '--model_update=adapt', '--update_size=100000', '--epochs=0']
Torch device: cuda:1
GET-MODEL-PATH=./models/end2end/transformer/origin-forest-2.0MB-model58.950-data19.148-300epochs-seed0.pt
update_size: 100000
AdaptTask - START
GET-DATASET-PATH=./data/forest/end2end/forest.npy
load_npy_dataset_from_path - df.shape = (681012, 10)
Parsing... done, took 0.1s
done, took 0.1s
dataset size: 681012
train data shape: torch.Size([100000, 10]), transfer data shape:torch.Size([20000, 10])
Training done; evaluating likelihood on full data:
Epoch None Iter 0, test loss 124.0898 nats / 179.0238 bits
Saved to: /home/kangping/code_copy/SAUCE/models/end2end/transformer/origin-forest-2.0MB-model58.950-data19.148-300epochs-seed0.pt
AdaptTask - END

WORKLOAD-FINISHED | Type: DataUpdateWorkload | Progress: 2/3 | Workload-time: 4.318980 | Model-update-time: 5.727558


WORKLOAD-START | Type: QueryWorkload | Progress: 3/3
Going to run: ['python', '/home/kangping/code_copy/SAUCE/Naru/eval_model.py', '--dataset=forest', '--model=transformer', '--end2end', '--query_seed=0', '--eval_type=estimate', '--num_workload=3', '--data_update=valueskew', '--model_update=adapt', '--random_seed=42']
Torch device: cuda:1
GET-MODEL-PATH=./models/end2end/transformer/origin-forest-2.0MB-model58.950-data19.148-300epochs-seed0.pt
ckpts [PosixPath('/home/kangping/code_copy/SAUCE/models/end2end/transformer/origin-forest-2.0MB-model58.950-data19.148-300epochs-seed0.pt')]
Validate Argument: DATASET="forest" is valid.
data size: 681012, total size: 681012, split index: [567510 681012]
Parsing... done, took 0.1s
Loading ckpt: /home/kangping/code_copy/SAUCE/models/end2end/transformer/origin-forest-2.0MB-model58.950-data19.148-300epochs-seed0.pt
query_seed:0
origin-forest_39.80 	max: 1296.0000	99th: 12.0100	95th: 3.0000	median: 1.0702	mean: 3.2484
ReportEsts: [1.0, 1.0974736842105264, 1.0, 1.2040816326530612, 1.1428571428571428, 1.0, 1.171875, 1.0, 1.1505681818181819, 1.0, 1.0810810810810811, 1.0, 1.0, 2.0, 1.075, 1.2409638554216869, 2.0, 1.0, 1.641025641025641, 1.5, 1.0, 29.0, 1.0, 2.0, 1.1727078891257996, 1.0, 1.096940114417677, 1.3333333333333333, 1.0, 5.375, 1.3333333333333333, 1.0, 1.0, 1.0, 1.0, 3.0, 1.0, 1.0, 1.0, 1.5, 3.0, 1.0, 1.4375, 1.0, 1.0884955752212389, 1.0402930402930404, 1.0, 1.5, 1.0, 1.0, 3.0, 1.11574284688136, 1.0, 1.0, 1.3571428571428572, 1.0686695278969958, 1.2366255144032923, 2.0, 1.0, 4.0, 1.0151474168244523, 1.7272727272727273, 1.0, 2.0, 1.0, 1.3879310344827587, 1.0514465702286515, 1.25, 2.0, 2.0, 1.0, 1.1805555555555556, 1.166287251655629, 1.206896551724138, 1.0, 1.1347517730496455, 2.0, 1.0, 1.0, 1.0, 1.0, 1.0, 1.0, 1.0436315105057834, 3.5, 2.8333333333333335, 1.0, 1.0, 1.0, 1.2928464531577373, 1.0, 2.0, 1.3333333333333333, 1.0151931703082042, 1.25, 1.0909090909090908, 1.28, 1.0, 1.0, 1.0, 1.0, 1.0, 1.2180688336520076, 2.1666666666666665, 4.0, 1.0, 2.0, 1.0, 1.0181981839320913, 3.0, 1.0, 1.1868131868131868, 1.0, 1.0, 1.0, 1.0, 1.0, 1.0, 1.0, 1.0, 1.0, 1.1026785714285714, 1.0, 1.0, 1.5, 4.0, 1.0, 1.1865057597366977, 1.0, 1.0, 1.5524737631184409, 1.0, 1.0, 1.0, 1.2803099960593722, 1.1435862392961627, 2.0, 1.3076923076923077, 1.0, 1.0, 2.0, 1.0381443298969073, 1.507936507936508, 1.095368331320594, 1.0, 1.0, 1.2, 1.0, 1.1501277683134583, 1.0, 1.2941176470588236, 1.6551724137931034, 1.0, 1.08, 1.0, 1.0, 1.0, 1.0, 1.3333333333333333, 1.0, 1.0, 1.0, 1.0, 1.7619047619047619, 1.0, 1.068435754189944, 7.0, 1.034023135732298, 2.0, 2.3333333333333335, 3.0, 1.3932038834951457, 1.0, 1.0, 22.0, 1.0, 1.1026801798273782, 1.2407251264755481, 1.0, 1.0276849003611075, 1.0338983050847457, 1.459904796777737, 1.0, 3.0, 1.0, 1.0, 2.0, 3.0, 1.0, 1.112635609444799, 1.0, 1.0, 12.0, 1.1155404886293792, 1.0, 1.2226890756302522, 1.0927287376000805, 3.0, 4.730769230769231, 1.6666666666666667, 1.2387694343367515, 1.0, 1.0, 1.0, 1.0, 1.2222222222222223, 1.0, 1.0, 1.0, 1.5, 1.15, 2.3333333333333335, 3.0, 1.3529411764705883, 1.0, 2.0, 1.1333333333333333, 1.0, 1.0, 1.0, 1.0, 2.0, 80.0909090909091, 1.0, 1.3333333333333333, 1.4615384615384615, 1.0, 1.0, 1.0267784963621664, 1.2186689714779602, 1.103448275862069, 1.0, 1.2435616438356165, 1.0, 1.6, 1.0, 1.0, 1.3, 1.0, 5.333333333333333, 1.0, 2.0, 1.0, 1.0125057897174619, 1.0439232409381662, 1.0, 1.3333333333333333, 1.25, 1.0, 2.0, 1.0, 1.0, 1.0119617224880382, 3.3333333333333335, 1.3111111111111111, 2.0, 1.6666666666666667, 1.1702127659574468, 1.0, 1.1794117647058824, 1.2243914196191854, 1.8571428571428572, 2.0, 1.3038277511961722, 1.2459770114942528, 2.0, 1.0, 1.3195112921140317, 1.2523364485981308, 4.5, 2.0, 1.125, 1.0, 1.0, 2.0, 1.0930232558139534, 1.3333333333333333, 1.1955156950672645, 208.66666666666666, 1.0, 1.0156739811912225, 1.0, 1.0307692307692307, 1.1383812010443863, 1.0, 1.0, 1.5, 1.23109243697479, 1.0707070707070707, 1.0091073269414108, 1.25, 1.0238095238095237, 1.0, 1.8, 1.5500575373993095, 1.0, 1.6390977443609023, 2.0, 2.240506329113924, 1.0, 1.0, 1.391304347826087, 1.5, 1.0, 1.0, 1.0266666666666666, 1.0, 4.0, 1.0, 1.0, 1.1666666666666667, 1.0, 1.6666666666666667, 3.0, 1.0, 1.2040816326530612, 2.0, 1.0, 1.1428571428571428, 2.0, 1.0, 1.0, 1.0, 1.0, 1.0, 2.5, 1.0, 1.0, 1.424288773325176, 1.5, 1.0, 1.0108535031847135, 1.0, 1.0, 2.0, 1.0, 1.1528608027327072, 1.0, 4.0, 2.0, 1.0, 1.0465116279069768, 1.1, 1.1111111111111112, 2.084577114427861, 1.0, 1.6242774566473988, 1.4954954954954955, 1.0, 1.8148148148148149, 1.3333333333333333, 1.1111111111111112, 1.9, 1.2857142857142858, 1.0, 1.0, 2.0, 2.0, 2.0, 1.1370967741935485, 11.0, 1.7777777777777777, 1.5, 1.0, 2.0, 1.2484472049689441, 1.2426614481409002, 1.083802608741786, 4.0, 1.1365479723046488, 1.0373831775700935, 1.0658919372229543, 3.3846153846153846, 1.0410094637223974, 1.0, 1.5214285714285714, 2.0, 1.4, 1.0046112150246211, 1.0, 1.0273706364290394, 1.0408736500556928, 1.121911465086127, 1.0, 1.5, 2.0, 1.0157894736842106, 2.0, 2.0, 2.0, 1.4159713945172825, 2.0, 1.2613981762917934, 1.0, 1.0, 1.037037037037037, 1.8571428571428572, 1.25, 2.0, 1.0, 4.25, 1.0, 1.0187040748162992, 1.0, 1.0, 1.0, 1.0, 1.0164617190879317, 1.0, 1.3333333333333333, 1.203018742743407, 1.0, 2.0, 1.0, 1.0, 1.0131133832528791, 1.0, 1.8289473684210527, 1.0, 1.0, 1.1315453893360963, 1.11106121253539, 1.0, 1.1818181818181819, 1.5, 2.0, 1.0, 1.9090909090909092, 1.1985043328869913, 1.0, 1.292948717948718, 3.1578947368421053, 2.0, 1.0, 1.1058201058201058, 1.1290322580645162, 2.0, 1.0, 1.1394395078605606, 1.1252539480456158, 2.0, 1.2588383838383839, 2.8, 1.0, 1.0, 3.0, 1.095121353272861, 2.0, 1.0, 1.1323828920570265, 2.0, 2.0, 1.1990950226244343, 1.0, 1.0, 1.1241379310344828, 1.3333333333333333, 1.5294117647058822, 1.186046511627907, 1.0237918215613382, 2.0, 1.0, 2.0, 1.0, 1.0, 1.1336645442518727, 1.0, 1.0, 1.2210796915167095, 1.1755485893416928, 1.0, 1.0, 1.0, 1.0, 1.1059602649006623, 2.0, 1.459611231101512, 1.0907762924682036, 1.0, 1.5, 1.0705882352941176, 1.0, 1.0, 1.0, 3.8, 1.0, 1.0, 2.0, 1.2, 1.9230769230769231, 1.1463017269468883, 1.0, 8.0, 1.0, 1.205128205128205, 1.0, 1.0, 1.0, 1.0, 1.0, 1.0127877795962903, 1.9333333333333333, 1.0, 1.32, 1.0, 3.0, 5.0, 1.5192307692307692, 1.0, 1.186046511627907, 45.589285714285715, 2.0, 1.0, 1.0, 1.0376884422110553, 2.0, 6.666666666666667, 1.2708333333333333, 1.0, 1.0043701399688958, 1.708, 1.032258064516129, 1.0, 3.0, 1.0, 1.0, 1.0, 1.0, 1.2059880239520957, 4.304347826086956, 1.1666666666666667, 2.0, 2.0, 1.053654024051804, 1.0, 1.0, 2.5, 2.0, 1.1240364400840925, 2.0, 1.0, 1.1, 2.0, 1.0724372261184778, 1.0, 1.0, 1.2470252260828176, 1.0, 1.0, 1.1168831168831168, 1.4363636363636363, 2.0, 1.1555555555555554, 1.0926053904630268, 1.25, 2.0, 1.0, 1.1370967741935485, 1.0, 1.2154696132596685, 1.0, 1.2626666666666666, 1.0, 2.1666666666666665, 1.0168565488020045, 1.0, 1.0229335015176002, 1.2857142857142858, 1.0, 3.0, 1.5384615384615385, 1.0, 1.5471698113207548, 1.375, 9.0, 1.3339798293250582, 1.0, 1.0, 2.0, 1.3502824858757063, 1.1428571428571428, 1.1260828801800113, 1.159297897002815, 1.0, 2.0, 2.0, 1.0, 1.0, 1.0, 1.0, 1.0, 2.0, 1.0, 1.0, 2.0, 3.8297872340425534, 1.0960852312514588, 1.3670886075949367, 1.0, 1.0, 1.1764705882352942, 1.0, 2.0, 2.0, 1.0, 1.0, 1.0, 1.0, 1.0041644456289978, 1.0, 3.0, 1.1805392731535755, 1.0, 1.0, 1.0, 1.0, 2.0, 1.0, 1.0, 1.0, 1.0, 1.375, 71.8, 1.2056283978253917, 1.0, 1.0, 1.0, 1.003664835686014, 1.0, 2.0, 1.0, 1.0476190476190477, 1.1670700442818982, 2.0, 3.0, 1.1428571428571428, 1.3341121495327102, 1.0, 1.0, 1.5, 1.0, 1.0, 1.176930033708789, 2.0, 2.0, 1.0989060058048672, 2.0, 1.0, 1.0475396163469557, 1.0, 1.1170579366788713, 1.0, 1.0, 1.0, 1.1467065868263473, 2.0, 1.0, 1.0, 1.4285714285714286, 1.0, 1.0806556981617537, 1.0285289794370072, 1.0, 2.0, 6.84375, 2.0, 1.4, 16.0, 1.0, 1.0, 1.1296665427886077, 2.0, 1.0, 2.0, 1.3974358974358974, 1.2882882882882882, 1.372093023255814, 1.0907738095238095, 1.0, 1.25503355704698, 1.65, 4.0, 2.0, 2.6666666666666665, 2.0, 1.0, 1.0, 1.0869565217391304, 1.0, 1.0659840728100114, 1.0, 2.0, 1.6, 2.0, 1.4722222222222223, 1.0, 2.0, 1.0, 2.0, 1.095890410958904, 1.0, 2.0, 1.0, 1.2709260008087344, 1.0347826086956522, 2.0, 1.5, 1.069767441860465, 1.5, 1.3448275862068966, 1.0, 1.0, 3.0, 1.0, 1.0, 1.046946916231973, 5.0, 1.0, 4.0, 1.1153846153846154, 1.1753869528060013, 1.0, 1.0, 1.1755514705882353, 1.123521681997372, 1.116564417177914, 1.2, 2.0, 1.0, 1.2897560975609756, 1.625, 42.0, 1.0, 1.0, 1.0, 1.2758408531583265, 1.0, 1.462686567164179, 2.0, 1.0, 1.1515151515151516, 13.0, 2.3333333333333335, 3.0, 1.0, 1.099756690997567, 1.3975155279503106, 1.034088200238379, 1.0, 1.0, 3.0, 1.0, 1.0, 1.0, 1.0, 1.0, 1.0, 1.0, 2.0, 1.5, 1.0669745958429562, 1.5, 1.182916920576884, 1.0, 1.0, 1.3529411764705883, 1.0313221233102539, 1.5, 1.0, 1.0, 1.0, 1.0, 1.1714285714285715, 1.2659362549800797, 3.0, 1.0, 1.0, 2.0, 1.0, 1.0, 1.0, 1.0, 2.0, 2.0, 1.0, 1.124793388429752, 1.0335545722713864, 1.0, 1.0, 1.0541871921182266, 1.1538461538461537, 2.0, 1.316326530612245, 1.0, 1.0, 1.0, 1.0, 1.0, 1.6, 2.0, 1.0, 1.1266149870801034, 1.171, 1.0909090909090908, 1.0, 2.0, 1.0, 1.0714285714285714, 1.0, 1.5, 1.0, 1.1269011007478362, 1.2777777777777777, 1.0, 1.0, 1.0346062052505967, 1.081035795887281, 1.0, 6.0, 2.0, 1.0016714422158548, 1.0, 1.0564299767483456, 1.6923076923076923, 1.0980997991657655, 1.0441176470588236, 1.1530195572748765, 1.0, 1.0374414976599065, 2.3333333333333335, 1.0, 1.0, 1.0, 1.0, 2.0, 2.0, 2.0, 1.0, 2.0, 1.0, 1.0, 1.0, 3.615819209039548, 3.0, 1.0, 2.0, 1.0830126443100605, 1.5901639344262295, 1.0, 1.0, 1.0552371026576342, 3.2802829354553493, 1.0, 1.35, 1.0, 1.0, 1.0, 1.0, 1.0, 1.0, 1.1940298507462686, 4.881578947368421, 2.0, 1.0, 1.7, 1.6929133858267718, 1.0, 1.0579977835241965, 1.0, 1.0, 1.0, 1.0, 1.1583333333333334, 1.0, 2.0, 1.0, 1.0, 1.0, 1.0, 1.0, 2.0, 1.0, 1.0, 1.0, 1.0, 1.0856525813944011, 2.0, 1.0, 1.0, 1.0, 1.0, 1.1047120418848169, 1.0, 1.0, 7.0, 1.0, 1.0, 1.0, 2.0, 2.0, 1.3878205128205128, 1.030415855195326, 2.0, 1.0199203187250996, 1.5, 1.2878787878787878, 1.0, 1.34375, 1.0, 11.0, 1.2061108234075608, 1.0, 1.0, 2.0, 1296.0, 4.0, 1.0, 1.0033981340281697, 1.0309275498630668, 1.1797752808988764, 1.0, 1.0, 1.3409090909090908, 1.0, 2.0, 1.0, 1.0, 1.0, 2.0, 4.0, 1.0, 1.0, 1.0, 1.051663306451613, 1.0148148148148148, 1.0, 1.0, 1.4666666666666666, 1.0865384615384615, 1.0, 2.0, 1.2615571776155718, 1.105263157894737, 1.5289855072463767, 1.0, 1.0, 1.0, 1.6, 1.0, 1.0, 1.269933376316355, 1.0, 1.0, 1.2347232207045291, 2.0, 1.1680216802168022, 1.2, 1.3333333333333333, 2.0, 1.0809968847352025, 1.0, 1.0, 1.0954198473282444, 1.0, 1.0, 1.7142857142857142, 1.0, 3.0, 1.088514225500527, 1.3333333333333333, 1.0, 1.0, 2.0, 1.4, 1.0, 1.5026385224274406, 1.0, 1.0, 2.0, 1.0, 1.0, 1.0, 1.0, 2.0, 1.3111111111111111, 1.0, 1.4415941365093907, 1.0, 1.0885887093171809, 1.0, 1.0, 1.0, 1.0, 1.0, 4.5, 1.0857142857142856, 1.0, 1.0, 2.0, 1.8713692946058091]
origin-forest_39.80 	max: 1296.0000	99th: 12.0100	95th: 3.0000	median: 1.0702	mean: 3.2484

...Done, result: results.csv

WORKLOAD-FINISHED | Type: QueryWorkload | Progress: 3/3 | Workload-time: 30.571911 | Model-update-time: 0.000000


Experiment Summary: #data-update-times=1, #drift=1 | total-time=70.863134