Input arguments = Namespace(data_update='valueskew', update_size=100000, dataset='forest', debug=False, drift_test='js', model_update='adapt', model='transformer', end2end=False, query_seed=0, random_seed=42, num_workload=3)
JSON-passed parameters = {'data_updater': {'skew_ratio': '1e-3'}, 'random_seed': 84, 'transformer': {'epochs': 0}}
MODEL-PATH=/home/kangping/code_copy/SAUCE/models/end2end/transformer/origin-forest-2.0MB-model58.950-data19.148-300epochs-seed0.pt
DATASET-PATH=/home/kangping/code_copy/SAUCE/data/forest/end2end/forest.npy
Workloads: ['QueryWorkload', 'DataUpdateWorkload', 'QueryWorkload']

WORKLOAD-START | Type: QueryWorkload | Progress: 1/3
Going to run: ['python', '/home/kangping/code_copy/SAUCE/Naru/eval_model.py', '--dataset=forest', '--model=transformer', '--query_seed=0', '--end2end', '--eval_type=first_estimate', '--num_workload=3', '--data_update=valueskew', '--model_update=adapt', '--random_seed=42']
Torch device: cuda:1
GET-MODEL-PATH=./models/end2end/transformer/origin-forest-2.0MB-model58.950-data19.148-300epochs-seed0.pt
ckpts [PosixPath('/home/kangping/code_copy/SAUCE/models/end2end/transformer/origin-forest-2.0MB-model58.950-data19.148-300epochs-seed0.pt')]
Validate Argument: DATASET="forest" is valid.
load_csv_dataset - forest (581012, 10)
Parsing... done, took 0.0s
Loading ckpt: /home/kangping/code_copy/SAUCE/models/end2end/transformer/origin-forest-2.0MB-model58.950-data19.148-300epochs-seed0.pt
query_seed:0
origin-forest_39.80 	max: 51.0000	99th: 4.2537	95th: 2.1696	median: 1.0053	mean: 1.3954
ReportEsts: [1.0, 1.2385886306356764, 1.0, 1.4390243902439024, 1.3333333333333333, 1.0, 1.0105263157894737, 1.0, 2.0057971014492755, 1.0, 1.098360655737705, 1.0, 1.0, 1.0, 3.0, 1.01415468153801, 1.0, 1.1111111111111112, 1.0, 1.4444444444444444, 1.0, 3.0, 1.1111111111111112, 1.4, 1.4, 1.0, 1.0721683836392415, 1.4444444444444444, 3.0, 2.4013840830449826, 1.0, 1.112830431979368, 1.5555555555555556, 1.0, 1.1637931034482758, 1.033085194375517, 1.094131319000581, 1.0, 1.1186046511627907, 1.0, 2.0, 1.0, 1.2142857142857142, 1.0, 1.1495327102803738, 1.0209205020920502, 1.0, 1.5, 1.0, 1.0, 3.0, 1.1166197975253094, 1.0, 1.0, 2.25, 1.0603015075376885, 2.6941176470588237, 1.5454545454545454, 1.0, 1.0, 1.0336920091726935, 1.25, 1.0, 1.4365296803652967, 1.178343949044586, 1.0, 1.3240997229916898, 1.6290322580645162, 1.1325301204819278, 1.0, 2.0, 1.0, 1.1538461538461537, 1.313678003580078, 1.25, 2.0, 1.0, 1.0, 1.0, 1.0, 1.0, 1.0, 1.0697218958088524, 3.5, 1.0833333333333333, 1.0, 1.0, 1.3333333333333333, 1.1000897934750076, 1.0, 1.6, 1.2432432432432432, 1.0, 1.2872078720787208, 1.0, 1.0, 1.0631073644772275, 1.0424628450106157, 1.0, 1.0, 2.0, 1.0, 1.0, 1.0, 1.2482758620689656, 1.0, 1.0, 1.0, 1.1123188405797102, 1.0, 1.1056338028169015, 1.0, 1.0, 1.4215262778977682, 1.2448979591836735, 2.0, 1.0, 2.0, 1.0, 1.0, 1.0, 1.0, 3.0, 1.0, 1.0018832391713748, 1.1428571428571428, 1.0, 1.1111111111111112, 1.0, 1.0, 1.0, 1.3917319553258876, 1.136025478340922, 1.0, 1.25, 1.0, 1.0, 2.0, 1.0065386187167962, 1.2380952380952381, 1.0161015540596692, 1.0, 1.0, 1.6666666666666667, 1.0, 1.0641004105382688, 1.0, 1.2, 1.6, 1.1538461538461537, 1.0, 1.0, 1.0, 1.0, 1.0, 1.3333333333333333, 1.0, 1.0, 1.0, 2.0, 1.7777777777777777, 1.0, 1.004669260700389, 4.0, 1.0220213259156234, 1.0, 1.3333333333333333, 1.0, 1.0785340314136125, 1.0, 1.0, 1.0, 1.0390625, 1.2083333333333333, 1.0, 1.0, 1.053231939163498, 1.0, 1.1382022471910112, 1.0, 2.4597701149425286, 1.0, 1.0, 1.123171022321074, 1.0, 1.0064059339177343, 1.0, 1.0, 1.3870967741935485, 1.0658150627443754, 1.0, 1.0214592274678111, 2.3, 1.0, 1.0, 1.0, 1.0, 1.2083333333333333, 1.0, 1.2835360630460853, 1.1250789639924195, 1.3333333333333333, 1.0, 1.0, 2.0, 3.0, 1.194915254237288, 1.0, 1.0, 1.0, 1.0, 1.0588235294117647, 1.0, 1.6, 1.0, 1.0, 1.0, 1.0093896713615023, 1.0, 2.0, 1.0, 1.3274005713030104, 1.5, 1.0, 1.891304347826087, 1.0, 1.2125, 1.0, 1.1956181533646322, 1.0, 1.0, 1.0, 1.2222222222222223, 1.0, 3.7142857142857144, 1.0, 2.0, 1.0, 1.107359635811836, 1.0321606720924128, 1.0, 2.0, 1.5, 1.0564180234759561, 1.0343007915567282, 1.375, 1.0, 1.0055248618784531, 1.0, 1.2431506849315068, 1.0, 1.6666666666666667, 1.1317365269461077, 1.0, 1.0303030303030303, 1.2504472271914133, 1.6428571428571428, 2.0, 1.3819241982507289, 1.0048780487804878, 2.0, 1.0, 1.3044037746639978, 1.25, 1.3333333333333333, 1.0, 1.1428571428571428, 1.0, 1.0, 1.0, 1.0555555555555556, 1.5, 1.006576980568012, 2.0, 1.0, 1.062510004802305, 1.125, 1.0, 1.1363636363636365, 1.0, 1.0, 1.0, 1.3333333333333333, 1.0, 1.0, 1.0, 2.0, 1.0, 5.78125, 1.0, 1.0, 1.0, 1.0, 1.0, 1.0, 1.175029171528588, 1.3502824858757063, 1.0925240562546261, 1.4906367041198503, 1.0, 1.382258064516129, 1.0, 1.0, 3.0, 1.0, 1.198581560283688, 1.0, 2.0, 1.0, 1.542857142857143, 1.0, 1.0, 1.1666666666666667, 1.5, 1.0, 1.0, 1.0, 1.0, 1.0, 2.0, 1.0, 1.0, 1.1400575332614167, 1.5, 1.0, 1.0274654377880184, 1.0, 1.0, 1.0, 1.0, 1.344621513944223, 2.0, 3.0, 1.0, 1.0, 1.4930232558139536, 1.0, 1.1, 2.5853658536585367, 1.0, 1.0629558541266795, 1.1711711711711712, 1.0, 1.4583333333333333, 1.5, 1.1428571428571428, 10.0, 1.5, 1.0, 1.0, 1.0, 1.0, 1.0, 1.16, 11.0, 1.5185185185185186, 6.0, 1.0, 1.0, 1.0, 1.0197628458498025, 1.2, 1.009090909090909, 1.1438281078710808, 1.1479110955240892, 1.4654187817258884, 1.0566509207914014, 1.2188679245283018, 1.0, 1.167123287671233, 1.0, 1.3363567649281936, 1.0252945854777815, 1.0, 1.0304990291751772, 1.0409341753427774, 1.0715681591175577, 1.0, 1.6666666666666667, 2.0, 1.0389610389610389, 1.0, 1.0, 1.05, 51.0, 1.0, 1.1176470588235294, 1.0, 1.1513067400275103, 1.0, 2.5, 1.1666666666666667, 1.0, 1.0, 4.25, 1.0, 1.025943396226415, 1.0, 1.0, 1.0, 1.0, 1.0259910191215393, 1.0, 2.0, 1.0543478260869565, 2.2258630778232886, 1.2625698324022345, 1.7853441894892672, 1.1458333333333333, 1.0838528123107611, 1.1710914454277286, 1.736842105263158, 1.0, 1.0, 1.1180115542303393, 1.0877237206957397, 1.0, 1.1818181818181819, 1.0, 1.0, 1.0, 1.0, 1.0, 1.0, 1.0, 1.1386456509048453, 2.5, 1.1926683716965047, 1.0, 1.0, 1.0, 1.3706293706293706, 1.0575635876840697, 2.5, 1.2603369065849923, 2.5454545454545454, 1.0, 1.0, 1.0, 1.0065475039367904, 1.5, 1.0, 1.2434052757793765, 1.0, 1.9, 1.0, 1.0, 1.0, 1.0454121759394115, 1.0, 1.0, 2.0, 1.3333333333333333, 1.1904761904761905, 1.0059084194977843, 1.8421052631578947, 1.0, 1.0, 1.8866666666666667, 1.25, 2.0, 1.0875481386392811, 1.0, 1.625, 1.0, 1.0, 1.0909090909090908, 1.0, 1.0, 1.1111111111111112, 1.0425916171269471, 1.0453460349217898, 1.0911949685534592, 1.5185185185185186, 1.0, 1.0, 2.0, 1.0, 1.1424054083524153, 1.6551724137931034, 1.0, 1.0, 1.3210332103321034, 1.0454545454545454, 1.0, 1.0937410688768219, 2.6, 2.0, 1.080557005721348, 2.5, 1.0085315832649713, 1.0, 1.0, 1.0, 1.022621765113237, 1.7142857142857142, 2.0, 1.08, 1.0, 2.0, 1.0, 1.25, 1.0, 1.1258278145695364, 1.0956138043891177, 2.0, 1.0, 1.0, 1.1686541737649063, 2.0, 2.5, 1.2560975609756098, 1.0, 1.0130916969630201, 1.4, 1.12, 1.0, 1.6666666666666667, 1.0, 2.0, 1.058852378616969, 1.5, 6.0, 1.202660753880266, 1.4, 1.0, 1.0341484643376329, 1.0, 1.1666666666666667, 1.0, 2.0, 1.0, 1.3389513108614233, 1.0, 1.0, 1.4285714285714286, 1.053320623887572, 1.4205607476635513, 1.3562091503267975, 1.0476190476190477, 1.4246575342465753, 1.0, 1.6521739130434783, 1.062111801242236, 1.0, 1.0, 1.0897435897435896, 1.000815660685155, 1.8, 2.0, 1.1428571428571428, 1.1714285714285715, 1.0, 1.230263157894737, 1.0, 1.1485714285714286, 1.0, 2.4, 1.0505474055156303, 6.0, 1.041962389265917, 2.0, 1.0, 3.0, 1.0625, 1.0, 2.0, 1.0251177394034536, 1.0, 1.0, 1.0, 1.0, 1.0, 1.0961538461538463, 2.0, 21.25, 1.0, 1.0, 2.0, 1.0, 1.0, 1.0, 1.0, 1.0, 1.0, 1.0, 1.0, 2.0, 1.3274336283185841, 1.3, 1.0, 1.2433333333333334, 1.0, 1.0, 1.4, 1.009967939376275, 2.5, 1.0, 1.0, 1.0, 1.0, 1.0268251546060558, 1.0, 1.0, 1.0415458937198068, 1.6324257425742574, 1.2765957446808511, 2.0, 1.0, 1.0, 1.0, 1.0925925925925926, 2.0, 1.0, 1.0, 1.1292962356792144, 2.0, 1.041020191285866, 1.0, 1.0, 1.0431616161616162, 1.0, 1.0, 1.0, 1.2, 1.1342169486679397, 1.0, 2.0, 1.625, 1.2603092783505154, 1.0, 1.0, 1.5, 1.0, 1.0, 1.103484790142472, 1.0, 2.0, 1.0257844806616394, 1.0, 1.0, 1.1131482451545311, 1.0, 1.0915537545903509, 1.0, 1.0, 1.6239669421487604, 1.015640599001664, 2.857142857142857, 1.4444444444444444, 1.0, 1.0, 4.0, 1.03592624831843, 1.0, 1.0, 1.0, 1.0, 1.25, 1.0, 1.0, 1.5, 1.274, 1.0, 2.0, 1.0, 1.5, 1.0, 1.2, 1.1649484536082475, 1.0, 1.0, 1.0, 1.0, 1.0, 1.0, 1.0, 1.0, 1.0, 1.0, 1.0, 1.0, 2.0, 1.00531876833544, 1.3333333333333333, 1.0, 2.0, 1.5, 1.0611510791366907, 1.0, 1.0, 1.0, 2.0, 1.0, 1.0137362637362637, 1.0, 1.5, 1.30304, 1.0, 2.0652173913043477, 1.0, 1.48, 1.0, 1.2, 1.0, 1.0, 1.0, 1.0413943355119826, 1.5, 1.0, 4.0, 1.1333333333333333, 1.1632550895538991, 1.0, 1.0, 1.1440588853838065, 1.1309414290095063, 1.1791044776119404, 1.2222222222222223, 1.0, 1.0, 1.1123423845511398, 1.0, 1.125, 1.0, 1.0, 1.3333333333333333, 1.235638921453693, 1.0, 1.0, 1.0, 2.0, 1.0, 1.5, 1.2666666666666666, 1.0, 1.1906986621363347, 1.0384937238493723, 1.0, 1.0, 1.0, 3.0, 1.0, 1.0, 1.0, 1.0, 1.0, 2.0, 1.0, 2.0, 3.0, 1.002808988764045, 1.0, 1.1064116272622866, 1.0, 1.0, 1.6363636363636365, 1.020038535645472, 1.5, 1.0, 1.0, 1.0, 1.0, 1.3214285714285714, 2.5829383886255926, 3.0, 1.0, 1.0, 1.0, 1.0, 1.0, 1.0747252747252747, 1.0, 1.0, 1.0, 1.0, 1.0981132075471698, 1.0216376750106066, 1.0, 1.0, 1.160919540229885, 1.0416666666666667, 2.0, 1.2891566265060241, 1.0, 1.0, 1.0, 1.0, 1.0, 1.7777777777777777, 1.5, 1.0, 1.1367781155015197, 1.3257186369693508, 1.3333333333333333, 1.0, 1.0, 1.0, 1.0, 1.6, 1.0, 1.0, 1.4312796208530805, 1.0, 1.0, 1.5714285714285714, 2.5, 1.2777777777777777, 1.0, 2.12736660929432, 1.0, 1.0, 3.0, 1.0, 1.1481481481481481, 1.2804054054054055, 1.0, 1.0328947368421053, 1.0, 1.2272727272727273, 1.0, 1.0, 2.0, 1.2142857142857142, 1.0, 1.0, 1.0, 2.5, 1.0638297872340425, 1.0, 1.0, 1.0132322713257964, 1.0915999457185508, 1.0, 1.0, 1.0, 1.0341792132102963, 1.0, 1.9411764705882353, 1.0, 1.1138912855910268, 2.0, 1.0, 1.2307692307692308, 1.0, 1.6666666666666667, 1.0842666666666667, 1.0, 1.4516129032258065, 1.0, 2.0, 1.0, 1.0, 2.0, 1.0, 2.0, 1.6666666666666667, 1.0, 1.0, 1.6666666666666667, 1.0, 1.0, 1.0, 4.0, 1.0, 1.3333333333333333, 1.0, 1.0, 1.0, 1.0, 1.0, 1.0, 1.0, 1.0, 1.0832832832832833, 2.0, 1.0, 1.0, 1.0, 1.0, 1.1559633027522935, 2.0, 1.0, 1.1836086404066073, 1.0, 1.2825437473324797, 1.0, 1.3887020847343645, 1.0, 1.162162162162162, 4.615384615384615, 1.9230769230769231, 1.0, 1.0, 1.0555555555555556, 1.0229261796042617, 1.0, 1.0, 1.0441527446300716, 1.0, 1.0, 1.0, 2.0, 1.0051971475016908, 1.0, 2.1666666666666665, 1.0, 1.0576923076923077, 1.0, 1.0, 1.0, 1.0, 1.0, 1.0, 1.0, 1.0, 2.0, 2.0, 1.0, 1.0, 1.0, 1.0647525048601765, 1.0911664226451927, 1.0, 1.0, 1.2307692307692308, 1.0773638968481376, 1.0, 2.0, 1.048471715328467, 1.2, 1.5862068965517242, 1.0, 1.0, 1.0, 1.5, 45.0, 1.0, 1.2739968777688706, 1.0, 1.0, 1.2239370078740157, 1.0, 2.1666666666666665, 1.0, 1.0, 1.2, 1.0533807829181494, 1.0, 1.5, 1.3103448275862069, 1.0558462316874038, 1.0, 1.1428571428571428, 1.0, 1.0, 1.1490373463233587, 2.0, 1.75, 1.0, 1.2622950819672132, 1.0, 1.0058587727412889, 1.5, 1.0, 1.0, 1.0, 1.0, 1.0, 1.0, 2.0, 1.275, 1.0, 1.0876463921420476, 1.0, 1.0604147692178847, 1.0, 1.0, 1.0, 1.0, 1.0, 1.027027027027027, 1.0523820275457214, 2.0, 1.096774193548387, 1.0, 1.1160026126714566, 1.0344827586206897, 2.0, 1.076271186440678, 1.3189655172413792, 1.0, 1.0, 1.0, 1.2227602905569008, 1.0, 1.0, 1.2372262773722629, 2.0, 1.0]
origin-forest_39.80 	max: 51.0000	99th: 4.2537	95th: 2.1696	median: 1.0053	mean: 1.3954

...Done, result: results.csv

WORKLOAD-FINISHED | Type: QueryWorkload | Progress: 1/3 | Workload-time: 30.132878 | Model-update-time: 0.000000


WORKLOAD-START | Type: DataUpdateWorkload | Progress: 2/3
Going to run: ['python', '/home/kangping/code_copy/SAUCE/Naru/eval_model.py', '--model=transformer', '--data_update=valueskew', '--dataset=forest', '--drift_test=js', '--end2end', '--update_size=100000', '--query_seed=0', '--eval_type=drift']
Torch device: cuda:1
GET-MODEL-PATH=./models/end2end/transformer/origin-forest-2.0MB-model58.950-data19.148-300epochs-seed0.pt
GET-DATASET-PATH=./data/forest/end2end/forest.npy
ValueSample - START
ValueSample - END
load_npy_dataset_from_path - df.shape = (681012, 10)
Parsing... done, took 0.1s
Data updated!
Previous data size: (581012, 10), new data size: (100000, 10)
[4.1723251e-07 1.7881393e-07 5.9604645e-08 5.3644180e-07 7.7486038e-07
 4.1723251e-07 1.7881393e-07 1.4901161e-06 3.5762787e-07 6.8961978e-03]
Distance score: 0.0006900608423165977
SAUCE Drift detection: True
Detection latency: 0.0662s

DRIFT-DETECTED after 2-th workload
Going to run: ['python', '/home/kangping/code_copy/SAUCE/Naru/incremental_train.py', '--dataset=forest', '--end2end', '--model=transformer', '--model_update=adapt', '--update_size=100000', '--epochs=0']
Torch device: cuda:1
GET-MODEL-PATH=./models/end2end/transformer/origin-forest-2.0MB-model58.950-data19.148-300epochs-seed0.pt
update_size: 100000
AdaptTask - START
GET-DATASET-PATH=./data/forest/end2end/forest.npy
load_npy_dataset_from_path - df.shape = (681012, 10)
Parsing... done, took 0.1s
done, took 0.1s
dataset size: 681012
train data shape: torch.Size([100000, 10]), transfer data shape:torch.Size([20000, 10])
Training done; evaluating likelihood on full data:
Epoch None Iter 0, test loss 43.4543 nats / 62.6914 bits
Saved to: /home/kangping/code_copy/SAUCE/models/end2end/transformer/origin-forest-2.0MB-model58.950-data19.148-300epochs-seed0.pt
AdaptTask - END

WORKLOAD-FINISHED | Type: DataUpdateWorkload | Progress: 2/3 | Workload-time: 4.519212 | Model-update-time: 5.763556


WORKLOAD-START | Type: QueryWorkload | Progress: 3/3
Going to run: ['python', '/home/kangping/code_copy/SAUCE/Naru/eval_model.py', '--dataset=forest', '--model=transformer', '--end2end', '--query_seed=0', '--eval_type=estimate', '--num_workload=3', '--data_update=valueskew', '--model_update=adapt', '--random_seed=42']
Torch device: cuda:1
GET-MODEL-PATH=./models/end2end/transformer/origin-forest-2.0MB-model58.950-data19.148-300epochs-seed0.pt
ckpts [PosixPath('/home/kangping/code_copy/SAUCE/models/end2end/transformer/origin-forest-2.0MB-model58.950-data19.148-300epochs-seed0.pt')]
Validate Argument: DATASET="forest" is valid.
data size: 681012, total size: 681012, split index: [567510 681012]
Parsing... done, took 0.1s
Loading ckpt: /home/kangping/code_copy/SAUCE/models/end2end/transformer/origin-forest-2.0MB-model58.950-data19.148-300epochs-seed0.pt
query_seed:0
origin-forest_39.80 	max: 375.5400	99th: 26.0629	95th: 3.0000	median: 1.0679	mean: 3.1680
ReportEsts: [1.0, 1.2018188854489165, 2.0, 1.4791666666666667, 1.7142857142857142, 1.0, 1.0953545232273838, 1.0, 1.1446078431372548, 1.0, 1.044776119402985, 1.0909090909090908, 1.0, 2.0, 1.0363636363636364, 1.2682926829268293, 21.0, 2.0, 1.118421052631579, 1.1428571428571428, 1.0, 2.0, 1.0, 1.0, 1.05720823798627, 1.0, 1.3477594791267713, 1.3333333333333333, 1.0, 4.0, 1.0, 1.0, 1.0, 1.0, 1.0, 2.0, 1.0, 1.6, 1.0, 4.0, 2.0, 1.0, 1.4705882352941178, 1.0, 1.036231884057971, 1.139344262295082, 1.0, 1.0, 1.0, 1.0, 4.0, 1.0910812794469305, 1.0, 1.0, 2.875, 1.0384615384615385, 1.3361876396128072, 2.2941176470588234, 1.0, 2.0, 1.1764505119453925, 3.0, 2.0, 1.0, 1.0, 1.9285714285714286, 1.0257945920303606, 1.25, 2.0, 2.0, 2.0, 1.2874186550976139, 1.1082216355760395, 1.0269230769230768, 1.0, 1.03859649122807, 1.0, 1.0, 1.0, 2.0, 1.0, 1.0, 1.0, 1.0728309056364789, 4.0, 1.1538461538461537, 1.0, 1.0, 1.0, 1.0949483587278863, 1.0, 1.8888888888888888, 3.0, 1.0476695718075029, 1.4090909090909092, 3.35, 1.1153846153846154, 1.0, 1.0, 2.0, 1.0, 1.0, 1.216097654014877, 1.7142857142857142, 4.0, 1.0, 1.0, 1.0, 1.1249485340325482, 2.0, 1.0, 1.10989010989011, 1.0, 1.0, 1.0, 1.0, 1.0, 1.0, 1.0, 1.0, 1.0, 1.09375, 1.0, 2.0, 1.0, 3.0, 1.0, 1.3088512241054613, 1.125, 3.0, 1.3032786885245902, 1.0, 1.0, 1.0, 1.1455696202531647, 1.1768915033253584, 1.0, 1.75, 1.0, 1.0, 2.0, 1.00718954248366, 1.2535211267605635, 1.2696542840521898, 1.0, 2.0, 1.2, 1.0, 1.1147463011092427, 1.0, 1.2702702702702702, 1.6388888888888888, 1.4166666666666667, 1.176245568203023, 1.0, 1.0, 1.0, 1.0, 1.75, 2.0, 2.0, 1.0, 1.75, 1.7619047619047619, 1.0, 1.3142292490118577, 6.0, 1.0140387515953126, 1.0, 1.25, 1.0, 1.2552301255230125, 1.0, 1.0, 1.6666666666666667, 1.0, 1.0616279875303083, 1.0084104289318756, 1.0, 1.0420032310177707, 1.1025641025641026, 1.1927083333333333, 1.0, 3.0, 1.0, 2.0, 1.0, 3.0, 1.0, 1.1098622763970238, 1.0, 2.0, 1.5, 1.1037377105981203, 1.0, 1.0420168067226891, 1.1138798966097017, 2.0, 2.0, 1.1875, 1.3742152910857068, 1.0, 1.0, 3.0, 1.0, 1.1111111111111112, 1.0, 1.0, 1.0, 2.0, 1.2113180515759312, 3.5, 1.1785714285714286, 1.588235294117647, 2.0, 4.0, 1.15, 1.0, 1.0, 1.0, 2.0, 1.0, 1.5, 1.0, 1.4, 1.3333333333333333, 1.0, 1.0, 1.0706586826347306, 1.1195338181093735, 1.3448275862068966, 1.0, 1.0259685272740102, 1.0, 1.8181818181818181, 1.0, 1.0, 1.1, 1.0, 2.1639344262295084, 1.0, 2.0, 3.0, 1.0208636584182436, 1.1651229639092942, 1.0, 1.6666666666666667, 2.0, 1.0, 3.0, 273.0625, 1.0, 1.0400485436893203, 13.0, 375.54, 2.0, 1.6666666666666667, 1.1391752577319587, 1.0, 1.1608040201005025, 1.1900191938579654, 1.1333333333333333, 1.6666666666666667, 1.3564356435643565, 1.0315533980582525, 2.0, 1.0, 1.1303432040639325, 1.5555555555555556, 2.0, 1.0, 1.0, 1.0, 1.0, 1.0, 1.6578947368421053, 1.3333333333333333, 1.1363504496663765, 1.3896809232858112, 1.0, 1.0173745173745175, 1.0, 1.0533333333333332, 1.182312925170068, 1.0, 1.0, 1.75, 1.2038216560509554, 1.1648936170212767, 1.0105381339527681, 2.0, 4.0, 1.0, 1.4615384615384615, 1.431661750245821, 1.0, 1.6256410256410256, 2.0, 2.1866666666666665, 1.0, 1.0, 1.4583333333333333, 1.4285714285714286, 1.0, 1.0, 1.4227642276422765, 1.0, 4.0, 1.0, 1.0, 1.0416666666666667, 1.0, 1.0, 1.0, 1.0, 1.3043478260869565, 2.0, 1.0, 1.3333333333333333, 5.0, 1.0, 1.0, 1.0, 1.0, 2.0, 1.75, 1.0, 1.0, 1.3728477830260553, 1.6666666666666667, 1.0, 1.0435618193465728, 1.0, 1.0, 1.0, 1.0, 1.1738148984198646, 1.0, 4.0, 2.0, 1.0, 1.9259259259259258, 1.8333333333333333, 1.030612244897959, 2.4146341463414633, 2.0, 1.2180156657963446, 1.0625, 1.0, 1.2903225806451613, 2.5, 1.0, 11.0, 1.0, 1.0, 1.0, 1.0, 1.0, 1.0, 1.4310344827586208, 1.2727272727272727, 1.7777777777777777, 1.4285714285714286, 2.0, 2.0, 1.4509803921568627, 1.140625, 1.0667488052568699, 3.0, 1.0101567645896457, 1.1428571428571428, 1.0482576936893786, 4.428571428571429, 1.0655737704918034, 2.0, 1.5335365853658536, 1.0, 1.3333333333333333, 1.0190201071876543, 1.0, 1.1573905276938323, 1.075490884439387, 1.0024946941207133, 1.0, 1.25, 1.0, 1.096774193548387, 2.0, 2.0, 1.3333333333333333, 1.1899897854954036, 2.0, 1.1293532338308458, 1.0, 1.0, 1.180722891566265, 1.2222222222222223, 1.2, 1.0, 1.0, 5.0, 1.0, 1.010006671114076, 1.0, 1.0, 1.0, 1.0, 1.0938978767683274, 1.0, 311.25, 1.435123480987848, 1.0, 2.3333333333333335, 1.0, 2.0, 1.0103135222956507, 1.105263157894737, 1.9393939393939394, 1.0, 2.0, 1.1258308366897483, 1.2878062194926323, 1.0, 1.1538461538461537, 1.5, 2.0, 1.0, 1.35, 1.1828805508783393, 1.0, 1.3873659117997617, 87.0, 1.0, 1.0, 1.0913705583756346, 1.3225806451612903, 15.0, 1.0, 1.0111888111888112, 1.0404237452360958, 1.6666666666666667, 1.2634338138925294, 2.8181818181818183, 1.0, 2.0, 1.0, 1.0067313123705517, 2.0, 1.0, 1.3273839877613463, 2.0, 1.0, 1.0787037037037037, 1.0, 1.0, 1.1712328767123288, 1.3333333333333333, 1.3529411764705883, 1.218543046357616, 1.1387684301821335, 1.0, 3.0, 2.0, 1.0, 1.0, 1.0672167834925517, 1.0, 1.0, 1.1201413427561837, 1.2515923566878981, 1.0, 1.0, 1.0, 2.0, 1.1523178807947019, 3.0, 1.410762331838565, 1.1033880384314807, 1.3333333333333333, 2.6666666666666665, 1.3703703703703705, 1.0, 1.0, 2.0, 1.263157894736842, 2.0, 1.0, 1.0, 1.1612903225806452, 2.3636363636363638, 1.1121276096645554, 2.0, 2.0, 1.0, 1.15, 1.0, 1.0, 1.0, 1.0, 1.0, 1.0711580472703721, 1.5555555555555556, 2.0, 1.64, 1.0, 2.0, 2.0, 2.6923076923076925, 1.0, 1.2847682119205297, 1.4242424242424243, 2.0, 1.5, 1.0, 1.1729106628242074, 2.0, 26.0, 1.3298969072164948, 1.0, 1.0196406316553346, 1.6735537190082646, 1.1, 1.0, 2.0, 1.0, 1.0, 1.0, 1.0, 1.1668681983071343, 2.347826086956522, 1.2857142857142858, 2.0, 1.0, 1.1217855409995148, 1.0, 1.0, 7.0, 2.0, 1.5622641509433963, 2.0, 2.0, 1.233644859813084, 3.0, 1.080330422943195, 1.0, 1.0, 1.2067510548523206, 1.0, 1.0, 1.0974025974025974, 1.021978021978022, 2.0, 1.0879120879120878, 1.0386206896551724, 1.0, 2.0, 1.0, 1.1639344262295082, 1.0, 1.276470588235294, 1.0, 1.7142857142857142, 1.0, 1.7142857142857142, 1.1644089969194413, 1.2, 1.0406625418301756, 1.2602739726027397, 1.0, 4.0, 1.0526315789473684, 2.0, 1.0147058823529411, 1.1333333333333333, 1.2, 1.4208688906128781, 1.0, 1.0, 1.0, 1.0651041666666667, 1.3333333333333333, 1.285311799576866, 1.0801533077820362, 1.0, 2.0, 2.0, 1.0, 2.0, 1.0, 1.0, 1.0, 1.5, 1.0, 1.0, 2.0, 2.066666666666667, 1.1882523946181656, 1.6295503211991436, 1.0, 1.0, 1.2222222222222223, 2.0, 2.0, 1.0, 1.0, 1.0, 1.0, 1.0, 1.0101013513513513, 2.0, 3.0, 1.1437054631828978, 1.0, 1.0, 1.0, 5.0, 1.5, 2.0, 1.0, 1.0, 2.0, 2.1666666666666665, 2.0, 1.200570342205323, 1.5, 1.0, 1.0, 1.2046868686868686, 1.0, 1.0, 1.0, 1.625, 1.1205192925629517, 1.0, 3.0, 1.75, 1.3904761904761904, 2.0, 1.0, 1.5, 1.0, 1.0, 1.36315941470928, 1.0, 2.0, 1.1033810143042913, 1.0, 1.0, 1.064951768488746, 1.0, 1.0505492161672176, 1.0, 1.0, 3.5, 1.0502717391304348, 1.0, 1.0, 2.0, 1.5714285714285714, 1.0, 1.0852390852390852, 1.1802750477013357, 1.0, 41.0, 10.666666666666666, 1.0, 1.75, 3.0, 1.0, 1.0, 1.0576566867611894, 1.0, 1.0, 1.0647181628392484, 130.0, 1.3173076923076923, 286.3888888888889, 1.0421511627906976, 1.0, 1.0548387096774194, 1.489795918367347, 1.5483870967741935, 1.0, 3.0, 1.0, 1.0, 1.0, 1.0888888888888888, 1.0, 1.0130522088353413, 1.0, 1.0, 1.75, 2.0, 2.0, 1.0, 2.75, 1.0, 1.0, 1.0810810810810811, 1.0, 2.0, 1.0, 1.136849362288866, 1.027027027027027, 1.0, 2.1666666666666665, 51.0, 1.0, 1.1666666666666667, 1.0, 1.6666666666666667, 1.0, 2.0, 2.0, 1.057984496124031, 1.75, 1.0, 4.0, 1.0963855421686748, 1.1520018952854774, 1.0, 1.0, 1.237200259235256, 1.1806098514464425, 1.1548387096774193, 1.4444444444444444, 1.0, 1.0, 1.0122925629993853, 1.2238805970149254, 4.0, 1.0, 1.0, 1.0, 1.3181096108022239, 1.0, 1.5833333333333333, 1.0, 1.0, 1.1764705882352942, 3.0, 5.333333333333333, 3.0, 1.0, 1.2865195205885842, 1.1881720430107527, 1.1509234828496042, 1.0, 1.0, 4.0, 1.0, 1.0, 1.0, 1.0, 1.0, 2.0, 1.0, 2.0, 2.0, 1.280112044817927, 2.0, 1.111062327969064, 1.0, 3.0, 1.4285714285714286, 1.1764269829503335, 1.5, 1.0, 2.0, 1.0, 1.0, 1.5757575757575757, 1.079734219269103, 1.5, 1.0, 1.0, 1.0, 1.0, 2.0, 1.4747536945812807, 1.0, 1.0, 24.0, 1.0, 1.069045771916214, 1.1882613510520488, 1.0, 1.0, 1.132596685082873, 1.103448275862069, 2.0, 1.4095744680851063, 1.0, 1.0, 1.0, 1.0, 1.0, 1.2307692307692308, 2.0, 1.0, 1.0099750623441397, 1.0909090909090908, 1.4545454545454546, 1.0, 1.1643835616438356, 1.0, 1.1333333333333333, 1.0, 2.0, 1.0, 1.03227808814401, 1.0476190476190477, 1.0, 1.0, 1.020069471246623, 1.0147423630306895, 1.0, 1.5, 1.0, 1.0207100591715976, 1.0, 1.0410763610442841, 1.02, 1.1321251548946716, 1.372340425531915, 1.0257119507135224, 2.0, 1.0485133020344288, 3.0, 1.0, 1.0, 1.0, 1.0, 1.4705882352941178, 3.0, 2.0, 1.0, 1.5, 1.0, 1.0, 1.0, 94.5, 4.0, 1.0, 13.0, 1.0160642570281124, 1.1846153846153846, 1.0, 1.0, 1.0686475409836065, 1.1191709844559585, 1.0, 1.4210526315789473, 1.0, 1.0, 1.0, 2.0, 1.1111111111111112, 1.0, 1.5, 32.285714285714285, 2.0, 1.0, 2.0, 1.5960784313725491, 1.0, 1.1268482490272373, 1.0, 1.0, 2.0, 2.0, 1.0181488203266789, 1.0, 1.0, 1.0, 1.0, 1.0, 2.0, 1.0, 1.0, 1.0, 2.0, 1.0, 1.0, 1.4566566566566566, 2.0, 1.0, 1.0, 1.0, 1.0, 1.1428571428571428, 1.0, 1.0, 2.5, 1.0, 2.0, 1.0, 2.0, 1.0, 1.1094224924012157, 1.002755485137602, 3.0, 1.0594262295081966, 1.0, 1.3814432989690721, 1.0, 1.1194320712694878, 1.0, 1.0, 1.0950226244343892, 1.0, 1.0, 2.0, 1.0, 3.0, 1.0, 1.2098580402977863, 1.068769772048606, 1.2146892655367232, 1.0, 1.0, 1.6444444444444444, 1.0, 1.0, 2.0, 1.0, 1.0, 4.0, 2.0, 1.0, 1.0, 1.0, 1.0461673566679213, 1.278637770897833, 1.0, 1.0, 1.3076923076923077, 1.171497584541063, 1.0, 2.0, 1.025096839295596, 1.2222222222222223, 1.1061946902654867, 1.0, 1.0, 1.0, 1.2, 1.3888888888888888, 1.0, 1.2856105969878424, 1.0, 1.0, 1.1159047005795235, 1.0, 1.0857142857142856, 2.0, 1.0, 2.0, 1.3309608540925266, 1.0, 1.0, 1.03026400515132, 1.0, 2.0, 1.1596490086337803, 1.0, 3.0, 1.0409181636726548, 1.2, 1.0, 1.0, 1.6, 1.0212201591511936, 1.0, 1.020026350461133, 2.0, 1.0, 1.0, 1.0, 1.0, 1.0, 1.0, 2.0, 1.1224489795918366, 1.0, 1.7769409038238702, 1.0, 1.0347996963065518, 1.0, 1.0, 1.0, 1.0, 1.0, 1.1875, 1.1428571428571428, 1.0, 2.0, 2.0, 1.196969696969697]
origin-forest_39.80 	max: 375.5400	99th: 26.0629	95th: 3.0000	median: 1.0679	mean: 3.1680

...Done, result: results.csv

WORKLOAD-FINISHED | Type: QueryWorkload | Progress: 3/3 | Workload-time: 30.759595 | Model-update-time: 0.000000


Experiment Summary: #data-update-times=1, #drift=1 | total-time=71.244926