Input arguments = Namespace(data_update='tupleskew', update_size=100000, dataset='forest', debug=False, drift_test='js', model_update='adapt', model='transformer', end2end=False, query_seed=0, random_seed=42, num_workload=3)
JSON-passed parameters = {'data_updater': {'skew_ratio': '1e-3'}, 'random_seed': 16, 'transformer': {'epochs': 0}}
MODEL-PATH=/home/kangping/code_copy/SAUCE/models/end2end/transformer/origin-forest-2.0MB-model58.950-data19.148-300epochs-seed0.pt
DATASET-PATH=/home/kangping/code_copy/SAUCE/data/forest/end2end/forest.npy
Workloads: ['QueryWorkload', 'DataUpdateWorkload', 'QueryWorkload']

WORKLOAD-START | Type: QueryWorkload | Progress: 1/3
Going to run: ['python', '/home/kangping/code_copy/SAUCE/Naru/eval_model.py', '--dataset=forest', '--model=transformer', '--query_seed=0', '--end2end', '--eval_type=first_estimate', '--num_workload=3', '--data_update=tupleskew', '--model_update=adapt', '--random_seed=42']
Torch device: cuda:1
GET-MODEL-PATH=./models/end2end/transformer/origin-forest-2.0MB-model58.950-data19.148-300epochs-seed0.pt
ckpts [PosixPath('/home/kangping/code_copy/SAUCE/models/end2end/transformer/origin-forest-2.0MB-model58.950-data19.148-300epochs-seed0.pt')]
Validate Argument: DATASET="forest" is valid.
load_csv_dataset - forest (581012, 10)
Parsing... done, took 0.0s
Loading ckpt: /home/kangping/code_copy/SAUCE/models/end2end/transformer/origin-forest-2.0MB-model58.950-data19.148-300epochs-seed0.pt
query_seed:0
origin-forest_39.80 	max: 53.5000	99th: 5.0060	95th: 2.0000	median: 1.0060	mean: 1.3861
ReportEsts: [2.0, 1.2068731630115306, 1.0, 1.3409090909090908, 1.3333333333333333, 1.0, 1.024, 1.0, 1.369047619047619, 1.0, 1.1754385964912282, 1.0, 1.0, 1.0, 1.5, 1.0381273847960082, 1.0, 1.1111111111111112, 1.6037735849056605, 1.125, 1.0, 3.0, 1.1764705882352942, 1.2, 1.4, 1.0, 1.0623744669142936, 1.1818181818181819, 1.5, 1.473460721868365, 1.0, 1.117343649258543, 1.0714285714285714, 1.0, 1.1379310344827587, 1.0556540233959588, 1.0123529411764707, 2.0, 1.0288770053475935, 1.0, 2.0, 1.0, 1.7, 1.0, 1.7083333333333333, 1.0252100840336134, 1.0, 2.0, 1.0, 1.0, 3.0, 1.1299212598425197, 1.0, 1.0, 18.0, 1.0603015075376885, 1.0102941176470588, 1.5454545454545454, 1.0, 1.0, 1.1085324232081912, 10.0, 1.0, 1.3945205479452054, 1.1464968152866242, 1.0, 1.6539792387543253, 1.086021505376344, 1.0923694779116466, 1.0, 2.0, 1.0, 1.1822660098522169, 1.347478150995051, 1.5, 2.0, 1.0, 1.0, 1.0, 1.0, 1.0, 1.0, 1.071002497471568, 3.5, 13.0, 1.0, 1.0, 1.0, 1.1147070599225943, 1.0, 1.6, 1.3142857142857143, 1.0, 1.1418439716312057, 2.0, 1.0, 1.0671681259916554, 1.2661290322580645, 1.0, 1.0, 1.5, 1.0, 1.0, 1.0, 1.0661764705882353, 1.0, 1.0, 1.0, 1.1485507246376812, 1.0, 1.0985915492957747, 1.0, 1.0, 1.0678745267712277, 1.1785714285714286, 2.0, 1.0, 2.0, 1.0, 1.0, 1.0, 2.0, 3.0, 1.0, 1.490177736202058, 1.0, 1.0, 1.0, 1.0, 1.0, 1.0, 1.2105263157894737, 1.077703819100222, 1.0, 1.375, 1.0, 1.0, 2.0, 1.0469963220269718, 1.126984126984127, 1.0897531787584143, 1.0, 1.0, 1.25, 1.0, 1.0872138125150173, 1.0, 1.2333333333333334, 1.8461538461538463, 1.0833333333333333, 1.0, 1.0, 1.0, 1.0, 1.0, 1.0, 1.0, 1.0, 1.0, 1.6666666666666667, 1.7777777777777777, 1.0, 1.0096498054474707, 4.0, 1.0128181567582468, 1.0, 1.3333333333333333, 1.0, 1.0631067961165048, 1.0, 1.0, 1.0, 1.0, 1.2083333333333333, 1.0, 1.0, 1.5019011406844107, 1.0, 1.2133605998636674, 1.0, 53.5, 1.0, 1.0, 1.096767018825959, 1.0, 1.0662618324700839, 1.0, 1.0, 1.303030303030303, 1.111516742989507, 1.0, 1.0347826086956522, 1.9166666666666667, 1.0, 1.0, 1.0, 1.0, 1.1527777777777777, 1.0, 1.3414503133393016, 1.091282375236892, 1.0, 1.0, 1.0, 2.0, 3.0, 1.0681818181818181, 1.0, 1.0, 1.0, 1.0, 1.1764705882352942, 1.0, 1.375, 1.0, 1.0, 1.0, 1.013953488372093, 1.0, 2.0, 1.0, 1.1151929112054644, 1.0, 1.0, 1.3043478260869565, 1.0, 1.2125, 1.0, 1.6165884194053208, 1.0, 1.0, 1.0, 1.2222222222222223, 2.0, 8.096153846153847, 1.0, 2.0, 1.0, 1.0822438945756427, 1.0185679765992623, 1.0, 1.0, 1.5, 1.0355925785687239, 1.037037037037037, 1.375, 1.0, 1.0239099859353025, 1.1111111111111112, 1.418664383561644, 1.0, 1.6666666666666667, 1.1595092024539877, 1.0, 1.9101123595505618, 1.159524467790987, 2.0, 2.0, 1.3093922651933703, 1.0957446808510638, 4.0, 1.0, 1.23242147922999, 1.25, 2.0, 1.0, 1.1428571428571428, 1.0, 1.0, 1.0, 1.3421052631578947, 1.5, 1.0673261008296107, 2.0, 1.0, 1.354410116856091, 1.0, 1.0, 1.0869565217391304, 1.0, 1.0, 1.0, 1.125, 1.0, 1.0, 1.0, 2.0, 1.0, 1.3675675675675676, 1.0, 1.25, 1.0, 1.0, 2.0, 1.0, 1.2087447108603666, 1.9887640449438202, 1.0125832716506291, 1.2322097378277153, 1.0, 1.3685483870967743, 1.0, 1.0, 3.0, 1.0, 1.207142857142857, 1.0, 2.0, 1.0, 1.1020408163265305, 1.0, 1.0, 1.25, 1.5, 1.0, 1.0, 1.0, 1.0, 1.0, 1.6363636363636365, 1.0, 1.0, 1.250269687162891, 1.5, 1.0, 1.1193520315951537, 1.0, 1.0, 1.0, 1.0, 1.6033254156769596, 1.0, 3.0, 1.0, 1.3333333333333333, 1.018957345971564, 1.0, 1.035294117647059, 1.0649350649350648, 1.0, 1.0908710217755444, 1.3603603603603605, 1.0, 1.4, 1.5, 1.1428571428571428, 10.0, 1.5, 1.0, 1.0, 1.0, 1.0, 1.0, 1.1372549019607843, 11.0, 1.4197530864197532, 2.0, 1.0, 1.0, 2.0, 1.2555831265508686, 1.1, 1.7818181818181817, 1.0893444420083316, 1.1532593923984042, 1.445272842639594, 1.038765689672578, 1.1547169811320754, 1.0, 2.6296296296296298, 1.0, 1.2826908541194255, 1.0025296089385476, 1.0, 1.0271319777816874, 1.0002275701200432, 1.026230077734833, 1.0, 1.6666666666666667, 1.0, 1.0375, 1.0, 1.0, 1.0, 2.2254901960784315, 1.0, 1.6666666666666667, 1.0, 1.1244961934617108, 1.0, 2.5, 1.2727272727272727, 1.0, 1.0, 4.25, 1.0, 1.0172955974842768, 1.0, 1.0, 1.0, 1.0, 1.0193523606925485, 1.0, 2.0, 1.0456521739130435, 1.23667100130039, 1.181184668989547, 1.0356376127093172, 1.244343891402715, 1.0816086631282726, 1.1592920353982301, 1.375, 1.0, 1.0, 1.119595601938129, 1.1078213442720628, 1.0, 1.0, 1.0, 1.0, 1.0, 1.0, 1.0, 1.0, 1.0, 1.121299223914918, 2.5, 1.1884057971014492, 1.0, 1.0, 1.0, 1.025874125874126, 1.0443066824687757, 2.5, 1.2710566615620214, 5.6, 1.0, 1.0, 1.0, 1.0203930394686282, 1.5, 1.0, 1.0593525179856116, 1.0, 2.111111111111111, 1.0, 1.0, 1.0, 1.0331488494028547, 1.0, 1.0, 2.0, 1.3333333333333333, 1.2195121951219512, 1.0059435364041605, 1.75, 1.0, 1.0, 1.15, 1.25, 2.0, 1.037997432605905, 1.0, 1.625, 1.0, 1.0, 1.1818181818181819, 1.0, 1.0, 2.6666666666666665, 1.0263723238758427, 1.087850127319025, 1.5071090047393365, 1.5185185185185186, 1.0, 1.0, 1.7142857142857142, 1.0, 1.0442699814633083, 1.7142857142857142, 1.5, 1.0, 1.033210332103321, 1.0080862533692723, 2.0, 1.0605915549732943, 1.6666666666666667, 2.0, 1.0619972511959428, 5.0, 1.0272354388843314, 1.0, 1.0, 1.0, 1.0138204511473705, 1.7142857142857142, 2.0, 1.2, 1.0, 2.0, 1.0, 1.0192307692307692, 1.0, 1.099337748344371, 1.0274725274725274, 2.0, 1.0, 1.0, 1.1490787269681741, 2.0, 20.0, 1.2560975609756098, 1.0, 1.0488546716091627, 1.0666666666666667, 1.08, 1.0, 2.6, 1.0, 2.0, 1.0581984632990027, 1.5, 4.25, 1.12094395280236, 3.4, 1.0, 1.0198049635676327, 1.0, 1.75, 1.0, 2.0, 1.0, 1.147940074906367, 1.0, 1.0, 1.4285714285714286, 1.0489935817735812, 1.3693693693693694, 1.7325301204819277, 1.0476190476190477, 1.3835616438356164, 2.0, 1.9, 1.062111801242236, 1.0, 1.0, 1.2435897435897436, 1.0008149959250203, 1.6666666666666667, 2.0, 1.1428571428571428, 1.2178217821782178, 1.0, 1.2986111111111112, 1.0, 1.0099502487562189, 1.0, 2.0, 1.0192422938627492, 6.0, 1.0433136217449943, 1.5555555555555556, 1.0, 3.0, 1.0625, 1.0, 2.0, 1.0457875457875458, 1.0, 1.0, 1.0, 1.0, 1.0, 1.1346153846153846, 2.0, 3.269230769230769, 1.0, 1.0, 2.0, 1.0, 1.0, 1.0, 1.0, 1.0, 1.5, 1.0, 1.0, 2.0, 1.6333333333333333, 1.0416666666666667, 2.0, 1.2133333333333334, 1.0, 1.0, 1.75, 1.026270280773341, 2.4642857142857144, 1.0, 1.0, 1.0, 1.0, 1.00281579976535, 1.0, 1.0, 1.0631163708086786, 1.270712909441233, 1.148936170212766, 2.0, 1.0, 1.0, 1.0, 2.0, 2.0, 1.0, 1.0, 1.3311546840958606, 2.0, 1.0758767268862912, 1.0, 1.0, 1.039050505050505, 1.0, 1.0, 1.0, 1.4482758620689655, 1.1178258375517023, 1.0, 2.0, 1.3, 1.065439672801636, 1.0, 1.0, 1.5, 1.0, 1.0, 1.0022140931844437, 1.0, 2.0, 1.0492659865638219, 1.0, 1.0, 1.0956432070121165, 1.0, 1.1094086361909585, 1.0, 1.0, 1.2506459948320414, 1.0139767054908486, 2.55, 1.4772727272727273, 1.0, 1.0, 1.25, 1.0449163547475364, 1.0, 1.0, 1.0, 1.0, 1.0, 1.0, 1.0, 1.5, 1.0914442700156985, 1.0, 1.0, 1.0, 1.5, 1.0, 1.2, 1.1709844559585492, 1.0, 1.0, 1.0, 1.0, 1.0, 1.0, 1.2, 1.0, 1.0, 1.0, 1.0, 1.0, 2.0, 1.0245551601423488, 1.4849397590361446, 1.0, 2.0, 1.5, 1.0215827338129497, 1.0, 1.0, 1.0, 2.0, 1.0, 1.0012224938875305, 1.0337078651685394, 1.1515151515151516, 2.1951482479784366, 1.0, 1.4375, 1.0, 1.24, 1.0, 1.2, 1.0, 1.0, 1.0, 1.0095307917888563, 1.5, 1.0, 4.0, 1.1333333333333333, 1.170152408499277, 1.0, 1.0, 1.2, 1.087703158540325, 1.2014925373134329, 1.1111111111111112, 1.0, 1.0, 1.059175816341081, 2.0, 1.375, 1.0, 1.0, 1.0, 1.205158264947245, 1.0, 1.0, 1.0714285714285714, 1.0, 1.0, 3.0, 1.2666666666666666, 1.0, 1.0836876691148047, 1.006080259424402, 1.0, 1.0, 1.0, 3.0, 1.0, 1.0, 1.0, 1.0, 1.0, 2.0, 1.0, 2.0, 3.0, 1.0644257703081232, 2.0, 1.0228901825670271, 1.0, 1.0, 1.3333333333333333, 1.5260115606936415, 1.5, 1.0, 1.0, 1.0, 1.0, 1.75, 1.1110091743119266, 3.0, 1.0, 1.0, 1.0, 1.0, 1.0, 1.0061728395061729, 1.0, 1.0, 1.0, 1.0, 1.1716981132075472, 1.033033033033033, 1.0, 1.0, 1.2241379310344827, 1.0, 2.0, 1.3313253012048192, 1.0, 1.0, 1.0, 1.0, 1.0, 1.3333333333333333, 2.0, 1.0, 1.1398176291793314, 1.0151603498542274, 1.3333333333333333, 1.0, 1.0, 1.0, 1.0, 1.2, 1.0, 1.0, 1.2263959390862944, 1.0, 1.0, 1.1, 2.0, 1.0833333333333333, 1.0, 1.4033816425120773, 1.0, 1.0, 3.6666666666666665, 1.0, 1.1481481481481481, 1.3885135135135136, 1.0, 1.0789473684210527, 1.0, 1.25, 1.0, 1.0, 2.0, 1.2142857142857142, 1.0, 1.0, 1.0, 1.5, 1.0416666666666667, 1.0, 1.0, 1.0069735006973501, 1.0703397114036277, 1.0, 1.0, 1.0, 1.0027003228646902, 1.0, 2.144385026737968, 1.0, 1.0862812769628991, 2.0, 1.0, 1.2307692307692308, 1.75, 1.6666666666666667, 1.0711275026343519, 1.0, 1.125, 1.0, 2.0, 1.0, 1.0, 1.0, 1.0, 2.0, 2.5, 1.0, 1.0, 1.6666666666666667, 1.0, 1.125, 1.0, 4.0, 1.0, 1.3333333333333333, 1.0, 1.0, 1.0, 1.0, 1.0, 1.0, 1.0, 1.0, 1.0393393393393393, 2.0, 1.0, 1.0, 1.0, 1.0, 1.0956521739130434, 1.5, 1.0, 1.3073684210526315, 1.0, 1.33119931711481, 1.0, 1.5420309347679892, 1.0, 1.2647058823529411, 1.9666666666666666, 1.0, 1.0, 1.0, 1.1176470588235294, 1.0090228450758303, 1.0, 1.0, 1.0342789598108748, 1.0, 1.0, 1.0, 2.0, 1.0763619193767338, 1.0, 1.8571428571428572, 1.0, 1.1, 1.0, 1.0, 1.0, 1.0, 1.0, 1.0, 1.0, 1.0, 3.0, 2.0, 1.0, 1.0, 1.0, 1.0587360594795538, 1.0171049040123739, 1.0, 1.0, 1.2307692307692308, 1.065155807365439, 1.0, 2.0, 1.0764142335766422, 1.2777777777777777, 1.3623188405797102, 1.0, 1.0, 1.0, 1.5, 1.0888888888888888, 1.0, 1.2479851208927464, 1.0, 1.0, 1.2503937007874015, 1.0, 2.6666666666666665, 1.0, 1.0, 1.0, 1.103202846975089, 1.0, 1.5, 1.2894736842105263, 1.0557430393064315, 1.0, 1.3571428571428572, 1.0, 1.0, 1.237531895151937, 2.0, 1.75, 1.0, 1.0517241379310345, 1.0, 1.4562191288729232, 1.5, 1.0, 1.0, 1.0, 1.0, 1.0, 1.0, 2.0, 1.275, 1.0, 1.1681376875551632, 1.0, 1.0113926329052272, 1.0, 1.0, 1.0, 1.0, 1.0, 1.0422535211267605, 1.0627681192142695, 2.0, 1.0580645161290323, 1.0, 1.1340767290588079, 1.0740740740740742, 2.0, 1.0338983050847457, 1.2540983606557377, 1.0, 1.0, 1.0, 1.2235673930589184, 1.0, 1.0, 1.206405693950178, 2.0, 1.0]
origin-forest_39.80 	max: 53.5000	99th: 5.0060	95th: 2.0000	median: 1.0060	mean: 1.3861

...Done, result: results.csv

WORKLOAD-FINISHED | Type: QueryWorkload | Progress: 1/3 | Workload-time: 30.143496 | Model-update-time: 0.000000


WORKLOAD-START | Type: DataUpdateWorkload | Progress: 2/3
Going to run: ['python', '/home/kangping/code_copy/SAUCE/Naru/eval_model.py', '--model=transformer', '--data_update=tupleskew', '--dataset=forest', '--drift_test=js', '--end2end', '--update_size=100000', '--query_seed=0', '--eval_type=drift']
Torch device: cuda:1
GET-MODEL-PATH=./models/end2end/transformer/origin-forest-2.0MB-model58.950-data19.148-300epochs-seed0.pt
GET-DATASET-PATH=./data/forest/end2end/forest.npy
TupleSkewSample - START
0.001
TupleSkewSample - END
load_npy_dataset_from_path - df.shape = (681012, 10)
Parsing... done, took 0.1s
Data updated!
Previous data size: (581012, 10), new data size: (100000, 10)
[3.4749508e-05 7.4684620e-05 3.8862228e-05 2.6464462e-05 5.4836273e-06
 2.6941299e-05 2.0056963e-04 1.0359287e-04 2.0432472e-04 4.8696995e-05]
Distance score: 7.643699791515246e-05
SAUCE Drift detection: True
Detection latency: 0.0665s

DRIFT-DETECTED after 2-th workload
Going to run: ['python', '/home/kangping/code_copy/SAUCE/Naru/incremental_train.py', '--dataset=forest', '--end2end', '--model=transformer', '--model_update=adapt', '--update_size=100000', '--epochs=0']
Torch device: cuda:1
GET-MODEL-PATH=./models/end2end/transformer/origin-forest-2.0MB-model58.950-data19.148-300epochs-seed0.pt
update_size: 100000
AdaptTask - START
GET-DATASET-PATH=./data/forest/end2end/forest.npy
load_npy_dataset_from_path - df.shape = (681012, 10)
Parsing... done, took 0.1s
done, took 0.1s
dataset size: 681012
train data shape: torch.Size([100000, 10]), transfer data shape:torch.Size([20000, 10])
Training done; evaluating likelihood on full data:
Epoch None Iter 0, test loss 39.7251 nats / 57.3112 bits
Saved to: /home/kangping/code_copy/SAUCE/models/end2end/transformer/origin-forest-2.0MB-model58.950-data19.148-300epochs-seed0.pt
AdaptTask - END

WORKLOAD-FINISHED | Type: DataUpdateWorkload | Progress: 2/3 | Workload-time: 4.243107 | Model-update-time: 5.667778


WORKLOAD-START | Type: QueryWorkload | Progress: 3/3
Going to run: ['python', '/home/kangping/code_copy/SAUCE/Naru/eval_model.py', '--dataset=forest', '--model=transformer', '--end2end', '--query_seed=0', '--eval_type=estimate', '--num_workload=3', '--data_update=tupleskew', '--model_update=adapt', '--random_seed=42']
Torch device: cuda:1
GET-MODEL-PATH=./models/end2end/transformer/origin-forest-2.0MB-model58.950-data19.148-300epochs-seed0.pt
ckpts [PosixPath('/home/kangping/code_copy/SAUCE/models/end2end/transformer/origin-forest-2.0MB-model58.950-data19.148-300epochs-seed0.pt')]
Validate Argument: DATASET="forest" is valid.
data size: 681012, total size: 681012, split index: [567510 681012]
Parsing... done, took 0.1s
Loading ckpt: /home/kangping/code_copy/SAUCE/models/end2end/transformer/origin-forest-2.0MB-model58.950-data19.148-300epochs-seed0.pt
query_seed:0
origin-forest_39.80 	max: 198.0000	99th: 187.0100	95th: 167.0000	median: 1.0541	mean: 14.2832
ReportEsts: [1.0, 1.0596602133544053, 2.0, 1.1132075471698113, 1.1428571428571428, 1.0, 1.1476091476091477, 1.0, 1.2925, 1.0, 1.0, 2.8155339805825244, 1.0, 2.0, 1.2835820895522387, 1.0595238095238095, 1.0, 177.0, 3.533333333333333, 5.372093023255814, 1.0, 162.0, 1.0, 1.0, 1.2195652173913043, 1.0, 1.1372549019607843, 1.3333333333333333, 1.0, 1.1666666666666667, 1.5, 1.0, 1.0, 1.0, 1.0, 2.0, 1.0, 180.0, 1.0, 2.0, 2.0, 1.0, 1.3076923076923077, 1.0, 1.0165289256198347, 1.1065573770491803, 1.0, 2.0, 1.0, 1.0, 3.0, 1.1331917398091047, 1.0, 1.0, 1.3846153846153846, 1.7553648068669527, 1.3656716417910448, 1.7, 1.0, 187.0, 1.147741935483871, 2.0, 185.0, 1.0, 1.0, 6.175675675675675, 1.0817961165048544, 1.4285714285714286, 2.0, 163.0, 187.0, 4.659574468085107, 1.0956648932356272, 2.6285714285714286, 1.0, 1.2386831275720165, 1.0, 1.0, 1.0, 1.0, 194.0, 1.0, 1.0, 1.0770318270980968, 2.3333333333333335, 1.6923076923076923, 1.0, 1.0, 1.25, 1.220657781599312, 1.0, 31.0, 178.0, 1.065188953488372, 1.3863636363636365, 2.619047619047619, 1.0833333333333333, 1.0, 1.0, 188.0, 1.0, 1.0, 1.3133806438342075, 2.0, 4.0, 1.0, 1.0, 1.0, 1.036112176265144, 2.0, 1.0, 1.2987012987012987, 1.0, 1.0, 1.0, 1.0, 1.0, 1.0, 1.0, 1.0, 1.0, 1.185459940652819, 1.0, 1.0, 1.0, 3.0, 1.0, 1.1952380952380952, 1.1428571428571428, 1.0, 14.615384615384615, 1.0, 1.0, 1.0, 1.2160038680043515, 1.1429352972119937, 1.0, 1.875, 1.0, 1.0, 2.0, 1.2026971802206783, 1.3650793650793651, 1.1187666004116024, 1.0, 1.0, 1.25, 1.0, 1.044925610009141, 1.0, 1.2666666666666666, 1.3333333333333333, 1.3076923076923077, 36.8, 1.0, 1.0, 1.0, 1.0, 1.3333333333333333, 1.0, 1.0, 1.0, 2.0, 1.5238095238095237, 2.0, 1.1437742114001106, 4.0, 1.0002362576783745, 1.0, 1.0, 2.0, 1.5875862068965518, 1.0, 1.0, 151.0, 1.0, 1.0359287242809754, 1.167622950819672, 1.0, 1.0072048827995532, 4.413043478260869, 1.0430176565008025, 1.0, 3.0, 1.0, 1.0, 1.0, 3.0, 1.0, 1.006896551724138, 1.0, 1.0, 81.0, 1.1019769313543268, 1.0, 1.0756302521008403, 1.1268509956631025, 2.0, 1.179245283018868, 19.272727272727273, 1.4013861240138612, 1.0, 1.0, 170.0, 1.0, 1.0, 1.0, 1.0, 1.0, 2.0, 1.8068535825545171, 2.3333333333333335, 13.76923076923077, 1.3529411764705883, 1.0, 182.0, 1.0689655172413792, 1.0, 1.0, 1.0, 1.0, 167.0, 171.0, 1.0, 1.2, 1.1666666666666667, 1.0, 1.0, 1.2989345509893455, 1.2507964407338241, 1.1111111111111112, 1.0, 1.2566302652106085, 1.0, 40.5, 1.0, 1.0, 1.0, 58.666666666666664, 1.0384615384615385, 1.0, 2.0, 1.5, 1.1269412559081702, 1.0294712510835018, 1.0, 4.0, 28.833333333333332, 1.0, 2.0, 165.0, 1.0, 1.3063725490196079, 1.0, 21.666666666666668, 173.0, 1.6666666666666667, 1.0053191489361701, 1.0, 1.7264705882352942, 1.036281179138322, 1.7857142857142858, 2.5, 1.0171673819742488, 1.0558252427184467, 2.0, 1.0, 1.22509765625, 2.984848484848485, 1.3333333333333333, 1.0, 1.0, 1.0, 1.0, 1.0, 1.5, 1.0, 1.5904021628928693, 2.588876772082879, 1.0, 20.333333333333332, 1.0, 1.0847457627118644, 1.4268774703557312, 1.0, 1.0, 1.5, 1.08141592920354, 1.0, 1.0012380966938232, 2.0, 21.22222222222222, 1.0, 1.5333333333333334, 1.0008250825082508, 1.0, 1.1187214611872147, 160.0, 1.2719298245614035, 1.0, 1.0, 1.4545454545454546, 1.5, 1.0, 1.0, 1.3495934959349594, 1.0, 3.0, 1.0, 1.0, 1.0833333333333333, 1.0, 1.0, 1.0, 1.0, 1.2, 1.0, 1.0, 1.25, 195.0, 1.0, 1.0, 1.0, 1.0, 1.0, 1.8, 1.0, 1.0, 1.094818376068376, 2.0, 1.0, 1.0980839924250863, 194.0, 1.0, 1.0, 1.0, 1.8061041292639137, 1.0, 3.0, 179.0, 1.0, 1.544186046511628, 27.571428571428573, 1.0681818181818181, 1.3231707317073171, 2.0, 1.1665196683718468, 1.6576576576576576, 1.0, 1.4, 1.0, 1.0, 3.3333333333333335, 180.0, 1.0, 1.0, 1.0, 1.0, 1.0, 1.1058823529411765, 3.6666666666666665, 1.7160493827160495, 6.0, 1.0, 174.0, 1.3602941176470589, 1.2089285714285714, 1.0729523268503431, 3.0, 1.087196403549743, 1.3333333333333333, 1.0070610024308368, 1.2307692307692308, 1.1436170212765957, 176.0, 1.9610389610389611, 1.0, 6.96875, 1.0196943152298676, 1.0, 1.00415835883438, 1.004979173648681, 1.0653721441616042, 1.0, 1.25, 2.0, 1.15625, 153.0, 2.0, 1.0, 1.201409869083585, 177.0, 173.0, 2.0, 1.0, 1.037037037037037, 2.0, 1.25, 1.0, 1.0, 4.25, 1.0, 1.0655418559377028, 1.0, 1.0, 1.0, 1.0, 1.0400082199874132, 1.0, 43.25, 1.0445903905979952, 1.0, 2.0, 1.0, 1.0, 1.0133540761209536, 3.981132075471698, 1.5714285714285714, 1.0, 1.0, 1.1382292436437715, 1.1326415653720723, 1.0, 1.2727272727272727, 181.0, 2.0, 1.0, 2.6699029126213594, 1.1407240491283677, 1.0, 2.0013360053440215, 1.6888888888888889, 1.0, 1.0, 1.2874251497005988, 1.03125, 176.0, 1.0, 1.1726907630522088, 1.1036053589905532, 1.6666666666666667, 1.4808575803981623, 1.8666666666666667, 1.0, 1.0, 1.0, 1.0044922188352319, 2.0, 1.0, 1.2200925313945803, 195.0, 1.0, 1.2486772486772486, 1.0, 1.0, 1.1044776119402986, 1.3333333333333333, 1.3529411764705883, 1.2862745098039217, 1.2472848788638262, 1.0, 176.0, 2.0, 1.0, 1.0, 1.122458948634126, 1.0, 1.0, 1.0123304562268804, 1.3609022556390977, 1.0, 1.0, 1.0, 1.0, 1.0413793103448277, 169.0, 1.3701880035810206, 1.107454729294972, 1.0, 2.0, 14.923076923076923, 1.0, 1.0, 1.0, 1.7272727272727273, 1.0, 1.0, 1.0, 1.3846153846153846, 1.75, 1.1218650653479336, 1.0, 69.66666666666667, 1.0, 1.0526315789473684, 1.0, 1.0, 1.0, 1.0, 1.0, 1.0128779581134455, 2.0714285714285716, 2.0, 1.52, 1.0, 174.0, 169.0, 1.3846153846153846, 1.0, 1.3774834437086092, 1.0096054381557558, 2.0, 1.5, 1.0, 1.1740947075208914, 198.0, 2.2, 1.0729166666666667, 1.0, 1.0768190777149744, 1.5952380952380953, 1.32, 1.0, 165.0, 1.0, 1.0, 1.0, 174.0, 1.0072202166064983, 1.9166666666666667, 1.6666666666666667, 1.0, 1.0, 1.0512315270935961, 1.0, 164.0, 2.5, 163.0, 1.258584442887176, 157.0, 1.0, 1.5175879396984924, 2.0, 1.0633140153755174, 1.0, 1.0, 1.7842727905358386, 1.0, 1.0, 1.3206106870229009, 32.8, 6.290322580645161, 1.2435897435897436, 1.124215809284818, 1.25, 2.0, 1.125, 1.0081967213114753, 1.0, 1.0935672514619883, 1.0, 1.4063241106719369, 1.0, 2.4, 1.0478649482877163, 1.4, 1.0421004225899293, 1.1911764705882353, 1.0, 3.0, 3.3421052631578947, 1.0, 2.8795180722891565, 1.0625, 15.8, 1.0443696450428397, 1.0, 1.0, 1.0, 1.1320293398533008, 1.3333333333333333, 3.2049689440993787, 1.087611704923778, 1.0, 190.0, 1.0, 1.0, 1.0, 1.0, 1.0, 1.0, 1.0, 1.0, 1.0, 2.0, 1.2533333333333334, 1.117441589691842, 1.85876993166287, 1.0, 1.0, 1.1764705882352942, 1.0, 179.0, 170.0, 1.0, 1.0, 1.0, 1.0, 1.080961525272615, 1.0, 171.0, 1.0005750431282345, 1.0, 1.0, 1.0, 2.0, 3.0, 1.0, 1.0, 1.0, 1.0, 1.1, 1.2690763052208835, 1.120439038860872, 1.5, 1.0, 1.0, 1.0397559107211254, 1.0, 1.0, 1.0, 1.2727272727272727, 1.1434114679789054, 1.0, 3.0, 1.3, 1.653061224489796, 1.0, 1.0, 2.0, 1.0, 1.0, 1.013024309347571, 1.0, 2.0, 1.0342941300231432, 1.0, 1.0, 1.2387519782952747, 1.0, 1.0922230611584511, 1.0, 1.0, 173.0, 1.063157894736842, 1.0, 1.0, 1.0, 1.1428571428571428, 1.0, 1.0912525252525254, 1.0302901477308959, 1.0, 152.0, 10.666666666666666, 1.0, 1.1666666666666667, 2.4, 1.0, 1.0, 1.0455146236486257, 1.0, 1.0, 174.0, 1.4587155963302751, 1.1634615384615385, 1.8736263736263736, 1.3744619799139168, 1.0, 1.4924924924924925, 1.625, 4.454545454545454, 171.0, 2.6666666666666665, 1.0, 1.0, 1.0, 1.2345679012345678, 1.0, 1.1243781094527363, 1.0, 172.0, 3.5, 177.0, 2.6979166666666665, 1.0, 185.0, 1.0, 1.0, 1.0724637681159421, 1.0, 1.0, 1.0, 1.0302442807289647, 1.202020202020202, 2.0, 1.0, 1.1956521739130435, 1.5, 1.52, 1.0, 1.0, 148.0, 1.0, 195.0, 1.0214696099183551, 10.277777777777779, 1.0, 4.0, 1.2740740740740741, 1.1777914925939992, 1.0, 1.0, 1.1668228678537957, 1.1130876747141043, 1.4179104477611941, 1.1111111111111112, 195.0, 1.0, 1.0807204803202135, 92.0, 194.0, 1.0, 1.0, 1.0, 1.0224887556221889, 1.0, 1.7222222222222223, 1.0, 1.0, 1.2727272727272727, 170.0, 2.0, 2.0, 1.0, 1.115990099009901, 1.391304347826087, 1.2232267037552156, 1.0, 1.0, 3.0, 153.0, 1.0, 1.0, 1.0, 1.0, 2.0, 1.0, 2.0, 1.5, 1.2100840336134453, 1.5, 1.0076464162675405, 1.0, 1.0, 1.1666666666666667, 1.603797875764403, 1.5, 1.0, 1.0, 1.0, 1.0, 1.9285714285714286, 1.3797606093579977, 3.0, 1.0, 1.0, 1.0, 1.0, 1.0, 1.1516908212560386, 1.0, 1.0, 176.0, 1.0, 1.135702746365105, 1.0797975866095757, 1.0, 1.0, 1.2713178294573644, 1.16, 2.0, 1.5120481927710843, 1.0, 1.0, 1.0, 1.0, 1.0, 1.7777777777777777, 2.0, 1.0, 1.2796352583586625, 1.1526000544514021, 1.0909090909090908, 1.0, 11.466666666666667, 1.0, 1.2857142857142858, 1.0, 1.5, 1.0, 1.1616812956932434, 1.0588235294117647, 1.0, 1.0, 1.2218664226898444, 1.00440785635574, 1.0, 3.0, 149.0, 3.4615384615384617, 1.0, 1.094371324558947, 1.6296296296296295, 1.1406596891849032, 1.6785714285714286, 1.0620876988746604, 1.0, 1.1241258741258742, 2.6666666666666665, 1.0, 1.0, 1.0, 2.0, 1.4285714285714286, 165.0, 176.0, 1.5, 161.0, 1.0, 1.0, 1.0, 1.7582417582417582, 3.0, 1.0, 144.0, 1.2835660580021482, 1.375, 1.0, 1.0, 1.1104903786468032, 1.060308257918552, 1.0, 1.8, 1.0, 1.0, 1.0, 2.0, 1.2222222222222223, 1.0, 1.9259259259259258, 1.400424628450106, 171.0, 1.0, 2.7, 1.3541666666666667, 1.0, 1.091795288383428, 1.0, 1.0, 1.0, 162.0, 1.1145833333333333, 1.0, 1.0, 1.0, 1.0, 1.0, 1.0, 1.0, 1.0, 1.0, 1.0, 1.0, 1.0, 1.0282807909852238, 2.0, 1.0, 1.0, 1.0, 1.0, 1.6837209302325582, 1.0, 167.0, 2.5, 1.0, 1.0, 1.0, 2.0, 1.0, 1.1428571428571428, 1.0138355022460983, 159.0, 1.1161137440758293, 1.5, 1.293103448275862, 1.0, 1.254278728606357, 1.0, 1.0, 1.0608040201005025, 1.0, 1.0, 181.0, 5.487804878048781, 8.695652173913043, 1.0, 1.030434520580968, 1.0826242606620318, 1.361842105263158, 9.5, 1.0, 58.0, 1.0, 1.0, 1.0, 185.0, 1.0, 2.0, 2.0, 1.0, 1.0, 1.0, 1.012312427856868, 1.3859649122807018, 1.0, 1.0, 1.0666666666666667, 1.122340425531915, 1.0, 2.0, 1.062317061656123, 1.0555555555555556, 1.181159420289855, 1.0, 1.0, 1.0, 1.2, 1.0444444444444445, 1.0, 1.296227559870088, 1.0, 1.0, 1.199514197168942, 176.0, 1.3, 84.5, 1.0, 2.0, 1.1743772241992882, 1.0, 2.0, 1.54251012145749, 1.0, 1.0, 1.1226217185993959, 1.0, 2.0, 1.270631067961165, 2.6, 1.0, 1.0, 2.0, 1.1513353115727003, 1.0, 1.2715918150411905, 1.5, 1.0, 1.0, 1.0, 1.0, 1.0, 1.0, 2.0, 1.1333333333333333, 1.0, 1.1439066551426103, 1.0, 1.013384853706508, 1.0, 1.0, 1.0, 1.0, 1.0, 75.0, 1.0, 1.0, 1.0, 2.0, 1.8132780082987552]
origin-forest_39.80 	max: 198.0000	99th: 187.0100	95th: 167.0000	median: 1.0541	mean: 14.2832

...Done, result: results.csv

WORKLOAD-FINISHED | Type: QueryWorkload | Progress: 3/3 | Workload-time: 30.543017 | Model-update-time: 0.000000


Experiment Summary: #data-update-times=1, #drift=1 | total-time=70.695538