Input arguments = Namespace(data_update='tupleskew', update_size=100000, dataset='forest', debug=False, drift_test='js', model_update='adapt', model='transformer', end2end=False, query_seed=0, random_seed=42, num_workload=3)
JSON-passed parameters = {'data_updater': {'skew_ratio': '1e-3'}, 'random_seed': 99, 'transformer': {'epochs': 0}}
MODEL-PATH=/home/kangping/code_copy/SAUCE/models/end2end/transformer/origin-forest-2.0MB-model58.950-data19.148-300epochs-seed0.pt
DATASET-PATH=/home/kangping/code_copy/SAUCE/data/forest/end2end/forest.npy
Workloads: ['QueryWorkload', 'DataUpdateWorkload', 'QueryWorkload']

WORKLOAD-START | Type: QueryWorkload | Progress: 1/3
Going to run: ['python', '/home/kangping/code_copy/SAUCE/Naru/eval_model.py', '--dataset=forest', '--model=transformer', '--query_seed=0', '--end2end', '--eval_type=first_estimate', '--num_workload=3', '--data_update=tupleskew', '--model_update=adapt', '--random_seed=42']
Torch device: cuda:1
GET-MODEL-PATH=./models/end2end/transformer/origin-forest-2.0MB-model58.950-data19.148-300epochs-seed0.pt
ckpts [PosixPath('/home/kangping/code_copy/SAUCE/models/end2end/transformer/origin-forest-2.0MB-model58.950-data19.148-300epochs-seed0.pt')]
Validate Argument: DATASET="forest" is valid.
load_csv_dataset - forest (581012, 10)
Parsing... done, took 0.0s
Loading ckpt: /home/kangping/code_copy/SAUCE/models/end2end/transformer/origin-forest-2.0MB-model58.950-data19.148-300epochs-seed0.pt
query_seed:0
origin-forest_39.80 	max: 11.0000	99th: 4.8586	95th: 2.1825	median: 1.0066	mean: 1.3153
ReportEsts: [1.0, 1.043409450599141, 1.0, 1.4047619047619047, 1.3333333333333333, 1.0, 1.517786561264822, 1.0, 1.263768115942029, 1.0, 1.2407407407407407, 1.0, 1.0, 1.0, 2.0, 1.085294980921632, 1.0, 1.1111111111111112, 1.0192307692307692, 1.125, 1.0, 3.0, 1.0526315789473684, 1.2, 1.4, 1.0, 1.1283130241664474, 1.3, 3.0, 1.0561959654178674, 1.0, 1.114119922630561, 1.4, 1.0, 1.2413793103448276, 1.0568356374807988, 1.0474741326841144, 1.0, 1.0299785867237687, 1.0, 2.0, 1.0, 1.1764705882352942, 1.0, 1.3085106382978724, 1.0382978723404255, 1.0, 1.5, 1.0, 1.0, 3.0, 1.1328458942632171, 1.0, 1.0, 1.3846153846153846, 1.0603015075376885, 1.997093023255814, 4.857142857142857, 1.0, 1.0, 1.0598976109215017, 10.0, 1.0, 1.4547945205479451, 1.1528662420382165, 1.0, 1.3060109289617485, 1.0520833333333333, 1.1847389558232932, 1.0, 2.0, 1.0, 1.1483253588516746, 1.3452669263978099, 1.3333333333333333, 2.0, 1.0, 1.0, 1.0, 1.0, 1.0, 1.0, 1.067038187090008, 2.3333333333333335, 1.2380952380952381, 1.0, 1.0, 1.0, 1.0566297515713858, 1.0, 1.6, 1.2777777777777777, 1.0, 1.0133779264214047, 2.0, 1.0, 1.008720768760762, 1.0424628450106157, 1.0, 1.0, 1.0, 1.0, 1.0, 1.0, 1.2, 1.0, 1.0, 1.0, 1.0471014492753623, 1.0, 1.1056338028169015, 1.0, 1.0, 1.1519371992909597, 1.219387755102041, 2.0, 1.0, 2.0, 1.0, 1.0, 1.0, 2.0, 3.0, 1.0, 3.179640718562874, 1.1428571428571428, 1.0, 1.0, 1.0, 1.0, 1.0, 1.2520995800839831, 1.1241936278130693, 1.0, 1.25, 1.0, 1.0, 2.0, 1.044953003677973, 1.2063492063492063, 1.121125238926286, 1.0, 1.0, 1.6666666666666667, 1.0, 1.080419699688227, 1.0, 1.2333333333333334, 1.3333333333333333, 1.0, 1.0, 1.0, 1.0, 1.0, 1.0, 1.25, 1.0, 1.0, 1.0, 2.0, 1.7777777777777777, 2.0, 1.014687302590019, 4.0, 1.0180539804944433, 1.0, 1.3333333333333333, 1.0, 1.203883495145631, 1.0, 1.0, 1.0, 1.0555555555555556, 1.3181818181818181, 1.0, 1.0, 1.1406844106463878, 1.0, 1.5358067299396032, 1.0, 8.56, 2.0, 1.0, 1.1128445468265946, 1.0, 1.0819137368611815, 1.0, 1.0, 1.34375, 1.0673554947364106, 1.0, 1.0, 1.9166666666666667, 1.0, 1.0, 1.0, 1.0, 1.1944444444444444, 1.125, 1.3395315573037725, 1.160454832596336, 1.0, 1.0, 1.0, 2.0, 3.0, 1.0070921985815602, 1.0, 1.0, 1.0, 1.0, 1.3076923076923077, 1.0, 1.3333333333333333, 1.0, 1.0, 1.0, 1.0093023255813953, 1.0, 2.0, 1.0, 1.2231220894918, 1.0, 1.0, 1.4565217391304348, 1.0, 1.30625, 1.0, 1.0960548885077186, 1.0, 1.0, 1.0, 1.2222222222222223, 2.0, 1.5961538461538463, 1.0, 2.0, 1.0, 1.0709021884769987, 1.0092839882996312, 1.0, 1.3333333333333333, 1.5, 1.0257478227943961, 1.2604501607717042, 1.375, 1.0, 1.0153417015341701, 1.25, 1.230308219178082, 1.0, 1.6666666666666667, 1.111764705882353, 1.0, 2.4817518248175183, 1.1307630088972769, 2.357142857142857, 2.5, 1.3352112676056338, 1.0645994832041343, 2.0, 1.0, 1.1626099146170512, 1.25, 2.0, 1.0, 1.1428571428571428, 1.0, 1.0, 1.0, 1.131578947368421, 1.5, 1.0223105134474328, 2.0, 1.0, 1.0773475898939382, 1.1111111111111112, 1.0, 1.1363636363636365, 1.0, 1.0, 1.0, 1.8, 1.0, 1.0, 1.0, 2.0, 1.0, 1.6371681415929205, 1.0, 1.1111111111111112, 1.0, 1.0, 1.0, 1.0, 1.1131855309218204, 1.0056497175141244, 1.1643227239082161, 1.7790262172284643, 1.0, 1.2939516129032258, 1.0, 1.0, 3.0, 1.0, 1.2426470588235294, 1.0, 2.0, 1.0, 1.2857142857142858, 1.0, 1.0, 1.0833333333333333, 1.5, 1.0, 1.0, 1.0, 1.0, 1.0, 2.5714285714285716, 1.0, 1.0, 1.356346637900036, 1.5, 1.0, 1.0796048808832075, 1.0, 1.0, 1.0, 1.0, 1.5807962529274004, 2.0, 3.0, 1.0, 1.3333333333333333, 1.0372093023255815, 1.0, 1.035294117647059, 1.298780487804878, 1.0, 1.1277056277056277, 1.2972972972972974, 1.0, 1.4583333333333333, 1.5, 1.1428571428571428, 10.0, 1.5, 1.0, 1.0, 1.0, 1.0, 1.0, 1.8275862068965518, 11.0, 1.271604938271605, 6.0, 1.0, 1.0, 2.0, 1.0881720430107527, 1.2, 1.0545454545454545, 1.1088028941021706, 1.1377844022620665, 1.4533629441624365, 1.0140594123554374, 1.079245283018868, 1.0, 1.2511737089201878, 1.0, 1.0191484001007811, 1.0152893571952313, 1.0, 1.0393311291963376, 1.0162712635830915, 1.080818169974378, 1.0, 1.6666666666666667, 1.0, 1.0, 1.0, 1.0, 1.0453879941434847, 1.9215686274509804, 1.0, 2.1794871794871793, 1.0, 1.1633976833976833, 1.0, 10.0, 1.0714285714285714, 1.0, 1.0, 4.25, 1.0, 1.014937106918239, 1.0, 1.0, 1.0, 1.0, 1.0050835360435815, 1.0, 2.0, 1.0565217391304347, 1.7684797768479776, 1.2463235294117647, 1.2988691437802908, 1.1363636363636365, 1.0655077832793076, 1.1622418879056047, 1.2941176470588236, 1.0, 1.0, 1.1397922102124487, 1.1230377890322434, 1.0, 1.0909090909090908, 1.0, 1.0, 1.0, 1.0, 1.0, 1.0, 1.0, 1.1232363950475093, 2.5, 1.1483375959079285, 1.0, 1.0, 1.0, 1.1251748251748253, 1.010912265386294, 2.5, 1.2649310872894335, 3.5, 1.0, 1.0, 1.0, 1.0082615139704671, 1.5, 1.0, 1.5839328537170263, 1.0, 1.7272727272727273, 1.0, 1.0, 1.0, 1.028764928633848, 1.0, 1.0, 2.0, 1.3333333333333333, 1.1764705882352942, 1.0014792899408285, 1.6666666666666667, 1.0, 1.0, 1.26, 1.25, 2.0, 1.0189987163029526, 1.0, 1.4444444444444444, 1.0, 1.0, 1.1818181818181819, 1.0, 1.0, 5.111111111111111, 1.0039855072463768, 1.0432429974536195, 1.1003460207612457, 1.7083333333333333, 1.0, 1.0, 1.7142857142857142, 1.0, 1.1511285574092247, 1.0, 1.5, 1.0, 1.1531365313653137, 1.0454545454545454, 1.0, 1.0984213959556426, 1.4, 2.0, 1.0425318829307793, 2.5, 1.0109470890694974, 1.0, 1.0, 1.0, 1.0066483353342885, 1.7142857142857142, 2.0, 1.24, 1.0, 2.0, 1.0, 1.4615384615384615, 1.0, 1.218543046357616, 1.034890856491628, 2.0, 1.0, 1.0, 1.2315978456014363, 2.0, 10.0, 1.2560975609756098, 1.0, 1.0358389967333759, 1.0047619047619047, 1.12, 1.0, 1.4, 1.0, 2.0, 1.147457904201406, 1.5, 4.0, 1.2603244837758112, 1.6, 1.0, 1.0654208282059354, 1.0, 1.75, 1.0, 2.0, 1.0, 1.0187265917602997, 1.0, 1.0, 1.4285714285714286, 1.0454104015270755, 1.9240506329113924, 3.16144578313253, 1.1, 1.3972602739726028, 1.0, 1.5833333333333333, 1.062111801242236, 1.0, 1.0, 1.064102564102564, 1.5610687022900764, 1.2, 2.0, 1.1428571428571428, 1.1714285714285715, 1.0, 1.1835443037974684, 1.0, 1.1420454545454546, 1.0, 2.0, 1.0610251098731909, 6.0, 1.0063544481136795, 2.3333333333333335, 1.0, 3.0, 1.0625, 1.0, 2.0, 1.121140763997907, 1.0, 1.0, 1.0, 1.0, 1.0, 1.0769230769230769, 2.0, 1.2318840579710144, 1.0, 1.0, 2.0, 1.0, 1.0, 1.0, 1.0, 1.0, 1.0, 1.0, 1.0, 2.0, 1.8866666666666667, 1.3888888888888888, 1.5, 1.2233333333333334, 1.0, 1.0, 1.1428571428571428, 1.05672193419229, 2.0714285714285716, 1.0, 1.0, 1.0, 1.0, 1.0265778063272843, 1.0, 1.0, 1.065217391304348, 1.351781652767248, 1.1702127659574468, 2.0, 1.0, 1.0, 1.0, 1.4594594594594594, 2.0, 1.0, 1.0, 1.4844517184942716, 3.5, 1.0862911795961743, 1.0, 1.0, 1.0116161616161616, 1.0, 1.0, 1.0, 1.6153846153846154, 1.07412242529736, 1.0, 2.0, 1.4444444444444444, 1.438235294117647, 1.0, 1.0, 2.0, 1.0, 1.0, 1.1766942626107046, 1.0, 2.0, 1.0659757330637007, 1.0, 1.0, 1.0517198713189804, 1.0, 1.121185260225402, 1.0, 1.0, 1.4069767441860466, 1.0315825609337452, 5.0, 1.5116279069767442, 1.0, 1.0, 1.3333333333333333, 1.0329835082458771, 1.0, 1.0, 1.0, 1.0, 1.1, 1.0, 1.0, 1.5, 1.1911302982731553, 1.0, 1.0, 1.0, 1.5, 1.0, 1.125, 1.1709844559585492, 1.0, 1.0, 1.0, 1.0, 1.0, 1.0, 1.1111111111111112, 1.0, 1.0, 1.0, 1.0, 1.0, 2.0, 1.054614472123369, 1.7473684210526317, 1.0, 2.0, 1.5, 1.0611510791366907, 1.0, 1.0, 1.0, 2.0, 1.0, 1.0192307692307692, 1.0, 1.65, 1.5643488282750673, 1.0, 1.6304347826086956, 1.0, 1.24, 1.0, 1.2, 1.0, 1.0, 1.0, 1.0290486564996368, 1.375, 1.0, 4.0, 1.1185185185185185, 1.1676493492045834, 1.0, 1.0, 1.2349602724177071, 1.1517939282428702, 1.1865671641791045, 1.1111111111111112, 1.0, 1.0, 1.0534517528671243, 2.0, 1.125, 1.0, 1.0, 3.0, 1.257913247362251, 1.0, 1.0, 1.0, 2.0, 1.0, 1.5, 1.2333333333333334, 1.0, 1.225075798109506, 1.181904761904762, 1.0, 1.0, 1.0, 3.0, 1.0, 1.0, 1.0, 1.0, 1.0, 2.0, 1.0, 2.0, 3.0, 1.1484593837535013, 1.0, 1.0563146014019247, 1.0, 1.0, 1.2777777777777777, 1.0204482894219427, 1.5, 1.0, 1.0, 1.0, 1.0, 1.8928571428571428, 1.0055350553505535, 3.0, 1.0, 1.0, 1.0, 1.0, 1.0, 1.1001124859392577, 1.0, 1.0, 1.0, 1.0, 1.1660377358490566, 1.0079531184596064, 1.0, 1.0, 1.1091954022988506, 1.0416666666666667, 2.0, 1.2590361445783131, 1.0, 1.0, 1.0, 1.0, 1.0, 1.7777777777777777, 2.0, 1.0, 1.1641337386018238, 1.2011038289065195, 1.3333333333333333, 1.0, 1.0, 1.0, 1.0, 2.0, 1.0, 1.0, 1.0347682119205297, 1.0, 1.0, 1.5, 2.25, 1.0909090909090908, 1.0, 1.005190311418685, 1.0, 1.0, 3.0, 1.0, 1.1481481481481481, 1.0802919708029197, 1.0, 1.138157894736842, 1.0, 1.2272727272727273, 1.0, 1.0, 2.0, 1.2857142857142858, 1.0, 1.0, 1.0, 2.5, 1.0309278350515463, 1.0, 1.0, 1.1430201597565615, 1.0687565024652825, 1.0, 1.0, 1.0, 1.0269004989727033, 1.0, 1.0909090909090908, 1.0, 1.1048317515099224, 2.0, 1.0, 1.3076923076923077, 1.5, 1.6666666666666667, 1.0728232189973614, 1.0, 1.0888888888888888, 1.0, 2.0, 1.4, 1.0, 1.0, 1.0, 2.0, 1.6666666666666667, 1.0, 1.0, 1.6666666666666667, 1.0, 1.25, 1.0, 4.0, 1.0, 1.3333333333333333, 1.0, 1.0, 1.0, 1.0, 1.0, 1.0, 1.0, 1.0, 1.0532532532532533, 2.0, 1.0, 1.0, 1.0, 1.0, 1.1454545454545455, 1.5, 1.0, 2.2391826923076925, 1.0, 1.2667520273154076, 1.0, 1.4028244788164088, 1.0, 1.2285714285714286, 2.857142857142857, 2.3076923076923075, 1.0, 1.0, 1.105263157894737, 1.156308436915631, 1.0, 1.0, 1.038857142857143, 1.0, 1.0, 1.0, 2.0, 1.0064923567254913, 1.0, 2.6, 1.0, 1.0185185185185186, 1.0, 1.0, 1.0, 1.0, 1.0, 1.0, 1.0, 1.0, 3.0, 2.0, 1.0, 1.0, 1.0, 1.030539875524678, 1.0865001457867625, 1.0, 1.0, 1.2307692307692308, 1.0444444444444445, 1.0, 2.0, 1.0583561435523114, 1.3333333333333333, 1.541899441340782, 1.0, 1.0, 1.0, 1.5, 1.1333333333333333, 1.0, 1.2459253146276048, 1.0, 1.0, 1.2599475065616799, 1.0, 4.0, 1.0, 1.0, 1.0, 1.0446096654275092, 1.0, 1.5, 1.5, 1.0718696738343723, 1.0, 1.6428571428571428, 1.0, 1.0, 1.0904662491301322, 2.0, 1.75, 1.0, 1.0040983606557377, 1.0, 1.016959605303731, 1.5, 1.0, 1.0, 1.0, 1.0, 1.0, 1.0, 2.0, 1.2439024390243902, 1.0, 1.2969132778049977, 1.0, 1.0947939239764246, 1.0, 1.0, 1.0, 1.0, 1.0, 1.0405405405405406, 1.0601715962971325, 2.0, 1.0806451612903225, 1.0, 1.1273423066772235, 1.0, 2.0, 1.1271186440677967, 1.2338709677419355, 1.0, 1.0, 1.0, 1.2138821630347054, 1.0, 1.0, 1.2327272727272727, 2.0, 1.0]
origin-forest_39.80 	max: 11.0000	99th: 4.8586	95th: 2.1825	median: 1.0066	mean: 1.3153

...Done, result: results.csv

WORKLOAD-FINISHED | Type: QueryWorkload | Progress: 1/3 | Workload-time: 30.285314 | Model-update-time: 0.000000


WORKLOAD-START | Type: DataUpdateWorkload | Progress: 2/3
Going to run: ['python', '/home/kangping/code_copy/SAUCE/Naru/eval_model.py', '--model=transformer', '--data_update=tupleskew', '--dataset=forest', '--drift_test=js', '--end2end', '--update_size=100000', '--query_seed=0', '--eval_type=drift']
Torch device: cuda:1
GET-MODEL-PATH=./models/end2end/transformer/origin-forest-2.0MB-model58.950-data19.148-300epochs-seed0.pt
GET-DATASET-PATH=./data/forest/end2end/forest.npy
TupleSkewSample - START
0.001
TupleSkewSample - END
load_npy_dataset_from_path - df.shape = (681012, 10)
Parsing... done, took 0.1s
Data updated!
Previous data size: (581012, 10), new data size: (100000, 10)
[2.3841858e-06 3.0100346e-05 9.5367432e-07 5.3405762e-05 5.4955482e-05
 2.1040440e-05 7.9274178e-06 4.5299530e-06 8.3446503e-07 4.2736530e-05]
Distance score: 2.18868262891192e-05
SAUCE Drift detection: True
Detection latency: 0.0654s

DRIFT-DETECTED after 2-th workload
Going to run: ['python', '/home/kangping/code_copy/SAUCE/Naru/incremental_train.py', '--dataset=forest', '--end2end', '--model=transformer', '--model_update=adapt', '--update_size=100000', '--epochs=0']
Torch device: cuda:1
GET-MODEL-PATH=./models/end2end/transformer/origin-forest-2.0MB-model58.950-data19.148-300epochs-seed0.pt
update_size: 100000
AdaptTask - START
GET-DATASET-PATH=./data/forest/end2end/forest.npy
load_npy_dataset_from_path - df.shape = (681012, 10)
Parsing... done, took 0.1s
done, took 0.1s
dataset size: 681012
train data shape: torch.Size([100000, 10]), transfer data shape:torch.Size([20000, 10])
Training done; evaluating likelihood on full data:
Epoch None Iter 0, test loss 39.2993 nats / 56.6968 bits
Saved to: /home/kangping/code_copy/SAUCE/models/end2end/transformer/origin-forest-2.0MB-model58.950-data19.148-300epochs-seed0.pt
AdaptTask - END

WORKLOAD-FINISHED | Type: DataUpdateWorkload | Progress: 2/3 | Workload-time: 4.266871 | Model-update-time: 5.651755


WORKLOAD-START | Type: QueryWorkload | Progress: 3/3
Going to run: ['python', '/home/kangping/code_copy/SAUCE/Naru/eval_model.py', '--dataset=forest', '--model=transformer', '--end2end', '--query_seed=0', '--eval_type=estimate', '--num_workload=3', '--data_update=tupleskew', '--model_update=adapt', '--random_seed=42']
Torch device: cuda:1
GET-MODEL-PATH=./models/end2end/transformer/origin-forest-2.0MB-model58.950-data19.148-300epochs-seed0.pt
ckpts [PosixPath('/home/kangping/code_copy/SAUCE/models/end2end/transformer/origin-forest-2.0MB-model58.950-data19.148-300epochs-seed0.pt')]
Validate Argument: DATASET="forest" is valid.
data size: 681012, total size: 681012, split index: [567510 681012]
Parsing... done, took 0.1s
Loading ckpt: /home/kangping/code_copy/SAUCE/models/end2end/transformer/origin-forest-2.0MB-model58.950-data19.148-300epochs-seed0.pt
query_seed:0
origin-forest_39.80 	max: 213.0000	99th: 189.0000	95th: 167.0000	median: 1.0520	mean: 13.6203
ReportEsts: [2.0, 1.014960461637102, 1.0, 1.3409090909090908, 1.1428571428571428, 1.0, 1.1759656652360515, 1.0, 1.5449275362318842, 1.0, 1.044776119402985, 62.666666666666664, 1.0, 2.0, 1.9239766081871346, 1.0470588235294118, 8.0, 165.0, 1.8113207547169812, 2.372549019607843, 1.0, 167.0, 1.0, 1.0, 1.1367088607594937, 1.0, 1.0714028128380815, 1.3333333333333333, 1.0, 1.4285714285714286, 1.3333333333333333, 1.0, 1.0, 1.0, 1.0, 2.0, 1.0, 3.5428571428571427, 1.0, 3.0, 2.0, 1.0, 1.1333333333333333, 1.0, 1.835820895522388, 1.1434426229508197, 1.0, 1.0, 1.0, 1.0, 3.0, 1.102406040188278, 1.0, 1.0, 18.0, 1.1090047393364928, 46.0, 2.125, 1.0, 196.0, 1.0035668426309032, 10.0, 158.0, 1.0, 1.0, 4.56, 1.1006607793491014, 1.4285714285714286, 2.0, 173.0, 165.0, 1.1057957681692732, 1.135135135135135, 1.1468354430379746, 1.0, 1.3662551440329218, 1.0, 1.0, 1.0, 1.0, 176.0, 1.0, 1.0, 1.078350551938862, 3.5, 2.0, 1.0, 1.0, 1.3333333333333333, 1.00450177035913, 1.0, 82.5, 174.0, 1.189325719305952, 1.4318181818181819, 2.2916666666666665, 1.0, 1.0, 1.0, 168.0, 1.0, 1.0, 1.1836425596365012, 2.0, 1.0, 1.0, 1.0, 1.0, 1.0004163948165476, 2.0, 1.0, 1.3376623376623376, 1.0, 1.0, 1.0, 1.0, 1.0, 1.0, 1.0, 1.0, 1.0, 1.165680473372781, 1.0, 1.0, 1.0, 3.0, 1.0, 1.1764038570618265, 1.0, 1.0, 177.0, 1.0, 1.0, 1.0, 1.2236131242587955, 1.0810310393609053, 2.0, 1.5, 1.0, 1.0, 2.0, 1.1021730842546702, 1.4444444444444444, 1.0744629731798039, 1.0, 1.0, 2.5, 1.0, 1.0983985902372744, 1.0, 1.4333333333333333, 1.2, 1.1538461538461537, 5.933333333333334, 1.0, 1.0, 1.0, 1.0, 1.25, 1.0, 1.0, 1.0, 2.3333333333333335, 1.4545454545454546, 1.0, 1.3167842741935485, 4.0, 1.0147983288430753, 1.0, 1.3333333333333333, 3.0, 1.0381194409148666, 1.0, 1.0, 45.0, 1.0, 1.057503880651528, 1.0477178423236515, 1.0, 1.0383967451765679, 15.25, 1.1042435424354244, 1.0, 3.0, 1.0, 1.0, 1.0, 3.0, 1.0, 1.0102690193809662, 1.0, 1.0, 12.470588235294118, 1.0735700248465487, 1.0, 1.483754512635379, 1.3243243243243243, 2.0, 1.2735849056603774, 5.0, 1.2378683726944804, 1.0, 1.0, 189.0, 1.0, 1.2857142857142858, 1.0, 1.0, 1.0, 2.0, 1.35956917978459, 2.3333333333333335, 4.553191489361702, 2.090909090909091, 1.0, 156.0, 1.0517241379310345, 1.0, 1.0, 1.0, 1.0, 190.0, 190.0, 1.0, 1.6, 1.1666666666666667, 1.0, 1.0, 1.1522617124394183, 1.2082627118644067, 1.0740740740740742, 1.0, 1.1018526969060873, 1.0, 89.0, 1.0, 1.0, 1.0, 176.0, 4.7272727272727275, 1.0, 2.0, 1.0, 1.13, 1.06385762889296, 1.0, 2.0, 52.75, 1.0, 2.0, 10.705882352941176, 1.0, 1.1552197802197801, 10.0, 3.9019607843137254, 171.0, 1.6666666666666667, 1.0211640211640212, 1.0, 1.2176470588235293, 1.2473751600512164, 2.7857142857142856, 2.5, 1.0394736842105263, 1.1173076923076923, 2.0, 1.0, 1.1004763098520933, 3.6923076923076925, 2.0, 1.0, 1.0, 1.0, 1.0, 1.0, 1.0263157894736843, 1.0, 1.026812585499316, 1.3646456020495303, 1.0, 1.1531906048638536, 1.0, 2.9859154929577465, 1.4081632653061225, 1.0, 1.0, 1.5, 1.4545454545454546, 1.9081081081081082, 1.0211309852706691, 2.0, 1.9215686274509804, 1.0, 2.466666666666667, 1.2413127413127414, 1.0, 2.4022556390977443, 183.0, 1.4482758620689655, 1.0, 1.0, 1.4545454545454546, 2.25, 1.0, 1.0, 1.3983739837398375, 1.0, 3.0, 1.0, 1.0, 1.0416666666666667, 1.0, 1.0, 1.0, 1.0, 1.08, 2.0, 1.0, 1.25, 166.0, 1.0, 1.0, 1.0, 1.0, 1.0, 2.0, 1.0, 1.0, 1.2102818209972128, 2.0, 1.0, 1.0654161412358134, 177.0, 1.0, 1.0, 1.0, 1.0257023311416618, 1.0, 3.0, 170.0, 1.0, 1.9507389162561577, 12.666666666666666, 1.0909090909090908, 1.7865853658536586, 2.0, 1.1228406909788868, 1.4414414414414414, 1.0, 1.25, 1.0, 1.0, 10.0, 6.212121212121212, 1.0, 1.0, 1.0, 1.0, 1.0, 1.5172413793103448, 3.6666666666666665, 1.7407407407407407, 6.0, 1.0, 184.0, 1.6323529411764706, 1.033596837944664, 1.0719590480629013, 3.0, 1.4687013391466832, 1.25, 1.0523652624146858, 1.3076923076923077, 1.3924528301886792, 169.0, 2.6459627329192545, 1.0, 4.684210526315789, 1.0051018445130162, 1.0, 1.0253768653889856, 1.0842587520541807, 1.1821179208688906, 1.0, 1.25, 1.0, 1.15625, 172.0, 2.0, 1.0, 1.431466030989273, 36.2, 2.4554455445544554, 1.0, 1.0, 3.382716049382716, 1.3333333333333333, 1.5, 1.0, 1.0, 4.25, 1.0, 1.2925081433224757, 1.0, 1.0, 1.0, 1.0, 1.029422489343778, 1.0, 27.666666666666668, 1.1638095238095238, 1.0, 2.0, 1.0, 1.0, 1.018775898971431, 7.777777777777778, 1.9090909090909092, 1.0, 1.0, 1.1058977565856327, 1.1224915247632778, 1.0, 1.0909090909090908, 158.0, 2.0, 1.0, 1.2941176470588236, 1.216139371381307, 1.0, 1.94553706505295, 2.235294117647059, 1.0, 1.0, 1.311377245508982, 1.03125, 183.0, 1.0, 1.0817669172932332, 1.093576884755895, 1.6666666666666667, 1.1925837320574162, 1.4, 1.0, 1.0, 1.0, 1.0650410327556612, 2.0, 1.0, 1.7562562562562563, 159.0, 1.0, 1.4112903225806452, 1.0, 1.0, 1.0820895522388059, 1.3333333333333333, 1.411764705882353, 1.02, 1.131398013750955, 1.0, 169.0, 2.0, 1.0, 1.0, 1.101923059083277, 1.0, 1.0, 1.2531969309462916, 1.4248120300751879, 1.0, 1.0, 1.0, 1.0, 1.0344827586206897, 180.0, 1.3012976480129765, 1.0849950818206207, 1.3333333333333333, 2.0, 28.833333333333332, 1.0, 1.0, 1.0, 1.4736842105263157, 1.0, 1.0, 1.0, 1.3846153846153846, 1.9090909090909092, 1.1854132133554345, 1.0, 90.0, 1.0, 1.0256410256410255, 1.0, 1.0, 1.0, 1.0, 1.0, 1.0203041223521139, 1.9285714285714286, 2.0, 1.68, 1.0, 189.0, 175.0, 1.4423076923076923, 1.0, 1.1920529801324504, 1.0152587698599969, 2.0, 1.5, 1.0, 1.2380952380952381, 182.0, 1.5, 1.0729166666666667, 1.0, 1.0736521022258863, 1.190938511326861, 1.36, 1.0, 160.0, 1.0, 1.0, 1.0, 175.0, 1.353356890459364, 3.8333333333333335, 1.3333333333333333, 2.0, 1.0, 1.2205588822355289, 1.0, 184.0, 5.0, 169.0, 1.1143523920653442, 197.0, 1.0, 1.2512562814070352, 2.0, 1.0621775194304748, 1.0, 1.0, 1.5372549019607844, 1.0, 1.0, 1.6904761904761905, 2.5757575757575757, 211.0, 1.2564102564102564, 1.0392011834319526, 1.25, 2.0, 1.0, 1.0, 1.0, 1.1402439024390243, 1.0, 1.8033898305084746, 1.0, 1.3333333333333333, 1.0107039106145252, 1.4, 1.0397082465490888, 1.1571428571428573, 1.0, 3.0, 4.0344827586206895, 1.0, 1.4705882352941178, 1.0625, 45.25, 1.059659969088099, 1.0, 1.0, 1.0, 1.1024258760107817, 1.3333333333333333, 164.0, 1.160548994573891, 1.0, 183.0, 2.0, 1.0, 1.0, 1.0, 1.0, 1.0, 1.0, 1.0, 1.0, 2.0, 1.06, 1.0622754819425781, 1.3224489795918368, 1.0, 1.0, 1.25, 2.0, 167.0, 191.0, 1.0, 1.0, 1.0, 1.0, 1.0298176270716317, 1.0, 189.0, 1.0992317541613317, 1.0, 1.0, 1.0, 2.5, 1.5, 1.0, 1.0, 1.0, 1.0, 1.8333333333333333, 20.2, 1.2577422577422577, 1.5, 1.0, 1.0, 1.043377093940773, 1.0, 1.0, 1.0, 1.2, 1.077277388197936, 1.0, 3.0, 1.0, 1.4955555555555555, 1.0, 1.0, 2.0, 1.0, 1.0, 1.033825892682162, 1.0, 2.0, 1.013681592039801, 1.0, 1.0, 1.0344827586206897, 1.0, 1.015492814188156, 1.0, 1.0, 26.166666666666668, 1.7283236994219653, 1.0, 1.0, 1.0, 1.1428571428571428, 1.0, 1.0562642527808483, 1.0299030088934338, 1.0, 88.0, 6.125, 1.0, 1.75, 3.0, 1.0, 1.0, 1.1608175991685432, 1.0, 1.0, 8.695652173913043, 1.5138888888888888, 1.174757281553398, 2.3333333333333335, 1.386066763425254, 1.0, 1.6, 1.575, 4.0, 171.0, 3.0, 1.0, 1.0, 1.0, 1.2469135802469136, 1.0, 1.0298507462686568, 1.0, 85.5, 1.4, 189.0, 11.588235294117647, 1.0, 171.0, 1.0, 1.0, 3.324324324324324, 1.0, 1.0, 1.0, 1.1959229898074746, 1.202020202020202, 2.0, 1.5, 1.0454545454545454, 1.5, 1.6, 1.0, 1.1666666666666667, 175.0, 1.0, 189.0, 1.1211467324290998, 14.23076923076923, 1.0, 2.0, 1.3185185185185184, 1.168806989067647, 1.0, 1.0, 1.0669377541445104, 1.0283995186522263, 1.3880597014925373, 1.2222222222222223, 182.0, 1.0, 197.0, 206.0, 31.166666666666668, 1.0, 1.0, 2.0, 1.406087488528602, 1.0, 1.8148148148148149, 1.0, 1.0, 1.303030303030303, 60.0, 3.0, 2.0, 1.0, 1.179375531011045, 1.3664596273291925, 1.0845038513819665, 1.0, 1.0, 3.0, 183.0, 1.0, 1.0, 1.0, 1.0, 2.0, 1.0, 2.0, 1.5, 1.6357142857142857, 1.0, 1.0396163905841325, 1.0, 1.0, 1.5, 1.0949935815147624, 1.5, 1.0, 1.0, 1.0, 1.0, 2.0357142857142856, 1.2555456965394853, 3.0, 1.0, 1.0, 1.0, 1.0, 1.0, 16.833333333333332, 1.0, 1.0, 166.0, 1.0, 1.002152080344333, 1.168189368770764, 1.0, 1.0, 1.2298850574712643, 1.12, 2.0, 1.5602409638554218, 1.0, 1.0, 1.0, 1.0, 1.0, 1.1428571428571428, 2.0, 1.0, 1.3890577507598785, 1.3254648342764754, 1.0909090909090908, 1.0, 6.46875, 1.0, 1.4285714285714286, 1.0, 1.5, 1.0, 1.0440106088100982, 1.3333333333333333, 1.0, 1.0, 1.0043086564825696, 1.0028507126781696, 1.0, 3.0, 172.0, 1.0148237179487178, 1.0, 1.0293216267704797, 1.1363636363636365, 1.2292031175441387, 1.7738095238095237, 1.1550294974236428, 1.0, 1.1013986013986015, 3.0, 1.0, 1.0, 1.0, 1.5, 1.2857142857142858, 175.0, 174.0, 1.0, 2.9887640449438204, 1.0, 1.0, 1.0, 80.0, 3.0, 1.0, 181.0, 1.1039632395175187, 1.3275862068965518, 1.0, 1.0, 1.2769431743958197, 1.078048780487805, 1.0, 1.7333333333333334, 1.0, 1.0, 1.0, 1.0, 1.1111111111111112, 1.0, 3.7096774193548385, 1.4049079754601228, 178.0, 1.0, 1.1, 1.2037037037037037, 1.0, 1.2509349289454001, 1.0, 1.0, 1.0, 213.0, 1.1520833333333333, 1.0, 1.0, 1.0, 1.0, 1.0, 1.0, 1.0, 1.0, 1.0, 1.0, 1.0, 1.0, 1.0425052047189451, 2.0, 1.0, 1.0, 1.0, 1.0, 1.935483870967742, 1.0, 1.0, 2.5, 1.0, 1.0, 1.0, 2.0, 1.0, 1.8173076923076923, 1.0630631676730145, 170.0, 1.1530054644808743, 1.5, 1.2844827586206897, 1.0, 1.198792270531401, 1.0, 1.0, 1.0573514077163713, 1.0, 1.0, 186.0, 183.0, 9.578947368421053, 1.0, 1.0062821753665097, 1.1540951853901493, 1.394736842105263, 58.0, 1.0, 94.5, 1.0, 1.0, 1.0, 44.25, 1.0, 97.0, 2.0, 1.0, 1.0, 1.0, 1.0213333333333334, 1.7640449438202248, 1.0, 1.0, 1.0666666666666667, 1.1196808510638299, 1.0, 2.0, 1.089809845623799, 1.125, 1.550561797752809, 1.0, 1.0, 1.0, 1.2, 1.5333333333333334, 1.0, 1.3142661968792695, 1.0, 1.0, 1.1912228451296427, 57.0, 1.1401869158878504, 1.4395061728395062, 1.5, 2.0, 1.2028469750889679, 1.0, 1.5, 1.0596580574754457, 1.0, 1.0, 1.0364524935406816, 1.0, 2.0, 1.2902603664416585, 1.25, 1.0, 1.0, 2.25, 1.2344322344322345, 1.0, 1.2778425655976677, 3.0, 1.0, 1.0, 1.0, 1.0, 1.0, 1.0, 2.0, 1.1333333333333333, 1.0, 1.3938864628820962, 1.0, 1.065720673774975, 1.0, 1.0, 1.0, 1.0, 1.0, 39.0, 1.0285714285714285, 1.0, 1.0, 2.0, 1.3692946058091287]
origin-forest_39.80 	max: 213.0000	99th: 189.0000	95th: 167.0000	median: 1.0520	mean: 13.6203

...Done, result: results.csv

WORKLOAD-FINISHED | Type: QueryWorkload | Progress: 3/3 | Workload-time: 30.567653 | Model-update-time: 0.000000


Experiment Summary: #data-update-times=1, #drift=1 | total-time=70.825374