Input arguments = Namespace(data_update='valueskew', update_size=100000, dataset='forest', debug=False, drift_test='js', model_update='adapt', model='transformer', end2end=False, query_seed=0, random_seed=42, num_workload=3)
JSON-passed parameters = {'data_updater': {'skew_ratio': '1e-3'}, 'random_seed': 92, 'transformer': {'epochs': 0}}
MODEL-PATH=/home/kangping/code_copy/SAUCE/models/end2end/transformer/origin-forest-2.0MB-model58.950-data19.148-300epochs-seed0.pt
DATASET-PATH=/home/kangping/code_copy/SAUCE/data/forest/end2end/forest.npy
Workloads: ['QueryWorkload', 'DataUpdateWorkload', 'QueryWorkload']

WORKLOAD-START | Type: QueryWorkload | Progress: 1/3
Going to run: ['python', '/home/kangping/code_copy/SAUCE/Naru/eval_model.py', '--dataset=forest', '--model=transformer', '--query_seed=0', '--end2end', '--eval_type=first_estimate', '--num_workload=3', '--data_update=valueskew', '--model_update=adapt', '--random_seed=42']
Torch device: cuda:1
GET-MODEL-PATH=./models/end2end/transformer/origin-forest-2.0MB-model58.950-data19.148-300epochs-seed0.pt
ckpts [PosixPath('/home/kangping/code_copy/SAUCE/models/end2end/transformer/origin-forest-2.0MB-model58.950-data19.148-300epochs-seed0.pt')]
Validate Argument: DATASET="forest" is valid.
load_csv_dataset - forest (581012, 10)
Parsing... done, took 0.1s
Loading ckpt: /home/kangping/code_copy/SAUCE/models/end2end/transformer/origin-forest-2.0MB-model58.950-data19.148-300epochs-seed0.pt
query_seed:0
origin-forest_39.80 	max: 107.0000	99th: 5.0027	95th: 2.4852	median: 1.0072	mean: 1.5506
ReportEsts: [1.0, 1.0149150986691142, 1.0, 1.4047619047619047, 1.3333333333333333, 1.0, 1.125, 1.0, 1.1188405797101448, 1.0, 1.1754385964912282, 1.0, 1.0, 1.0, 1.5, 1.05, 1.0, 1.1111111111111112, 1.2619047619047619, 1.125, 1.0, 3.0, 1.1764705882352942, 1.4, 1.4, 1.0, 1.1348459910651305, 1.3, 1.5, 3.3689320388349513, 1.0, 1.114119922630561, 1.9285714285714286, 1.0, 1.1896551724137931, 1.0633345149474183, 1.0145264381173735, 1.0, 1.0277777777777777, 1.0, 2.0, 1.0, 1.8888888888888888, 1.0, 1.3977272727272727, 1.0844444444444445, 1.0, 1.5, 1.0, 1.0, 3.0, 1.1619235095613047, 1.0, 1.0, 9.0, 1.0603015075376885, 1.1120815138282387, 3.090909090909091, 1.0, 1.0, 1.1339590443686007, 10.0, 1.0, 1.4246575342465753, 1.1592356687898089, 1.0, 1.0765765765765767, 1.4027777777777777, 1.1566265060240963, 1.0, 2.0, 1.0, 1.1374407582938388, 1.4300305359587238, 1.3333333333333333, 2.0, 1.0, 1.0, 1.0, 1.0, 1.0, 1.0, 1.068796473665781, 3.5, 1.4444444444444444, 1.0, 1.0, 1.3333333333333333, 1.0996108949416343, 1.0, 1.6, 1.3142857142857143, 1.0, 1.3024366937410417, 1.0, 1.0, 1.09465859030837, 1.0827586206896551, 1.0, 1.0, 1.5, 1.0, 1.0, 1.0, 1.2758620689655173, 1.0, 1.0, 1.0, 1.068840579710145, 1.0, 1.0704225352112675, 1.0, 1.0, 1.3278412911903161, 1.3112244897959184, 2.0, 1.0, 2.0, 1.0, 1.0, 1.0, 2.0, 3.0, 1.0, 1.3848085373509103, 1.0, 1.0, 1.1111111111111112, 1.0, 1.0, 1.0, 1.1426029834405365, 1.0752926214644025, 1.0, 1.375, 1.0, 1.0, 2.0, 1.0363710666121781, 1.2063492063492063, 1.1144145267181917, 1.0, 1.0, 2.5, 1.0, 1.0452778382802341, 1.0, 1.1666666666666667, 1.411764705882353, 1.0, 1.0, 1.0, 1.0, 1.0, 1.0, 1.0, 1.0, 1.0, 1.0, 2.0, 1.7777777777777777, 2.0, 1.0678599221789884, 4.0, 1.0037335518827117, 1.0, 1.3333333333333333, 1.0, 1.1941747572815533, 1.0, 1.0, 1.0, 1.047244094488189, 1.0740740740740742, 1.0, 1.0, 1.2281368821292775, 1.0, 1.1848314606741572, 1.0, 107.0, 1.0, 1.0, 1.0886488203987608, 1.0, 1.1160964666292765, 1.0, 1.0, 1.34375, 1.040967709687094, 1.0, 1.0210084033613445, 2.875, 1.0, 1.0, 1.0, 1.0, 1.1805555555555556, 1.1428571428571428, 1.3402504472271914, 1.0972836386607707, 1.3333333333333333, 1.0, 1.0, 2.0, 3.0, 1.4842105263157894, 1.0, 1.0, 1.0, 1.0, 1.4166666666666667, 1.0, 1.0, 1.0, 1.0, 1.0, 1.0186046511627906, 1.0, 3.0, 1.0, 1.1321214392803598, 1.5, 1.0, 1.2432432432432432, 1.0, 1.2875, 1.0, 1.0904436860068258, 1.0, 1.0, 1.0, 1.2222222222222223, 2.0, 4.333333333333333, 1.0, 2.0, 1.0, 1.1116501639235685, 1.018186442833524, 1.0, 4.0, 1.5, 1.0363498674744416, 1.3424657534246576, 1.375, 1.0, 1.018181818181818, 5.0, 1.0693493150684932, 1.0, 1.6666666666666667, 1.1524390243902438, 1.0, 1.780104712041885, 1.2659221249622699, 2.0, 2.0, 1.4065281899109792, 1.1671388101983002, 4.0, 1.0, 1.162683999235328, 1.25, 1.3333333333333333, 1.0, 1.1428571428571428, 1.0, 1.0, 1.0, 1.027027027027027, 1.5, 1.469038208168643, 2.0, 1.0, 1.0453480589022757, 1.5, 1.0, 1.1363636363636365, 1.0, 1.0, 1.0, 2.25, 1.0, 1.0, 1.0, 2.0, 1.0, 1.1297297297297297, 1.0, 1.1111111111111112, 1.0, 1.0, 2.0, 1.0, 1.47024504084014, 1.96045197740113, 1.012743628185907, 1.0411985018726593, 1.0, 1.4423387096774194, 1.0, 1.0, 3.0, 1.0, 1.1901408450704225, 1.0, 2.0, 1.0, 1.2857142857142858, 1.0, 1.0, 1.0833333333333333, 1.5, 1.0, 1.0, 1.0, 1.0, 1.0, 2.25, 1.0, 1.0, 1.2599784250269688, 1.5, 1.0, 1.0540847201210288, 1.0, 1.0, 1.0, 1.0, 1.0104790419161678, 2.0, 3.0, 1.0, 1.0, 1.1082474226804124, 1.0, 1.0602409638554218, 1.5609756097560976, 2.0, 1.1059500959692898, 1.6396396396396395, 1.0, 1.5909090909090908, 1.0, 1.1428571428571428, 10.0, 1.5, 1.0, 1.0, 1.0, 1.0, 1.0, 1.8189655172413792, 5.2727272727272725, 1.5925925925925926, 6.0, 1.0, 1.0, 2.0, 1.0563674321503131, 1.1, 1.4636363636363636, 1.1320434115325586, 1.1458945245714787, 1.4873096446700507, 1.0434356408869658, 1.2792452830188679, 1.0, 1.352112676056338, 1.0, 1.2839506172839505, 1.0014533069419926, 1.0, 1.0376685371860954, 1.0516015247198043, 1.0595822295566075, 1.0, 1.6666666666666667, 1.0, 1.0256410256410255, 1.0, 1.0, 1.0515463917525774, 4.434782608695652, 1.0, 2.8333333333333335, 1.0, 1.1695388914764788, 1.0, 5.0, 1.0, 1.0, 1.0, 4.25, 1.0, 1.0133647798742138, 1.0, 1.0, 1.0, 1.0, 1.0098837714848845, 1.0, 2.0, 1.1065217391304347, 1.9507692307692308, 1.2282608695652173, 1.4770361298224128, 1.2114537444933922, 1.1064724112136217, 1.1799410029498525, 1.2222222222222223, 1.0, 1.0, 1.127632314573239, 1.0953319430758302, 1.0, 1.0, 1.0, 1.0, 1.0, 1.0, 1.0, 1.0, 1.0, 1.1476904972050603, 2.5, 1.145780051150895, 1.0, 1.0, 1.0, 1.274125874125874, 1.0667887686839368, 2.5, 1.2802450229709035, 2.8, 1.0, 1.0, 1.0, 1.0130122893844187, 1.5, 1.0, 1.589328537170264, 1.0, 1.6521739130434783, 1.0, 1.0, 1.0, 1.0240605884066414, 1.0, 1.0, 2.0, 1.4285714285714286, 1.2345679012345678, 1.0036927621861151, 1.75, 1.0, 1.0, 1.03, 1.25, 2.0, 1.06007702182285, 1.0, 1.4444444444444444, 1.0, 1.0, 1.0909090909090908, 2.0, 1.0, 2.0, 1.0251894622879827, 1.008525827573663, 2.484375, 1.7083333333333333, 1.0, 1.0, 1.5, 1.0, 1.08254279795006, 1.0666666666666667, 1.0, 1.0, 1.8066666666666666, 1.013550135501355, 1.0, 1.0861499561380876, 2.0, 2.0, 1.0916054933464026, 2.5, 1.0091878589007384, 1.0, 1.0, 1.0, 1.0072071609941264, 1.6428571428571428, 2.0, 1.12, 1.0, 2.0, 1.0, 1.5576923076923077, 1.0, 1.1523178807947019, 1.0527746120803017, 2.0, 1.0, 1.0, 1.0923566878980893, 2.0, 5.0, 1.2560975609756098, 1.0, 1.0413717607534492, 1.2380952380952381, 1.12, 1.0, 2.2, 1.0, 2.0, 1.0611410822298513, 1.5, 4.0, 1.0507555211158466, 1.6, 1.0, 1.0599707691139626, 1.0, 1.2727272727272727, 1.0, 2.0, 1.0, 1.1816479400749065, 1.0, 1.0, 1.4285714285714286, 1.0404149394879914, 1.5670103092783505, 1.4409638554216868, 1.2222222222222223, 1.3972602739726028, 2.0, 1.6521739130434783, 1.062111801242236, 1.0, 1.0, 1.0769230769230769, 1.8255908720456397, 2.5, 2.0, 1.0, 1.1603773584905661, 1.0, 1.2222222222222223, 1.0, 1.13681592039801, 1.0, 2.4, 1.047122712437002, 6.0, 1.043259505161056, 2.0, 1.0, 3.0, 1.0625, 1.0, 2.0, 1.1012558869701727, 1.0, 1.0, 1.0, 1.0, 1.0, 1.0769230769230769, 2.0, 85.0, 1.0, 1.0, 2.0, 1.0, 1.0, 1.0, 1.0, 1.0, 1.0, 1.0, 1.0, 2.0, 2.44, 1.36, 2.0, 1.2483333333333333, 1.0, 1.0, 1.1666666666666667, 1.031953754979112, 2.357142857142857, 1.0, 1.0, 1.0, 1.0, 1.030259075708127, 1.0, 1.0, 1.053763440860215, 1.095514950166113, 1.2340425531914894, 2.0, 1.0, 1.0, 1.0, 1.255813953488372, 2.0, 1.0, 1.0, 1.0965630114566285, 2.0, 1.03634431455898, 1.0, 1.0, 1.0067575757575757, 1.0, 1.0, 1.0, 1.5555555555555556, 1.0601693216634374, 1.0, 2.0, 1.1818181818181819, 1.2474489795918366, 1.0, 1.0, 1.5, 1.0, 1.0, 1.2020119368502118, 1.0, 2.0, 1.0181071945919846, 1.0, 1.0, 1.1140235910878113, 1.0, 1.0901608205647715, 1.0, 1.0, 1.334710743801653, 1.006363027461487, 4.6, 1.3541666666666667, 1.0, 1.0, 2.0, 1.0382266634943293, 1.0, 1.0, 1.0, 1.0, 1.1111111111111112, 1.0, 1.0, 1.5, 1.0261780104712042, 1.0, 2.0, 1.0, 1.0, 1.0, 1.2857142857142858, 1.158974358974359, 1.0, 1.0, 1.0, 1.0, 1.0, 1.0, 1.1, 1.0, 1.0, 1.0, 1.0, 1.0, 2.0, 1.0313167259786478, 1.537037037037037, 1.0, 2.0, 1.5, 1.131294964028777, 1.0, 1.0, 1.0, 2.0, 1.0, 1.002754820936639, 1.0, 2.357142857142857, 1.620374054914445, 1.0, 46.0, 1.0, 1.36, 1.0, 1.0, 1.0, 1.0, 1.0, 1.0617283950617284, 1.1428571428571428, 1.0, 4.0, 1.1333333333333333, 1.1651462899098899, 1.0, 1.0, 1.2784958871915393, 1.1392210978227537, 1.1791044776119404, 1.0, 1.0, 1.0, 1.1278805284319358, 2.0, 1.3333333333333333, 1.0, 1.0, 1.5, 1.0675844806007508, 1.0, 1.0, 1.0666666666666667, 1.0, 1.0, 1.5, 1.3, 1.0, 1.1321562332798287, 1.1892668902731194, 2.0, 1.0, 1.0, 3.0, 1.0, 1.0, 1.0, 1.0, 1.0, 2.0, 1.0, 2.0, 3.0, 1.0868347338935573, 1.0, 1.0768484416458755, 1.0, 1.0, 1.1666666666666667, 1.0342967244701349, 1.5, 1.0, 1.0, 1.0, 1.0, 1.0357142857142858, 1.0932798395185557, 3.0, 1.0, 1.0, 1.0, 1.0, 1.0, 1.1088435374149659, 1.0, 1.0, 1.0, 1.0, 1.1349056603773584, 1.037037037037037, 1.0, 1.0, 1.0804597701149425, 1.0416666666666667, 2.0, 1.3132530120481927, 1.0, 1.0, 1.0, 1.0, 1.0, 1.6, 1.0, 1.0, 1.0972644376899696, 1.1006796269954164, 1.3333333333333333, 1.0, 1.0, 1.0, 1.0, 1.6, 1.0, 1.0, 1.3071192052980132, 1.0, 1.0, 1.8181818181818181, 1.75, 1.8055555555555556, 1.0, 1.1944922547332186, 1.1, 1.0, 3.0, 1.0, 1.0740740740740742, 1.1013513513513513, 1.0, 1.0986842105263157, 1.0, 1.2272727272727273, 1.0, 1.0, 1.0, 1.3571428571428572, 1.0, 1.0, 1.0, 2.0, 1.02, 1.0, 1.0, 1.0925335919102368, 1.0921879947527933, 1.0, 1.0, 1.0, 1.0671118285882009, 1.0, 1.9572192513368984, 1.0, 1.0858498705780846, 2.0, 1.0, 1.3076923076923077, 1.25, 1.6666666666666667, 1.083111347895578, 1.0, 2.933333333333333, 1.0, 1.5, 1.0, 1.0, 1.0, 1.0, 2.0, 1.6666666666666667, 1.0, 1.0, 1.6666666666666667, 1.0, 1.25, 1.0, 4.0, 1.0, 1.3333333333333333, 1.0, 1.0, 1.0, 1.0, 1.0, 1.0, 1.0, 1.0, 1.2117617617617618, 2.0, 1.0, 1.0, 1.0, 1.0, 1.0956521739130434, 2.0, 1.0, 1.3451263537906137, 1.0, 1.2215108834827144, 1.0, 1.4667114996637525, 1.0, 1.2647058823529411, 8.571428571428571, 2.6, 1.0, 1.0, 1.0, 1.0896651808852493, 1.0, 1.0, 1.0263929618768328, 1.0, 1.0, 1.0, 2.0, 1.0168801274862775, 1.0, 1.625, 1.0, 1.0545454545454545, 1.0, 1.0, 1.0, 1.0, 1.0, 1.0, 1.0, 1.0, 3.0, 2.0, 1.0, 1.0, 1.0, 1.0520094562647755, 1.2419731140984336, 1.0, 1.0, 1.2307692307692308, 1.0502793296089385, 1.0, 2.0, 1.2030489659367396, 1.0555555555555556, 1.1794871794871795, 1.0, 1.0, 1.0, 1.5, 1.40625, 1.0, 1.2714754926730671, 1.0, 1.0, 1.1662992125984253, 1.0, 2.0, 1.0, 1.0, 1.2, 1.007168458781362, 1.0, 1.5, 1.013157894736842, 1.0256930131760473, 1.0, 1.4285714285714286, 2.0, 1.0, 1.150661099512874, 2.0, 1.75, 1.0, 1.0327868852459017, 1.0, 1.0667763157894736, 3.0, 1.0, 1.0, 1.0, 1.0, 1.0, 1.0, 2.0, 1.275, 1.0, 1.5727866904337493, 1.0, 1.0946997058300094, 1.0, 1.0, 1.0, 1.0, 1.0, 1.0, 1.045382704899526, 2.0, 1.0467741935483872, 1.0, 1.1110677591364286, 1.0, 2.0, 1.076271186440678, 1.2644628099173554, 1.0, 1.0, 1.0, 1.25181598062954, 1.0, 1.0, 1.2107142857142856, 1.0, 1.0]
origin-forest_39.80 	max: 107.0000	99th: 5.0027	95th: 2.4852	median: 1.0072	mean: 1.5506

...Done, result: results.csv

WORKLOAD-FINISHED | Type: QueryWorkload | Progress: 1/3 | Workload-time: 30.272306 | Model-update-time: 0.000000


WORKLOAD-START | Type: DataUpdateWorkload | Progress: 2/3
Going to run: ['python', '/home/kangping/code_copy/SAUCE/Naru/eval_model.py', '--model=transformer', '--data_update=valueskew', '--dataset=forest', '--drift_test=js', '--end2end', '--update_size=100000', '--query_seed=0', '--eval_type=drift']
Torch device: cuda:1
GET-MODEL-PATH=./models/end2end/transformer/origin-forest-2.0MB-model58.950-data19.148-300epochs-seed0.pt
GET-DATASET-PATH=./data/forest/end2end/forest.npy
ValueSample - START
ValueSample - END
load_npy_dataset_from_path - df.shape = (681012, 10)
Parsing... done, took 0.1s
Data updated!
Previous data size: (581012, 10), new data size: (100000, 10)
[2.3841858e-07 2.3841858e-07 6.8485737e-03 2.3841858e-07 4.7683716e-07
 1.1920929e-07 2.9802322e-07 3.3378601e-06 8.9406967e-07 5.3644180e-07]
Distance score: 0.0006854951498098671
SAUCE Drift detection: True
Detection latency: 0.0665s

DRIFT-DETECTED after 2-th workload
Going to run: ['python', '/home/kangping/code_copy/SAUCE/Naru/incremental_train.py', '--dataset=forest', '--end2end', '--model=transformer', '--model_update=adapt', '--update_size=100000', '--epochs=0']
Torch device: cuda:1
GET-MODEL-PATH=./models/end2end/transformer/origin-forest-2.0MB-model58.950-data19.148-300epochs-seed0.pt
update_size: 100000
AdaptTask - START
GET-DATASET-PATH=./data/forest/end2end/forest.npy
load_npy_dataset_from_path - df.shape = (681012, 10)
Parsing... done, took 0.1s
done, took 0.1s
dataset size: 681012
train data shape: torch.Size([100000, 10]), transfer data shape:torch.Size([20000, 10])
Training done; evaluating likelihood on full data:
Epoch None Iter 0, test loss 168.4564 nats / 243.0312 bits
Saved to: /home/kangping/code_copy/SAUCE/models/end2end/transformer/origin-forest-2.0MB-model58.950-data19.148-300epochs-seed0.pt
AdaptTask - END

WORKLOAD-FINISHED | Type: DataUpdateWorkload | Progress: 2/3 | Workload-time: 4.498989 | Model-update-time: 5.731933


WORKLOAD-START | Type: QueryWorkload | Progress: 3/3
Going to run: ['python', '/home/kangping/code_copy/SAUCE/Naru/eval_model.py', '--dataset=forest', '--model=transformer', '--end2end', '--query_seed=0', '--eval_type=estimate', '--num_workload=3', '--data_update=valueskew', '--model_update=adapt', '--random_seed=42']
Torch device: cuda:1
GET-MODEL-PATH=./models/end2end/transformer/origin-forest-2.0MB-model58.950-data19.148-300epochs-seed0.pt
ckpts [PosixPath('/home/kangping/code_copy/SAUCE/models/end2end/transformer/origin-forest-2.0MB-model58.950-data19.148-300epochs-seed0.pt')]
Validate Argument: DATASET="forest" is valid.
data size: 681012, total size: 681012, split index: [567510 681012]
Parsing... done, took 0.1s
Loading ckpt: /home/kangping/code_copy/SAUCE/models/end2end/transformer/origin-forest-2.0MB-model58.950-data19.148-300epochs-seed0.pt
query_seed:0
origin-forest_39.80 	max: 182.0000	99th: 7.0400	95th: 3.0000	median: 1.0829	mean: 2.1099
ReportEsts: [2.0, 1.2272409778812572, 1.0, 1.3725490196078431, 1.2857142857142858, 1.0, 1.0131926121372032, 1.0, 1.0144927536231885, 1.0, 1.1343283582089552, 2.9572192513368982, 1.0, 2.0, 1.291044776119403, 1.0853658536585367, 2.0, 4.0, 1.6666666666666667, 1.0612244897959184, 1.0, 1.0, 1.0, 1.0, 1.1848101265822786, 1.0, 1.4387254901960784, 1.3333333333333333, 1.0, 3.5, 1.3333333333333333, 1.0, 1.0, 1.0, 1.0, 2.0, 1.0, 1.0, 1.0, 1.1666666666666667, 3.0, 1.0, 1.2, 1.0, 1.0859375, 1.0289855072463767, 1.0, 2.5, 1.0, 2.0, 5.0, 1.1496149878859117, 1.0, 1.0, 18.0, 1.1072961373390557, 1.0665083135391924, 1.7, 2.0, 2.0, 1.1067919075144508, 2.3333333333333335, 2.0, 1.0, 1.0, 1.40625, 1.0940973667003506, 1.4285714285714286, 2.0, 3.0, 2.0, 1.3674136321195145, 1.075494882452327, 1.1646586345381527, 1.0, 3.886621315192744, 1.0, 2.0, 1.0, 1.0, 1.0, 1.0, 1.0, 1.0576138120299445, 5.0, 3.7142857142857144, 1.0, 1.0, 1.25, 1.1167152128366293, 2.0, 7.0, 2.0, 1.2424885418434901, 1.18, 1.1929824561403508, 1.0833333333333333, 1.0, 1.0, 1.0, 1.0, 1.0, 1.144903881030105, 2.0, 2.5, 2.0, 1.0, 1.0, 1.060447464267132, 2.0, 1.0, 1.202247191011236, 1.0, 1.0, 1.0, 1.0, 1.0, 1.0, 1.0, 2.0, 1.0, 1.0844444444444445, 1.0, 2.0, 1.0, 3.0, 1.0, 1.4678683385579938, 1.1428571428571428, 1.0, 1.25, 1.0, 1.0, 1.0, 1.0942355325377167, 1.1250972558090633, 1.0, 1.625, 1.0, 1.0, 3.0, 1.6049809754410238, 1.1527777777777777, 1.0267914576096746, 1.0, 1.0, 1.0, 1.0, 1.0558923899442612, 1.0, 1.4, 1.6, 1.0666666666666667, 1.0, 1.0, 1.0, 1.0, 1.0, 1.3333333333333333, 1.0, 1.0, 1.0, 4.333333333333333, 1.5238095238095237, 2.0, 2.549397590361446, 4.0, 1.018498023715415, 1.0, 1.3333333333333333, 3.0, 1.0823211875843455, 1.0, 1.0, 1.3333333333333333, 1.0, 1.0334896505998301, 1.0918367346938775, 1.0, 1.0686695278969958, 1.3031130529765156, 1.526913218601245, 1.0, 3.0, 1.0, 1.0, 1.0, 4.0, 1.0, 1.1564489112227805, 1.0, 1.0, 1.4489795918367347, 1.0533782034688066, 1.0, 1.0168067226890756, 1.2295691950570082, 3.0, 123.0, 1.5454545454545454, 1.218476821192053, 1.0, 1.0, 2.0, 2.0, 1.2352941176470589, 1.0, 1.0, 1.0, 1.0, 1.2375, 3.0, 1.0, 1.7037037037037037, 1.0, 1.0, 1.0344827586206897, 2.0, 1.0, 1.0, 1.0, 1.0, 2.5, 1.0, 1.0, 1.1666666666666667, 1.0, 1.0, 1.301651636437329, 1.22227022356626, 1.0, 1.0, 1.3948750262549885, 2.0, 2.0, 1.0, 1.0, 1.2727272727272727, 2.0, 2.9825581395348837, 1.0, 2.0, 1.0, 1.0236100533130237, 3.167562621525792, 1.0, 2.0, 3.0, 1.0, 2.0, 2.0, 1.0, 1.1428571428571428, 11.0, 1.083969465648855, 3.5, 1.25, 1.1741293532338308, 1.0, 1.3902439024390243, 1.0664343280331083, 2.0, 1.6666666666666667, 1.161764705882353, 1.133495145631068, 2.5, 1.0, 1.1059953283155983, 1.2142857142857142, 2.3333333333333335, 1.0, 1.25, 1.0, 1.0, 1.0, 1.4736842105263157, 1.0, 1.4221383647798742, 4.3, 1.0, 182.0, 1.0, 1.0677966101694916, 1.2175141242937852, 1.0, 1.0, 1.5, 1.6237373737373737, 1.1269035532994924, 1.0244530836649721, 1.0, 2.6956521739130435, 1.0, 1.3846153846153846, 1.3970080552359034, 1.0, 1.2297297297297298, 2.0, 1.308641975308642, 1.0, 1.0, 1.7, 3.6, 1.0, 1.0, 1.0738255033557047, 1.0, 3.0, 1.0, 2.0, 1.25, 2.0, 1.3333333333333333, 1.0, 1.0, 1.2291666666666667, 2.0, 1.0, 1.1428571428571428, 2.0, 1.0, 1.0, 1.0, 2.0, 1.0, 3.6666666666666665, 1.0, 1.0, 1.2704441041347627, 1.5, 1.0, 1.0255900361086399, 2.0, 1.0, 1.0, 1.0, 1.2258064516129032, 1.0, 3.0, 1.0, 1.0, 1.37890625, 1.3333333333333333, 1.041237113402062, 1.2887537993920972, 2.0, 1.0201063476237953, 1.2612612612612613, 1.0, 1.5, 1.0, 1.1, 7.0, 2.076923076923077, 1.0, 1.0, 1.0, 1.0, 1.0, 1.4172661870503598, 13.0, 1.5869565217391304, 3.25, 2.0, 1.0, 1.4691358024691359, 1.1658986175115207, 1.077939959186015, 3.0, 1.0402420012421154, 1.148936170212766, 1.1924968385555712, 3.4285714285714284, 1.7435897435897436, 3.0, 1.0060728744939271, 1.0, 1.4705882352941178, 1.0267105715984106, 1.0, 1.0733409809099173, 1.0546207232436382, 1.335736309549659, 1.0, 1.5, 1.0, 1.0386740331491713, 2.0, 1.5, 1.5, 1.1733466933867736, 3.0, 1.3333333333333333, 1.0, 1.0, 1.1724137931034482, 1.8333333333333333, 1.75, 1.0, 1.0, 4.25, 1.0, 1.1933962264150944, 1.0, 1.0, 1.0, 1.0, 1.0141787118915804, 1.0, 4.266666666666667, 1.1085559688873858, 1.0, 3.0, 1.0, 1.0, 1.120038968190097, 1.4285714285714286, 81.0, 1.0, 1.0, 1.1034368092639322, 1.1135518954657486, 2.0, 1.0, 1.5, 2.0, 1.0, 1.297872340425532, 1.1840985216712419, 1.0, 1.5, 95.0, 1.0, 2.0, 1.377245508982036, 1.1612903225806452, 2.0, 1.0, 1.147324113048707, 1.1174014258693439, 2.0, 1.2691292875989446, 1.1666666666666667, 1.0, 1.0, 1.0, 1.1808750068617226, 2.0, 1.0, 1.4544987146529562, 1.0, 1.0, 1.2063492063492063, 1.0, 1.0, 1.1044776119402986, 1.3333333333333333, 1.1, 1.1971830985915493, 1.0797918473547268, 1.0, 2.0, 3.0, 1.0, 1.0, 1.1032277229561003, 1.0, 1.0, 1.1838790931989924, 1.1572700296735905, 1.0, 1.0, 1.0, 1.0, 1.814569536423841, 2.0, 1.8711283185840708, 1.0924360458311115, 1.0, 2.0, 1.1962962962962962, 1.0, 1.0, 1.0, 3.090909090909091, 1.0, 1.0, 1.0, 1.3846153846153846, 1.6153846153846154, 1.1855008171842167, 1.0, 4.333333333333333, 2.0, 1.1428571428571428, 1.0, 1.0, 2.0, 1.0, 1.0, 1.001399060006558, 1.35, 2.0, 1.1428571428571428, 1.0, 2.0, 2.0, 1.1304347826086956, 1.6666666666666667, 1.4304635761589404, 2.547169811320755, 2.0, 1.5, 2.0, 1.010204081632653, 4.0, 25.0, 1.4791666666666667, 1.0, 1.2279992266297168, 1.3009708737864079, 1.03125, 1.0, 2.0, 1.0, 1.0, 1.0, 1.0, 1.1802884615384615, 1.3928571428571428, 1.1666666666666667, 2.0, 1.0, 1.1388088376560999, 1.0, 2.0, 3.0, 3.0, 1.1758934828311143, 2.0, 1.0, 1.0653061224489795, 2.0, 1.0630898665162625, 2.0, 1.0, 1.2778874629812438, 1.0, 1.0, 1.3206106870229009, 1.75, 1.5, 1.1956521739130435, 3.1133405639913234, 2.3333333333333335, 2.0, 1.125, 1.0165289256198347, 1.0, 1.2234042553191489, 1.0, 1.0997977073499663, 1.0, 1.875, 1.0082362829940317, 1.0, 1.0463638636015449, 1.639344262295082, 1.0, 3.0, 2.1666666666666665, 1.0, 1.3157894736842106, 1.4705882352941178, 2.0, 1.303755400465271, 1.0, 1.0, 1.0, 1.1087470449172576, 1.1666666666666667, 1.0, 1.2146473779385172, 1.0, 2.0, 1.0, 1.0, 1.0, 1.0, 1.0, 1.0, 1.5, 1.0, 1.0, 2.0, 4.578571428571428, 1.4145214521452145, 1.265625, 2.0, 1.0, 1.1111111111111112, 1.0, 1.0, 2.0, 1.0, 1.0, 1.0, 1.0, 1.5680052941381353, 1.0, 3.8, 1.1281905842314237, 1.0, 1.0, 1.0, 11.5, 1.5, 1.0, 1.0, 1.0, 1.0, 2.6, 1.2306494661921707, 1.2019169329073482, 1.5, 1.0, 1.0, 1.0382806122878325, 3.0, 1.0, 1.0, 1.6, 1.0744218640504555, 1.0, 2.0, 1.3, 1.0834879406307978, 1.0, 1.0, 1.5, 1.0, 1.0, 1.1652875550615454, 1.0, 2.0, 1.0457671330329619, 1.0, 1.0, 1.0650095602294456, 1.0, 1.3126503735595796, 1.0, 1.0, 1.7142857142857142, 1.1445427728613569, 1.0, 2.0, 1.0, 1.1428571428571428, 2.0, 1.0845610670386192, 1.0122752976874627, 2.0, 2.0, 1.3703703703703705, 1.0, 1.1428571428571428, 1.2, 1.0, 1.0, 1.2731127402417277, 1.0, 1.0, 3.0, 132.0, 1.4343434343434343, 1.0546623794212218, 1.1765704584040746, 1.0, 1.2173913043478262, 1.5319148936170213, 2.32, 2.0, 3.3333333333333335, 2.0, 1.0, 1.0, 1.0638297872340425, 2.0, 1.0755148741418765, 1.0, 3.0, 3.5, 1.0, 3.8680203045685277, 1.0, 1.78, 1.0, 1.0, 1.0547945205479452, 1.0, 1.0, 2.0, 1.039350180505415, 1.1919191919191918, 1.0, 1.5, 1.4814814814814814, 1.5, 1.206896551724138, 1.0, 1.0, 2.0, 1.0, 2.0, 1.2374727668845316, 1.8181818181818181, 1.0, 4.0, 1.1528662420382165, 1.1799004503436834, 1.0, 1.0, 1.2474025974025975, 1.2566697332106715, 1.3432835820895523, 1.2, 2.0, 1.0, 1.8181818181818181, 1.097902097902098, 6.0, 1.0, 2.0, 2.0, 1.1663668417644095, 1.0, 1.3548387096774193, 1.0, 1.0, 1.1714285714285715, 1.5, 3.0, 2.0, 1.0, 1.3015307938768246, 1.391304347826087, 1.0169053768490255, 2.0, 1.0, 2.0, 1.0, 2.0, 1.0, 1.0, 1.0, 2.0, 1.0, 2.0, 1.5, 1.0661577608142494, 2.0, 1.1020514808758828, 1.0, 1.0, 1.9090909090909092, 1.0009845749917952, 2.0, 1.0, 1.0, 1.0, 1.0, 5.636363636363637, 1.2119266055045872, 3.0, 1.0, 1.0, 1.0, 1.0, 3.0, 1.3307888040712468, 1.0, 1.0, 2.0, 1.0, 1.1203852327447834, 1.0099964298464834, 2.0, 1.0, 1.0824742268041236, 1.0333333333333334, 2.0, 1.053811659192825, 1.0, 1.0, 1.0, 1.0, 1.0, 1.8333333333333333, 3.0, 1.0, 1.1443569553805775, 1.0494193548387096, 1.0909090909090908, 1.0, 1.0775193798449612, 1.0, 1.0357142857142858, 1.0, 1.5, 2.0, 1.1139035680635778, 1.65, 1.0, 1.0, 1.039032006245121, 1.1143281365998514, 1.0, 5.0, 3.0, 1.655992680695334, 1.0, 1.0125373630023249, 1.1578947368421053, 1.112647892017997, 1.8214285714285714, 1.0707787090765815, 1.0, 1.0754716981132075, 3.0, 2.0, 1.0, 1.0, 2.0, 1.3571428571428572, 1.0, 1.0, 1.5, 2.0, 1.0, 1.0, 2.0, 1.3862433862433863, 3.0, 1.0, 4.0, 1.4186046511627908, 1.2419354838709677, 1.0, 2.0, 1.2341244387427839, 1.2619047619047619, 1.0, 1.6875, 1.0, 1.0, 1.0, 2.0, 1.1111111111111112, 1.0, 1.0, 1.8067885117493472, 2.0, 1.0, 1.7, 1.5080645161290323, 2.0, 1.0438667749796913, 1.0, 1.0, 1.0, 1.0, 1.033210332103321, 1.0, 2.0, 1.0, 1.0, 1.0, 1.0, 1.0, 1.0, 1.0, 1.0, 1.0, 1.0, 1.0603863704209135, 2.0, 1.0, 1.0, 2.0, 1.0, 1.0234375, 1.0, 1.0, 7.0, 1.0, 2.0, 1.0, 2.0, 1.0, 1.056, 1.0228676175746119, 3.0, 1.6513157894736843, 1.5, 1.7792207792207793, 1.0, 1.1890756302521008, 1.0, 2.0, 1.0363636363636364, 1.0, 1.0, 2.0, 1.7013888888888888, 3.25, 1.0, 1.0313749192139214, 1.1281436487638534, 1.1666666666666667, 3.0, 1.0, 2.0, 1.0, 1.0, 1.0, 2.0, 1.0, 2.6666666666666665, 4.0, 1.0, 1.0, 1.0, 1.0875699034062023, 1.0482809070958303, 1.0, 1.0, 1.0666666666666667, 1.0644391408114557, 1.0, 2.0, 1.1406886715566422, 1.3333333333333333, 1.310483870967742, 1.0, 1.0, 1.0, 1.2, 1.1111111111111112, 1.0, 1.0920433996383363, 1.0, 1.0, 1.2382952108649035, 1, 1.2125, 1.0, 1.0, 2.0, 1.0093457943925233, 2.0, 1.5, 1.0751794484321875, 1.0, 1.0, 1.1104510783076331, 1.0, 2.0, 2.5404376784015223, 2.0, 2.0, 1.0, 2.0, 1.0445103857566767, 1.0, 1.5293637846655792, 2.0, 1.0, 1.0, 1.0, 1.0, 1.0, 1.0, 3.0, 1.0625, 1.0, 1.1770079939094023, 2.0, 1.2802466421699485, 1.0, 1.0, 1.0, 2.0, 1.0, 1.1666666666666667, 1.0285714285714285, 1.0, 1.0, 2.0, 1.4033898305084747]
origin-forest_39.80 	max: 182.0000	99th: 7.0400	95th: 3.0000	median: 1.0829	mean: 2.1099

...Done, result: results.csv

WORKLOAD-FINISHED | Type: QueryWorkload | Progress: 3/3 | Workload-time: 30.647454 | Model-update-time: 0.000000


Experiment Summary: #data-update-times=1, #drift=1 | total-time=71.272208