Input arguments = Namespace(data_update='sample', update_size=100000, dataset='forest', debug=False, drift_test='js', model_update='adapt', model='transformer', end2end=False, query_seed=0, random_seed=42, num_workload=3)
JSON-passed parameters = {'data_updater': {'skew_ratio': '1e-3'}, 'random_seed': 72, 'transformer': {'epochs': 0}}
MODEL-PATH=/home/kangping/code_copy/SAUCE/models/end2end/transformer/origin-forest-2.0MB-model58.950-data19.148-300epochs-seed0.pt
DATASET-PATH=/home/kangping/code_copy/SAUCE/data/forest/end2end/forest.npy
Workloads: ['QueryWorkload', 'DataUpdateWorkload', 'QueryWorkload']

WORKLOAD-START | Type: QueryWorkload | Progress: 1/3
Going to run: ['python', '/home/kangping/code_copy/SAUCE/Naru/eval_model.py', '--dataset=forest', '--model=transformer', '--query_seed=0', '--end2end', '--eval_type=first_estimate', '--num_workload=3', '--data_update=sample', '--model_update=adapt', '--random_seed=42']
Torch device: cuda:1
GET-MODEL-PATH=./models/end2end/transformer/origin-forest-2.0MB-model58.950-data19.148-300epochs-seed0.pt
ckpts [PosixPath('/home/kangping/code_copy/SAUCE/models/end2end/transformer/origin-forest-2.0MB-model58.950-data19.148-300epochs-seed0.pt')]
Validate Argument: DATASET="forest" is valid.
load_csv_dataset - forest (581012, 10)
Parsing... done, took 0.0s
Loading ckpt: /home/kangping/code_copy/SAUCE/models/end2end/transformer/origin-forest-2.0MB-model58.950-data19.148-300epochs-seed0.pt
query_seed:0
origin-forest_39.80 	max: 102.0000	99th: 4.0025	95th: 2.3798	median: 1.0065	mean: 1.3973
ReportEsts: [1.0, 1.0409508119557542, 1.0, 1.2826086956521738, 1.3333333333333333, 1.0, 1.421875, 1.0, 1.228985507246377, 1.0, 1.0806451612903225, 1.0, 1.0, 1.0, 3.0, 1.0530892280598767, 1.0, 1.1111111111111112, 1.8275862068965518, 1.125, 1.0, 3.0, 1.0526315789473684, 1.8, 1.4, 1.0, 1.0678687980529897, 1.4444444444444444, 3.0, 3.1121076233183858, 1.0, 1.112830431979368, 1.0714285714285714, 1.0, 1.0689655172413792, 1.056067588325653, 1.0342823939570018, 1.0, 1.0277777777777777, 1.0, 2.0, 1.0, 2.125, 1.0, 1.3170731707317074, 1.0990990990990992, 1.0, 2.0, 1.0, 1.0, 3.0, 1.147806524184477, 1.0, 1.0, 1.3846153846153846, 1.0603015075376885, 1.1763698630136987, 1.619047619047619, 1.0, 1.0, 1.0542662116040955, 5.0, 1.0, 1.4301369863013698, 1.2292993630573248, 1.0, 1.1353919239904988, 1.1477272727272727, 1.1887550200803212, 1.0, 2.0, 1.0, 1.1764705882352942, 1.414236074549858, 1.5, 2.0, 1.0, 1.0, 1.0, 1.0, 1.0, 1.0, 1.0494498826955747, 3.5, 3.7142857142857144, 1.0, 1.0, 1.3333333333333333, 1.2963184675246933, 1.0, 1.6, 1.1794871794871795, 1.0, 1.413234301147873, 1.0, 1.0, 1.0250620907654098, 1.0021276595744681, 1.0, 1.0, 2.0, 1.0, 1.0, 1.0, 1.103448275862069, 1.0, 1.0, 1.0, 1.0507246376811594, 1.0, 1.0492957746478873, 1.0, 1.0, 1.2540489044140997, 1.153061224489796, 2.0, 1.0, 2.0, 1.0, 1.0, 1.0, 2.0, 3.0, 1.0, 1.2582938388625593, 1.0, 1.0, 1.1111111111111112, 1.0, 1.0, 1.0, 1.0233560905497665, 1.1158141694567316, 1.0, 1.25, 1.0, 1.0, 2.0, 1.0596648957907642, 1.2698412698412698, 1.0399110778691931, 1.0, 1.0, 2.5, 1.0, 1.0758617410089537, 1.0, 1.1666666666666667, 1.1428571428571428, 1.1538461538461537, 1.0285714285714285, 1.0, 1.0, 1.0, 1.0, 1.3333333333333333, 1.0, 1.0, 1.0, 3.0, 1.6842105263157894, 1.0, 1.0166139240506329, 4.0, 1.0112385321100918, 1.0, 1.3333333333333333, 6.0, 1.103559870550162, 1.0, 1.0, 1.0, 1.023076923076923, 1.2083333333333333, 1.0, 1.0, 1.053231939163498, 1.0, 1.248876404494382, 1.0, 1.436241610738255, 1.0, 1.0, 1.118754468186512, 1.0, 1.0874316939890711, 1.0, 1.0, 1.2285714285714286, 1.0600967167218123, 1.0, 1.2727272727272727, 2.3, 1.0, 1.0, 1.0, 1.0, 1.1666666666666667, 1.3333333333333333, 1.317390539827677, 1.118761844598863, 1.0, 1.0, 1.0, 2.0, 3.0, 1.2260869565217392, 1.0, 1.0, 1.0, 1.0, 1.2142857142857142, 1.0, 1.0, 1.0, 1.0, 1.0, 1.0238095238095237, 1.0, 1.0, 1.0, 1.1673429951690821, 1.0, 1.0, 1.4375, 1.0, 1.225, 1.0, 5.508620689655173, 1.0, 1.0, 1.0, 1.2222222222222223, 2.0, 1.7333333333333334, 1.0, 2.0, 2.0, 1.0795465508924265, 1.0176006211983952, 1.0, 1.0, 1.5, 1.0117379780386218, 1.1529411764705881, 1.25, 1.0, 1.0041379310344827, 3.3333333333333335, 1.3724315068493151, 1.0, 1.6666666666666667, 1.1385542168674698, 1.0, 1.0658307210031348, 1.2076014972646127, 1.2142857142857142, 2.0, 1.373913043478261, 1.1016042780748663, 2.0, 1.0, 1.2030858499274693, 1.25, 2.0, 1.0, 1.1428571428571428, 1.0, 1.0, 1.0, 1.0263157894736843, 1.5, 1.0361733931240658, 3.0, 1.0, 1.0089643028653754, 1.125, 1.0, 1.0416666666666667, 1.0, 1.0, 1.0, 1.0, 1.0, 1.5, 1.0, 2.0, 1.0, 20.555555555555557, 1.0, 1.1111111111111112, 1.0, 1.0, 1.0, 1.0, 1.1225204200700116, 1.2291666666666667, 1.0495928941524797, 1.1273408239700375, 1.0, 1.3241935483870968, 1.0, 1.0, 3.0, 1.0, 1.1736111111111112, 1.0, 2.0, 1.0, 1.2, 1.0, 1.0, 1.1666666666666667, 1.5, 1.0, 1.0, 1.0, 1.0, 1.0, 2.5714285714285716, 1.0, 1.0, 1.346997482919813, 1.5, 1.0, 1.0253863134657837, 1.0, 1.0, 1.0, 1.0, 1.0505836575875487, 2.0, 3.0, 1.0, 1.0, 1.2279069767441861, 1.0, 1.035294117647059, 1.7926829268292683, 1.0, 1.0968421052631578, 1.5045045045045045, 1.0, 1.5909090909090908, 1.0, 1.1428571428571428, 5.0, 3.0, 1.0, 1.0, 1.0, 1.0, 1.0, 1.396551724137931, 1.5454545454545454, 1.5308641975308641, 2.6666666666666665, 1.0, 1.0, 1.0, 1.2371638141809291, 1.2, 2.3363636363636364, 1.1172988379741284, 1.1373021787733988, 1.4627220812182742, 1.0098138637181457, 1.1990950226244343, 1.0, 1.6075471698113208, 1.0, 1.461340206185567, 1.0153536962937482, 1.0, 1.0361163227016885, 1.039568754622518, 1.045164372258653, 1.0, 1.6666666666666667, 2.0, 1.032258064516129, 1.0, 1.0, 1.0362844702467344, 102.0, 1.0, 6.538461538461538, 1.0, 1.1909881422924902, 1.0, 1.0, 1.1666666666666667, 1.0, 1.0, 4.25, 1.0, 1.0157232704402517, 1.0, 1.0, 1.0, 1.0, 1.0245285820341499, 1.0, 2.0, 1.067391304347826, 1.2587690271343481, 1.202127659574468, 1.0816749585406302, 1.07421875, 1.0921526021444092, 1.1740412979351031, 1.0303030303030303, 1.0, 1.0, 1.129006708907939, 1.103490157435204, 1.0, 1.2727272727272727, 1.0, 1.0, 1.0, 1.0, 1.0, 1.0, 1.0, 1.1460047003525264, 2.5, 1.1500426257459506, 1.0, 1.0, 1.0, 1.279020979020979, 1.0778978404403807, 2.5, 1.2588055130168454, 2.8, 1.0, 1.0, 1.0, 1.03364988746775, 2.0, 1.0, 1.1252997601918466, 1.0, 1.8095238095238095, 1.0, 1.0, 1.0, 1.0304107194873289, 1.0, 1.0, 2.0, 1.3333333333333333, 1.2195121951219512, 1.0081906180193596, 1.75, 1.0, 1.0, 1.048951048951049, 1.25, 2.0, 1.0101141078838174, 1.0, 1.4444444444444444, 1.0, 1.0, 1.0909090909090908, 1.0, 1.0, 2.111111111111111, 1.035005413208228, 1.05905556566024, 3.0285714285714285, 1.5769230769230769, 1.0, 1.0, 1.3333333333333333, 1.0, 1.1446952349798276, 1.411764705882353, 3.0, 1.0, 1.097165991902834, 1.0053475935828877, 1.0, 1.074094863878754, 2.5, 2.0, 1.0535697162765425, 2.5, 1.0146021328958161, 1.0, 1.0, 1.0, 1.04360278372591, 1.7857142857142858, 2.0, 1.12, 1.0, 2.0, 1.0, 1.2692307692307692, 1.0, 1.0272108843537415, 1.0303906957716022, 2.0, 1.0, 1.0, 1.0058651026392962, 2.0, 1.7, 1.2261904761904763, 1.0, 1.0713176187332532, 1.4685314685314685, 1.12, 1.0, 1.4, 1.0, 2.0, 1.1640342530922931, 1.5, 4.0, 1.1206611570247933, 1.0, 1.0, 1.020205526375885, 1.0, 1.4, 1.0, 2.0, 1.0, 1.0730337078651686, 1.0, 1.0, 1.4285714285714286, 1.0529253782943973, 1.0482758620689656, 2.3734939759036147, 1.1578947368421053, 1.3972602739726028, 1.0, 1.4074074074074074, 1.062111801242236, 1.0, 1.0, 1.1025641025641026, 1.1067644661776692, 1.6666666666666667, 2.0, 1.1428571428571428, 1.1714285714285715, 1.0, 1.230263157894737, 1.0, 1.1551724137931034, 1.0, 2.0, 1.0508969346974504, 6.0, 1.0479341426561768, 1.75, 1.0, 3.0, 1.0625, 1.0, 2.0, 1.1033490319204604, 1.0, 1.0, 1.0, 1.0, 1.0, 1.1153846153846154, 2.0, 2.011764705882353, 1.0, 1.0, 2.0, 1.0, 1.0, 1.0, 1.0, 1.0, 1.0, 1.0, 1.0, 2.0, 1.1066666666666667, 1.64, 1.0, 1.1683333333333332, 1.0, 1.0, 2.3333333333333335, 1.011517521963875, 2.357142857142857, 1.0, 1.0, 1.0, 1.0, 1.0219006648416114, 1.0, 1.0, 1.0710382513661203, 1.7752355316285329, 1.1914893617021276, 2.0, 1.0, 1.0, 1.0, 1.5925925925925926, 1.0, 1.0, 1.0, 1.8403614457831325, 3.5, 1.030818278427205, 1.0, 1.0, 1.0565858585858585, 1.0, 1.0, 1.0, 1.1666666666666667, 1.086074389862328, 1.0, 2.0, 1.4444444444444444, 1.1319444444444444, 1.0, 1.0, 1.5, 1.0, 1.0, 1.0062090874085483, 1.0, 2.0, 1.0479622266401591, 1.0, 1.0, 1.045510455104551, 1.0, 1.0935798404457389, 1.0, 1.0, 1.140495867768595, 1.0083194675540765, 2.5, 1.4444444444444444, 1.0, 1.0, 1.0, 1.0126082920792079, 1.0, 1.0, 1.0, 1.0, 1.25, 1.0, 1.0, 1.5, 1.1752767527675276, 1.0, 1.0, 1.0, 1.0, 1.0, 1.2857142857142858, 1.1472081218274113, 1.0, 1.0, 1.0, 1.0, 1.0, 1.0, 1.7, 1.0, 1.0, 1.0, 1.0, 1.0, 2.0, 1.033950177935943, 4.486486486486487, 1.0, 2.0, 1.5, 1.066546762589928, 1.0, 1.0, 1.0, 2.0, 1.0, 1.0122100122100122, 1.0108695652173914, 1.4242424242424243, 1.343894389438944, 1.0, 1.0222222222222221, 1.0, 1.36, 1.0, 1.2, 1.0, 1.0, 1.0, 1.1073582629674306, 1.25, 1.0, 2.0, 1.0740740740740742, 1.1568583824674603, 1.0, 1.0, 1.2115812917594655, 1.145967494633548, 1.1417910447761195, 1.1111111111111112, 1.0, 1.0, 1.0925424212177386, 2.0, 1.0, 1.0, 1.0, 1.3333333333333333, 1.0609613130128956, 1.0, 1.0, 1.0666666666666667, 1.0, 1.0, 1.5, 1.3, 1.0, 1.0104523337538296, 1.1271571298819256, 1.0, 1.0, 1.0, 3.0, 1.0, 1.0, 1.0, 1.0, 1.0, 2.0, 1.0, 2.0, 3.0, 1.145658263305322, 1.0, 1.0031583338299268, 1.0, 2.0, 1.3333333333333333, 1.2246628131021196, 1.5, 1.0, 1.0, 1.0, 1.0, 1.4642857142857142, 2.112403100775194, 3.0, 1.0, 1.0, 1.0, 1.0, 1.0, 1.0010224948875255, 1.0, 1.0, 1.0, 1.0, 1.0377358490566038, 1.0168918918918919, 1.0, 1.0, 1.1781609195402298, 1.0, 2.0, 1.2650602409638554, 1.0, 1.0, 1.0, 1.0, 1.0, 1.6, 2.0, 1.0, 1.0851063829787233, 1.1497440977381541, 1.3333333333333333, 1.0, 1.0, 1.0, 1.0, 1.8, 1.0, 1.0, 1.281456953642384, 1.0, 1.0, 1.1515151515151516, 4.0, 2.2777777777777777, 1.0, 2.1944922547332184, 1.0, 1.0, 2.6666666666666665, 1.0, 1.0740740740740742, 1.1722972972972974, 1.0, 1.0201342281879195, 1.0, 1.3409090909090908, 1.0, 1.0, 2.0, 1.0714285714285714, 1.0, 1.0, 1.0, 1.0, 1.0204081632653061, 1.0, 1.0, 1.0565487511094205, 1.069570724205003, 1.0, 1.0, 1.0, 1.026298796595245, 1.0, 1.4331550802139037, 1.0, 1.0711820534943917, 2.0, 1.0, 1.3076923076923077, 1.5, 1.6666666666666667, 1.093010752688172, 1.0, 1.2857142857142858, 1.0, 2.0, 1.25, 1.0, 1.0, 1.0, 1.6, 2.5, 1.0, 1.0, 1.6666666666666667, 1.0, 1.25, 1.0, 4.0, 1.0, 1.3333333333333333, 1.0, 1.0, 1.0, 1.0, 1.0, 1.0, 1.0, 1.0, 1.0171171171171172, 2.0, 1.0, 1.0, 1.0, 1.0, 1.0956521739130434, 2.0, 1.0, 1.082662372517445, 1.0, 1.2501067008109261, 1.0, 1.3718897108271688, 1.0, 1.34375, 1.5789473684210527, 1.2307692307692308, 1.0, 1.0, 1.1875, 1.0087807686771268, 1.0, 1.0, 1.0168506682161533, 1.0, 1.0, 1.0, 2.0, 1.0247417812665998, 1.0, 2.6, 1.0, 1.0377358490566038, 1.0, 1.0, 1.0, 1.0, 1.0, 1.0, 1.0, 1.0, 3.0, 2.0, 1.0, 1.0, 1.0, 1.0269724505985864, 1.083656455990694, 1.0, 1.0, 1.3333333333333333, 1.0591549295774647, 1.0, 2.0, 1.1208561435523114, 1.1111111111111112, 1.7065217391304348, 1.0, 1.0, 1.0, 1.5, 1.6444444444444444, 1.0, 1.2643413449459844, 1.0, 1.0, 1.2323359580052493, 1.0, 1.4583333333333333, 1.0, 1.0, 1.2, 1.099644128113879, 1.0, 1.5, 1.1014492753623188, 1.076115747034832, 1.0, 1.6428571428571428, 2.0, 1.0, 1.0998608211551844, 2.0, 1.75, 1.0, 1.326086956521739, 1.0, 1.1775599128540306, 3.0, 1.0, 1.0, 1.0, 1.0, 1.0, 1.0, 2.0, 1.3076923076923077, 1.0, 1.0068001511144693, 1.0, 1.0595144624854747, 1.0, 1.0, 1.0, 1.0, 1.0, 1.0277777777777777, 1.0452698125987807, 2.0, 1.0491935483870967, 1.0, 1.0822143400050672, 1.0740740740740742, 2.0, 1.0932203389830508, 1.2338709677419355, 1.0, 1.0, 1.0, 1.1840193704600483, 1.0, 1.0, 1.2792452830188679, 2.0, 1.0]
origin-forest_39.80 	max: 102.0000	99th: 4.0025	95th: 2.3798	median: 1.0065	mean: 1.3973

...Done, result: results.csv

WORKLOAD-FINISHED | Type: QueryWorkload | Progress: 1/3 | Workload-time: 30.206730 | Model-update-time: 0.000000


WORKLOAD-START | Type: DataUpdateWorkload | Progress: 2/3
Going to run: ['python', '/home/kangping/code_copy/SAUCE/Naru/eval_model.py', '--model=transformer', '--data_update=sample', '--dataset=forest', '--drift_test=js', '--end2end', '--update_size=100000', '--query_seed=0', '--eval_type=drift']
Torch device: cuda:1
GET-MODEL-PATH=./models/end2end/transformer/origin-forest-2.0MB-model58.950-data19.148-300epochs-seed0.pt
GET-DATASET-PATH=./data/forest/end2end/forest.npy
Sample - START
Sample - END
load_npy_dataset_from_path - df.shape = (681012, 10)
Parsing... done, took 0.1s
Data updated!
Previous data size: (581012, 10), new data size: (100000, 10)
[3.5762787e-07 0.0000000e+00 5.9604645e-08 5.9604645e-07 4.1723251e-07
 5.9604645e-08 0.0000000e+00 2.9802322e-07 1.7881393e-07 5.9604645e-08]
Distance score: 2.0265579792067e-07
SAUCE Drift detection: False
Detection latency: 0.0703s

WORKLOAD-FINISHED | Type: DataUpdateWorkload | Progress: 2/3 | Workload-time: 4.307287 | Model-update-time: 0.000000


WORKLOAD-START | Type: QueryWorkload | Progress: 3/3
Going to run: ['python', '/home/kangping/code_copy/SAUCE/Naru/eval_model.py', '--dataset=forest', '--model=transformer', '--end2end', '--query_seed=0', '--eval_type=estimate', '--num_workload=3', '--data_update=sample', '--model_update=adapt', '--random_seed=42']
Torch device: cuda:1
GET-MODEL-PATH=./models/end2end/transformer/origin-forest-2.0MB-model58.950-data19.148-300epochs-seed0.pt
ckpts [PosixPath('/home/kangping/code_copy/SAUCE/models/end2end/transformer/origin-forest-2.0MB-model58.950-data19.148-300epochs-seed0.pt')]
Validate Argument: DATASET="forest" is valid.
data size: 681012, total size: 681012, split index: [567510 681012]
Parsing... done, took 0.1s
Loading ckpt: /home/kangping/code_copy/SAUCE/models/end2end/transformer/origin-forest-2.0MB-model58.950-data19.148-300epochs-seed0.pt
query_seed:0
origin-forest_39.80 	max: 59.0000	99th: 7.0000	95th: 3.0000	median: 1.1000	mean: 1.5929
ReportEsts: [2.0, 1.2178287318671035, 1.0, 1.4509803921568627, 1.2857142857142858, 1.0, 1.2549019607843137, 1.0, 1.1904761904761905, 1.0, 1.1285714285714286, 3.5, 1.0, 2.0, 1.1324503311258278, 1.2048192771084338, 3.5, 2.0, 1.346938775510204, 1.2857142857142858, 2.0, 2.0, 2.0, 1.0, 1.0610021786492374, 1.0, 1.0140854989788013, 1.3333333333333333, 1.0, 1.1111111111111112, 1.3333333333333333, 1.0, 1.0, 1.0, 2.0, 2.0, 1.0, 1.4583333333333333, 2.0, 1.75, 2.0, 1.0, 1.3125, 1.0, 3.85, 1.1076923076923078, 1.0, 3.5, 1.0, 2.0, 3.0, 1.1081935793004312, 1.0, 2.0, 19.0, 1.0729613733905579, 1.6838235294117647, 1.3703703703703705, 1.0, 2.0, 1.1100638051044083, 11.0, 2.0, 1.0, 1.0, 1.2272727272727273, 1.0660557010235658, 1.1111111111111112, 2.0, 2.0, 2.0, 1.1092896174863387, 1.0633416567621499, 2.8941176470588235, 1.0, 1.3796296296296295, 1.0, 1.0, 2.0, 2.0, 2.0, 1.0, 1.0, 1.062230372893197, 3.5, 1.5, 3.0, 1.0, 1.0, 1.0036289292103246, 1.0, 3.0, 2.0, 1.0447231245750548, 1.1875, 1.0327868852459017, 1.04, 2.0, 1.0, 2.0, 1.25, 1.0, 1.2112421533193838, 1.3, 3.0, 3.0, 1.0, 2.0, 1.1273277129896224, 2.3333333333333335, 3.0, 1.0666666666666667, 1.0, 1.0, 1.0, 1.0, 1.0, 1.0, 1.0, 1.0, 1.0, 1.1186943620178043, 1.0, 1.0, 1.0, 5.0, 1.0, 1.1578947368421053, 1.0, 1.0, 2.0, 1.0, 1.0, 1.0, 1.0419831656743994, 1.1261631089217297, 2.0, 1.375, 1.0, 1.0, 2.0, 1.0215952629745733, 1.4189189189189189, 1.0740306982521515, 1.0, 1.0, 3.5, 1.0, 1.0491390077254772, 2.0, 1.0810810810810811, 2.1923076923076925, 1.0769230769230769, 1.3333333333333333, 1.0, 1.0, 1.0, 1.0, 1.6666666666666667, 1.0, 1.0, 1.0, 1.6666666666666667, 1.8095238095238095, 3.0, 2.1055900621118013, 5.0, 1.0354053188080743, 1.0, 2.0, 2.0, 1.13769123783032, 1.0, 1.0, 1.0, 1.0, 1.0500919440194276, 1.1227508996401439, 1.0, 1.0574989797023229, 1.75, 1.0817906428811848, 1.0, 3.0, 1.0, 1.0, 1.0, 4.0, 1.0, 1.121014030612245, 1.0, 1.0, 2.0, 1.0797099526904541, 1.0, 1.0459770114942528, 1.0249551703526598, 3.0, 2.9523809523809526, 2.0, 1.2685313760497257, 1.0, 1.0, 2.0, 1.0, 1.05, 1.0, 1.0, 1.0, 2.0, 1.3502906976744187, 2.6666666666666665, 1.2666666666666666, 29.0, 2.0, 2.0, 1.098360655737705, 1.0, 1.0, 1.0, 1.0, 2.0, 1.1, 1.0, 1.5, 1.1666666666666667, 1.0, 1.0, 1.1482155494894348, 1.2127176381529146, 1.1333333333333333, 1.0, 1.122364075203252, 1.0, 1.0, 2.0, 1.0, 1.3, 1.75, 3.3333333333333335, 2.0, 2.0, 2.0, 1.0240574506283662, 1.0090851185088336, 2.0, 2.6666666666666665, 3.0, 1.0, 2.0, 1.1842105263157894, 1.0, 1.0046457607433217, 2.0, 1.5576923076923077, 2.0, 1.25, 1.1789473684210525, 2.0, 1.1910669975186103, 1.2087150284723942, 3.0, 2.0, 1.3082352941176472, 1.1093394077448746, 4.0, 1.0, 1.217721230102128, 1.5, 2.5, 1.0, 1.125, 1.0, 1.0, 1.0, 1.2444444444444445, 1.3333333333333333, 1.0053475935828877, 1.3376994122586061, 2.0, 1.2132132132132132, 1.0, 1.042857142857143, 1.029090909090909, 1.0, 1.0, 2.0, 1.1535181236673775, 1.1134020618556701, 1.0041852892841236, 1.25, 1.2105263157894737, 1.0, 2.0588235294117645, 1.4257425742574257, 1.0, 1.2411067193675889, 2.0, 1.7085714285714286, 1.0, 2.0, 1.8095238095238095, 1.5, 1.0, 1.0, 1.1818181818181819, 1.0, 3.0, 2.0, 1.0, 1.04, 1.0, 1.3333333333333333, 2.0, 1.0, 1.2075471698113207, 2.0, 1.0, 1.1875, 1.3333333333333333, 1.0, 1.0, 2.0, 1.0, 2.0, 1.8571428571428572, 1.0, 1.0, 1.2958616429894998, 2.0, 1.0, 1.1012111696759, 2.0, 2.0, 1.0, 1.0, 1.3105134474327629, 1.0, 3.0, 1.75, 1.0, 1.0416666666666667, 1.0465116279069768, 1.09375, 1.6479591836734695, 2.0, 1.3954233409610983, 1.6, 1.0, 1.3928571428571428, 1.0, 1.0, 3.3333333333333335, 2.0, 1.0, 2.0, 1.0, 1.0, 2.0, 1.7936507936507937, 3.0, 1.6, 7.0, 1.0, 2.0, 1.4322580645161291, 1.129455909943715, 1.0733758439609902, 3.0, 1.0697312037397742, 1.0510204081632653, 1.0571975589326312, 2.0, 1.380952380952381, 2.0, 1.1219512195121952, 2.0, 1.0166666666666666, 1.032625004909855, 2.0, 1.033296301489543, 1.045227834003196, 1.0432788340608123, 1.0, 1.25, 2.0, 1.0157894736842106, 2.0, 1.0, 1.0, 1.1649484536082475, 2.0, 1.3111111111111111, 1.0, 1.0, 1.2531645569620253, 1.4285714285714286, 1.4, 1.0, 1.0, 4.75, 1.0, 1.028839704896043, 1.0, 1.0, 1.0, 1.0, 1.026715524674139, 1.0, 1.0, 1.0648793565683645, 2.0, 2.0, 1.0, 1.0, 1.0121553803037215, 1.0833333333333333, 2.34375, 1.0, 1.0, 1.1264852815317556, 1.0990091269763715, 1.0, 1.0, 1.5, 2.0, 1.0, 1.158878504672897, 1.2087297991239994, 1.0, 1.6645702306079664, 11.375, 1.0, 1.0, 1.153061224489796, 1.3125, 2.0, 2.0, 1.2744047619047618, 1.0774987638152005, 2.0, 1.2763157894736843, 1.3333333333333333, 1.0, 1.0, 1.0, 1.0664797055362196, 1.3333333333333333, 1.0, 1.1534452808338158, 2.0, 1.0, 1.179245283018868, 1.0, 1.0, 1.1458333333333333, 1.3333333333333333, 1.0, 1.1076923076923078, 1.0494590417310665, 1.0, 2.0, 4.0, 1.0, 1.0, 1.1998828732405744, 1.0, 1.0, 1.178702570379437, 1.2444444444444445, 1.0, 2.0, 1.0, 1.0, 1.1, 2.0, 1.0512518409425626, 1.089422346825536, 1.0, 2.3333333333333335, 1.1988304093567252, 1.0, 1.0, 1.0, 2.75, 1.0, 1.0, 1.0, 1.125, 1.6666666666666667, 1.2647743136342484, 1.0, 1.1538461538461537, 1.0, 1.2105263157894737, 1.0, 1.0, 1.0, 1.0, 1.0, 1.0272387515291634, 1.4736842105263157, 2.0, 1.1, 1.0, 2.0, 2.0, 1.5344827586206897, 1.3333333333333333, 1.038888888888889, 1.0480806645350116, 2.0, 2.0, 1.0, 1.0833333333333333, 2.0, 25.0, 1.2604166666666667, 1.0, 1.0590381154915753, 1.3220338983050848, 1.1428571428571428, 1.0, 1.3333333333333333, 1.0, 2.0, 1.0, 2.0, 1.130688448074679, 4.666666666666667, 1.125, 2.0, 1.0, 1.1202346041055717, 1.0, 2.0, 7.0, 2.0, 1.0258302583025831, 2.0, 2.0, 1.7203389830508475, 3.0, 1.0648498897495335, 1.0, 1.0, 1.8825648414985592, 2.0, 1.0, 1.1564625850340136, 1.4375, 2.0, 1.0212765957446808, 1.7458033573141487, 1.5, 2.0, 1.1111111111111112, 1.1967213114754098, 1.0, 1.3575757575757577, 1.0, 1.2127659574468086, 1.0, 1.7142857142857142, 1.128524046434494, 1.1428571428571428, 1.0473334086835775, 1.515625, 1.0, 3.0, 1.2244897959183674, 1.0, 1.293103448275862, 1.1176470588235294, 2.0, 1.158548545276234, 1.0, 1.0, 1.0, 1.3794117647058823, 1.1428571428571428, 1.280392156862745, 1.061503416856492, 2.0, 2.0, 1.0, 1.0, 1.0, 1.0, 2.0, 3.0, 2.0, 1.0, 1.0, 2.0, 1.4944444444444445, 1.0921680993314231, 1.4755381604696673, 1.0, 1.0, 1.1666666666666667, 2.0, 2.0, 2.0, 1.0, 1.0, 2.0, 1.0, 1.0522823033707864, 1.0, 2.0, 1.060324825986079, 1.0, 1.0, 1.0, 1.3333333333333333, 1.5, 3.0, 1.0, 1.0, 1.0, 1.0, 1.6040955631399318, 1.2010226909555768, 1.5, 1.0, 1.0, 1.0139784853626397, 1.0, 1.0, 1.0, 1.4545454545454546, 1.104707950771635, 1.0, 3.0, 1.2727272727272727, 1.2038216560509554, 1.0, 1.0, 1.5, 1.0, 1.0, 1.1382399869083173, 1.0, 2.0, 1.0503091025367726, 1.0, 1.0, 1.101012323943662, 1.0, 1.1330666954923792, 2.0, 1.0, 2.0, 1.1024531024531024, 1.0, 1.0, 1.0, 1.25, 1.0, 1.0670338394363401, 1.0470963879465176, 1.0, 3.0, 7.166666666666667, 1.0, 1.4, 11.4, 2.0, 1.0, 1.0787606433301797, 1.0, 1.0, 1.0, 1.8656716417910448, 1.2342342342342343, 1.0048309178743962, 1.0268256333830104, 1.0, 1.2358490566037736, 1.5681818181818181, 1.169811320754717, 2.0, 3.0, 2.0, 1.0, 1.0, 1.0098039215686274, 1.0, 1.0568561872909699, 2.0, 2.0, 1.8, 3.0, 1.094972067039106, 1.0, 4.0, 1.0, 1.0, 1.1216216216216217, 2.0, 1.0, 2.0, 1.034899792674499, 1.0701754385964912, 1.0, 2.0, 59.0, 1.0, 1.3571428571428572, 1.0, 1.4, 2.0, 1.0, 2.0, 1.0449473031618104, 1.3666666666666667, 1.0, 2.0, 1.10625, 1.1575757575757575, 1.0, 1.0, 1.2643944407677035, 1.2181913774973712, 1.084848484848485, 1.2, 3.0, 2.0, 1.277919863597613, 1.010547263681592, 15.0, 2.0, 1.0, 2.0, 1.2215, 1.0, 1.5833333333333333, 1.0, 1.0, 1.027027027027027, 2.0, 1.5, 2.0, 2.0, 1.1290713528253296, 1.1693121693121693, 1.1518348623853212, 1.0, 1.0, 1.5, 2.0, 1.0, 1.0, 1.0, 1.0, 2.0, 1.0, 2.0, 2.5, 1.0048543689320388, 1.0, 1.0358031588035144, 1.0, 3.0, 1.0555555555555556, 1.0473413379073757, 2.0, 1.0, 2.0, 2.0, 2.0, 1.34375, 1.241747572815534, 3.0, 1.0, 1.0, 1.0, 1.0, 1.0, 1.1842105263157894, 1.0, 1.0, 2.0, 2.0, 1.1834561834561834, 1.0240087304474355, 1.0, 1.0, 1.0555555555555556, 1.032258064516129, 3.0, 1.4010416666666667, 1.0, 1.0, 1.0, 1.0, 1.0, 1.7272727272727273, 3.0, 1.0, 1.0890052356020943, 1.049363671423062, 1.1818181818181819, 1.0, 2.6666666666666665, 1.0, 1.0, 1.0, 2.0, 1.0, 1.0448578750709157, 1.1764705882352942, 1.0, 1.0, 1.0469428007889547, 1.0218340611353711, 1.0, 3.0, 2.0, 1.4090909090909092, 2.0, 1.0845336694274397, 1.0, 1.0627278250303767, 1.1975308641975309, 1.1115366203925323, 2.0, 1.0359375, 2.6666666666666665, 1.0, 1.0, 1.0, 1.5, 1.2222222222222223, 2.0, 2.0, 1.0, 3.0, 1.0, 1.0, 1.0, 1.9453551912568305, 4.0, 2.0, 2.0, 1.1789416257501364, 1.5614035087719298, 1.0, 1.0, 1.1484375, 1.0588235294117647, 2.0, 1.625, 1.0, 1.0, 1.0, 2.0, 1.1, 2.0, 1.2, 1.4012490241998439, 2.0, 1.0, 1.0, 1.2876712328767124, 2.0, 1.0446137105549511, 1.0, 1.0, 1.0, 3.0, 1.0053380782918149, 1.0, 1.0, 1.0, 1.0, 1.0, 1.0, 1.0, 1.0, 1.0, 1.0, 1.0, 1.0, 1.0801279317697228, 2.0, 1.0, 1.0, 1.0, 1.0, 1.0547112462006079, 1.0, 1.0, 2.5, 1.0, 1.0, 1.0, 2.0, 1.0, 1.6177777777777778, 1.0379350667216949, 3.0, 1.088659793814433, 1.5, 1.2017543859649122, 1.0, 1.3179551122194513, 2.0, 1.0, 1.0163204747774481, 1.0, 1.0, 2.0, 3.0, 2.0, 1.0, 1.0324330990257737, 1.1179323615467749, 1.2159090909090908, 2.0, 1.0, 1.2342342342342343, 2.0, 1.0, 2.0, 2.0, 1.0, 2.0, 2.0, 1.0, 1.0, 1.0, 1.036032689450223, 1.3, 1.0, 1.0, 1.125, 1.0309523809523808, 1.0, 2.0, 1.1031381429957943, 1.0526315789473684, 1.1103678929765886, 1.0, 1.0, 1.0, 1.8, 2.1132075471698113, 1.0, 1.282905456783865, 1.0, 1.0, 1.2044556234279555, 1.0, 1.2398921832884098, 2.0, 1.3333333333333333, 2.0, 1.0185758513931888, 1.0, 1.5, 1.1054983022576994, 1.0, 1.0, 1.0841495102938237, 1.0, 3.0, 1.0780287474332648, 2.6, 1.0, 1.0, 2.0, 1.0258397932816536, 1.0, 1.0826749435665914, 2.0, 1.0, 1.0, 2.0, 1.0, 2.0, 1.0, 3.0, 1.2765957446808511, 1.0, 1.3082392304475114, 1.3333333333333333, 1.0492894293131596, 1.0, 1.0, 1.0, 1.0, 2.0, 1.1304347826086956, 1.2285714285714286, 1.0, 1.0, 2.0, 1.6408450704225352]
origin-forest_39.80 	max: 59.0000	99th: 7.0000	95th: 3.0000	median: 1.1000	mean: 1.5929

...Done, result: results.csv

WORKLOAD-FINISHED | Type: QueryWorkload | Progress: 3/3 | Workload-time: 30.703517 | Model-update-time: 0.000000


Experiment Summary: #data-update-times=1, #drift=0 | total-time=65.329988