Input arguments = Namespace(data_update='sample', update_size=100000, dataset='forest', debug=False, drift_test='js', model_update='adapt', model='transformer', end2end=False, query_seed=0, random_seed=42, num_workload=3)
JSON-passed parameters = {'data_updater': {'skew_ratio': '1e-3'}, 'random_seed': 81, 'transformer': {'epochs': 0}}
MODEL-PATH=/home/kangping/code_copy/SAUCE/models/end2end/transformer/origin-forest-2.0MB-model58.950-data19.148-300epochs-seed0.pt
DATASET-PATH=/home/kangping/code_copy/SAUCE/data/forest/end2end/forest.npy
Workloads: ['QueryWorkload', 'DataUpdateWorkload', 'QueryWorkload']

WORKLOAD-START | Type: QueryWorkload | Progress: 1/3
Going to run: ['python', '/home/kangping/code_copy/SAUCE/Naru/eval_model.py', '--dataset=forest', '--model=transformer', '--query_seed=0', '--end2end', '--eval_type=first_estimate', '--num_workload=3', '--data_update=sample', '--model_update=adapt', '--random_seed=42']
Torch device: cuda:1
GET-MODEL-PATH=./models/end2end/transformer/origin-forest-2.0MB-model58.950-data19.148-300epochs-seed0.pt
ckpts [PosixPath('/home/kangping/code_copy/SAUCE/models/end2end/transformer/origin-forest-2.0MB-model58.950-data19.148-300epochs-seed0.pt')]
Validate Argument: DATASET="forest" is valid.
load_csv_dataset - forest (581012, 10)
Parsing... done, took 0.1s
Loading ckpt: /home/kangping/code_copy/SAUCE/models/end2end/transformer/origin-forest-2.0MB-model58.950-data19.148-300epochs-seed0.pt
query_seed:0
origin-forest_39.80 	max: 46.0000	99th: 6.0065	95th: 2.5000	median: 1.0091	mean: 1.3998
ReportEsts: [1.0, 1.04589645037305, 1.0, 1.4390243902439024, 1.3333333333333333, 1.0, 1.0578512396694215, 1.0, 1.03768115942029, 1.0, 1.2181818181818183, 1.0, 1.0, 1.0, 3.0, 1.0192740626612715, 1.0, 1.1111111111111112, 1.127659574468085, 1.125, 1.0, 3.0, 1.0, 1.6, 1.4, 1.0, 1.1273905807468831, 1.1818181818181819, 3.0, 2.7215686274509805, 1.0, 1.1154094132817538, 1.0714285714285714, 1.0, 1.206896551724138, 1.067056599314664, 1.0354993983152827, 1.0, 1.0321888412017168, 1.0, 2.0, 1.0, 1.4166666666666667, 1.0, 1.1714285714285715, 1.1040723981900453, 1.0, 1.0, 1.0, 1.0, 3.0, 1.1188132733408325, 1.0, 1.0, 1.5, 1.0603015075376885, 1.3566229985443958, 2.125, 1.0, 1.0, 1.0656996587030716, 10.0, 1.0, 1.4228310502283106, 1.2484076433121019, 1.0, 1.2884097035040432, 1.0198019801980198, 1.1325301204819278, 1.0, 2.0, 1.0, 1.1822660098522169, 1.3073602190165314, 1.0, 2.0, 1.0, 1.0, 1.0, 1.0, 1.0, 1.0, 1.0492164594075422, 3.5, 3.25, 1.0, 1.0, 1.0, 1.049968573224387, 1.0, 1.3333333333333333, 1.3142857142857143, 1.0, 1.032560434139122, 1.0, 1.0, 1.0302961534097357, 1.490506329113924, 1.0, 1.0, 1.5, 1.0, 1.0, 1.0, 1.2620689655172415, 1.0, 1.0, 1.0, 1.105072463768116, 1.0, 1.1056338028169015, 1.0, 1.0, 1.1064724012328384, 1.1428571428571428, 2.0, 1.0, 2.0, 1.0, 1.0, 1.0, 2.0, 3.0, 1.0, 1.2151029748283753, 1.0, 1.0, 1.0, 1.0, 1.0, 1.0, 1.3065727699530516, 1.1015730553947114, 1.0, 1.5, 1.0, 1.0, 2.0, 1.0588475684511647, 1.0476190476190477, 1.093368237347295, 1.0, 1.0, 1.6666666666666667, 1.0, 1.0149061476644259, 1.0, 1.1666666666666667, 1.5483870967741935, 1.0769230769230769, 1.0, 1.0, 1.0, 1.0, 1.0, 1.3333333333333333, 1.0, 1.0, 1.0, 2.0, 1.7777777777777777, 1.0, 1.016453092865053, 4.0, 1.0241103781473566, 1.0, 1.3333333333333333, 2.0, 1.1763754045307444, 1.0, 1.0, 1.0, 1.0390625, 1.3181818181818181, 1.0, 1.0, 1.1216730038022813, 1.0, 1.1145898559799625, 1.0, 1.3986928104575163, 1.0, 1.0, 1.1146874255302248, 1.0, 1.0807385952208544, 1.0, 1.0, 1.4827586206896552, 1.0505564131279195, 1.0, 1.0420168067226891, 2.090909090909091, 1.0, 1.0, 1.0, 1.0, 1.1805555555555556, 1.1428571428571428, 1.3388134381701216, 1.1269740998104865, 1.3333333333333333, 1.0, 1.0, 2.0, 3.0, 1.2935779816513762, 1.0, 1.0, 1.0, 1.0, 1.0625, 1.0, 1.0, 1.0, 1.0, 1.0, 1.0, 1.0, 3.0, 1.0, 1.2760878749471904, 1.0, 1.0, 1.1219512195121952, 1.0, 1.0875, 1.0, 1.862284820031299, 1.0, 1.0, 1.0, 1.2222222222222223, 2.0, 2.4038461538461537, 1.0, 2.0, 2.0, 1.058659350016557, 1.045402518122854, 1.0, 2.0, 1.5, 1.0355925785687239, 1.1168091168091168, 1.375, 1.0, 1.0167597765363128, 1.1111111111111112, 1.2200342465753424, 1.0, 1.6666666666666667, 1.1524390243902438, 1.0, 1.2142857142857142, 1.0987686664920093, 2.5714285714285716, 1.5, 1.3900293255131966, 1.087071240105541, 2.0, 1.0, 1.1449548192771084, 1.25, 2.0, 1.0, 1.1428571428571428, 1.0, 1.0, 1.0, 1.1578947368421053, 1.5, 1.16203288490284, 3.0, 1.0, 1.0926044501360652, 2.25, 1.0, 1.0869565217391304, 1.0, 1.0, 1.0, 1.2857142857142858, 1.0, 1.0, 1.0, 2.0, 1.0, 1.5783783783783785, 1.0, 1.25, 1.0, 1.0, 2.0, 1.0, 1.2087447108603666, 1.7401129943502824, 1.0636565507031828, 1.0190839694656488, 1.0, 1.3076612903225806, 1.0, 1.0, 3.0, 1.0, 1.1818181818181819, 1.0, 2.0, 1.0, 1.2, 1.0, 1.0, 1.1666666666666667, 1.5, 1.0, 1.0, 1.0, 1.0, 1.0, 3.0, 1.0, 1.0, 1.3051060769507372, 1.5, 1.0, 1.0861262665627436, 1.0, 1.0, 1.0, 1.0, 1.8493150684931507, 1.0, 3.0, 1.0, 1.6666666666666667, 1.4827586206896552, 1.0, 1.0864197530864197, 1.1631205673758864, 2.0, 1.2384121701925364, 1.2702702702702702, 1.0, 1.4, 1.5, 1.0, 10.0, 1.5, 1.0, 1.0, 1.0, 1.0, 1.0, 1.2327586206896552, 11.0, 1.3703703703703705, 2.6666666666666665, 1.0, 1.0, 1.0, 1.1552511415525115, 1.2, 1.4272727272727272, 1.1139004604253453, 1.1442286616106265, 1.4746192893401016, 1.051575540793732, 1.0566037735849056, 1.0, 4.346938775510204, 1.0, 1.1552028218694885, 1.0101139280407079, 1.0, 1.0136294863209068, 1.0376913011321613, 1.0459894905979936, 1.0, 1.6666666666666667, 2.0, 1.0126582278481013, 1.0, 1.0, 1.0625, 10.2, 1.0, 1.7708333333333333, 1.0, 1.0507741665504255, 1.0, 10.0, 1.0769230769230769, 1.0, 1.0, 4.25, 1.0, 1.0165094339622642, 1.0, 1.0, 1.0, 1.0, 1.0067112135624872, 1.0, 2.0, 1.0608695652173914, 1.5137286112216475, 1.32421875, 2.2128440366972475, 1.1956521739130435, 1.0820004986998184, 1.1887905604719764, 2.869565217391304, 1.0, 1.0, 1.1207137532612748, 1.1181795265485712, 1.0, 1.0909090909090908, 1.0, 1.0, 1.0, 1.0, 1.0, 1.0, 1.0, 1.141644717588528, 2.5, 1.2037510656436488, 1.0, 1.0, 1.0, 1.2951048951048951, 1.038405753308757, 2.5, 1.2833078101071975, 4.0, 1.0, 1.0, 1.0, 1.0726519185376298, 2.0, 1.0, 1.1346938775510205, 1.0, 2.0, 1.0, 1.0, 1.0, 1.032784736382173, 1.0, 1.0, 2.0, 1.3333333333333333, 1.2048192771084338, 1.0051698670605613, 1.75, 1.0, 1.0, 1.0344827586206897, 1.4285714285714286, 2.0, 1.0598202824133505, 1.0, 1.4444444444444444, 1.0, 1.0, 1.1818181818181819, 2.0, 1.0, 3.111111111111111, 1.0360158787441356, 1.0760390141869771, 2.4461538461538463, 1.5185185185185186, 1.0, 1.0, 1.5, 1.0, 1.130302039036092, 1.411764705882353, 1.5, 1.0, 1.4575645756457565, 1.0053475935828877, 1.0, 1.1220779913106058, 1.0, 2.0, 1.0152675822244004, 2.5, 1.0111566858080394, 1.0, 1.0, 1.0, 1.0066557234091666, 1.6428571428571428, 2.0, 1.24, 1.0, 2.0, 1.0, 1.0, 1.0, 1.119205298013245, 1.0012874155133569, 2.0, 1.0, 1.0, 1.110032362459547, 2.0, 6.666666666666667, 1.2409638554216869, 1.0, 1.0776788155787336, 1.3238095238095238, 1.16, 1.0, 1.8, 1.0, 2.0, 1.047072920232797, 1.5, 4.0, 1.1649484536082475, 1.0, 1.0, 1.0344645536557806, 1.0, 1.5555555555555556, 1.0, 2.0, 1.0, 1.2696629213483146, 1.0, 1.0, 1.4285714285714286, 1.0485663541434864, 1.3944954128440368, 1.4963855421686747, 1.1, 1.4109589041095891, 2.0, 2.0, 1.062111801242236, 1.0, 1.0, 1.1153846153846154, 1.4022857142857144, 1.6666666666666667, 2.0, 1.0, 1.1714285714285715, 1.0, 1.3169014084507042, 1.0, 1.1452991452991452, 1.0, 2.4, 1.070624124865325, 6.0, 1.0223656788491842, 2.8, 1.0, 3.0, 1.0625, 2.0, 2.0, 1.0512820512820513, 1.0, 1.0, 1.0, 1.0, 1.0, 1.0961538461538463, 2.0, 17.0, 1.0, 1.0, 1.0, 1.0, 1.0, 1.0, 1.0, 1.0, 1.0, 1.0, 1.0, 2.0, 1.5333333333333334, 1.36, 2.0, 1.2716666666666667, 1.0, 1.0, 1.0, 1.022724181482561, 2.5714285714285716, 1.0, 1.0, 1.0, 1.0, 1.0332148052367869, 1.0, 1.0, 1.065217391304348, 1.0714865962632008, 1.1914893617021276, 2.0, 1.0, 1.0, 1.0, 1.173913043478261, 1.0, 1.0, 1.0, 1.458233890214797, 2.0, 1.077364505844846, 1.0, 1.0, 1.0138181818181817, 1.0, 1.0, 1.0, 1.3548387096774193, 1.0537525258753997, 1.0, 2.0, 1.4444444444444444, 1.1783132530120481, 1.0, 1.0, 1.5, 1.0, 1.0, 1.1364804988786172, 1.0, 2.0, 1.0752167261601224, 1.0, 1.0, 1.0908624229979467, 1.0, 1.0820564771432188, 1.0, 1.0, 1.4090909090909092, 1.0405124653739612, 6.65, 1.5476190476190477, 1.0, 1.0, 1.3333333333333333, 1.0110763119700559, 1.0, 1.0, 1.0, 1.0, 1.4, 1.0, 1.0, 1.5, 1.9143501126972202, 1.0, 2.0, 1.0, 1.0, 1.0, 1.2857142857142858, 1.1770833333333333, 1.0, 1.0, 1.0, 1.0, 1.0, 1.0, 2.0, 1.0, 1.0, 1.0, 1.0, 1.0, 2.0, 1.0312455516014234, 1.1987951807228916, 1.0, 2.0, 2.0, 1.1402877697841727, 1.0, 1.0, 1.0, 2.0, 1.0, 1.0097680097680097, 1.0217391304347827, 1.736842105263158, 1.1844095404304829, 1.0, 46.0, 1.0, 1.28, 1.0, 1.1666666666666667, 1.0, 1.0, 1.0, 1.0125, 1.25, 1.0, 4.0, 1.0740740740740742, 1.1535209700745355, 1.0, 1.0, 1.2206432311144353, 1.0849432689359093, 1.2164179104477613, 1.1111111111111112, 1.0, 1.0, 1.0679961703774623, 2.0, 1.625, 1.0, 1.0, 1.5, 1.078546307151231, 1.0, 1.0, 1.0, 1.0, 1.0, 1.5, 1.2666666666666666, 1.0, 1.1161048689138577, 1.171307220386975, 1.0, 1.0, 1.0, 3.0, 1.0, 1.0, 1.0, 1.0, 1.0, 2.0, 1.0, 2.0, 3.0, 1.0084745762711864, 2.0, 1.039780602748406, 1.0, 1.0, 1.2857142857142858, 1.1102119460500963, 1.5, 1.0, 1.0, 1.0, 1.0, 1.1071428571428572, 1.5439093484419264, 1.5, 1.0, 1.0, 1.0, 1.0, 1.0, 1.0388548057259714, 1.0, 1.0, 1.0, 1.0, 1.1603773584905661, 1.0004154549231408, 1.0, 1.0, 1.028735632183908, 1.0416666666666667, 2.0, 1.2409638554216869, 1.0, 1.0, 1.0, 1.0, 1.0, 1.6, 2.0, 1.0, 1.0455927051671732, 1.1716016150740243, 1.3333333333333333, 1.0, 1.0, 1.0, 1.0, 2.2, 1.0, 1.0, 1.6042496679946878, 1.0, 1.0, 1.8333333333333333, 3.25, 1.0909090909090908, 1.0, 2.7799043062200957, 1.0, 1.0, 3.0, 1.0, 1.0740740740740742, 1.1655405405405406, 1.0, 1.0394736842105263, 1.0, 1.1363636363636365, 1.0, 1.0, 2.0, 1.5, 1.0, 1.0, 1.0, 1.5, 1.0309278350515463, 1.0, 1.0, 1.0300494484594902, 1.0560003618763287, 1.0, 1.0, 1.0, 1.066334018197828, 1.0, 1.4724409448818898, 1.0, 1.1380500431406384, 2.0, 1.0, 1.1538461538461537, 1.25, 1.6666666666666667, 1.0941872981700753, 1.0, 2.142857142857143, 1.0, 1.5, 1.25, 1.0, 2.0, 1.0, 2.0, 1.6666666666666667, 1.0, 1.0, 1.6666666666666667, 1.0, 1.3333333333333333, 1.0, 4.0, 1.0, 1.3333333333333333, 1.0, 1.0, 1.0, 1.0, 1.0, 1.0, 1.0, 1.0, 1.0351258936897731, 2.0, 1.0, 1.0, 1.0, 1.0, 1.1666666666666667, 2.0, 1.0, 1.4081632653061225, 1.0, 1.227059325650875, 1.0, 1.4129119031607262, 1.0, 1.2647058823529411, 20.0, 3.25, 1.0, 1.0, 1.0, 1.0049942922374429, 1.0, 1.0, 1.016, 1.0, 1.0, 1.0, 2.0, 1.1275452989435164, 1.0, 2.1666666666666665, 1.0, 1.0185185185185186, 1.0, 1.0, 1.0, 1.0, 1.0, 1.0, 1.0, 1.0, 3.0, 2.0, 1.0, 1.0, 1.0, 1.0649117559078671, 1.0261611896456766, 1.0, 1.0, 1.2307692307692308, 1.0712250712250713, 1.0, 2.0, 1.0418187347931873, 1.1666666666666667, 1.373134328358209, 1.0, 1.0, 1.0, 1.5, 1.3555555555555556, 1.0, 1.2411114308027458, 1.0, 1.0, 1.1989501312335957, 1.0, 2.6666666666666665, 1.0, 1.0, 1.2, 1.103202846975089, 1.0, 1.5, 2.4516129032258065, 1.0506991806655377, 1.0, 1.7142857142857142, 1.0, 1.0, 1.2180468568777545, 2.0, 1.75, 1.0, 1.3401639344262295, 1.0, 1.3258381030253474, 3.0, 1.0, 1.0, 1.0, 1.0, 1.0, 1.0, 2.0, 1.275, 1.0, 1.2243293246993525, 1.0, 1.0555468316531098, 1.0, 1.0, 1.0, 1.0, 1.0, 1.0277777777777777, 1.0636712576202303, 2.0, 1.1258064516129032, 1.0, 1.138459488272921, 1.0740740740740742, 2.0, 1.0932203389830508, 1.3421052631578947, 1.0, 1.0, 1.0, 1.1864406779661016, 1.0, 1.0, 1.2327272727272727, 2.0, 1.0]
origin-forest_39.80 	max: 46.0000	99th: 6.0065	95th: 2.5000	median: 1.0091	mean: 1.3998

...Done, result: results.csv

WORKLOAD-FINISHED | Type: QueryWorkload | Progress: 1/3 | Workload-time: 30.087403 | Model-update-time: 0.000000


WORKLOAD-START | Type: DataUpdateWorkload | Progress: 2/3
Going to run: ['python', '/home/kangping/code_copy/SAUCE/Naru/eval_model.py', '--model=transformer', '--data_update=sample', '--dataset=forest', '--drift_test=js', '--end2end', '--update_size=100000', '--query_seed=0', '--eval_type=drift']
Torch device: cuda:1
GET-MODEL-PATH=./models/end2end/transformer/origin-forest-2.0MB-model58.950-data19.148-300epochs-seed0.pt
GET-DATASET-PATH=./data/forest/end2end/forest.npy
Sample - START
Sample - END
load_npy_dataset_from_path - df.shape = (681012, 10)
Parsing... done, took 0.1s
Data updated!
Previous data size: (581012, 10), new data size: (100000, 10)
[ 1.3113022e-06  1.0728836e-06  1.7881393e-07  7.1525574e-07
  1.7881393e-07 -2.9802322e-08  1.3709068e-06  9.5367432e-07
  2.9802322e-07  4.1723251e-07]
Distance score: 6.467104185503558e-07
SAUCE Drift detection: False
Detection latency: 0.0671s

WORKLOAD-FINISHED | Type: DataUpdateWorkload | Progress: 2/3 | Workload-time: 4.266768 | Model-update-time: 0.000000


WORKLOAD-START | Type: QueryWorkload | Progress: 3/3
Going to run: ['python', '/home/kangping/code_copy/SAUCE/Naru/eval_model.py', '--dataset=forest', '--model=transformer', '--end2end', '--query_seed=0', '--eval_type=estimate', '--num_workload=3', '--data_update=sample', '--model_update=adapt', '--random_seed=42']
Torch device: cuda:1
GET-MODEL-PATH=./models/end2end/transformer/origin-forest-2.0MB-model58.950-data19.148-300epochs-seed0.pt
ckpts [PosixPath('/home/kangping/code_copy/SAUCE/models/end2end/transformer/origin-forest-2.0MB-model58.950-data19.148-300epochs-seed0.pt')]
Validate Argument: DATASET="forest" is valid.
data size: 681012, total size: 681012, split index: [567510 681012]
Parsing... done, took 0.1s
Loading ckpt: /home/kangping/code_copy/SAUCE/models/end2end/transformer/origin-forest-2.0MB-model58.950-data19.148-300epochs-seed0.pt
query_seed:0
origin-forest_39.80 	max: 56.0000	99th: 6.0000	95th: 3.0000	median: 1.0810	mean: 1.5841
ReportEsts: [2.0, 1.1725693661177532, 1.0, 1.3958333333333333, 1.4285714285714286, 3.0, 1.0044052863436124, 1.0, 1.0525, 1.0, 1.2, 3.0, 2.0, 2.0, 1.06875, 1.2976190476190477, 8.0, 3.0, 1.1132075471698113, 1.5454545454545454, 1.0, 2.0, 1.0, 1.0, 1.1705263157894736, 1.0, 1.1893625047152019, 1.3333333333333333, 1.0, 1.3333333333333333, 1.3333333333333333, 1.0, 1.0, 1.0, 1.0, 2.0, 1.0, 2.0, 1.0, 3.0, 2.0, 1.0, 1.05, 1.0, 1.7028985507246377, 1.1132075471698113, 2.0, 1.3333333333333333, 1.0, 1.0, 3.0, 1.1156686004698662, 1.0, 1.0, 1.2, 1.0729613733905579, 1.0638297872340425, 1.7391304347826086, 1.0, 2.0, 1.0708003518029903, 13.0, 2.0, 2.0, 1.0, 1.3366336633663367, 1.0842136498516322, 1.1111111111111112, 2.0, 2.0, 2.0, 1.4285714285714286, 1.056008535294832, 1.505952380952381, 1.0, 1.2717391304347827, 2.0, 1.0, 2.0, 1.0, 2.0, 1.0, 1.0, 1.0597601251520945, 4.0, 2.066666666666667, 1.0, 3.0, 1.0, 1.0076634264259632, 1.0, 2.0, 1.5, 1.052091669698072, 1.1132075471698113, 1.3148148148148149, 1.16, 2.0, 1.0, 2.0, 1.0, 1.0, 1.1951265943270513, 1.3, 1.0, 1.0, 1.0, 1.0, 1.092815406738628, 2.0, 1.0, 1.0786516853932584, 1.0, 1.0, 1.0, 2.0, 1.0, 1.0, 1.0, 1.0, 1.0, 1.0725925925925925, 2.0, 1.0, 1.0, 4.0, 1.0, 1.193818415969092, 1.0, 2.0, 1.2660377358490567, 1.0, 1.0, 1.0, 1.2217510601147419, 1.1224280266521394, 1.0, 1.375, 2.0, 1.0, 2.0, 1.0, 1.2236842105263157, 1.1062440267601148, 2.0, 1.0, 1.4, 1.0, 1.0430465066558643, 2.0, 1.3333333333333333, 1.6285714285714286, 1.0625, 1.0, 1.0, 1.0, 3.0, 3.0, 1.0, 2.0, 1.0, 2.0, 3.6666666666666665, 1.5909090909090908, 1.0, 1.0661471708137784, 5.0, 1.0406400123973345, 1.0, 1.3333333333333333, 1.0, 1.0514603616133518, 1.0, 1.0, 1.125, 1.0, 1.0466258979357492, 1.2122929380993896, 3.0, 1.158886362333518, 1.056768558951965, 1.1911275415896487, 1.0, 3.0, 1.0, 1.0, 2.0, 3.0, 1.0, 1.0967591149890932, 1.0, 2.0, 1.024390243902439, 1.0164445515991454, 1.0, 1.0, 1.0261967919389008, 2.0, 1.032520325203252, 1.676056338028169, 1.241287928978402, 1.0, 1.0, 2.0, 1.0, 1.105263157894737, 1.0, 1.0, 2.0, 1.5, 1.0086830680173662, 3.3333333333333335, 1.0758620689655172, 1.92, 1.0, 2.0, 1.0169491525423728, 1.0, 1.0, 1.0, 1.0, 2.0, 1.1428571428571428, 1.0, 1.5, 1.4166666666666667, 5.0, 1.0, 1.1977060066405072, 1.228568355383457, 1.1379310344827587, 1.0, 1.0056100981767182, 1.0, 1.6666666666666667, 1.0, 2.0, 1.4, 2.0, 1.45, 1.0, 2.0, 1.5, 1.1224899598393574, 1.0029585798816567, 1.0, 5.0, 1.1428571428571428, 1.0, 2.0, 1.0420560747663552, 1.0, 1.0059453032104637, 4.0, 1.2222222222222223, 2.0, 1.25, 1.0904522613065326, 1.0, 2.588607594936709, 1.1270245256825544, 1.411764705882353, 2.5, 1.327790973871734, 1.1522248243559718, 3.5, 1.0, 1.109673732335827, 1.2, 1.6666666666666667, 1.0, 1.375, 1.0, 1.0, 1.0, 1.0, 1.0, 1.7254553531763661, 1.0780532598714416, 1.0, 1.0536635706914346, 1.0, 1.042857142857143, 1.0721518987341772, 2.0, 2.0, 2.0, 1.225108225108225, 1.1823204419889504, 1.0005133666893977, 1.3333333333333333, 1.835820895522388, 1.0, 1.7647058823529411, 1.4224806201550388, 2.0, 1.39375, 2.0, 1.242603550295858, 2.0, 1.0, 1.6666666666666667, 1.3333333333333333, 1.0, 1.0, 1.1527777777777777, 1.0, 4.0, 1.0, 1.0, 1.25, 1.0, 1.6666666666666667, 1.0, 1.0, 1.2916666666666667, 2.0, 1.0, 1.1428571428571428, 2.0, 1.0, 1.0, 1.0, 1.0, 1.0, 2.3, 1.0, 2.0, 1.3159027991387267, 2.0, 1.0, 1.0078493741021959, 2.0, 2.0, 1.0, 1.0, 1.2034534534534536, 1.5, 3.0, 3.0, 1.0, 1.25, 1.5, 1.0416666666666667, 1.4795918367346939, 2.0, 1.0312288993923024, 1.0, 1.0, 1.3448275862068966, 1.0, 1.25, 11.0, 2.0, 1.0, 1.0, 1.0, 1.0, 1.0, 1.302325581395349, 3.230769230769231, 1.4761904761904763, 2.0, 1.0, 2.0, 1.3018867924528301, 1.0267857142857142, 1.0733867091269602, 3.0, 1.297872340425532, 1.2444444444444445, 1.0358219756362321, 1.75, 1.3268608414239482, 2.0, 1.1515151515151516, 1.0, 1.1886792452830188, 1.0033574890235937, 2.0, 1.0347464940668825, 1.0182804290453016, 1.0605858361142009, 1.0, 1.25, 2.0, 1.032258064516129, 2.0, 1.0, 1.5, 1.195496417604913, 2.0, 1.020902090209021, 2.0, 1.0, 1.1851851851851851, 1.4285714285714286, 1.0, 1.0, 2.0, 4.5, 1.0, 1.0325423728813559, 1.0, 1.0, 1.0, 2.0, 1.006432140913364, 1.0, 1.6666666666666667, 1.010291884595917, 1.0, 3.3333333333333335, 1.0, 1.0, 1.0101781585747314, 1.1521739130434783, 1.3333333333333333, 1.0, 2.0, 1.1156891932122655, 1.1089058623586177, 1.0, 1.1818181818181819, 1.0, 2.0, 1.0, 1.5, 1.190755519750258, 1.0, 1.602675585284281, 2.325, 3.0, 1.0, 1.0812182741116751, 1.25, 2.0, 1.0, 1.0843373493975903, 1.071361977571189, 2.0, 1.2971887550200802, 3.1818181818181817, 1.0, 1.0, 1.0, 1.0180320985350377, 2.0, 2.0, 1.4635017866258295, 2.0, 1.0, 1.0391304347826087, 1.0, 1.0, 1.0536912751677852, 1.3333333333333333, 1.2, 1.0724637681159421, 1.043069694596711, 1.0, 3.0, 2.0, 1.0, 1.0, 1.0793398920977468, 1.0, 1.0, 1.1803680981595093, 1.232258064516129, 1.0, 1.0, 1.0, 1.0, 1.2516556291390728, 3.0, 1.43691389599318, 1.0740852290932394, 1.3333333333333333, 3.0, 1.0402384500745157, 1.0, 1.0, 1.0, 1.9523809523809523, 1.0, 1.0, 1.0, 1.3214285714285714, 1.9090909090909092, 1.0648126599953456, 1.0, 2.6666666666666665, 1.0, 1.1625, 1.0, 2.0, 1.0, 1.0, 1.0, 1.0065024370385856, 2.0, 2.0, 1.09375, 1.0, 2.0, 3.0, 1.0727272727272728, 1.0, 1.16, 1.0808520006604656, 3.0, 1.5, 1.0, 1.050131926121372, 2.0, 4.5, 1.2346938775510203, 1.0, 1.029388365580448, 1.2385786802030456, 1.1379310344827587, 1.0, 3.0, 2.0, 1.0, 2.0, 2.0, 1.1345238095238095, 26.0, 1.3333333333333333, 2.0, 1.0, 1.1406787998032464, 1.0, 2.0, 1.4, 2.0, 1.1159855769230769, 3.0, 1.0, 1.2264957264957266, 2.0, 1.0765548187950154, 2.0, 1.0, 1.3612403100775194, 1.0, 1.0, 1.04375, 1.2857142857142858, 1.0, 1.0421052631578946, 1.3372093023255813, 1.2, 2.0, 1.3333333333333333, 1.1557377049180328, 1.0, 1.2386363636363635, 2.0, 29.0, 1.0, 1.75, 1.0443515583359049, 1.4, 1.0189388872715255, 1.0689655172413792, 2.0, 4.0, 2.8333333333333335, 1.0, 1.1724137931034482, 1.25, 3.3333333333333335, 1.1290322580645162, 1.0, 1.0, 1.0, 1.0464135021097047, 1.0, 1.1018682958016623, 1.1473498233215547, 1.0, 2.0, 1.0, 1.0, 1.0, 1.0, 1.0, 1.0, 1.5, 1.0, 1.0, 2.0, 1.03954802259887, 1.0365475232731869, 1.3657657657657658, 1.0, 1.0, 1.1764705882352942, 1.0, 2.0, 2.0, 1.0, 1.0, 1.0, 1.0, 1.0299339388934765, 2.0, 4.0, 1.0357548240635641, 1.0, 1.0, 1.0, 2.0, 1.5, 1.0, 1.0, 1.0, 1.0, 1.625, 1.052143684820394, 1.2150811326757875, 1.5, 1.0, 1.0, 1.013857849185873, 1.0, 1.0, 1.0, 1.6896551724137931, 1.070195362003983, 1.0, 3.0, 1.8888888888888888, 1.0628465804066543, 2.0, 1.0, 1.0, 1.0, 1.0, 1.1622245108135942, 1.0, 3.0, 1.0985853227232538, 1.0, 1.0, 1.1135709541731238, 1.0, 1.09993531694696, 1.0, 1.0, 2.0, 1.1128571428571428, 1.0, 1.0, 2.0, 1.0, 3.0, 1.0850208156501353, 1.0297328044768317, 1.0, 2.0, 1.5555555555555556, 1.0, 1.1666666666666667, 6.0, 1.0, 1.0, 1.0968748939635573, 3.0, 1.0, 2.0, 12.5, 1.3846153846153846, 1.070921985815603, 1.050381679389313, 1.0, 1.2, 1.2352941176470589, 3.235294117647059, 2.0, 2.0, 1.0, 1.0, 2.0, 1.053191489361702, 1.0, 1.0127388535031847, 1.0, 2.0, 2.0, 2.0, 2.4838709677419355, 1.0, 2.0, 2.0, 1.0, 1.1232876712328768, 1.0, 1.0, 1.0, 1.1039364640883977, 1.0530973451327434, 1.0, 2.6, 2.0, 1.3333333333333333, 1.4642857142857142, 1.0, 1.0, 2.0, 1.0, 2.0, 1.0364599563727017, 1.8571428571428572, 1.0, 4.0, 1.1096774193548387, 1.1676686390532545, 1.0, 1.0, 1.1397849462365592, 1.092872008324662, 1.1772151898734178, 1.0, 2.0, 1.0, 1.6457873842082047, 1.2985074626865671, 56.0, 1.0, 2.0, 1.0, 1.675, 1.0, 1.3880597014925373, 1.0, 1.0, 1.0833333333333333, 2.0, 3.0, 2.0, 1.0, 1.1266943151932025, 1.1435897435897435, 1.0613370089593384, 1.0, 1.0, 4.0, 2.0, 1.0, 1.0, 1.0, 1.0, 2.0, 2.0, 2.0, 1.5, 1.0511627906976744, 1.5, 1.163836552447316, 2.0, 1.0, 1.173913043478261, 1.2578534031413613, 2.0, 1.0, 1.0, 1.0, 2.0, 1.6666666666666667, 1.2801556420233462, 4.0, 1.0, 1.0, 1.0, 1.0, 2.0, 1.1114982578397212, 1.0, 2.0, 2.0, 1.0, 1.1534044298605415, 1.0398671096345515, 1.0, 1.0, 1.020100502512563, 1.0, 2.0, 1.2052631578947368, 1.0, 1.0, 1.0, 1.0, 1.0, 1.8, 2.0, 2.0, 1.1689008042895441, 1.2944267515923567, 1.0909090909090908, 1.0, 1.1777777777777778, 2.0, 1.0333333333333334, 1.0, 2.0, 1.0, 1.0702364533988926, 1.32, 1.0, 1.0, 1.046630094043887, 1.0105533371363378, 1.0, 3.0, 2.0, 1.048913043478261, 1.0, 1.1188385015235705, 1.0434782608695652, 1.0781442663378544, 3.2142857142857144, 1.0874595094863488, 1.0, 1.064102564102564, 2.6666666666666665, 1.0, 1.0, 1.0, 1.0, 1.0625, 2.0, 2.0, 1.5, 2.0, 1.0, 1.0, 1.0, 2.375, 4.0, 1.0, 2.0, 1.167420814479638, 1.6101694915254237, 1.0, 1.0, 1.2347658755612572, 1.127695256348826, 2.0, 1.368421052631579, 1.0, 2.0, 1.0, 2.0, 1.0, 1.0, 2.0, 2.4785714285714286, 2.0, 1.0, 1.0833333333333333, 1.4372623574144487, 1.0, 1.0612844036697249, 1.0, 1.0, 1.0, 2.0, 1.0053763440860215, 2.0, 1.0, 1.0, 2.0, 1.0, 1.0, 1.0, 1.0, 2.0, 1.0, 1.0, 1.0, 1.0465991193193964, 3.0, 1.0, 1.0, 1.0, 1.0, 1.6153846153846154, 2.0, 1.0, 6.0, 1.0, 2.0, 1.0, 2.0, 1.0, 1.174731182795699, 1.0132637075718016, 2.0, 1.4396551724137931, 1.3333333333333333, 1.128, 1.0, 1.030871820202519, 1.0, 2.0, 1.075403016120645, 1.0, 2.0, 2.0, 1.9612756264236901, 1.3333333333333333, 1.0, 1.0025324488720724, 1.1091256844918385, 1.1675977653631284, 1.5, 1.0, 2.0, 1.0, 1.0, 1.0, 2.0, 1.0, 2.3333333333333335, 2.0, 2.0, 1.0, 1.0, 1.0465551672491262, 1.0433145009416196, 2.0, 2.0, 1.125, 1.1132530120481927, 1.0, 2.0, 1.1103048365674302, 1.0526315789473684, 1.2243346007604563, 2.0, 1.0, 1.0, 1.2, 18.0, 1.0, 1.2781071506037163, 1.0, 1.0, 1.2113821138211383, 1.3333333333333333, 1.126005361930295, 1.0392156862745099, 1.0, 2.0, 1.0, 2.0, 1.5, 1.4324324324324325, 1.0, 1.0, 1.0409973251244042, 1.0, 2.0, 1.066321243523316, 1.0, 1.0, 1.0, 2.0, 1.1575757575757575, 1.0, 1.0308030803080308, 1.5, 1.0, 1.0, 1.0, 1.0, 1.0, 1.0, 2.0, 1.12, 1.0, 1.3586387434554974, 1.0, 1.0188684302216504, 2.0, 1.0, 1.0, 1.0, 1.0, 11.0, 1.1714285714285715, 1.0, 1.0, 2.0, 1.2771929824561403]
origin-forest_39.80 	max: 56.0000	99th: 6.0000	95th: 3.0000	median: 1.0810	mean: 1.5841

...Done, result: results.csv

WORKLOAD-FINISHED | Type: QueryWorkload | Progress: 3/3 | Workload-time: 30.791410 | Model-update-time: 0.000000


Experiment Summary: #data-update-times=1, #drift=0 | total-time=65.198739