Input arguments = Namespace(data_update='sample', update_size=100000, dataset='forest', debug=False, drift_test='js', model_update='adapt', model='transformer', end2end=False, query_seed=0, random_seed=42, num_workload=3)
JSON-passed parameters = {'data_updater': {'skew_ratio': '1e-3'}, 'random_seed': 58, 'transformer': {'epochs': 0}}
MODEL-PATH=/home/kangping/code_copy/SAUCE/models/end2end/transformer/origin-forest-2.0MB-model58.950-data19.148-300epochs-seed0.pt
DATASET-PATH=/home/kangping/code_copy/SAUCE/data/forest/end2end/forest.npy
Workloads: ['QueryWorkload', 'DataUpdateWorkload', 'QueryWorkload']

WORKLOAD-START | Type: QueryWorkload | Progress: 1/3
Going to run: ['python', '/home/kangping/code_copy/SAUCE/Naru/eval_model.py', '--dataset=forest', '--model=transformer', '--query_seed=0', '--end2end', '--eval_type=first_estimate', '--num_workload=3', '--data_update=sample', '--model_update=adapt', '--random_seed=42']
Torch device: cuda:1
GET-MODEL-PATH=./models/end2end/transformer/origin-forest-2.0MB-model58.950-data19.148-300epochs-seed0.pt
ckpts [PosixPath('/home/kangping/code_copy/SAUCE/models/end2end/transformer/origin-forest-2.0MB-model58.950-data19.148-300epochs-seed0.pt')]
Validate Argument: DATASET="forest" is valid.
load_csv_dataset - forest (581012, 10)
Parsing... done, took 0.0s
Loading ckpt: /home/kangping/code_copy/SAUCE/models/end2end/transformer/origin-forest-2.0MB-model58.950-data19.148-300epochs-seed0.pt
query_seed:0
origin-forest_39.80 	max: 214.0000	99th: 5.0100	95th: 2.0937	median: 1.0057	mean: 1.5899
ReportEsts: [1.0, 1.2758308840153743, 1.0, 1.4390243902439024, 1.3333333333333333, 1.0, 1.328719723183391, 1.0, 1.3068181818181819, 1.0, 1.0806451612903225, 1.0, 1.0, 1.0, 2.0, 1.0760493102436162, 1.0, 1.1111111111111112, 1.65625, 1.125, 1.0, 3.0, 1.1764705882352942, 1.8, 1.4, 1.0, 1.1062025497779688, 1.1818181818181819, 3.0, 1.8072916666666667, 1.0, 1.107672469374597, 2.0, 1.0, 1.103448275862069, 1.0450785773366418, 1.0389308541545612, 1.0, 1.0641592920353982, 1.0, 2.0, 1.0, 1.411764705882353, 1.0, 1.732394366197183, 1.094170403587444, 1.0, 2.5, 1.0, 1.0, 3.0, 1.1295275590551181, 1.0, 1.0, 1.3846153846153846, 1.0603015075376885, 1.2707423580786026, 2.8333333333333335, 1.0, 1.0, 1.074061433447099, 3.3, 1.0, 1.4401826484018265, 1.1719745222929936, 1.0, 1.0669456066945606, 1.2317073170731707, 1.2248995983935742, 1.0, 2.0, 1.0, 1.1214953271028036, 1.3537959355585973, 2.0, 2.0, 1.0, 1.0, 1.0, 1.0, 1.0, 1.0, 1.0539261485964984, 3.5, 3.25, 1.0, 1.0, 1.3333333333333333, 1.233296419342931, 1.0, 1.6, 1.1794871794871795, 1.0, 1.5355832721936904, 2.0, 1.0, 1.038485732258249, 1.2798913043478262, 1.0, 1.0, 2.0, 1.0, 1.0, 1.0, 1.1241379310344828, 1.0, 1.0, 1.0, 1.065217391304348, 1.0, 1.0845070422535212, 1.0, 1.0, 1.0096226892884275, 1.096938775510204, 2.0, 1.0, 2.0, 1.0, 1.0, 1.0, 2.0, 3.0, 1.0, 1.2366603892027621, 1.0, 1.0, 1.0, 1.0, 1.0, 1.0, 1.4832119381772961, 1.0805348479469885, 2.0, 1.375, 1.0, 1.0, 2.0, 1.01634654679199, 1.2222222222222223, 1.0965262195628689, 1.0, 1.0, 1.0, 1.0, 1.0302768109813616, 1.0, 1.2, 1.6551724137931034, 1.0, 1.0, 1.0, 1.0, 1.0, 1.0, 1.3333333333333333, 1.0, 1.0, 1.0, 1.6666666666666667, 1.7777777777777777, 1.0, 1.0179024081115335, 4.0, 1.0283142084149641, 1.0, 1.3333333333333333, 1.0, 1.1844660194174756, 1.0, 1.0, 1.0, 1.015267175572519, 1.16, 1.0, 1.0, 1.128755364806867, 1.0, 1.0697115384615385, 1.0, 214.0, 1.0, 1.0, 1.1094606402414806, 1.0, 1.08604693469165, 1.0, 1.0, 1.303030303030303, 1.0095987899707188, 1.0, 1.046218487394958, 2.090909090909091, 1.0, 1.0, 1.0, 1.0, 1.1805555555555556, 1.125, 1.3533236994219653, 1.16424510423247, 1.3333333333333333, 1.0, 1.0, 2.0, 3.0, 1.8076923076923077, 1.0, 1.0, 1.0, 1.0, 1.5, 1.0, 1.1428571428571428, 1.0, 1.0, 1.0, 1.0232558139534884, 1.0, 2.0, 1.0, 1.434916864608076, 1.0, 1.0, 1.1794871794871795, 1.0, 1.1875, 1.0, 3.0, 1.0, 1.0, 1.0, 1.2222222222222223, 2.0, 1.0612244897959184, 1.0, 2.0, 1.5, 1.068431019940481, 1.0081393870024165, 1.0, 2.0, 1.5, 1.0280196895115488, 1.2288401253918495, 1.375, 1.0, 1.0414878397711016, 2.5, 1.30736301369863, 1.0, 1.6666666666666667, 1.1454545454545455, 1.0, 1.0088235294117647, 1.233529411764706, 1.5, 2.0, 1.3352112676056338, 1.0404040404040404, 2.0, 1.0, 1.319115095430885, 1.5, 2.0, 1.0, 1.1428571428571428, 1.0, 1.0, 1.0, 1.3421052631578947, 1.5, 1.2708966565349544, 2.0, 1.0, 1.0192527329091206, 1.2857142857142858, 1.0, 1.0416666666666667, 1.0, 1.0, 1.0, 1.0, 1.0, 1.0, 1.0, 2.0, 1.0, 1.1635220125786163, 1.0, 1.1111111111111112, 1.0, 1.0, 2.0, 1.0, 1.0567200986436498, 2.8095238095238093, 1.001480384900074, 1.1508620689655173, 1.0, 1.3806451612903226, 1.0, 1.0, 3.0, 1.0, 1.2803030303030303, 1.0, 2.0, 1.0, 1.125, 1.0, 1.0, 1.1666666666666667, 1.5, 1.0, 1.0, 1.0, 1.0, 1.0, 3.0, 1.0, 1.0, 1.0235526788924847, 1.5, 1.0, 1.0665220996237006, 1.0, 1.0, 1.0, 1.0, 1.062992125984252, 1.0, 3.0, 1.0, 1.3333333333333333, 1.1441860465116278, 1.0, 1.035294117647059, 1.5060975609756098, 1.0, 1.3703314045239348, 1.2702702702702702, 1.0, 1.4, 1.5, 1.1428571428571428, 10.0, 1.5, 1.0, 1.0, 1.0, 1.0, 1.0, 1.6293103448275863, 1.2222222222222223, 1.4197530864197532, 6.0, 1.0, 1.0, 1.0, 1.012, 1.1, 1.4454545454545455, 1.1247533435650077, 1.1597913287449038, 1.486040609137056, 1.0324425566072444, 1.0950413223140496, 1.0, 1.2, 1.0, 1.030909090909091, 1.004725476559853, 1.0, 1.0314223338339032, 1.01826250213347, 1.0785599513614452, 1.0, 1.6666666666666667, 2.0, 1.0, 1.0, 1.0, 1.072072072072072, 10.2, 1.0, 1.5454545454545454, 1.0, 1.1894836570345808, 1.0, 2.5, 1.0769230769230769, 1.0, 1.0, 4.25, 1.0, 1.0314465408805031, 1.0, 1.0, 1.0, 1.0, 1.0266779746760106, 1.0, 2.0, 1.05, 1.0859263488438482, 1.2555555555555555, 1.4047757716948166, 1.2557077625570776, 1.119474227905817, 1.1563421828908556, 1.106060606060606, 1.0, 1.0, 1.131079947819605, 1.1176066182368174, 1.0, 1.0, 1.0, 1.0, 1.0, 1.0, 1.0, 1.0, 1.0, 1.1158466819221968, 2.5, 1.132139812446718, 1.0, 1.0, 1.0, 1.3195804195804195, 1.0660441742151632, 2.5, 1.2771822358346094, 1.8666666666666667, 1.0, 1.0, 1.0, 1.0534624837357236, 1.5, 1.0, 1.01378896882494, 1.0, 1.7272727272727273, 1.0, 1.0, 1.0, 1.0221235071366153, 1.0, 1.0, 2.0, 1.4285714285714286, 1.1363636363636365, 1.018045112781955, 1.75, 1.0, 1.0, 1.6304347826086956, 1.25, 2.0, 1.0192554557124518, 1.0, 1.4444444444444444, 1.0, 1.0, 1.0909090909090908, 1.0, 1.0, 4.5, 1.044243955250812, 1.0227810112768279, 1.256916996047431, 1.5769230769230769, 1.0, 1.0, 1.3333333333333333, 1.0, 1.2717260931196162, 1.3714285714285714, 3.0, 1.0, 1.1014760147601477, 1.053475935828877, 1.0, 1.0579528033977532, 1.0, 1.0, 1.0801627973875707, 2.5, 1.0114848236259228, 1.0, 1.0, 1.0, 1.0111124077747955, 1.7142857142857142, 2.0, 1.24, 1.0, 2.0, 1.0, 1.4444444444444444, 1.0, 1.1920529801324504, 1.0303030303030303, 2.0, 1.0, 1.0, 1.0854430379746836, 2.0, 2.4, 1.2261904761904763, 1.0, 1.0567291670656733, 1.6333333333333333, 1.12, 1.0, 1.2, 1.0, 1.0, 1.0150400523132255, 1.5, 4.0, 1.058259587020649, 1.25, 1.0, 1.0424008810572687, 1.0, 1.75, 1.0, 2.0, 1.0, 1.2340823970037453, 1.0, 1.0, 1.4285714285714286, 1.0450079504561052, 1.1094890510948905, 2.146987951807229, 1.0476190476190477, 1.4109589041095891, 2.0, 1.4074074074074074, 1.062111801242236, 1.0, 1.0, 1.1538461538461537, 1.208638956805216, 2.5, 2.0, 1.1428571428571428, 1.1714285714285715, 1.0, 1.326241134751773, 1.0, 1.0472636815920398, 1.0, 2.0, 1.0536973788721207, 6.0, 1.0563550420168066, 2.0, 1.0, 3.0, 1.0, 1.0, 2.0, 1.054421768707483, 1.0, 1.0, 1.0, 1.0, 1.0, 1.1346153846153846, 2.0, 5.0, 1.0, 1.0, 2.0, 1.0, 1.0, 1.0, 1.0, 1.0, 1.0, 1.0, 1.0, 2.0, 1.0135135135135136, 1.42, 2.0, 1.22, 1.0, 1.0, 1.4, 1.0552161076027229, 2.607142857142857, 1.0, 1.0, 1.0, 1.0, 1.0089571084717674, 1.0, 1.0, 1.0218009478672985, 1.0636846095526915, 1.1702127659574468, 2.0, 1.0, 1.0, 1.0, 1.4074074074074074, 2.0, 1.0, 1.0, 1.060556464811784, 2.0, 1.0852284803400638, 1.0, 1.0, 1.036919191919192, 1.0, 1.0, 1.0, 1.3125, 1.0536525673740027, 1.0, 3.0, 1.625, 1.1138952164009113, 1.0, 1.0, 1.5, 1.0, 1.0, 1.1723142087023488, 1.0, 2.0, 1.0218076084322754, 1.0, 1.0, 1.063031515757879, 1.0, 1.112321134608079, 1.0, 1.0, 1.037190082644628, 1.017609210971893, 20.0, 1.3265306122448979, 1.0, 1.0, 2.0, 1.0262012069360629, 1.0, 1.0, 1.0, 1.0, 1.1111111111111112, 1.0, 1.0, 1.5, 1.5777089783281735, 1.0, 1.0, 1.0, 1.0, 1.0, 1.2, 1.153061224489796, 1.0, 1.0, 1.0, 1.0, 1.0, 1.0, 1.1111111111111112, 1.0, 1.0, 1.0, 1.0, 1.0, 2.0, 1.007216593385586, 1.213855421686747, 1.0, 2.0, 1.5, 1.0377697841726619, 1.0, 1.0, 1.0, 2.0, 1.0, 1.0057997557997558, 1.0222222222222221, 8.25, 1.42676944639103, 1.0, 1.434782608695652, 1.0, 1.4, 1.0, 1.5, 1.0, 1.0, 1.0, 1.0642701525054465, 1.25, 1.0, 4.0, 1.0814814814814815, 1.1700967849593948, 1.0, 1.0, 1.2115812917594655, 1.0975160993560258, 1.0746268656716418, 1.0, 1.0, 1.0, 1.0240091781393408, 1.0, 1.25, 1.0, 1.0, 1.5, 1.0093786635404456, 1.0, 1.0, 1.1333333333333333, 1.0, 1.0, 1.5, 1.3, 1.0, 1.0347779561262707, 1.0924295774647887, 1.0, 1.0, 1.0, 3.0, 1.0, 1.0, 1.0, 1.0, 1.0, 2.0, 1.0, 2.0, 3.0, 1.0756302521008403, 1.0, 1.0250287117341887, 1.0, 1.0, 1.2857142857142858, 1.0745341614906831, 1.5, 1.0, 1.0, 1.0, 1.0, 1.4285714285714286, 1.624441132637854, 3.0, 1.0, 1.0, 1.0, 1.0, 1.0, 1.0388548057259714, 1.0, 1.0, 1.0, 1.0, 1.1386792452830188, 1.0286202477573687, 1.0, 1.0, 1.0481927710843373, 1.04, 1.5, 1.2771084337349397, 1.0, 1.0, 1.0, 1.0, 1.0, 1.0666666666666667, 2.0, 1.0, 1.1762917933130699, 1.118714859437751, 1.3333333333333333, 1.0, 1.0, 1.0, 1.0, 1.8, 1.0, 1.0, 1.0538079470198676, 1.0, 1.0, 1.5, 2.0, 36.0, 1.0, 1.2030981067125646, 1.0, 1.0, 1.5, 1.0, 1.1111111111111112, 1.054054054054054, 1.0, 1.0394736842105263, 1.0, 1.1818181818181819, 1.0, 1.0, 2.0, 1.1428571428571428, 1.0, 1.0, 1.0, 2.0, 1.075268817204301, 1.0, 1.0, 1.090401927222011, 1.1170669923553627, 1.0, 1.0, 1.0, 1.0360874669797475, 1.0, 1.7754010695187166, 1.0, 1.1449525452976703, 2.0, 1.0, 1.2307692307692308, 1.25, 1.6666666666666667, 1.0894962486602358, 1.0, 1.0, 1.0, 1.5, 1.6666666666666667, 1.0, 2.0, 1.0, 2.0, 1.6666666666666667, 1.0, 1.0, 1.3333333333333333, 1.0, 1.1428571428571428, 1.0, 4.0, 1.0, 1.3333333333333333, 1.0, 1.0, 1.0, 1.0, 1.0, 1.0, 1.0, 1.0, 1.0031531531531532, 2.0, 1.0, 1.0, 1.0, 1.0, 1.0769230769230769, 2.0, 1.0, 1.2708049113233288, 1.0, 1.3038839095177124, 1.0, 1.448554135843981, 1.0, 1.2647058823529411, 1.0526315789473684, 1.8571428571428572, 1.0, 1.0, 1.0, 1.0056443126375203, 1.0, 1.0, 1.028202115158637, 1.0, 1.0, 1.0, 2.0, 1.0312813551319129, 1.0, 3.25, 1.0, 1.0, 1.0, 1.0, 1.0, 1.0, 1.0, 1.0, 1.0, 1.0, 3.0, 2.0, 1.0, 1.0, 1.0, 1.045828437132785, 1.060023257894266, 1.0, 1.0, 1.3333333333333333, 1.0712250712250713, 1.0, 2.0, 1.0724224452554745, 1.0588235294117647, 1.84, 1.0, 1.0, 1.0, 1.5, 22.5, 1.0, 1.248191476168823, 1.0, 1.0, 1.1799475065616798, 1.0, 24.0, 1.0, 1.0, 1.0, 1.00355871886121, 1.0, 1.5, 1.105263157894737, 1.0307362441836316, 1.0, 1.5714285714285714, 1.0, 1.0, 1.1041521688703317, 2.0, 1.75, 1.0, 1.3278688524590163, 1.0, 1.2506748939452372, 3.0, 1.0, 1.0, 1.0, 1.0, 1.0, 1.0, 2.0, 1.275, 1.0, 1.177491103202847, 1.0, 1.0332904117333, 1.0, 1.0, 1.0, 1.0, 1.0, 1.0810810810810811, 1.070783472567171, 2.0, 1.0629032258064517, 1.0, 1.1063196063196064, 1.0689655172413792, 2.0, 1.0677966101694916, 1.2644628099173554, 1.0, 1.0, 1.0, 1.2243744955609361, 1.0, 1.0, 1.2372262773722629, 2.0, 1.0]
origin-forest_39.80 	max: 214.0000	99th: 5.0100	95th: 2.0937	median: 1.0057	mean: 1.5899

...Done, result: results.csv

WORKLOAD-FINISHED | Type: QueryWorkload | Progress: 1/3 | Workload-time: 30.199583 | Model-update-time: 0.000000


WORKLOAD-START | Type: DataUpdateWorkload | Progress: 2/3
Going to run: ['python', '/home/kangping/code_copy/SAUCE/Naru/eval_model.py', '--model=transformer', '--data_update=sample', '--dataset=forest', '--drift_test=js', '--end2end', '--update_size=100000', '--query_seed=0', '--eval_type=drift']
Torch device: cuda:1
GET-MODEL-PATH=./models/end2end/transformer/origin-forest-2.0MB-model58.950-data19.148-300epochs-seed0.pt
GET-DATASET-PATH=./data/forest/end2end/forest.npy
Sample - START
Sample - END
load_npy_dataset_from_path - df.shape = (681012, 10)
Parsing... done, took 0.1s
Data updated!
Previous data size: (581012, 10), new data size: (100000, 10)
[1.1324883e-06 1.7881393e-07 3.5762787e-07 5.9604645e-07 2.9802322e-07
 5.9604645e-08 5.9604645e-08 4.2319298e-06 4.1723251e-07 2.9802322e-07]
Distance score: 7.629394644936838e-07
SAUCE Drift detection: False
Detection latency: 0.0671s

WORKLOAD-FINISHED | Type: DataUpdateWorkload | Progress: 2/3 | Workload-time: 4.287096 | Model-update-time: 0.000000


WORKLOAD-START | Type: QueryWorkload | Progress: 3/3
Going to run: ['python', '/home/kangping/code_copy/SAUCE/Naru/eval_model.py', '--dataset=forest', '--model=transformer', '--end2end', '--query_seed=0', '--eval_type=estimate', '--num_workload=3', '--data_update=sample', '--model_update=adapt', '--random_seed=42']
Torch device: cuda:1
GET-MODEL-PATH=./models/end2end/transformer/origin-forest-2.0MB-model58.950-data19.148-300epochs-seed0.pt
ckpts [PosixPath('/home/kangping/code_copy/SAUCE/models/end2end/transformer/origin-forest-2.0MB-model58.950-data19.148-300epochs-seed0.pt')]
Validate Argument: DATASET="forest" is valid.
data size: 681012, total size: 681012, split index: [567510 681012]
Parsing... done, took 0.1s
Loading ckpt: /home/kangping/code_copy/SAUCE/models/end2end/transformer/origin-forest-2.0MB-model58.950-data19.148-300epochs-seed0.pt
query_seed:0
origin-forest_39.80 	max: 23.0000	99th: 5.0000	95th: 3.0000	median: 1.0861	mean: 1.4858
ReportEsts: [2.0, 1.3132075471698113, 1.0, 1.3333333333333333, 1.2857142857142858, 1.0, 1.2540540540540541, 1.0, 2.8923076923076922, 1.0, 1.1388888888888888, 1.1066666666666667, 2.0, 2.0, 1.0955414012738853, 1.25, 4.0, 2.0, 1.4375, 1.25, 2.0, 2.0, 1.0, 2.0, 1.0639658848614073, 1.0, 1.0097037793667007, 1.6666666666666667, 2.0, 3.0, 1.2, 1.0, 1.0, 2.0, 2.0, 3.0, 1.0, 1.5, 1.0, 1.75, 2.0, 1.0, 1.5, 1.0, 1.1085271317829457, 1.048148148148148, 1.0, 1.0, 1.0, 3.0, 3.0, 1.1476485862665897, 1.0, 1.0, 1.4, 1.0472103004291846, 1.110580204778157, 1.5384615384615385, 1.0, 2.0, 1.1375, 2.0, 2.0, 1.0, 1.0, 3.3902439024390243, 1.0773490532332977, 1.1111111111111112, 3.0, 2.0, 2.0, 1.3333333333333333, 1.0795363588310807, 2.293388429752066, 2.0, 1.1126760563380282, 1.0, 2.0, 2.0, 1.0, 2.0, 1.0, 2.0, 1.0635039941267983, 2.6666666666666665, 3.875, 1.0, 1.0, 1.0, 1.0193350383631714, 1.0, 1.0, 2.0, 1.234920634920635, 1.1666666666666667, 9.714285714285714, 1.0384615384615385, 2.0, 1.0, 2.0, 1.0, 1.0, 1.2264851485148516, 2.1666666666666665, 4.0, 1.0, 1.0, 1.0, 1.0006105085972692, 2.0, 1.0, 1.0206185567010309, 2.0, 1.0, 1.0, 1.0, 1.0, 1.0, 1.0, 1.0, 2.0, 1.1292719167904903, 1.0, 1.0, 1.0, 3.0, 1.0, 1.3238095238095238, 1.1428571428571428, 2.0, 2.0, 1.0, 1.0, 1.0, 1.3019795403215093, 1.1161489003100356, 2.0, 1.4, 1.0, 1.0, 2.0, 1.0571035431716547, 1.2266666666666666, 1.1006419805632404, 1.0, 1.0, 1.5, 1.0, 1.0883463598840784, 1.0, 1.0, 1.6764705882352942, 1.0625, 1.0, 1.0, 1.0, 1.0, 1.0, 2.3333333333333335, 1.0, 1.0, 1.0, 2.0, 1.7142857142857142, 1.0, 1.2528280542986425, 4.0, 1.0075341936480953, 1.0, 1.0, 3.0, 1.0874471086036672, 2.0, 1.0, 5.0, 1.0, 1.0026182906302599, 1.1325349301397205, 1.0, 1.2668320340184267, 2.4, 1.1257861635220126, 1.0, 3.0, 1.0, 1.0, 1.0, 3.0, 1.0, 1.0624905431986684, 1.0, 1.0, 1.0, 1.0168220409522224, 2.0, 1.0035087719298246, 1.2137203166226913, 4.0, 3.15, 1.4166666666666667, 1.0590969455511288, 1.0, 1.0, 2.0, 1.0, 1.0526315789473684, 1.0, 1.0, 1.0, 2.0, 1.1181619256017505, 2.6666666666666665, 2.0, 1.2857142857142858, 1.0, 2.0, 1.098360655737705, 1.0, 1.0, 1.0, 1.0, 2.0, 1.4285714285714286, 1.0, 1.5, 1.75, 1.0, 1.0, 1.0057680631451122, 1.2526589971782072, 1.0, 1.0, 1.1553684390494101, 1.0, 1.8333333333333333, 1.0, 1.0, 1.1, 2.0, 1.8709677419354838, 1.0, 2.0, 1.0, 1.100145137880987, 1.043024642289348, 1.0, 7.0, 2.0, 1.0, 2.0, 1.0416666666666667, 2.0, 1.0070671378091873, 1.4, 1.1607142857142858, 1.0, 1.6666666666666667, 1.1851851851851851, 1.0, 1.081578947368421, 1.1238008222932847, 1.4444444444444444, 2.5, 1.2934272300469483, 1.0232558139534884, 2.0, 1.0, 1.1801732222651293, 1.0, 2.5, 2.0, 1.0, 1.0, 1.0, 1.0, 1.0208333333333333, 1.0, 1.0723809523809524, 1.3750382848392038, 2.0, 4.5, 1.0, 1.0149253731343284, 1.086734693877551, 1.0, 1.0, 1.5, 1.2096069868995634, 1.1105527638190955, 1.0063683992195063, 2.0, 1.069767441860465, 1.0, 1.0, 1.3892215568862276, 1.0, 1.8089171974522293, 2.0, 1.5, 1.0, 1.0, 1.3846153846153846, 1.5, 1.0, 1.0, 1.1140939597315436, 2.0, 3.0, 1.0, 1.0, 1.1153846153846154, 1.0, 1.3333333333333333, 1.0, 1.0, 1.2448979591836735, 2.0, 1.0, 1.0666666666666667, 2.0, 1.0, 1.0, 2.0, 1.0, 1.0, 3.142857142857143, 1.0, 1.0, 1.271441746080541, 1.5, 1.0, 1.0778841919859092, 3.0, 2.0, 1.0, 1.0, 1.2326307572209212, 1.5, 5.0, 2.0, 1.0, 1.256198347107438, 1.0, 1.0326086956521738, 1.308724832214765, 2.0, 1.155538837690427, 1.0740740740740742, 1.0, 1.3448275862068966, 1.3333333333333333, 1.25, 12.0, 1.25, 1.0, 1.0, 1.0, 1.0, 1.0, 1.2857142857142858, 4.333333333333333, 1.35, 9.666666666666666, 1.0, 2.0, 1.3821656050955413, 1.0243478260869565, 1.0723646254017967, 1.5, 1.1431155828707376, 1.099009900990099, 1.03108124324973, 2.7142857142857144, 1.56, 2.0, 2.172566371681416, 1.0, 1.079245283018868, 1.003419816697825, 1.0, 1.020975744798654, 1.0782122905027933, 1.0771289447273538, 1.0, 1.25, 1.0, 1.0, 3.0, 2.0, 1.5, 1.1750255885363357, 3.0, 1.0227272727272727, 1.0, 1.0, 1.2727272727272727, 1.5, 1.2, 2.0, 1.0, 5.0, 1.0, 1.0227272727272727, 1.0, 1.0, 1.0, 1.0, 1.008508939376926, 1.0, 1.0, 1.0219911353562905, 1.0, 2.3333333333333335, 1.0, 1.0, 1.013035513348083, 1.0344827586206897, 3.75, 1.0, 1.0, 1.127005294375224, 1.1155931340888183, 1.0, 1.4, 1.4230769230769231, 2.0, 1.0, 1.1495327102803738, 1.203447230084917, 1.0, 1.6206896551724137, 3.0714285714285716, 3.0, 1.0, 1.0687830687830688, 1.1612903225806452, 2.0, 1.0, 1.0274725274725274, 1.0486295313881522, 2.3333333333333335, 1.2832674571805007, 4.285714285714286, 1.0, 1.0, 1.0, 1.0558408215661104, 1.3333333333333333, 1.0, 1.0924464487034948, 2.0, 1.0, 1.3160377358490567, 1.0, 1.0, 1.026143790849673, 1.3333333333333333, 1.15, 1.2066666666666668, 1.0332302936630602, 1.0, 2.0, 2.0, 2.0, 2.0, 1.118559030065704, 2.0, 2.0, 1.2127388535031847, 1.249190938511327, 1.0, 1.0, 1.0, 1.0, 1.0986842105263157, 2.0, 2.1811175337186897, 1.0781204847130446, 1.3333333333333333, 2.0, 1.0491803278688525, 1.0, 1.0, 1.0, 1.1764705882352942, 1.0, 1.0, 2.0, 1.1612903225806452, 1.4375, 1.1680978708387248, 1.0, 1.1020408163265305, 1.0, 1.1794871794871795, 1.0, 1.0, 1.0, 1.0, 1.0, 1.0270118366475196, 1.8666666666666667, 2.0, 1.3333333333333333, 1.0, 2.0, 2.0, 1.3392857142857142, 1.0, 1.1534090909090908, 1.9353448275862069, 3.0, 1.5, 1.0, 1.0481927710843373, 2.0, 23.0, 1.263157894736842, 2.0, 1.0069654990127026, 1.3089430894308942, 1.1785714285714286, 1.0, 2.0, 1.0, 1.0, 1.0, 2.0, 1.1507009345794392, 2.7142857142857144, 1.2857142857142858, 2.0, 1.0, 1.1444114737883284, 2.0, 2.0, 3.5, 3.0, 1.0130486358244366, 2.0, 1.0, 1.3248945147679325, 3.0, 1.0611429295132488, 1.0, 1.0, 1.1527159394479074, 2.0, 1.0, 1.103896103896104, 2.0, 3.0, 1.0869565217391304, 1.090655509065551, 1.25, 2.0, 1.0, 1.146341463414634, 1.0, 1.2307692307692308, 1.0, 1.39119804400978, 1.0, 1.875, 1.095970818833592, 1.0, 1.0490680867249904, 1.6551724137931034, 1.0, 3.0, 1.0246575342465754, 1.0, 1.4181818181818182, 1.4, 1.0132743362831858, 1.002636783124588, 1.0, 1.0, 1.0, 1.0508474576271187, 1.1666666666666667, 1.0853800970894403, 1.096108291032149, 1.0, 2.0, 2.0, 1.0, 1.0, 1.0, 1.0, 1.0, 1.0, 1.0, 1.0, 2.0, 1.6046511627906976, 1.0654155646840358, 1.4912621359223301, 1.0, 1.0, 1.411764705882353, 2.0, 2.0, 2.0, 1.0, 1.0, 1.0, 1.0, 1.0125265894587567, 1.0, 3.0, 1.096130592503023, 1.0, 1.0, 1.0, 1.0, 1.5, 1.0, 1.0, 1.0, 1.0, 1.75, 3.5, 1.2073365231259967, 1.5, 1.0, 1.0, 1.0522739423624166, 1.0, 1.0, 1.0, 1.4411764705882353, 1.125111228218707, 1.0, 1.0, 1.2307692307692308, 1.046551724137931, 1.0, 1.0, 1.0, 2.0, 1.0, 1.1270436107564963, 1.0, 2.0, 1.17541794207676, 2.0, 1.0, 1.1129458388375164, 2.0, 1.1064519615259916, 2.0, 1.0, 1.125, 1.1166666666666667, 2.0, 1.0, 1.0, 1.1428571428571428, 2.0, 1.0850806695268596, 1.0291057990261177, 1.0, 2.0, 5.54054054054054, 1.0, 1.3333333333333333, 1.6666666666666667, 1.0, 1.0, 1.0467939371333628, 1.0, 1.0, 2.0, 1.1, 1.320754716981132, 1.0726256983240223, 1.0438066465256797, 1.0, 1.177914110429448, 1.511111111111111, 1.3611111111111112, 2.0, 5.0, 1.0, 2.0, 1.0, 1.064516129032258, 1.0, 1.071917808219178, 2.0, 2.0, 1.1428571428571428, 2.0, 2.7142857142857144, 1.0, 3.0, 1.0, 1.0, 1.1216216216216217, 1.0, 1.0, 1.0, 1.00034566194262, 1.056910569105691, 2.0, 2.5, 1.0754716981132075, 1.5, 1.1875, 1.0, 1.0, 2.0, 1.0, 2.0, 1.0767303476354526, 1.1714285714285715, 1.0, 5.0, 1.0838323353293413, 1.1585244267198405, 1.0, 1.0, 1.2453688657783555, 1.1196850393700788, 1.2222222222222223, 1.1, 2.0, 1.0, 1.0541843971631206, 1.1290322580645162, 11.11111111111111, 1.0, 3.0, 2.0, 1.6875, 1.0, 1.492063492063492, 1.0, 1.0, 1.0256410256410255, 6.0, 1.5, 2.0, 1.0, 1.1151148120111027, 1.202127659574468, 1.0726897500573263, 1.0, 1.0, 3.0, 2.0, 2.0, 1.0, 1.0, 1.0, 2.0, 2.0, 3.0, 1.5, 1.0270935960591132, 1.5, 1.0760926669717152, 1.0, 1.0, 1.3478260869565217, 1.1758314125782021, 1.5, 1.0, 2.0, 1.0, 1.0, 1.3333333333333333, 1.0308544303797469, 3.0, 1.0, 1.0, 1.0, 1.0, 1.0, 1.492816091954023, 1.0, 1.0, 2.0, 1.0, 1.1563255439161966, 1.031490296594654, 1.0, 1.0, 1.0097087378640777, 1.037037037037037, 2.0, 1.433862433862434, 2.0, 2.0, 1.0, 1.0, 2.0, 2.125, 1.0, 1.0, 1.0583554376657824, 1.0694767798063962, 1.2727272727272727, 1.0, 1.3302752293577982, 1.0, 1.09375, 1.0, 2.0, 1.0, 1.0095200761606093, 2.272727272727273, 1.0, 3.0, 1.0166279969064191, 1.038354763296318, 1.0, 3.0, 2.0, 1.1615384615384616, 1.0, 1.06993006993007, 2.12, 1.1237097030331904, 1.6041666666666667, 1.0891108891108892, 1.0, 1.0359375, 2.0, 1.0, 2.0, 1.0, 1.0, 1.2, 2.0, 2.0, 1.5, 1.3333333333333333, 2.0, 1.0, 2.0, 2.102272727272727, 4.0, 1.0, 2.0, 1.1774104683195592, 1.4333333333333333, 1.0, 2.0, 1.0989637305699482, 1.5, 1.0, 1.6875, 2.0, 1.0, 2.0, 2.0, 1.1111111111111112, 1.0, 1.1612903225806452, 8.102272727272727, 2.0, 1.0, 2.1666666666666665, 1.3309859154929577, 1.0, 1.0352161785216178, 1.0, 1.0, 1.0, 2.0, 1.0333919156414764, 1.0, 1.0, 1.0, 1.0, 1.0, 1.0, 2.0, 1.0, 2.0, 1.0, 1.0, 1.0, 1.069781275738995, 3.0, 2.0, 1.0, 1.0, 1.0, 1.3076923076923077, 1.0, 1.0, 3.0, 1.0, 1.0, 2.0, 2.0, 2.0, 1.222841225626741, 1.014144951419645, 3.0, 1.1172413793103448, 1.5, 1.6, 1.0, 1.2752613240418118, 1.0, 1.0, 1.0203980099502488, 1.0, 1.0, 2.0, 1.3333333333333333, 3.0, 1.0, 1.0113564287655925, 1.1144193624681364, 1.2325581395348837, 1.125, 1.0, 1.9534883720930232, 1.0, 1.0, 1.0, 2.0, 1.0, 4.5, 2.0, 1.0, 1.0, 1.0, 1.091533774147543, 1.3083333333333333, 1.0, 1.0, 1.3571428571428572, 1.0677966101694916, 1.0, 2.0, 1.0417314670813893, 1.0555555555555556, 1.2, 1.0, 1.0, 1.0, 1.2, 1.5, 1.0, 1.2605012103089848, 1.0, 1.0, 1.2554816678648455, 2.0, 1.2117962466487935, 2.0, 1.0, 2.0, 1.005952380952381, 2.0, 1.5, 1.1175693527080581, 1.0, 1.0, 1.0584352984797925, 2.0, 2.0, 1.066941297631308, 1.5714285714285714, 1.0, 1.0, 1.6, 1.0819672131147542, 1.0, 1.172317262830482, 2.0, 2.0, 1.0, 1.0, 1.0, 1.0, 1.0, 2.0, 1.2666666666666666, 2.0, 1.2611311672683514, 1.0, 1.0997091592464987, 1.0, 1.0, 1.0, 1.0, 1.0, 1.5, 1.4285714285714286, 2.0, 1.0, 2.0, 1.5270758122743682]
origin-forest_39.80 	max: 23.0000	99th: 5.0000	95th: 3.0000	median: 1.0861	mean: 1.4858

...Done, result: results.csv

WORKLOAD-FINISHED | Type: QueryWorkload | Progress: 3/3 | Workload-time: 30.619638 | Model-update-time: 0.000000


Experiment Summary: #data-update-times=1, #drift=0 | total-time=65.272674