Input arguments = Namespace(data_update='sample', update_size=100000, dataset='forest', debug=False, drift_test='js', model_update='adapt', model='transformer', end2end=False, query_seed=0, random_seed=42, num_workload=3)
JSON-passed parameters = {'data_updater': {'skew_ratio': '1e-3'}, 'random_seed': 83, 'transformer': {'epochs': 0}}
MODEL-PATH=/home/kangping/code_copy/SAUCE/models/end2end/transformer/origin-forest-2.0MB-model58.950-data19.148-300epochs-seed0.pt
DATASET-PATH=/home/kangping/code_copy/SAUCE/data/forest/end2end/forest.npy
Workloads: ['QueryWorkload', 'DataUpdateWorkload', 'QueryWorkload']

WORKLOAD-START | Type: QueryWorkload | Progress: 1/3
Going to run: ['python', '/home/kangping/code_copy/SAUCE/Naru/eval_model.py', '--dataset=forest', '--model=transformer', '--query_seed=0', '--end2end', '--eval_type=first_estimate', '--num_workload=3', '--data_update=sample', '--model_update=adapt', '--random_seed=42']
Torch device: cuda:1
GET-MODEL-PATH=./models/end2end/transformer/origin-forest-2.0MB-model58.950-data19.148-300epochs-seed0.pt
ckpts [PosixPath('/home/kangping/code_copy/SAUCE/models/end2end/transformer/origin-forest-2.0MB-model58.950-data19.148-300epochs-seed0.pt')]
Validate Argument: DATASET="forest" is valid.
load_csv_dataset - forest (581012, 10)
Parsing... done, took 0.0s
Loading ckpt: /home/kangping/code_copy/SAUCE/models/end2end/transformer/origin-forest-2.0MB-model58.950-data19.148-300epochs-seed0.pt
query_seed:0
origin-forest_39.80 	max: 66.0000	99th: 6.0000	95th: 2.2508	median: 1.0077	mean: 1.4467
ReportEsts: [1.0, 1.301648028251913, 1.0, 1.4047619047619047, 1.3333333333333333, 1.0, 1.0260416666666667, 1.0, 2.063768115942029, 1.0, 1.098360655737705, 1.0, 1.0, 1.0, 2.0, 1.0728646903434107, 1.0, 1.1111111111111112, 3.533333333333333, 1.125, 1.0, 3.0, 1.0526315789473684, 1.6, 1.4, 1.0, 1.112481272329146, 1.1818181818181819, 3.0, 1.407707910750507, 1.0, 1.1102514506769825, 1.4, 1.0, 1.0344827586206897, 1.0588443814250266, 1.0366066240557814, 1.0, 1.0712694877505569, 1.0, 2.0, 1.0, 1.1176470588235294, 1.0, 1.1626016260162602, 1.0252100840336134, 1.0, 2.0, 1.0, 1.0, 3.0, 1.1373453318335207, 1.0, 1.0, 1.8, 1.0603015075376885, 1.074235807860262, 2.2666666666666666, 1.0, 1.0, 1.1226962457337883, 2.3, 1.0, 1.3981735159817352, 1.1401273885350318, 1.0, 1.3464788732394366, 1.086021505376344, 1.1967871485943775, 1.0, 2.0, 1.0, 1.2060301507537687, 1.2682952511319363, 1.75, 2.0, 1.0, 1.0, 1.0, 1.0, 1.0, 1.0, 1.0513210146689358, 3.5, 1.7333333333333334, 1.0, 1.0, 1.0, 1.0374738102364562, 1.0, 1.6, 1.3529411764705883, 1.0, 1.0014354066985647, 1.0, 1.0, 1.1001101321585902, 1.040339702760085, 1.0, 1.0, 2.0, 1.0, 1.0, 1.0, 1.193103448275862, 1.0, 1.0, 1.0, 1.0615942028985508, 1.0, 1.1126760563380282, 1.0, 1.0, 1.283810143042913, 1.280612244897959, 2.0, 1.0, 2.0, 1.0, 1.0, 1.0, 2.0, 3.0, 1.0, 1.2988072818581293, 1.0, 1.0, 1.1111111111111112, 1.0, 1.0, 1.0, 1.2094741416775314, 1.152950683063559, 1.0, 1.375, 1.0, 1.0, 2.0, 1.0388230486309766, 1.2222222222222223, 1.121769301088673, 1.0, 1.0, 1.6, 1.0, 1.0824504804997745, 1.0, 1.3666666666666667, 1.3333333333333333, 1.1538461538461537, 1.0294117647058822, 1.0, 1.0, 1.0, 1.0, 1.3333333333333333, 1.0, 1.0, 1.0, 2.3333333333333335, 1.7777777777777777, 1.0, 1.0115175097276266, 4.0, 1.020649104125191, 1.0, 2.0, 3.0, 1.1796116504854368, 1.0, 1.0, 1.0, 1.047244094488189, 1.2083333333333333, 1.0, 1.0, 1.209125475285171, 1.0, 1.3056179775280898, 1.0, 2.0776699029126213, 1.0, 1.0, 1.1123202796091827, 1.0, 1.080151981183282, 1.0, 1.0, 1.72, 1.0011441317578287, 1.0, 1.0258620689655173, 2.5555555555555554, 1.0, 1.0, 1.0, 1.0, 1.1805555555555556, 1.125, 1.334045584045584, 1.168035375868604, 1.0, 1.0, 1.0, 2.0, 3.0, 1.46875, 1.0, 1.0, 1.0, 1.0, 1.0303030303030303, 1.0, 1.6, 1.0, 1.0, 1.0, 1.0238095238095237, 1.0, 1.0, 1.0, 1.186836935166994, 1.0, 1.0, 2.090909090909091, 1.0, 1.05625, 1.0, 2.0672926447574334, 1.0, 1.0, 1.0, 1.2222222222222223, 1.0, 2.736842105263158, 1.0, 2.0, 1.0, 1.0729388074728716, 1.0310778914240755, 1.0, 2.0, 1.5, 1.0507383566830746, 1.1951219512195121, 1.375, 1.0, 1.0097087378640777, 3.3333333333333335, 1.1121575342465753, 1.0, 1.6666666666666667, 1.1454545454545455, 1.0, 1.0529411764705883, 1.2632530120481928, 1.2857142857142858, 2.0, 1.218508997429306, 1.035175879396985, 2.0, 1.0, 1.225303874823719, 1.25, 1.3333333333333333, 1.0, 1.1428571428571428, 1.0, 1.0, 1.0, 1.4473684210526316, 1.5, 1.0687593423019432, 2.0, 1.0, 1.117576436689611, 2.25, 1.0, 1.0869565217391304, 1.0, 1.0, 1.0, 1.2857142857142858, 1.0, 1.0, 1.0, 2.0, 1.0, 1.4054054054054055, 1.0, 1.1111111111111112, 1.0, 1.0, 1.0, 1.0, 1.2415402567094516, 1.3502824858757063, 1.008142116950407, 1.1760299625468165, 1.0, 1.3733870967741935, 1.0, 1.0, 3.0, 1.0, 1.2158273381294964, 1.0, 2.0, 1.0, 1.2272727272727273, 1.0, 1.0, 1.0833333333333333, 1.5, 1.0, 1.0, 1.0, 1.0, 1.0, 1.8, 1.0, 1.0, 1.3800791082344481, 1.5, 1.0, 1.096093340325118, 1.0, 1.0, 1.0, 1.0, 1.2053571428571428, 2.0, 3.0, 1.0, 1.0, 1.3209302325581396, 1.0, 1.0864197530864197, 1.201219512195122, 2.0, 1.2527049771579706, 1.3693693693693694, 1.0, 1.4583333333333333, 1.0, 1.1428571428571428, 3.1, 3.0, 1.0, 1.0, 1.0, 1.0, 1.0, 1.0603448275862069, 2.090909090909091, 1.5679012345679013, 6.0, 1.0, 1.0, 1.0, 1.1578947368421053, 1.2, 1.481818181818182, 1.0594167945625959, 1.1365130857919425, 1.4790609137055837, 1.045449927185288, 1.1886792452830188, 1.0, 1.2253521126760563, 1.0, 1.1733434114386496, 1.0111156186612575, 1.0, 1.0492445151931395, 1.0296979006656426, 1.0991444825639467, 1.0, 1.6666666666666667, 2.0, 1.019108280254777, 1.0, 1.0, 1.0609212481426449, 6.375, 1.0, 3.5416666666666665, 1.0, 1.1143491124260354, 1.0, 10.0, 1.1666666666666667, 1.0, 1.0, 4.25, 1.0, 1.020440251572327, 1.0, 1.0, 1.0, 1.0, 1.0297730087901265, 1.0, 2.0, 1.1043478260869566, 3.262435677530017, 1.2963671128107075, 1.2850293020777837, 1.1506276150627615, 1.0725608235671285, 1.182890855457227, 66.0, 1.0, 1.0, 1.1188501677226985, 1.103490157435204, 1.0, 1.0, 1.0, 1.0, 1.0, 1.0, 1.0, 1.0, 1.0, 1.111079464540017, 2.5, 1.2088661551577153, 1.0, 1.0, 1.0, 1.0719640179910046, 1.0581497390420767, 2.5, 1.2817764165390506, 2.3333333333333335, 1.0, 1.0, 1.0, 1.0448822736528147, 2.0, 1.0, 1.711031175059952, 1.0, 1.7272727272727273, 1.0, 1.0, 1.0, 1.0265074279056219, 1.0, 1.0, 3.0, 1.4285714285714286, 1.2345679012345678, 1.000738552437223, 1.75, 1.0, 1.0, 1.7142857142857142, 1.25, 2.0, 1.1186136071887034, 1.0, 1.4444444444444444, 1.0, 1.0, 1.0909090909090908, 1.0, 1.0, 1.4444444444444444, 1.0054853843377842, 1.0493474899963624, 2.864864864864865, 1.4137931034482758, 1.0, 1.0, 1.0, 1.0, 1.1287754879511505, 1.2972972972972974, 1.5, 1.0, 2.158671586715867, 1.0026737967914439, 1.0, 1.059443815276205, 1.0, 1.0, 1.0691782354382637, 2.5, 1.0072715253677078, 1.0, 1.0, 1.0, 1.0274322757457575, 1.6428571428571428, 2.0, 1.2, 1.0, 2.0, 1.0, 2.0961538461538463, 1.0, 1.0066225165562914, 1.0943572660062535, 2.0, 1.0, 1.0, 1.061919504643963, 2.0, 2.0, 1.271604938271605, 1.0, 1.051753717117804, 1.2047619047619047, 1.16, 1.0, 1.4, 1.0, 2.0, 1.032753672125612, 1.5, 4.0, 1.0511627906976744, 1.4, 1.0, 1.0259220135029623, 1.0, 1.5555555555555556, 1.0, 2.0, 1.0, 1.2340823970037453, 1.0, 1.0, 1.4285714285714286, 1.0464047330732713, 1.4144736842105263, 1.6506024096385543, 1.0476190476190477, 1.4109589041095891, 1.0, 1.5833333333333333, 1.062111801242236, 1.0, 1.0, 1.1282051282051282, 1.2925835370823147, 1.25, 2.0, 1.1428571428571428, 1.23, 1.0, 1.289655172413793, 1.0, 1.2462686567164178, 1.0, 1.5, 1.0338779629579116, 6.0, 1.0124333031309776, 2.0, 1.0, 3.0, 1.0625, 1.0, 2.0, 1.0800627943485086, 1.0, 1.0, 1.0, 1.0, 1.0, 1.1153846153846154, 2.0, 1.0759493670886076, 1.0, 1.0, 1.0, 1.0, 1.0, 1.0, 1.0, 1.0, 1.5, 1.0, 1.0, 2.0, 1.0533333333333332, 1.0, 2.0, 1.2366666666666666, 1.0, 1.0, 1.1428571428571428, 1.0485514037732773, 2.25, 1.0, 1.0, 1.0, 1.0, 1.0085989271063427, 1.0, 1.0, 1.0365384615384616, 1.3216432865731462, 1.2127659574468086, 2.0, 1.0, 1.0, 1.0, 1.0555555555555556, 1.0, 1.0, 1.0, 1.2702702702702702, 2.0, 1.0257173219978746, 1.0, 1.0, 1.0047599232728786, 1.0, 1.0, 1.0, 1.3548387096774193, 1.0848757142159495, 1.0, 2.0, 1.625, 1.0756646216768917, 1.0, 1.0, 1.5, 1.0, 1.0, 1.1277435502502888, 1.0, 2.0, 1.0640928589452434, 1.0, 1.0, 1.0716086737266768, 1.0, 1.0645814866404963, 1.0, 1.0, 1.1487603305785123, 1.058844256518675, 20.0, 1.5116279069767442, 1.0, 1.0, 2.0, 1.0247358121330723, 1.0, 1.0, 1.0, 1.0, 1.4285714285714286, 1.0, 1.0, 1.5, 1.0749607535321821, 1.0, 2.0, 1.0, 1.0, 1.0, 1.2, 1.1414141414141414, 1.0, 1.0, 1.0, 1.0, 1.0, 1.0, 1.1111111111111112, 1.0, 1.0, 1.0, 1.0, 1.0, 2.0, 1.032835112692764, 1.0342679127725856, 1.0, 2.0, 1.5, 1.0701438848920863, 1.0, 1.0, 1.0, 2.0, 1.0, 1.0012210012210012, 1.0337078651685394, 1.03125, 1.4705669916937523, 1.0, 23.0, 1.0, 1.24, 1.0, 1.2, 1.0, 1.0, 1.0, 1.0177923021060276, 1.125, 1.0, 4.0, 1.0962962962962963, 1.1766603626654801, 1.0, 1.0, 1.182608695652174, 1.0883164673413064, 1.1865671641791045, 1.1111111111111112, 1.0, 1.0, 1.0220265234318073, 2.0, 1.625, 1.0, 1.0, 1.5, 1.0281359906213365, 1.0, 1.0, 1.1333333333333333, 1.0, 1.0, 1.5, 1.2666666666666666, 1.0, 1.3183520599250935, 1.1165092217723798, 1.0, 1.0, 1.0, 3.0, 1.0, 1.0, 1.0, 1.0, 1.0, 2.0, 1.0, 2.0, 3.0, 1.0317919075144508, 1.0, 1.1725080194843769, 1.0, 2.0, 1.1666666666666667, 1.3171483622350675, 1.5, 1.0, 1.0, 1.0, 1.0, 1.5357142857142858, 1.5706051873198847, 3.0, 1.0, 1.0, 1.0, 1.0, 2.0, 1.0797546012269938, 1.0, 1.0, 1.0, 1.0, 1.1037735849056605, 1.015177065767285, 1.0, 1.0, 1.1149425287356323, 1.04, 2.0, 1.180722891566265, 1.0, 2.0, 1.0, 1.0, 1.0, 1.4545454545454546, 2.0, 1.0, 1.0638297872340425, 1.1154893480698382, 1.3333333333333333, 1.0, 1.0, 1.0, 1.0, 2.2, 1.0, 1.0, 1.641304347826087, 1.0, 1.0, 1.5, 1.5, 36.0, 1.0, 1.0344234079173837, 1.0, 1.0, 7.333333333333333, 1.0, 1.1481481481481481, 1.0743243243243243, 1.0, 1.0066225165562914, 1.0, 1.1136363636363635, 1.0, 1.0, 2.0, 1.2857142857142858, 1.0, 1.0, 1.0, 1.5, 1.0309278350515463, 1.0, 1.0, 1.0485609230379105, 1.107974849595151, 1.0, 1.0, 1.0, 1.0352069269151747, 1.0, 1.0106951871657754, 1.0, 1.0914581535806729, 2.0, 1.0, 1.2307692307692308, 1.25, 1.6666666666666667, 1.0739566825145272, 1.0, 1.40625, 1.0, 2.0, 1.0, 1.0, 1.0, 1.0, 2.0, 1.6666666666666667, 1.0, 1.0, 1.6666666666666667, 1.0, 1.6, 1.0, 4.0, 1.0, 1.3333333333333333, 1.0, 1.0, 1.0, 1.0, 1.0, 1.0, 1.0, 1.0, 1.014882917661401, 2.0, 1.0, 1.0, 1.0, 1.0, 1.1559633027522935, 2.0, 1.0, 1.2830578512396693, 1.0, 1.2360221937686726, 1.0, 1.453261600537996, 1.0, 1.2285714285714286, 10.0, 3.25, 1.0, 1.0, 1.0555555555555556, 1.0513698630136987, 1.0, 1.0, 1.0625379477838495, 1.0, 1.0, 1.0, 2.0, 1.0937024139762734, 1.0, 2.6, 1.0, 1.0784313725490196, 1.0, 1.0, 1.0, 1.0, 1.0, 1.0, 1.0, 1.0, 3.0, 2.0, 1.0, 1.0, 1.0, 1.0407835111825756, 1.0315585494140445, 1.0, 1.0, 1.3333333333333333, 1.0681818181818181, 1.0, 2.0, 1.1203999391727495, 1.125, 1.2318840579710144, 1.0, 1.0, 1.0, 1.2, 22.5, 1.0, 1.2780952380952382, 1.0, 1.0, 1.2477690288713912, 1.0, 3.0, 1.0, 1.0, 1.2, 1.03690036900369, 1.0, 1.5, 1.4074074074074074, 1.0475285930235874, 1.0, 1.5, 2.0, 1.0, 1.1212015773602413, 2.0, 1.75, 1.0, 1.0778688524590163, 1.0, 1.0835646006783841, 1.5, 1.0, 1.0, 1.0, 1.0, 1.0, 1.0, 2.0, 1.2142857142857142, 1.0, 1.073398215733982, 1.0, 1.0856966385059095, 1.0, 1.0, 1.0, 1.0, 1.0, 1.0422535211267605, 1.0572363964777602, 2.0, 1.0024252223120453, 1.0, 1.0934340202227057, 1.0740740740740742, 2.0, 1.1101694915254237, 1.2338709677419355, 1.0, 1.0, 1.0, 1.2114608555286521, 1.0, 1.0, 1.2792452830188679, 2.0, 1.0]
origin-forest_39.80 	max: 66.0000	99th: 6.0000	95th: 2.2508	median: 1.0077	mean: 1.4467

...Done, result: results.csv

WORKLOAD-FINISHED | Type: QueryWorkload | Progress: 1/3 | Workload-time: 30.135511 | Model-update-time: 0.000000


WORKLOAD-START | Type: DataUpdateWorkload | Progress: 2/3
Going to run: ['python', '/home/kangping/code_copy/SAUCE/Naru/eval_model.py', '--model=transformer', '--data_update=sample', '--dataset=forest', '--drift_test=js', '--end2end', '--update_size=100000', '--query_seed=0', '--eval_type=drift']
Torch device: cuda:1
GET-MODEL-PATH=./models/end2end/transformer/origin-forest-2.0MB-model58.950-data19.148-300epochs-seed0.pt
GET-DATASET-PATH=./data/forest/end2end/forest.npy
Sample - START
Sample - END
load_npy_dataset_from_path - df.shape = (681012, 10)
Parsing... done, took 0.1s
Data updated!
Previous data size: (581012, 10), new data size: (100000, 10)
[7.7486038e-07 1.1920929e-07 0.0000000e+00 2.3841858e-07 2.3841858e-07
 1.1920929e-07 2.9802322e-07 1.1920929e-06 0.0000000e+00 5.9604645e-08]
Distance score: 3.039836826701503e-07
SAUCE Drift detection: False
Detection latency: 0.0658s

WORKLOAD-FINISHED | Type: DataUpdateWorkload | Progress: 2/3 | Workload-time: 4.275246 | Model-update-time: 0.000000


WORKLOAD-START | Type: QueryWorkload | Progress: 3/3
Going to run: ['python', '/home/kangping/code_copy/SAUCE/Naru/eval_model.py', '--dataset=forest', '--model=transformer', '--end2end', '--query_seed=0', '--eval_type=estimate', '--num_workload=3', '--data_update=sample', '--model_update=adapt', '--random_seed=42']
Torch device: cuda:1
GET-MODEL-PATH=./models/end2end/transformer/origin-forest-2.0MB-model58.950-data19.148-300epochs-seed0.pt
ckpts [PosixPath('/home/kangping/code_copy/SAUCE/models/end2end/transformer/origin-forest-2.0MB-model58.950-data19.148-300epochs-seed0.pt')]
Validate Argument: DATASET="forest" is valid.
data size: 681012, total size: 681012, split index: [567510 681012]
Parsing... done, took 0.1s
Loading ckpt: /home/kangping/code_copy/SAUCE/models/end2end/transformer/origin-forest-2.0MB-model58.950-data19.148-300epochs-seed0.pt
query_seed:0
origin-forest_39.80 	max: 92.0000	99th: 5.5183	95th: 3.0000	median: 1.0993	mean: 1.6244
ReportEsts: [1.0, 1.0864325784334095, 1.0, 1.4339622641509433, 1.4285714285714286, 2.0, 1.3318681318681318, 2.0, 1.2145015105740182, 1.0, 1.1549295774647887, 3.0, 1.0, 2.0, 1.103896103896104, 1.2738095238095237, 9.0, 2.0, 3.875, 1.144578313253012, 1.0, 2.5, 1.0, 1.0, 1.004264392324094, 1.0, 1.0051177072671442, 1.3333333333333333, 1.0, 2.0, 1.0, 1.0, 1.0, 1.0, 2.0, 2.0, 1.0, 2.0, 1.0, 2.0, 2.0, 1.0, 1.4285714285714286, 1.0, 1.0, 1.10546875, 1.0, 1.0, 2.0, 1.0, 4.0, 1.1444236939137098, 1.0, 1.0, 4.75, 1.0598290598290598, 15.0, 2.2941176470588234, 1.0, 2.0, 1.0666568785787696, 13.0, 2.0, 2.0, 1.0, 5.32, 1.0573794911517607, 1.25, 3.0, 2.0, 2.0, 1.1785714285714286, 1.0942082654421568, 2.1214574898785425, 1.0, 1.351063829787234, 2.0, 2.0, 1.0, 2.0, 4.0, 1.0, 1.0, 1.0682611823749275, 4.0, 2.125, 1.0, 1.0, 1.0, 1.1017579617834394, 1.0, 2.0, 2.0, 1.1291515591007977, 1.0612244897959184, 2.6538461538461537, 1.2083333333333333, 1.0, 1.0, 2.0, 1.5, 1.0, 1.1883701108059475, 2.0, 2.0, 1.0, 1.0, 1.0, 1.2219850586979724, 2.3333333333333335, 1.0, 1.1590909090909092, 1.0, 1.0, 1.0, 1.0, 2.0, 1.0, 1.0, 1.0, 1.0, 1.0787518573551262, 1.0, 1.0, 1.0, 3.0, 1.0, 1.2416216216216216, 1.1428571428571428, 1.0, 3.0, 2.0, 1.0, 1.0, 1.316895715440582, 1.1088975775253935, 1.0, 1.625, 1.0, 2.0, 2.0, 1.0557122708039492, 1.2535211267605635, 1.0822273616794165, 2.0, 1.0, 1.4, 2.0, 1.0375362699659523, 1.0, 1.3823529411764706, 1.71875, 1.0588235294117647, 1.25, 2.0, 1.0, 1.0, 1.0, 1.0, 1.0, 2.0, 1.0, 1.4, 1.6818181818181819, 2.0, 1.2769707850497796, 4.0, 1.0099407453609854, 2.0, 1.6666666666666667, 2.0, 1.0164158686730507, 1.0, 1.0, 2.5, 1.0, 1.0902001938535313, 1.0707383069192113, 2.0, 1.0989771911968365, 1.1566265060240963, 1.1583880037488286, 1.0, 1.0, 3.0, 1.0, 1.0, 4.0, 1.0, 1.0936869861951295, 1.0, 1.0, 3.0, 1.038902692216058, 1.0, 1.0545454545454545, 1.0963081507643067, 2.0, 1.0336134453781514, 1.203152364273205, 1.0102581072137657, 2.0, 1.0, 2.0, 1.0, 1.105263157894737, 1.0, 1.0, 1.0, 2.0, 1.2086092715231789, 2.6666666666666665, 1.0666666666666667, 1.037037037037037, 2.0, 2.0, 1.0483870967741935, 1.0, 1.0, 1.0, 1.0, 2.0, 2.0, 1.0, 1.2, 1.1666666666666667, 1.0, 1.0, 1.118908578332662, 1.2251891891891893, 1.103448275862069, 1.0, 1.0248913830557567, 1.0, 1.2352941176470589, 1.0, 1.0, 1.1, 1.5, 1.1147540983606556, 1.0, 2.0, 1.0, 1.2386587771203157, 1.1550422034651266, 1.0, 4.0, 2.25, 1.0, 2.0, 1.2153846153846153, 1.0, 1.0297619047619047, 3.3333333333333335, 1.078125, 2.0, 1.25, 1.1105527638190955, 1.0, 2.4216867469879517, 1.2587843036676072, 2.0, 1.6666666666666667, 1.3284671532846715, 1.0250521920668059, 2.0, 1.0, 1.2205656404711773, 2.5, 1.3333333333333333, 1.0, 1.125, 1.0, 1.0, 1.0, 1.0232558139534884, 2.0, 1.1088493073225898, 1.6214099216710183, 1.0, 1.1809744779582367, 2.0, 1.0, 1.130779392338177, 1.0, 1.0, 1.5, 1.1504237288135593, 1.066326530612245, 1.0036265289814985, 1.0, 1.1111111111111112, 1.0, 2.1052631578947367, 1.364717542120912, 2.0, 1.2532467532467533, 2.0, 1.4824561403508771, 1.0, 1.0, 1.75, 1.0, 1.0, 1.0, 1.1456953642384107, 1.0, 5.0, 2.0, 1.0, 1.0833333333333333, 1.0, 1.0, 1.0, 2.0, 1.3404255319148937, 1.0, 1.0, 1.1428571428571428, 2.5, 1.0, 1.0, 1.0, 1.0, 1.0, 3.6, 1.0, 1.0, 1.296097934200459, 1.0, 1.0, 1.0464941882264718, 2.0, 2.0, 1.0, 1.0, 1.3789013732833957, 2.0, 3.0, 4.0, 1.0, 2.098360655737705, 1.0833333333333333, 1.0319148936170213, 1.9312169312169312, 2.0, 1.0625980819529206, 1.213740458015267, 1.0, 1.9047619047619047, 1.0, 1.125, 12.0, 2.0, 1.0, 1.0, 1.0, 1.0, 1.0, 1.4042553191489362, 3.6666666666666665, 1.4893617021276595, 10.0, 1.0, 3.0, 1.3962264150943395, 1.0148514851485149, 1.0839990592590907, 3.0, 1.1882546652030734, 1.163265306122449, 1.012290637426196, 2.375, 1.1746031746031746, 2.0, 1.498507462686567, 1.0, 1.313953488372093, 1.0324486556985497, 1.0, 1.02454767935195, 1.0621367251149103, 1.0934090403028278, 2.0, 1.25, 1.0, 1.0437158469945356, 5.0, 2.0, 1.5, 1.2191069574247144, 2.0, 1.0635294117647058, 1.0, 1.0, 1.1428571428571428, 1.1666666666666667, 1.75, 1.0, 1.0, 5.5, 1.0, 1.0073431241655542, 1.0, 1.0, 1.0, 1.0, 1.0084699249058204, 1.0, 2.0, 1.2424444815495075, 1.0, 2.0, 1.0, 1.0, 1.0209295635512954, 1.2903225806451613, 1.2911392405063291, 1.0, 1.0, 1.1276794591370054, 1.0930564797056637, 1.0, 1.0769230769230769, 2.5, 3.0, 1.0, 1.1574074074074074, 1.1847954688483322, 3.0, 1.4356796116504855, 92.0, 1.0, 1.0, 1.019704433497537, 1.15625, 3.0, 1.0, 1.0052724077328647, 1.0921978111506396, 1.6666666666666667, 1.2745358090185677, 1.85, 1.0, 1.0, 1.0, 1.0026769360822805, 2.0, 2.0, 1.189788550799381, 2.0, 1.0, 1.0945945945945945, 1.0, 1.0, 1.0671140939597314, 1.3333333333333333, 1.2, 1.2208835341365463, 1.0580747812251392, 1.0, 2.0, 2.0, 1.0, 1.0, 1.0612541713510717, 1.0, 1.0, 1.2256020278833968, 1.27831715210356, 2.0, 1.0, 1.0, 1.0, 1.0723684210526316, 2.0, 2.4944485566247225, 1.1045033312944363, 1.3333333333333333, 3.0, 1.2079395085066162, 1.0, 1.0, 1.0, 1.5714285714285714, 1.0, 1.0, 1.0, 1.3333333333333333, 1.6666666666666667, 1.1819568277803847, 1.0, 7.333333333333333, 1.0, 1.2179487179487178, 2.0, 1.0, 2.0, 1.0, 1.0, 1.0056578484795218, 1.8, 2.0, 1.21875, 1.0, 2.0, 3.0, 1.0169491525423728, 1.0, 1.0486486486486486, 1.098938746071815, 3.0, 1.0, 1.0, 1.0226415094339623, 2.0, 23.0, 1.2210526315789474, 2.0, 1.0360262358022716, 2.3293650793650795, 1.1, 1.0, 2.0, 1.0, 1.0, 1.0, 2.0, 1.15947242206235, 1.3043478260869565, 1.3333333333333333, 2.0, 1.0, 1.1084630350194553, 1.0, 3.0, 1.2, 2.0, 1.3158313444709626, 2.0, 1.0, 1.1776649746192893, 2.0, 1.040180152826274, 1.0, 1.0, 1.0296677215189873, 2.0, 1.0, 1.0833333333333333, 2.0, 2.0, 1.1827956989247312, 1.5815554026152787, 1.5, 2.0, 1.125, 1.1818181818181819, 2.0, 1.229050279329609, 1.0, 1.1099476439790577, 2.0, 1.7142857142857142, 1.1303501945525292, 1.1666666666666667, 1.027966430773376, 1.6333333333333333, 1.0, 5.0, 3.7777777777777777, 2.0, 1.1587301587301588, 1.25, 1.216923076923077, 1.0520039748261014, 1.0, 2.0, 1.0, 1.154786150712831, 1.1666666666666667, 1.3978055626435315, 1.1308038808038807, 3.0, 3.0, 1.5, 2.0, 1.0, 2.0, 1.0, 1.0, 2.0, 1.0, 1.0, 2.0, 2.401098901098901, 1.0509673082190076, 1.5656565656565657, 1.0, 1.0, 1.2777777777777777, 1.0, 2.0, 2.0, 1.0, 1.0, 1.0, 1.0, 1.0062629780963226, 1.0, 2.0, 1.0303550973654065, 2.0, 1.0, 2.0, 2.0, 1.5, 1.0, 1.0, 1.0, 2.0, 2.4, 2.036144578313253, 1.2044515103338633, 1.5, 3.0, 2.0, 1.0141667959257537, 1.0, 1.0, 1.0, 1.1363636363636365, 1.058979316619819, 1.0, 1.5, 2.0, 1.0733082706766917, 1.0, 1.0, 1.3333333333333333, 1.0, 2.0, 1.1003923188106546, 1.0, 2.0, 1.0189543845032285, 1.0, 1.0, 1.1791607732201792, 1.0, 1.1072747014115092, 1.0, 1.0, 2.0, 1.096728307254623, 1.0, 1.0, 1.0, 1.5714285714285714, 1.0, 1.0823245525839533, 1.0710008291619322, 1.0, 2.0, 3.5, 1.0, 1.8333333333333333, 4.833333333333333, 1.0, 1.0, 1.0926302242091717, 1.0, 1.0, 1.0242424242424242, 1.3085106382978724, 1.2818181818181817, 1.1545454545454545, 1.0200573065902578, 1.0, 1.2050473186119874, 1.697674418604651, 2.9615384615384617, 2.0, 4.0, 1.0, 2.0, 1.0, 1.0101010101010102, 1.0, 1.0072765072765073, 1.0, 2.0, 1.75, 2.0, 3.0, 1.0, 2.0, 1.0, 3.0, 1.2083333333333333, 2.0, 1.0, 1.0, 1.078125, 1.017391304347826, 2.0, 1.2857142857142858, 1.7586206896551724, 1.0, 1.25, 1.0, 1.0, 2.0, 2.0, 2.0, 1.0579306071871128, 1.829268292682927, 1.0, 2.5, 1.130718954248366, 1.1726074334935517, 1.0, 1.0, 1.2979082321187585, 1.1526125193998966, 1.2758620689655173, 1.1111111111111112, 2.0, 1.0, 1.2144072603516733, 1.095521204914784, 2.1549295774647885, 1.0, 1.0, 2.0, 1.2110552763819096, 2.0, 1.28125, 2.0, 1.0, 1.075, 3.0, 5.0, 2.0, 1.0, 1.0924114158260252, 1.1925133689839573, 1.235159817351598, 1.0, 1.0, 3.0, 2.0, 1.0, 1.0, 1.0, 1.0, 1.0, 1.0, 2.0, 2.0, 1.002409638554217, 2.0, 1.076565615600392, 1.0, 1.0, 1.434782608695652, 1.3618246235606732, 2.0, 1.5, 1.0, 2.0, 2.0, 1.84375, 1.0405629139072847, 3.0, 2.0, 1.0, 1.0, 2.0, 1.0, 9.0, 1.0, 2.0, 2.0, 1.0, 1.2011173184357542, 1.0651355421686748, 1.0, 1.0, 1.009478672985782, 1.0714285714285714, 3.0, 1.131578947368421, 1.0, 1.0, 1.0, 1.0, 1.0, 1.2142857142857142, 2.0, 1.0, 1.1272727272727272, 1.249885303563236, 1.1818181818181819, 1.0, 1.2307692307692308, 1.0, 1.0689655172413792, 2.0, 1.5, 2.0, 1.0104721903075735, 1.0526315789473684, 2.0, 1.0, 1.0263779527559056, 1.057094403617863, 1.0, 4.0, 2.0, 1.0951134380453753, 1.0, 1.0732715993886541, 1.2093023255813953, 1.057315233785822, 2.0495049504950495, 1.04011642622121, 1.0, 1.0230061349693251, 2.6666666666666665, 1.0, 1.0, 1.0, 1.5, 1.3529411764705883, 2.0, 2.0, 1.5, 2.0, 1.0, 2.0, 1.0, 2.1931818181818183, 4.0, 2.0, 3.0, 1.1754484304932735, 1.6181818181818182, 1.0, 1.0, 1.1338868707836014, 1.3111111111111111, 1.0, 1.588235294117647, 1.0, 1.0, 1.0, 1.0, 1.1111111111111112, 1.0, 1.2765957446808511, 2.148367952522255, 2.0, 1.0, 1.5384615384615385, 1.0997150997150997, 1.0, 1.0817941952506596, 1.0, 1.0, 1.0, 2.0, 1.0088183421516754, 1.0, 1.0, 2.0, 1.0, 1.0, 2.0, 1.0, 1.0, 1.0, 1.0, 1.0, 1.0, 1.0115958272264851, 4.0, 1.0, 1.0, 1.0, 1.0, 1.2857142857142858, 1.0, 1.0, 3.0, 1.0, 1.0, 1.0, 3.0, 1.0, 1.1756756756756757, 1.0359187982694713, 2.0, 1.0020576131687242, 1.5, 1.3333333333333333, 1.0, 1.5075588599752168, 1.0, 1.0, 1.0192402565367538, 1.0, 1.0, 3.0, 1.046692607003891, 2.0, 1.0, 1.0121283681501665, 1.1204577287983297, 1.1734104046242775, 3.0, 2.0, 1.3333333333333333, 1.0, 1.0, 1.0, 2.0, 1.0, 3.5, 2.0, 1.0, 1.0, 1.0, 1.064078162669712, 1.5714285714285714, 1.0, 1.0, 1.1428571428571428, 1.0606796116504855, 1.0, 2.0, 1.0624368625150715, 1.375, 1.2352941176470589, 1.0, 1.0, 3.0, 1.6, 1.7058823529411764, 1.0, 1.2758322213005373, 1.0, 1.0, 1.2561184864083808, 10.0, 1.047486033519553, 1.1695402298850575, 1.3333333333333333, 2.0, 1.0158730158730158, 2.0, 1.5, 1.0863026376677465, 1.0, 1.0, 1.0026981615708206, 1.0, 3.0, 1.0728952772073923, 1.0, 2.0, 1.0, 2.0, 1.1514285714285715, 2.0, 1.4748145255759468, 1.5, 1.0, 1.0, 1.0, 1.0, 1.0, 1.0, 2.0, 1.1875, 2.0, 1.033150949468941, 1.3333333333333333, 1.0815556548949485, 1.0, 2.0, 2.0, 1.0, 2.0, 1.5, 1.1764705882352942, 1.0, 1.0, 3.0, 1.3298245614035087]
origin-forest_39.80 	max: 92.0000	99th: 5.5183	95th: 3.0000	median: 1.0993	mean: 1.6244

...Done, result: results.csv

WORKLOAD-FINISHED | Type: QueryWorkload | Progress: 3/3 | Workload-time: 30.643439 | Model-update-time: 0.000000


Experiment Summary: #data-update-times=1, #drift=0 | total-time=65.107830