Input arguments = Namespace(data_update='valueskew', update_size=100000, dataset='forest', debug=False, drift_test='js', model_update='adapt', model='transformer', end2end=False, query_seed=0, random_seed=42, num_workload=3)
JSON-passed parameters = {'data_updater': {'skew_ratio': '1e-3'}, 'random_seed': 93, 'transformer': {'epochs': 0}}
MODEL-PATH=/home/kangping/code_copy/SAUCE/models/end2end/transformer/origin-forest-2.0MB-model58.950-data19.148-300epochs-seed0.pt
DATASET-PATH=/home/kangping/code_copy/SAUCE/data/forest/end2end/forest.npy
Workloads: ['QueryWorkload', 'DataUpdateWorkload', 'QueryWorkload']

WORKLOAD-START | Type: QueryWorkload | Progress: 1/3
Going to run: ['python', '/home/kangping/code_copy/SAUCE/Naru/eval_model.py', '--dataset=forest', '--model=transformer', '--query_seed=0', '--end2end', '--eval_type=first_estimate', '--num_workload=3', '--data_update=valueskew', '--model_update=adapt', '--random_seed=42']
Torch device: cuda:1
GET-MODEL-PATH=./models/end2end/transformer/origin-forest-2.0MB-model58.950-data19.148-300epochs-seed0.pt
ckpts [PosixPath('/home/kangping/code_copy/SAUCE/models/end2end/transformer/origin-forest-2.0MB-model58.950-data19.148-300epochs-seed0.pt')]
Validate Argument: DATASET="forest" is valid.
load_csv_dataset - forest (581012, 10)
Parsing... done, took 0.0s
Loading ckpt: /home/kangping/code_copy/SAUCE/models/end2end/transformer/origin-forest-2.0MB-model58.950-data19.148-300epochs-seed0.pt
query_seed:0
origin-forest_39.80 	max: 46.0000	99th: 6.1167	95th: 2.4296	median: 1.0048	mean: 1.4695
ReportEsts: [10.0, 1.2997355274757567, 1.0, 1.3111111111111111, 1.3333333333333333, 1.0, 1.0520547945205478, 1.0, 1.1311475409836065, 1.0, 1.1166666666666667, 1.0, 1.0, 1.0, 2.0, 1.0452964484884062, 1.0, 1.1111111111111112, 2.0384615384615383, 1.125, 1.0, 3.0, 1.05, 1.4, 1.4, 1.0, 1.0882444125024662, 1.4444444444444444, 3.0, 1.0403458213256485, 1.0, 1.1134751773049645, 1.2142857142857142, 1.0, 1.1120689655172413, 1.056126669029895, 1.0519559902200488, 1.0, 1.1121387283236994, 1.0, 2.0, 1.0, 1.2142857142857142, 1.0, 1.268041237113402, 1.0844444444444445, 1.0, 1.5, 1.0, 1.0, 3.0, 1.1648762654668166, 1.0, 1.0, 3.0, 1.0603015075376885, 1.3011363636363635, 1.619047619047619, 1.0, 1.0, 1.0822525597269625, 10.0, 1.0, 1.4840182648401827, 1.197452229299363, 1.0, 1.0863636363636364, 1.063157894736842, 1.2248995983935742, 1.0, 2.0, 1.0, 1.1594202898550725, 1.3946509424028641, 1.3333333333333333, 2.0, 1.0, 1.0, 1.0, 1.0, 1.0, 1.0, 1.0683123674620658, 2.3333333333333335, 1.7307692307692308, 1.0, 1.0, 1.3333333333333333, 1.1773720442981144, 1.0, 1.6, 1.2777777777777777, 1.0, 1.2374581939799332, 1.0, 1.0, 1.0115301063889044, 1.393491124260355, 1.0, 1.0, 2.0, 1.0, 1.0, 1.0, 1.1379310344827587, 1.0, 1.0, 1.0, 1.1123188405797102, 1.0, 1.1056338028169015, 1.0, 1.0, 1.0638136237022031, 1.280612244897959, 2.0, 1.0, 2.0, 1.0, 1.0, 1.0, 1.0, 3.0, 1.0, 1.4223214285714285, 1.1428571428571428, 1.0, 1.0, 1.0, 1.0, 1.0, 1.1454246124296885, 1.2087149891459734, 1.0, 1.375, 1.0, 1.0, 2.0, 1.0208418471597875, 1.1587301587301588, 1.1051275658605502, 1.0, 1.0, 1.2, 1.0, 1.0698728601732128, 1.0, 1.2666666666666666, 1.5, 1.0, 1.0294117647058822, 1.0, 1.0, 1.0, 1.0, 2.0, 1.0, 1.0, 1.0, 2.3333333333333335, 1.7777777777777777, 1.0, 1.0174188440221694, 4.0, 1.0092940206940757, 1.0, 1.3333333333333333, 5.0, 1.2119741100323624, 1.0, 1.0, 1.0, 1.047244094488189, 1.0357142857142858, 1.0, 1.0, 1.2927756653992395, 1.0, 1.1539325842696628, 1.0, 1.6962616822429906, 5.0, 1.0, 1.1362618158709985, 1.0, 1.0780065005417119, 1.0, 1.0, 1.4333333333333333, 1.0638658724725931, 1.0, 1.072072072072072, 1.6428571428571428, 1.0, 1.0, 1.0, 1.0, 1.2083333333333333, 1.1428571428571428, 1.3239088178123344, 1.1345546430827542, 1.3333333333333333, 1.0, 1.0, 2.0, 3.0, 1.146341463414634, 1.0, 1.0, 1.0, 1.0, 1.1333333333333333, 1.0, 1.3333333333333333, 1.0, 1.0, 1.0, 1.0465116279069768, 1.0, 2.0, 1.0, 1.14521327014218, 1.0, 1.0, 1.065217391304348, 1.0, 1.3125, 1.0, 2.3666666666666667, 1.0, 1.0, 1.0, 1.2222222222222223, 2.0, 4.711538461538462, 1.0, 1.0, 1.0, 1.0607501737976364, 1.0244181610072491, 1.0, 4.0, 1.5, 1.0488451344187808, 1.1666666666666667, 1.5, 1.0, 1.0041379310344827, 1.0, 1.4101027397260273, 1.0, 1.6666666666666667, 1.1183431952662721, 1.0, 2.65625, 1.099056603773585, 2.9285714285714284, 2.0, 1.2506596306068603, 1.07012987012987, 2.0, 1.0, 1.103077202103863, 1.25, 2.0, 1.0, 1.1428571428571428, 1.0, 1.0, 1.0, 1.105263157894737, 1.5, 1.1509715994020926, 2.0, 1.0, 1.0536257403553706, 1.2857142857142858, 1.0, 1.0416666666666667, 1.0, 1.0, 1.0, 1.1111111111111112, 1.0, 1.0, 1.0, 2.0, 1.0, 1.6, 1.0, 1.1111111111111112, 1.0, 1.0, 1.0, 1.0, 1.2123687281213535, 1.0662650602409638, 1.15099925980755, 1.0786516853932584, 1.0, 1.4108870967741935, 1.0, 1.0, 3.0, 1.0, 1.1818181818181819, 1.0, 2.0, 1.0, 1.3170731707317074, 1.0, 1.0, 1.0, 1.5, 1.0, 1.0, 1.0, 1.0, 1.0, 1.5, 1.0, 1.0, 1.3097806544408486, 1.5, 1.0, 1.0747477344302334, 1.0, 1.0, 1.0, 1.0, 1.4594594594594594, 1.0, 3.0, 1.0, 1.3333333333333333, 1.4052287581699345, 1.0, 1.1282051282051282, 1.4024390243902438, 1.0, 1.0619649408887077, 1.1531531531531531, 1.0, 1.4, 1.5, 1.0, 1.1111111111111112, 1.5, 1.0, 1.0, 1.0, 1.0, 1.0, 1.2083333333333333, 11.0, 1.5925925925925926, 6.666666666666667, 1.0, 1.0, 1.0, 1.003968253968254, 1.2, 1.1458333333333333, 1.0724621793466345, 1.1428696681425627, 1.4882614213197969, 1.0304092396021096, 1.2226415094339622, 1.0, 2.4482758620689653, 1.0, 1.4031242126480221, 1.0394443552845094, 1.0, 1.032595100627898, 1.0496387324344314, 1.0676597038259434, 1.0, 1.6666666666666667, 1.0, 1.0126582278481013, 1.0, 1.0, 1.0672645739910314, 2.8333333333333335, 1.0, 1.8888888888888888, 1.0, 1.157676348547718, 1.0, 3.3333333333333335, 1.0769230769230769, 1.0, 1.0, 4.25, 1.0, 1.0141509433962264, 1.0, 1.0, 1.0, 1.0, 1.0393745857685124, 1.0, 2.0, 1.1043478260869566, 1.4709976798143851, 1.2486187845303867, 1.0250743731406715, 1.0912698412698412, 1.0872012253766965, 1.1710914454277286, 2.5384615384615383, 1.0, 1.0, 1.1228568766306373, 1.1030547471182712, 1.0, 1.0909090909090908, 1.0, 1.0, 1.0, 1.0, 1.0, 1.0, 1.0, 1.1216216216216217, 2.5, 1.1074168797953965, 1.0, 1.0, 1.0, 1.1657342657342658, 1.057433420004, 2.5, 1.2756508422664625, 3.5, 1.0, 1.0, 1.0, 1.0356809573475325, 1.5, 1.0, 1.3441247002398082, 1.0, 1.9, 1.0, 1.0, 1.0, 1.0489804835420915, 1.0, 1.0, 2.0, 1.3333333333333333, 1.1627906976744187, 1.0257575757575759, 1.6666666666666667, 1.0, 1.0, 2.0408163265306123, 1.25, 2.0, 1.0439024390243903, 1.0, 1.4444444444444444, 1.0, 1.0, 1.0909090909090908, 1.0, 1.0, 6.111111111111111, 1.0135332845647402, 1.0615223717715534, 2.1059602649006623, 1.64, 1.0, 1.0, 1.25, 1.0, 1.0990077417947879, 1.5483870967741935, 1.3333333333333333, 1.0, 2.2583025830258303, 1.0508021390374331, 1.0, 1.1085159047819675, 2.6, 2.0, 1.0659926059301719, 2.5, 1.0078753076292042, 1.0, 1.0, 1.0, 1.0425841990560614, 1.7857142857142858, 2.0, 1.2, 1.0, 2.0, 1.0, 1.1923076923076923, 1.0, 1.1721854304635762, 1.0160720025715204, 2.0, 1.0, 1.0, 1.0505359877488514, 2.0, 20.0, 1.2261904761904763, 1.0, 1.021570079614886, 1.6047619047619048, 1.12, 1.0, 2.4, 1.0, 2.0, 1.0488801700179826, 1.5, 4.0, 1.0560747663551402, 1.25, 1.0, 1.0249899049227267, 1.0, 1.5555555555555556, 1.0, 2.0, 1.0, 1.200374531835206, 1.0, 1.0, 1.4285714285714286, 1.0335599912261462, 1.1776315789473684, 1.2048192771084338, 1.0476190476190477, 1.4246575342465753, 2.0, 1.8095238095238095, 1.062111801242236, 1.0, 1.0, 1.0769230769230769, 1.1841890790546048, 2.5, 2.0, 1.1428571428571428, 1.1826923076923077, 1.0, 1.1761006289308176, 1.0, 1.1691542288557213, 1.0, 1.7142857142857142, 1.0647807399499958, 6.0, 1.0002485954357878, 2.0, 1.0, 3.0, 1.0, 1.0, 2.0, 1.054945054945055, 1.0, 1.0, 1.0, 1.0, 1.0, 1.1153846153846154, 2.0, 28.333333333333332, 1.0, 1.0, 2.0, 1.0, 1.0, 1.0, 1.0, 1.0, 1.0, 1.0, 1.0, 2.0, 1.1266666666666667, 1.22, 2.0, 1.215, 1.0, 1.0, 1.1666666666666667, 1.0374623530554745, 2.4285714285714284, 1.0, 1.0, 1.0, 1.0, 1.0060591753226313, 1.0, 1.0, 1.065743944636678, 1.0326004548900682, 1.127659574468085, 2.0, 1.0, 1.0, 1.0, 1.1111111111111112, 2.0, 1.0, 1.0, 1.0818330605564648, 1.0, 1.0397449521785336, 1.0, 1.0, 1.0217777777777777, 1.0, 1.0, 1.0, 1.5, 1.1095295175307163, 1.0, 2.0, 1.8571428571428572, 1.134570765661253, 1.0, 1.0, 1.5, 1.0, 1.0, 1.0832691567192916, 1.0, 2.0, 1.081836839404823, 1.0, 1.0, 1.1270220100769026, 1.0, 1.1033303786247943, 1.0, 1.0, 1.0168067226890756, 1.002000666888963, 9.4, 1.4444444444444444, 1.0, 1.0, 1.3333333333333333, 1.0054235734474066, 1.0, 1.0, 1.0, 1.0, 1.4, 1.0, 1.0, 1.5, 1.1518987341772151, 1.0, 2.0, 1.0, 1.0, 1.0, 1.2, 1.1472081218274113, 1.0, 1.0, 1.0, 1.0, 1.0, 1.0, 1.4285714285714286, 1.0, 1.0, 1.0, 1.0, 1.0, 2.0, 1.0114219897298076, 1.6234939759036144, 1.0, 2.0, 1.5, 1.118705035971223, 1.0, 1.0, 1.0, 2.0, 1.0, 1.0067155067155067, 1.0543478260869565, 1.303030303030303, 1.4758970641536788, 1.0, 46.0, 1.0, 1.2, 1.0, 1.0, 1.0, 1.0, 1.0, 1.047945205479452, 1.25, 1.0, 4.0, 1.0962962962962963, 1.1654800311491824, 1.0, 1.0, 1.3651191969887078, 1.1149954001839926, 1.171641791044776, 1.0, 1.0, 1.0, 1.1375404860361369, 2.0, 1.1428571428571428, 1.0, 1.0, 1.3333333333333333, 1.1324736225087926, 1.0, 1.0, 1.0, 1.0, 1.0, 1.5, 1.2666666666666666, 1.0, 1.082040306759408, 1.0593256508749467, 1.0, 1.0, 1.0, 3.0, 1.0, 1.0, 1.0, 1.0, 1.0, 2.0, 1.0, 2.0, 3.0, 1.002808988764045, 1.0, 1.022058532335353, 1.0, 1.0, 1.5, 1.0146435452793834, 1.5, 1.0, 1.0, 1.0, 1.0, 1.1071428571428572, 1.8505942275042444, 3.0, 1.0, 1.0, 1.0, 1.0, 3.0, 1.153301886792453, 1.0, 1.0, 1.0, 1.0, 1.1830188679245284, 1.0160337552742615, 1.0, 1.0, 1.1091954022988506, 1.0, 2.0, 1.2349397590361446, 1.0, 1.0, 1.0, 1.0, 1.0, 1.6, 2.0, 1.0, 1.1063829787234043, 1.2142981691368788, 1.3333333333333333, 1.0, 1.0, 1.0, 1.0, 2.0, 1.0, 1.0, 1.1432119205298013, 1.0, 1.0, 1.5151515151515151, 2.0, 36.0, 1.0, 1.7160068846815835, 1.0, 1.0, 3.0, 1.0, 1.1481481481481481, 1.1418918918918919, 1.0, 1.0394736842105263, 1.0, 1.1363636363636365, 1.0, 1.0, 1.5, 1.1666666666666667, 1.0, 1.0, 1.0, 1.5, 1.0, 1.0, 1.0, 1.0498288322556104, 1.0676708734789886, 1.0, 1.0, 1.0, 1.0670384502494863, 1.0, 2.336898395721925, 1.0, 1.1056945642795513, 2.0, 1.0, 1.3076923076923077, 1.5, 1.6666666666666667, 1.0739566825145272, 1.0, 1.1333333333333333, 1.0, 1.5, 1.0, 1.0, 1.0, 1.0, 2.0, 2.5, 1.0, 1.0, 1.3333333333333333, 1.0, 1.125, 1.0, 1.25, 1.0, 1.3333333333333333, 1.0, 1.0, 1.0, 1.0, 1.0, 1.0, 1.0, 1.0, 1.061918681902737, 2.0, 1.0, 1.0, 1.0, 1.0, 1.0956521739130434, 2.0, 1.0, 1.660427807486631, 1.0, 1.2471190781049937, 1.0, 1.3544048419636854, 1.0, 1.1025641025641026, 1.3333333333333333, 1.625, 1.0, 1.0, 1.0, 1.0103806228373702, 1.0, 1.0, 1.023391812865497, 1.0, 1.0, 1.0, 2.0, 1.0178362745676681, 1.0, 3.25, 1.0, 1.0727272727272728, 1.0, 1.0, 1.0, 1.0, 1.0, 1.0, 1.0, 1.0, 3.0, 2.0, 1.0, 1.0, 1.0, 1.067306250936891, 1.0505591579738747, 1.0, 1.0, 1.2307692307692308, 1.0712250712250713, 1.0, 2.0, 1.0577858880778588, 1.2, 1.1557971014492754, 1.0, 1.0, 1.0, 1.2, 45.0, 1.0, 1.2733521696959473, 1.0, 1.0, 1.2193175853018372, 1.0, 6.0, 1.0, 1.0, 1.2, 1.0293040293040292, 1.0, 1.5, 1.0921052631578947, 1.0506811459042562, 1.0, 1.7857142857142858, 1.0, 1.0, 1.1760612386917189, 2.0, 1.75, 1.0, 1.151639344262295, 1.0, 1.112858464384829, 1.5, 1.0, 1.0, 1.0, 1.0, 1.0, 1.0, 2.0, 1.275, 1.0, 1.0524850894632207, 1.0, 1.0267474848989249, 1.0, 1.0, 1.0, 1.0, 1.0, 1.0, 1.0169338451117633, 2.0, 1.2008064516129033, 1.0, 1.1807878369039393, 1.0344827586206897, 2.0, 1.0593220338983051, 1.2439024390243902, 1.0, 1.0, 1.0, 1.2017756255044392, 1.0, 1.0, 1.2555555555555555, 2.0, 1.0]
origin-forest_39.80 	max: 46.0000	99th: 6.1167	95th: 2.4296	median: 1.0048	mean: 1.4695

...Done, result: results.csv

WORKLOAD-FINISHED | Type: QueryWorkload | Progress: 1/3 | Workload-time: 30.145391 | Model-update-time: 0.000000


WORKLOAD-START | Type: DataUpdateWorkload | Progress: 2/3
Going to run: ['python', '/home/kangping/code_copy/SAUCE/Naru/eval_model.py', '--model=transformer', '--data_update=valueskew', '--dataset=forest', '--drift_test=js', '--end2end', '--update_size=100000', '--query_seed=0', '--eval_type=drift']
Torch device: cuda:1
GET-MODEL-PATH=./models/end2end/transformer/origin-forest-2.0MB-model58.950-data19.148-300epochs-seed0.pt
GET-DATASET-PATH=./data/forest/end2end/forest.npy
ValueSample - START
ValueSample - END
load_npy_dataset_from_path - df.shape = (681012, 10)
Parsing... done, took 0.1s
Data updated!
Previous data size: (581012, 10), new data size: (100000, 10)
[2.9802322e-07 5.9604645e-08 1.7881393e-07 5.9604645e-07 1.7881393e-07
 4.1723251e-07 2.9802322e-07 1.6093254e-06 9.5769167e-03 7.7486038e-07]
Distance score: 0.000958132732193917
SAUCE Drift detection: True
Detection latency: 0.0658s

DRIFT-DETECTED after 2-th workload
Going to run: ['python', '/home/kangping/code_copy/SAUCE/Naru/incremental_train.py', '--dataset=forest', '--end2end', '--model=transformer', '--model_update=adapt', '--update_size=100000', '--epochs=0']
Torch device: cuda:1
GET-MODEL-PATH=./models/end2end/transformer/origin-forest-2.0MB-model58.950-data19.148-300epochs-seed0.pt
update_size: 100000
AdaptTask - START
GET-DATASET-PATH=./data/forest/end2end/forest.npy
load_npy_dataset_from_path - df.shape = (681012, 10)
Parsing... done, took 0.1s
done, took 0.1s
dataset size: 681012
train data shape: torch.Size([100000, 10]), transfer data shape:torch.Size([20000, 10])
Training done; evaluating likelihood on full data:
Epoch None Iter 0, test loss 122.2088 nats / 176.3101 bits
Saved to: /home/kangping/code_copy/SAUCE/models/end2end/transformer/origin-forest-2.0MB-model58.950-data19.148-300epochs-seed0.pt
AdaptTask - END

WORKLOAD-FINISHED | Type: DataUpdateWorkload | Progress: 2/3 | Workload-time: 4.350865 | Model-update-time: 5.823503


WORKLOAD-START | Type: QueryWorkload | Progress: 3/3
Going to run: ['python', '/home/kangping/code_copy/SAUCE/Naru/eval_model.py', '--dataset=forest', '--model=transformer', '--end2end', '--query_seed=0', '--eval_type=estimate', '--num_workload=3', '--data_update=valueskew', '--model_update=adapt', '--random_seed=42']
Torch device: cuda:1
GET-MODEL-PATH=./models/end2end/transformer/origin-forest-2.0MB-model58.950-data19.148-300epochs-seed0.pt
ckpts [PosixPath('/home/kangping/code_copy/SAUCE/models/end2end/transformer/origin-forest-2.0MB-model58.950-data19.148-300epochs-seed0.pt')]
Validate Argument: DATASET="forest" is valid.
data size: 681012, total size: 681012, split index: [567510 681012]
Parsing... done, took 0.1s
Loading ckpt: /home/kangping/code_copy/SAUCE/models/end2end/transformer/origin-forest-2.0MB-model58.950-data19.148-300epochs-seed0.pt
query_seed:0
origin-forest_39.80 	max: 492.0000	99th: 19.0025	95th: 3.0000	median: 1.0687	mean: 2.5380
ReportEsts: [1.0, 1.150753768844221, 1.0, 1.2040816326530612, 1.2857142857142858, 1.0, 1.431547619047619, 1.0, 1.38013698630137, 2.0, 1.0128205128205128, 2.5454545454545454, 1.0, 2.0, 1.3059701492537314, 1.2261904761904763, 4.0, 1.0, 2.6956521739130435, 1.2476190476190476, 1.0, 8.2, 1.0, 1.0, 1.0367170626349893, 2.0, 1.076145511772895, 1.6666666666666667, 1.0, 20.5, 1.25, 1.0, 9.0, 1.0, 1.0, 2.0, 1.0, 1.0, 1.0, 3.5, 2.0, 1.0, 1.0, 1.0, 2.4693877551020407, 1.0786516853932584, 1.0, 1.5, 1.0, 1.0, 3.0, 1.1291473165126633, 1.0, 2.0, 19.0, 1.111587982832618, 1.191860465116279, 1.3703703703703705, 1.0, 1.0, 1.0345920617420066, 13.0, 1.0, 1.0, 1.0, 1.0335570469798658, 1.058353736737787, 1.1, 2.0, 2.0, 1.0, 1.7651515151515151, 1.0905904012509142, 2.1952380952380954, 1.0, 1.4083044982698962, 1.0, 1.0, 1.0, 1.0, 1.0, 1.0, 1.0, 1.062698884498374, 3.5, 2.2142857142857144, 1.0, 1.0, 1.75, 1.232146064052679, 1.0, 2.0, 2.0, 1.101088534107402, 1.2727272727272727, 1.1956521739130435, 1.3333333333333333, 3.0, 1.0, 8.0, 1.5, 1.0, 1.179165478566676, 1.5, 3.0, 1.0, 1.0, 1.0, 1.1160936857964663, 2.0, 3.0, 1.108695652173913, 1.0, 1.0, 2.0, 1.0, 1.0, 1.0, 1.0, 8.0, 1.0, 1.0711111111111111, 1.0, 1.0, 1.0, 4.0, 1.0, 1.1932773109243697, 1.0, 1.0, 1.5576923076923077, 1.0, 1.0, 1.0, 1.2473434899500704, 1.0688050490323353, 1.0, 1.8333333333333333, 1.0, 1.0, 2.0, 1.0076923076923077, 1.380952380952381, 1.0262966703878935, 1.0, 1.0, 2.5, 1.0, 1.1532461097956526, 1.0, 1.34375, 1.6, 1.0625, 1.3333333333333333, 1.0, 1.0, 1.0, 1.0, 1.0, 1.0, 1.0, 1.0, 1.75, 1.8095238095238095, 1.0, 1.124977143901993, 5.0, 1.0099183880666953, 1.0, 1.6666666666666667, 1.0, 1.1666666666666667, 1.0, 1.0, 48.0, 1.0, 1.1519525681793261, 1.186972255729795, 1.0, 1.2304808242701775, 47.0, 1.1182716953496887, 1.0, 3.0, 1.0, 1.0, 2.0, 3.0, 1.0, 1.021304347826087, 1.0, 1.0, 1.0, 1.1212546097111247, 1.0, 1.1092436974789917, 1.1179274817850637, 4.0, 128.0, 1.116949152542373, 1.0471415639579416, 1.0, 1.0, 1.0, 1.0, 1.125, 1.0, 1.0, 1.0, 4.0, 1.10990990990991, 2.3333333333333335, 1.0701754385964912, 1.4375, 1.0, 3.0, 1.0819672131147542, 1.0, 1.0, 1.0, 1.0, 2.0, 2.0, 1.0, 1.8333333333333333, 1.3333333333333333, 1.0, 1.0, 1.1367183541096584, 1.2148956869527618, 1.1379310344827587, 1.0, 1.2269372693726937, 1.0, 1.7142857142857142, 1.0, 2.0, 1.1, 2.0, 10.0, 1.0, 2.0, 1.0, 1.0101959534809621, 1.096315213425757, 1.0, 2.0, 1.6666666666666667, 1.0, 2.0, 3.0, 2.0, 1.0336538461538463, 4.0, 1.6326530612244898, 2.0, 1.25, 1.1224489795918366, 1.0, 1.0240963855421688, 1.2527798369162342, 1.75, 2.0, 1.2612612612612613, 1.1995614035087718, 2.0, 1.0, 1.230119027082974, 2.125, 3.0, 1.0, 1.0, 1.0, 1.0, 1.0, 1.131578947368421, 1.3333333333333333, 1.4905829596412556, 1.0546837850689492, 2.0, 1.013188883655205, 1.0, 1.0149253731343284, 1.1405835543766578, 1.0, 1.0, 1.5, 1.1561181434599157, 1.2020725388601037, 1.005762154907088, 2.0, 1.4201680672268908, 1.0, 1.3636363636363635, 1.5926352128883774, 1.0, 1.1240601503759398, 2.0, 1.0118343195266273, 1.0, 1.0, 1.3333333333333333, 4.75, 2.0, 1.0, 1.1225806451612903, 1.0, 4.0, 2.0, 1.0, 1.0833333333333333, 1.0, 1.3333333333333333, 1.0, 1.0, 1.2040816326530612, 1.0, 1.0, 1.3076923076923077, 2.0, 1.0, 1.0, 1.0, 1.0, 1.0, 4.0, 1.0, 1.0, 1.356360832690825, 1.5, 1.0, 1.0380181895093064, 1.0, 1.0, 1.0, 1.0, 1.1311111111111112, 1.0, 3.0, 3.0, 1.0, 1.213953488372093, 2.0, 1.0618556701030928, 1.8298969072164948, 2.0, 1.053358925143954, 1.2792792792792793, 1.0, 1.5517241379310345, 2.0, 1.25, 5.0, 1.2857142857142858, 1.0, 2.0, 1.0, 1.0, 1.0, 1.9312977099236641, 3.0, 1.167883211678832, 6.0, 1.0, 1.0, 1.3291139240506329, 1.1219512195121952, 1.0761381593799384, 5.0, 1.1734417344173442, 1.0686274509803921, 1.0355214208568342, 2.4615384615384617, 1.299342105263158, 1.0, 1.109375, 1.0, 1.158139534883721, 1.0107097186700766, 1.0, 1.0277465075638181, 1.102356460202816, 1.0782586065878503, 1.0, 1.25, 1.0, 1.0828729281767955, 2.0, 2.0, 1.5, 1.4064362336114422, 1.0, 1.6345101939333664, 1.0, 1.0, 1.0238095238095237, 1.6, 1.0, 1.0, 1.0, 4.25, 1.0, 1.0220883534136547, 1.0, 1.0, 1.0, 1.0, 1.0040488336387499, 1.0, 1.2, 1.0003327233405424, 1.0, 2.0, 2.0, 1.0, 1.0021663354725217, 1.2777777777777777, 19.25, 2.0, 1.0, 1.1120806169502306, 1.1100587787303013, 1.0, 1.2222222222222223, 1.5, 3.0, 1.0, 1.2087912087912087, 1.1564581395933344, 1.0, 1.2693517935808685, 1.5, 1.0, 1.0, 1.077319587628866, 1.0909090909090908, 2.0, 2.0, 1.1417601890135853, 1.1182802933458924, 1.6666666666666667, 1.2585301837270342, 24.0, 1.0, 1.0, 1.0, 1.068567338661577, 1.3333333333333333, 3.0, 1.037313432835821, 2.0, 1.0, 1.063063063063063, 1.0, 1.0, 1.0529801324503312, 1.25, 1.0454545454545454, 1.3350785340314135, 1.118032786885246, 1.0, 2.0, 3.0, 1.0, 1.0, 1.1049890733249639, 1.0, 1.0, 1.1933085501858736, 1.2588996763754046, 1.0, 1.0, 1.0, 2.0, 1.1258278145695364, 2.0, 1.5098302055406614, 1.1006249303264983, 1.0, 2.0, 1.0379746835443038, 1.0, 1.0, 1.0, 1.1578947368421053, 1.0, 1.0, 1.0, 1.125, 1.6923076923076923, 1.1833656539538893, 1.0, 1.2222222222222223, 1.0, 1.240506329113924, 1.0, 1.0, 1.0, 1.0, 1.0, 1.0348574066359675, 2.142857142857143, 1.0, 1.4, 1.0, 2.0, 8.0, 1.4615384615384615, 1.0, 1.1818181818181819, 1.0520599873640808, 2.0, 1.0, 1.0, 1.1213389121338913, 1.0, 20.0, 1.25, 1.0, 1.0639318936331066, 2.6147540983606556, 1.2592592592592593, 2.0, 2.0, 1.0, 1.0, 1.0, 1.0, 1.2062350119904077, 4.217391304347826, 1.1428571428571428, 2.0, 1.0, 1.0971891376846117, 1.0, 2, 2.5, 2.0, 1.0371408549404344, 2.0, 1.0, 1.5738396624472575, 2.0, 1.0814917457056168, 1.0, 1.0, 1.1627179257934734, 1.0, 1.0, 1.163265306122449, 1.2878787878787878, 1.0, 1.0555555555555556, 1.3345759552656105, 1.4, 2.0, 1.1111111111111112, 1.1721311475409837, 1.0, 1.3313953488372092, 1.0, 1.12, 1.0, 2.3333333333333335, 1.02721349482352, 1.4, 1.0479782886128297, 5.169491525423729, 1.0, 3.0, 9.0, 1.0, 1.1071428571428572, 1.125, 492.0, 1.4313421256788208, 1.0, 1.0, 1.0, 1.1507177033492824, 1.0, 1.2399756673437194, 1.0551437353100706, 1.0, 2.0, 2.0, 1.0, 1.0, 1.0, 1.0, 1.0, 1.5, 1.0, 1.0, 2.0, 1.2905027932960893, 1.0502817452419029, 1.9058380414312617, 2.0, 1.0, 1.25, 2.0, 2.0, 2.0, 1.0, 2.0, 1.0, 1.0, 1.0520247370811642, 1.0, 1.0, 1.1984687868080095, 1.0, 1.0, 1.0, 1.5, 1.5, 1.0, 1.0, 1.0, 1.0, 1.5714285714285714, 1.2193767355754397, 1.1881686595342984, 1.5, 2.0, 1.0, 1.0138678923774653, 1.0, 1.0, 1.0, 1.3548387096774193, 1.1758274498474206, 2.0, 3.0, 2.5, 1.5618279569892473, 1.0, 1.0, 2.0, 1.0, 2.0, 1.022881981464775, 1.0, 2.0, 1.0940758819613934, 1.0, 1.0, 1.0643638704140743, 1.0, 1.124500593888349, 2.0, 2.0, 1.5, 1.1298145506419401, 1.0, 1.0, 1.0, 1.2857142857142858, 2.0, 1.0697324947255284, 1.01963133640553, 1.0, 2.0, 1.28, 1.0, 1.0, 5.0, 1.0, 1.0, 1.054938750717106, 1.0, 2.0, 2.6666666666666665, 7.785714285714286, 1.1875, 1.9090909090909092, 1.0351617440225036, 1.0, 1.2092307692307693, 1.75, 4.461538461538462, 2.0, 3.0, 1.0, 1.0, 1.0, 1.075268817204301, 2.0, 1.0929152148664343, 1.0, 2.0, 1.75, 2.0, 2.0, 2.0, 2.0, 1.0, 1.0, 1.1111111111111112, 1.0, 1.0, 1.0, 1.213101496158512, 1.0166666666666666, 1.0, 1.8, 1.065217391304348, 1.0, 1.4642857142857142, 1.0, 1.1666666666666667, 1.0, 1.0, 1.0, 1.1338899196042054, 1.3714285714285714, 1.0, 4.0, 1.096774193548387, 1.1518562307874203, 1.0, 1.0, 1.21376, 1.1486100285788516, 1.1325301204819278, 1.4444444444444444, 2.0, 2.0, 2.8181818181818183, 3.2857142857142856, 8.95344129554656, 3.0, 1.0, 2.0, 1.5333333333333334, 1.0, 1.5254237288135593, 1.0, 1.0, 1.2424242424242424, 2.0, 1.6666666666666667, 4.0, 1.0, 1.087362470980115, 1.2, 1.2028850628199161, 3.0, 1.0, 1.5, 5.0, 1.0, 1.0, 1.0, 1.0, 2.0, 1.0, 2.0, 1.5, 1.0071942446043165, 1.5, 1.0992487282282788, 1.0, 1.0, 1.7222222222222223, 1.2293942403177756, 1.5, 1.0, 1.0, 1.0, 1.0, 2.2903225806451615, 2.3363802559414992, 3.0, 1.0, 1.0, 1.0, 1.0, 1.0, 2.5922865013774103, 1.0, 1.0, 2.0, 2.0, 1.0739549839228295, 1.0158273381294964, 1.0, 1.0, 1.0362694300518134, 1.1481481481481481, 2.0, 1.25, 1.0, 1.0, 1.0, 1.0, 1.0, 1.0666666666666667, 2.0, 1.0, 1.1338582677165354, 1.285420294443565, 1.3636363636363635, 1.0, 1.2540983606557377, 1.0, 2.8125, 1.0, 1.5, 1.0, 1.018534392441473, 1.0, 2.0, 1.0, 1.0494117647058823, 1.078741947707465, 1.0, 2.0, 2.0, 1.0800970873786409, 1.0, 1.0799139939079019, 1.0, 1.1062431544359255, 1.6063829787234043, 1.1054516799197651, 1.0, 1.0441640378548895, 2.3333333333333335, 1.0, 1.0, 1.0, 1.0, 1.5714285714285714, 2.0, 2.0, 1.5, 1.3846153846153846, 1.0, 1.0, 1.0, 3.5555555555555554, 4.0, 1.0, 3.0, 1.095619987661937, 1.5263157894736843, 1.0, 1.0, 1.06842400448682, 1.455621301775148, 1.0, 1.2857142857142858, 1.0, 1.0, 1.0, 1.0, 1.0, 1.0, 2.0, 36.5, 1.0, 1.0, 1.8, 1.4380530973451326, 1.0, 1.1171724932769882, 2.0, 1.0, 1.0, 1.0, 1.1416666666666666, 1.0, 1.0, 1.0, 1.0, 1.0, 2.0, 1.0, 1.0, 1.0, 1.0, 1.0, 1.0, 1.0404854863350874, 2.0, 1.0, 1.0, 1.0, 1.0, 1.0857142857142856, 1.0, 2.0, 2.5, 1.0, 1.0, 1.0, 2.0, 2.0, 1.0737179487179487, 1.0010095679508064, 2.0, 1.336, 1.5, 1.0303030303030303, 1.0, 1.6467209191000478, 1.0, 15.0, 1.1542857142857144, 1.0, 1.0, 1.0, 216.0, 2.0, 1.0, 1.0231983232717696, 1.0281058950455062, 1.1451612903225807, 1.5, 1.0, 1.0416666666666667, 1.0, 1.0, 1.0, 1.0, 1.0, 3.0, 2.0, 1.0, 3.0, 1.0, 1.0602836879432624, 1.4285714285714286, 1.0, 1.0, 1.3571428571428572, 1.058252427184466, 1.0, 3.0, 1.0772506082725062, 1.0, 1.84, 1.0, 1.0, 1.0, 1.4, 1.875, 1.0, 1.2577803041068638, 1.0, 1.0, 1.2325102880658436, 1.0, 1.1131105398457584, 2.0, 1.3333333333333333, 2.0, 1.0508982035928143, 2.0, 1.0, 1.1160092807424593, 2.0, 1.0, 1.0022621629996902, 1.0, 2.0, 1.258495145631068, 1.1666666666666667, 1.0, 1.0, 2.0, 1.2108433734939759, 1.0, 1.2023321777497635, 1.5, 1.0, 1.0, 1.0, 1.0, 1.0, 1.0, 2.0, 1.2083333333333333, 1.0, 1.2623017486783246, 1.0, 1.1080484425973098, 1.0, 1.0, 1.0, 1.0, 1.0, 14.0, 1.1944444444444444, 2.0, 1.0, 3.0, 2.3070539419087135]
origin-forest_39.80 	max: 492.0000	99th: 19.0025	95th: 3.0000	median: 1.0687	mean: 2.5380

...Done, result: results.csv

WORKLOAD-FINISHED | Type: QueryWorkload | Progress: 3/3 | Workload-time: 30.731955 | Model-update-time: 0.000000


Experiment Summary: #data-update-times=1, #drift=1 | total-time=71.105658