Input arguments = Namespace(data_update='valueskew', update_size=100000, dataset='forest', debug=False, drift_test='js', model_update='adapt', model='transformer', end2end=False, query_seed=0, random_seed=42, num_workload=3)
JSON-passed parameters = {'data_updater': {'skew_ratio': '1e-3'}, 'random_seed': 97, 'transformer': {'epochs': 0}}
MODEL-PATH=/home/kangping/code_copy/SAUCE/models/end2end/transformer/origin-forest-2.0MB-model58.950-data19.148-300epochs-seed0.pt
DATASET-PATH=/home/kangping/code_copy/SAUCE/data/forest/end2end/forest.npy
Workloads: ['QueryWorkload', 'DataUpdateWorkload', 'QueryWorkload']

WORKLOAD-START | Type: QueryWorkload | Progress: 1/3
Going to run: ['python', '/home/kangping/code_copy/SAUCE/Naru/eval_model.py', '--dataset=forest', '--model=transformer', '--query_seed=0', '--end2end', '--eval_type=first_estimate', '--num_workload=3', '--data_update=valueskew', '--model_update=adapt', '--random_seed=42']
Torch device: cuda:1
GET-MODEL-PATH=./models/end2end/transformer/origin-forest-2.0MB-model58.950-data19.148-300epochs-seed0.pt
ckpts [PosixPath('/home/kangping/code_copy/SAUCE/models/end2end/transformer/origin-forest-2.0MB-model58.950-data19.148-300epochs-seed0.pt')]
Validate Argument: DATASET="forest" is valid.
load_csv_dataset - forest (581012, 10)
Parsing... done, took 0.0s
Loading ckpt: /home/kangping/code_copy/SAUCE/models/end2end/transformer/origin-forest-2.0MB-model58.950-data19.148-300epochs-seed0.pt
query_seed:0
origin-forest_39.80 	max: 214.0000	99th: 4.0000	95th: 2.2147	median: 1.0043	mean: 1.5268
ReportEsts: [1.0, 1.1451503504408773, 1.0, 1.4047619047619047, 1.3333333333333333, 1.0, 1.0286458333333333, 1.0, 1.0869565217391304, 1.0, 1.0634920634920635, 1.0, 1.0, 1.0, 2.0, 1.015651599647784, 1.0, 1.1111111111111112, 2.9444444444444446, 1.0, 1.0, 3.0, 1.3333333333333333, 1.8, 1.4, 1.0, 1.090395639772952, 1.3, 3.0, 1.0129682997118155, 1.0, 1.1166989039329465, 1.2142857142857142, 1.0, 1.1206896551724137, 1.0727874276261373, 1.005844535359439, 1.0, 1.0255863539445629, 1.0, 2.0, 1.0, 1.1764705882352942, 1.0, 2.2777777777777777, 1.0382978723404255, 1.0, 1.5, 1.0, 1.0, 3.0, 1.1312992125984251, 1.0, 1.0, 1.6363636363636365, 1.0603015075376885, 1.0858806404657932, 1.8888888888888888, 1.0, 1.0, 1.0761092150170648, 5.0, 1.0, 1.4310502283105022, 1.10828025477707, 1.0, 1.0125523012552302, 1.463768115942029, 1.2208835341365463, 1.0, 2.0, 1.0, 1.1538461538461537, 1.4355059492471307, 1.25, 2.0, 1.0, 1.0, 1.0, 1.0, 1.0, 1.0, 1.0662488441384979, 3.5, 1.0833333333333333, 1.0, 1.0, 1.0, 1.120502843460042, 1.0, 1.6, 1.393939393939394, 1.0, 1.0783564261825132, 1.0, 1.0, 1.0070426440414795, 1.1658415841584158, 1.0, 1.0, 2.0, 1.0, 1.0, 1.0, 1.1172413793103448, 1.0, 1.0, 1.0, 1.076086956521739, 1.0, 1.0845070422535212, 1.0, 1.0, 1.1770491803278689, 1.2704081632653061, 2.0, 1.0, 2.0, 1.0, 1.0, 1.0, 1.0, 3.0, 1.0, 1.1756457564575646, 1.1428571428571428, 1.0, 1.0, 1.0, 1.0, 1.0, 1.115430861723447, 1.1417639850959014, 1.0, 1.375, 1.0, 1.0, 2.0, 1.0420923579893748, 1.253968253968254, 1.0592744951383695, 1.0, 1.0, 1.25, 1.0, 1.0675650169199036, 1.0, 1.2333333333333334, 1.6551724137931034, 1.0, 1.0, 1.0, 1.0, 1.0, 1.0, 1.0, 1.0, 1.0, 1.0, 2.3333333333333335, 1.7777777777777777, 1.0, 1.038443579766537, 4.0, 1.0662120332752951, 1.0, 1.3333333333333333, 2.0, 1.0258899676375404, 1.0, 1.0, 1.0, 1.064, 1.2608695652173914, 1.0, 1.0, 1.1144067796610169, 1.0, 1.028307336799538, 1.0, 214.0, 1.0, 1.0, 1.085423782667408, 1.0, 1.051426558647411, 1.0, 1.0, 1.1944444444444444, 1.0393675636828237, 1.0, 1.1121495327102804, 1.7692307692307692, 1.0, 1.0, 1.0, 1.0, 1.1805555555555556, 1.0, 1.3194786896794646, 1.1244472520530637, 1.3333333333333333, 1.0, 1.0, 2.0, 3.0, 1.2260869565217392, 1.0, 1.0, 1.0, 1.0, 1.2058823529411764, 1.0, 1.3333333333333333, 1.0, 1.0, 1.0, 1.0372093023255815, 1.0, 2.0, 1.0, 1.0993630573248407, 1.5, 1.0, 1.2777777777777777, 1.0, 1.19375, 1.0, 1.294209702660407, 1.0, 1.0, 1.0, 1.375, 1.0, 1.9259259259259258, 1.0, 2.0, 3.0, 1.0207224739258673, 1.0040696935012081, 1.0, 4.0, 1.5, 1.0291556228701249, 1.0594594594594595, 1.375, 1.0, 1.0069156293222683, 3.3333333333333335, 1.168664383561644, 1.0, 1.6666666666666667, 1.125, 1.0, 1.0970588235294119, 1.2716798059429957, 2.2142857142857144, 2.0, 1.1761786600496278, 1.0928381962864722, 2.0, 1.0, 1.1157585764079985, 1.25, 2.0, 1.0, 1.1428571428571428, 1.0, 1.0, 1.0, 1.0263157894736843, 1.5, 1.5711601690934711, 3.0, 1.0, 1.1752040979670242, 1.2857142857142858, 1.0, 1.0416666666666667, 1.0, 1.0, 1.0, 1.5, 1.0, 1.0, 1.0, 2.0, 1.0, 1.3783783783783783, 1.0, 1.1111111111111112, 1.0, 1.0, 1.0, 1.0, 1.017502917152859, 1.1073446327683616, 1.0621761658031088, 1.1835205992509363, 1.0, 1.3403225806451613, 1.0, 1.0, 3.0, 1.0, 1.2335766423357664, 1.0, 2.0, 1.0, 1.08, 1.0, 1.0, 1.0833333333333333, 1.5, 1.0, 1.0, 1.0, 1.0, 1.0, 2.5714285714285716, 1.0, 1.0, 1.173318950017979, 1.5, 1.0, 1.1051483708941907, 1.0, 1.0, 1.0, 1.0, 1.274787535410765, 2.0, 3.0, 1.0, 1.0, 1.3522012578616351, 1.0, 1.0731707317073171, 1.4774774774774775, 2.0, 1.0894433781190018, 1.247191011235955, 1.0, 1.5909090909090908, 1.0, 1.1428571428571428, 10.0, 1.5, 1.0, 1.0, 1.0, 1.0, 1.0, 1.4224137931034482, 2.6363636363636362, 1.5555555555555556, 6.0, 1.0, 1.0, 1.0, 1.2311435523114356, 1.2, 1.0891089108910892, 1.0893992545494409, 1.1406777431940731, 1.4716053299492386, 1.0238134721899772, 1.3245283018867924, 1.0, 1.0191387559808613, 2.0, 1.1232048374905517, 1.0443794696066746, 1.0, 1.02017050064281, 1.017295329123286, 1.0971468276371217, 1.0, 1.6666666666666667, 2.0, 1.0256410256410255, 1.0, 1.0, 1.0546528803545052, 34.0, 1.0, 1.8085106382978724, 1.0, 1.137056603773585, 1.0, 10.0, 1.0714285714285714, 1.0, 1.0, 5.666666666666667, 1.0, 1.02437106918239, 1.0, 1.0, 1.0, 1.0, 1.0190719109591027, 1.0, 2.0, 1.0695652173913044, 1.4057649667405765, 1.2578849721706864, 1.2132796780684105, 1.25, 1.1247461974138853, 1.1887905604719764, 1.5606060606060606, 1.0, 1.0, 1.1213893030190085, 1.1095859018722645, 1.0, 1.1818181818181819, 1.0, 1.0, 1.0, 1.0, 1.0, 1.0, 1.0, 1.173233082706767, 2.5, 1.2327365728900255, 1.0, 1.0, 1.0, 1.3174825174825175, 1.075519529293941, 2.5, 1.2710566615620214, 2.1538461538461537, 1.0, 1.0, 1.0, 1.0279409342921446, 1.5, 1.0, 1.0953237410071943, 1.0, 1.9, 1.0, 1.0, 1.0, 1.0196766676376348, 1.0, 1.0, 2.0, 1.3333333333333333, 1.1363636363636365, 1.0044510385756678, 1.75, 1.0, 1.0, 1.4, 1.25, 2.0, 1.0148514851485149, 1.0, 1.4444444444444444, 1.0, 1.0, 1.1818181818181819, 1.0, 1.0, 2.2222222222222223, 1.0264164561530134, 1.0404237904692615, 1.2, 1.7083333333333333, 1.0, 1.0, 1.0833333333333333, 1.0, 1.352197143168684, 1.3714285714285714, 1.5, 1.0, 1.6789667896678966, 1.0508021390374331, 1.0, 1.0823798627002288, 2.5, 2.0, 1.046015832259027, 2.5, 1.0106118388326977, 1.0, 1.0, 1.0, 1.0021801020800738, 1.6428571428571428, 2.0, 1.12, 1.0, 2.0, 1.0, 1.2307692307692308, 1.0, 1.0463576158940397, 1.0382513661202186, 2.0, 1.0, 1.0, 1.1245901639344262, 2.0, 1.35, 1.2560975609756098, 1.0, 1.1011215773928316, 1.9857142857142858, 1.12, 1.0, 2.4, 1.0, 2.0, 1.0282400403429148, 1.5, 4.0, 1.021755162241888, 1.8, 1.0, 1.0175564868804665, 1.0, 1.5555555555555556, 1.0, 2.0, 1.0, 1.1198501872659177, 1.0, 1.0, 1.4285714285714286, 1.0424604698535673, 1.4276315789473684, 1.1614457831325302, 1.1, 1.3972602739726028, 2.0, 1.52, 1.062111801242236, 1.0, 1.0, 1.1153846153846154, 1.202118989405053, 2.5, 2.0, 1.1428571428571428, 1.2058823529411764, 1.0, 1.1987179487179487, 1.0, 1.0870646766169154, 1.0, 1.7142857142857142, 1.061419861742303, 6.0, 1.0236665309446253, 2.3333333333333335, 1.0, 3.0, 1.0, 1.0, 2.0, 1.1232339089481946, 1.0, 1.0, 1.0, 1.0, 1.0, 1.0961538461538463, 2.0, 1.103896103896104, 1.0, 1.0, 2.0, 1.0, 1.0, 1.0, 1.0, 1.0, 1.0, 1.0, 1.0, 2.0, 1.24, 1.26, 1.0, 1.235, 1.0, 1.0, 3.5, 1.024362572401027, 2.2857142857142856, 1.0, 1.0, 1.0, 1.0, 1.0049276495893624, 1.0, 1.0, 1.0445736434108528, 1.2410917361637603, 1.1914893617021276, 2.0, 1.0, 1.0, 1.0, 2.8421052631578947, 2.0, 1.0, 1.0, 1.0376432078559739, 2.0, 1.056960680127524, 1.0, 1.0, 1.0435656565656566, 1.0, 1.0, 1.0, 1.68, 1.0690876541189833, 1.0, 2.0, 1.8571428571428572, 1.4051724137931034, 1.0, 1.0, 1.5, 1.0, 1.0, 1.0864458991143626, 1.0, 2.0, 1.014189514189514, 1.0, 1.0, 1.0238496747771622, 1.0, 1.1172597188805875, 1.0, 1.0, 1.2768595041322315, 1.0369220151828848, 1.35, 1.4130434782608696, 1.0, 1.0, 2.0, 1.0029027576197387, 1.0, 1.0, 1.0, 1.0, 1.1, 1.0, 1.0, 1.5, 1.0710361067503924, 1.0, 1.0, 1.0, 1.5, 1.0, 1.125, 1.1243781094527363, 1.0, 1.0, 1.0, 1.0, 1.0, 1.0, 1.1, 1.0, 1.0, 1.0, 1.0, 1.0, 2.0, 1.0396369286929927, 1.2575757575757576, 1.0, 2.0, 1.5, 1.0629496402877698, 1.0, 1.0, 1.0, 2.0, 1.0, 1.0158139534883721, 1.0222222222222221, 1.5, 1.3363964555300296, 1.0, 1.4565217391304348, 1.0, 1.36, 1.0, 1.2, 1.0, 1.0, 1.0, 1.1270878721859114, 1.375, 1.0, 4.0, 1.0814814814814815, 1.1585827122038046, 1.0, 1.0, 1.2835233975619347, 1.0597976080956761, 1.164179104477612, 1.0, 1.0, 1.0, 1.0038907335356786, 2.0, 1.125, 1.0, 1.0, 1.5, 1.018757327080891, 1.0, 1.0, 1.0666666666666667, 1.0, 1.0, 1.5, 1.3333333333333333, 1.0, 1.097378277153558, 1.008123476848091, 1.0, 1.0, 1.0, 3.0, 1.0, 1.0, 1.0, 1.0, 1.0, 2.0, 1.0, 2.0, 3.0, 1.0532212885154062, 1.0, 1.0003960239198448, 1.0, 1.0, 1.0588235294117647, 1.520616570327553, 1.5, 1.0, 1.0, 1.0, 1.0, 1.3571428571428572, 1.3196125907990315, 3.0, 1.0, 1.0, 1.0, 1.0, 2.0, 1.0408997955010224, 1.0, 1.0, 1.0, 1.0, 1.2, 1.0128737541528239, 1.0, 1.0, 1.160919540229885, 1.0, 2.0, 1.463855421686747, 1.0, 1.0, 1.0, 1.0, 1.0, 1.6, 2.0, 1.0, 1.1003039513677813, 1.3543368339167638, 1.3333333333333333, 1.0, 1.0, 1.0, 1.0, 1.8, 1.0, 1.0, 1.2364380757420677, 1.0, 1.0, 2.0, 3.5, 1.9444444444444444, 1.0, 1.003454231433506, 1.0, 1.0, 3.0, 1.0, 1.0, 1.2736486486486487, 1.0, 1.0526315789473684, 1.0, 1.2272727272727273, 1.0, 1.0, 1.0, 1.5714285714285714, 1.0, 1.0, 1.0, 1.5, 1.0416666666666667, 1.0, 1.0, 1.2521871434005325, 1.0790247432939792, 1.0, 1.0, 1.0, 1.048018784854711, 1.0, 1.5080645161290323, 1.0, 1.058239861949957, 2.0, 1.0, 1.2307692307692308, 1.25, 1.6666666666666667, 1.093010752688172, 1.0, 1.1538461538461537, 1.0, 2.0, 1.25, 1.0, 1.0, 1.0, 2.0, 1.6666666666666667, 1.0, 1.0, 1.3333333333333333, 1.0, 1.375, 1.0, 4.0, 1.0, 1.3333333333333333, 1.0, 1.0, 1.0, 1.0, 1.0, 1.0, 1.0, 1.0, 1.0436936936936938, 2.0, 1.0, 1.0, 1.0, 1.0, 1.0956521739130434, 2.0, 1.0, 1.6829268292682926, 1.0, 1.2923602219376866, 1.0, 1.4088769334229994, 1.0, 1.303030303030303, 1.5, 1.8571428571428572, 1.0, 1.0, 1.0, 1.1488524590163935, 1.0, 1.0, 1.0040160642570282, 1.0, 1.0, 1.0, 2.0, 1.0743315823643982, 1.0, 3.25, 1.0, 1.0576923076923077, 1.0, 1.0, 1.0, 1.0, 1.0, 1.0, 1.0, 1.0, 3.0, 2.0, 1.0, 1.0, 1.0, 1.049218980253463, 1.1998497370398198, 1.0, 1.0, 1.4545454545454546, 1.0502793296089385, 1.0, 2.0, 1.0538461538461539, 1.1111111111111112, 1.144927536231884, 1.0, 1.0, 1.0, 1.5, 3.3777777777777778, 1.0, 1.2443336355394379, 1.0, 1.0, 1.2251968503937007, 1.0, 3.4285714285714284, 1.0, 1.0, 1.0, 1.0391459074733096, 1.0, 1.5, 1.6170212765957446, 1.0403596335680658, 1.0, 1.6428571428571428, 1.0, 1.0, 1.139874739039666, 2.0, 1.75, 1.0, 1.1188524590163935, 1.0, 1.4634476534296028, 1.5, 1.0, 1.0, 1.0, 1.0, 1.0, 1.0, 2.0, 1.275, 1.0, 1.0454186413902053, 1.0, 1.0377710080294797, 1.0, 1.0, 1.0, 1.0, 1.0, 1.027027027027027, 1.0515917814405058, 2.0, 1.1290322580645162, 1.0, 1.207832602855931, 1.16, 2.0, 1.1016949152542372, 1.275, 1.0, 1.0, 1.0, 1.21226795803067, 1.0, 1.0, 1.2463235294117647, 2.0, 1.0]
origin-forest_39.80 	max: 214.0000	99th: 4.0000	95th: 2.2147	median: 1.0043	mean: 1.5268

...Done, result: results.csv

WORKLOAD-FINISHED | Type: QueryWorkload | Progress: 1/3 | Workload-time: 30.083372 | Model-update-time: 0.000000


WORKLOAD-START | Type: DataUpdateWorkload | Progress: 2/3
Going to run: ['python', '/home/kangping/code_copy/SAUCE/Naru/eval_model.py', '--model=transformer', '--data_update=valueskew', '--dataset=forest', '--drift_test=js', '--end2end', '--update_size=100000', '--query_seed=0', '--eval_type=drift']
Torch device: cuda:1
GET-MODEL-PATH=./models/end2end/transformer/origin-forest-2.0MB-model58.950-data19.148-300epochs-seed0.pt
GET-DATASET-PATH=./data/forest/end2end/forest.npy
ValueSample - START
ValueSample - END
load_npy_dataset_from_path - df.shape = (681012, 10)
Parsing... done, took 0.1s
Data updated!
Previous data size: (581012, 10), new data size: (100000, 10)
[1.0132790e-06 1.1920929e-07 1.2516975e-06 6.7983270e-03 5.9604645e-08
 1.1920929e-07 7.7486038e-07 2.8014183e-06 1.1920929e-07 2.9802322e-07]
Distance score: 0.0006804883596487343
SAUCE Drift detection: True
Detection latency: 0.0655s

DRIFT-DETECTED after 2-th workload
Going to run: ['python', '/home/kangping/code_copy/SAUCE/Naru/incremental_train.py', '--dataset=forest', '--end2end', '--model=transformer', '--model_update=adapt', '--update_size=100000', '--epochs=0']
Torch device: cuda:1
GET-MODEL-PATH=./models/end2end/transformer/origin-forest-2.0MB-model58.950-data19.148-300epochs-seed0.pt
update_size: 100000
AdaptTask - START
GET-DATASET-PATH=./data/forest/end2end/forest.npy
load_npy_dataset_from_path - df.shape = (681012, 10)
Parsing... done, took 0.1s
done, took 0.1s
dataset size: 681012
train data shape: torch.Size([100000, 10]), transfer data shape:torch.Size([20000, 10])
Training done; evaluating likelihood on full data:
Epoch None Iter 0, test loss 42.8663 nats / 61.8431 bits
Saved to: /home/kangping/code_copy/SAUCE/models/end2end/transformer/origin-forest-2.0MB-model58.950-data19.148-300epochs-seed0.pt
AdaptTask - END

WORKLOAD-FINISHED | Type: DataUpdateWorkload | Progress: 2/3 | Workload-time: 4.307353 | Model-update-time: 5.703350


WORKLOAD-START | Type: QueryWorkload | Progress: 3/3
Going to run: ['python', '/home/kangping/code_copy/SAUCE/Naru/eval_model.py', '--dataset=forest', '--model=transformer', '--end2end', '--query_seed=0', '--eval_type=estimate', '--num_workload=3', '--data_update=valueskew', '--model_update=adapt', '--random_seed=42']
Torch device: cuda:1
GET-MODEL-PATH=./models/end2end/transformer/origin-forest-2.0MB-model58.950-data19.148-300epochs-seed0.pt
ckpts [PosixPath('/home/kangping/code_copy/SAUCE/models/end2end/transformer/origin-forest-2.0MB-model58.950-data19.148-300epochs-seed0.pt')]
Validate Argument: DATASET="forest" is valid.
data size: 681012, total size: 681012, split index: [567510 681012]
Parsing... done, took 0.1s
Loading ckpt: /home/kangping/code_copy/SAUCE/models/end2end/transformer/origin-forest-2.0MB-model58.950-data19.148-300epochs-seed0.pt
query_seed:0
origin-forest_39.80 	max: 75.5000	99th: 14.7382	95th: 3.0000	median: 1.0718	mean: 1.8343
ReportEsts: [2.0, 1.0556957112361731, 1.0, 1.34, 1.4285714285714286, 2.0, 1.0467289719626167, 1.0, 1.2892768079800498, 1.0, 1.0684931506849316, 1.2219321148825066, 1.0, 1.3333333333333333, 1.1324503311258278, 1.4698795180722892, 1.0, 1.0, 1.2244897959183674, 1.1538461538461537, 1.0, 4.0, 1.0, 1.0, 1.240506329113924, 1.0, 1.0646755412793032, 1.3333333333333333, 1.0, 1.6, 1.0, 2.0, 1.0, 1.0, 1.0, 2.0, 1.0, 1.5, 1.0, 1.5, 2.0, 2.0, 1.1764705882352942, 1.0, 1.8130081300813008, 1.098814229249012, 2.0, 1.3333333333333333, 1.0, 1.0, 3.0, 1.1117594042028367, 1.0, 2.0, 5.0, 1.0729613733905579, 1.2374517374517375, 1.4814814814814814, 1.0, 3.0, 1.0156272608884387, 12.0, 2.0, 2.0, 1.0, 1.2330827067669172, 1.0664197825827262, 1.4285714285714286, 3.0, 2.0, 2.0, 1.445692883895131, 1.050731628879241, 2.7056451612903225, 2.0, 1.5, 1.0, 1.0, 1.0, 1.0, 2.0, 1.0, 1.0, 1.101119697816493, 4.0, 1.5238095238095237, 1.0, 1.0, 1.25, 1.0389390519187358, 1.0, 1.1111111111111112, 2.0, 1.0214121656664443, 1.0980392156862746, 1.2181818181818183, 1.2692307692307692, 1.0, 1.0, 2.0, 1.0, 1.0, 1.2159946620913165, 1.625, 2.0, 1.0, 1.0, 2.0, 1.024322086524529, 2.0, 1.0, 1.1294117647058823, 1.0, 1.0, 1.0, 1.0, 1.0, 1.0, 1.0, 1.0, 1.0, 1.1158989598811293, 1.0, 1.0, 2.5, 3.0, 1.0, 1.8630412890231622, 1.2857142857142858, 1.0, 3.0, 1.0, 1.0, 1.0, 1.143274170948155, 1.1542020713065664, 1.0, 1.0, 1.0, 1.0, 2.0, 1.2357989374744585, 1.2105263157894737, 1.1088899925502855, 1.0, 1.0, 1.3333333333333333, 1.0, 1.0259637645524717, 1.0, 1.2352941176470589, 1.6551724137931034, 1.2, 11.090909090909092, 2.0, 1.0, 1.0, 1.0, 1.3333333333333333, 2.0, 1.0, 1.0, 2.0, 1.7619047619047619, 1.0, 11.8, 4.0, 1.0128495842781557, 1.0, 1.25, 2.0, 1.1569688768606226, 1.0, 1.0, 1.2, 1.0, 1.0379034049880576, 1.0106247343816404, 1.0, 1.1323448331011494, 1.2727272727272727, 1.238514789175582, 1.0, 3.0, 2.0, 1.0, 1.0, 3.0, 2.0, 1.1553509781357882, 1.0, 1.0, 14.73469387755102, 1.0092223783158416, 1.0, 1.1236749116607774, 1.0666545089814898, 2.0, 1.4098360655737705, 2.5757575757575757, 1.1276992801919488, 1.0, 1.0, 1.0, 1.0, 1.0, 1.0, 1.0, 1.0, 1.0, 1.3236363636363637, 1.75, 3.5555555555555554, 6.75, 1.0, 1.0, 1.0689655172413792, 1.0, 1.0, 1.0, 1.0, 2.0, 3.0, 1.0, 1.4, 1.25, 2.0, 2.0, 1.079037454691905, 1.4224781673205924, 1.0689655172413792, 1.0, 1.0499709471237653, 1.0, 4.0, 1.0, 1.0, 1.4, 1.0, 2.2, 1.0, 2.0, 1.5, 14.294021294021293, 1.0777037741833175, 1.0, 7.0, 2.0, 1.0, 2.0, 3.0, 1.0, 1.0201421800947867, 2.6363636363636362, 1.3571428571428572, 2.0, 1.6666666666666667, 1.095959595959596, 1.0, 1.0327455919395465, 1.0647372429550648, 2.857142857142857, 2.5, 1.2983682983682985, 1.0800970873786409, 2.0, 1.0, 1.1715616438356165, 1.6, 1.6666666666666667, 1.0, 1.0, 2.0, 1.0, 2.0, 1.0681818181818181, 1.0, 1.1136133603238867, 1.4451612903225806, 1.0, 1.0, 1.0, 1.1694915254237288, 1.0823095823095823, 1.0, 1.0, 2.0, 1.0063965884861408, 1.158974358974359, 1.0100410311991947, 2.0, 2.0, 1.0, 1.3333333333333333, 1.6467203682393556, 1.0, 1.8385093167701863, 2.0, 1.3272727272727274, 1.0, 1.0, 1.48, 2.75, 1.0, 1.0, 1.1224489795918366, 1.0, 3.0, 1.0, 1.0, 1.1153846153846154, 1.0, 1.0, 1.0, 3.0, 1.037037037037037, 2.0, 2.0, 1.3333333333333333, 2.0, 1.0, 1.0, 1.0, 1.0, 1.0, 2.25, 1.0, 1.0, 1.2050847457627119, 1.5, 1.0, 1.1351512976916638, 1.0, 1.0, 1.0, 1.0, 1.5075662042875158, 2.5, 3.0, 3.0, 1.0, 1.0203252032520325, 6.923076923076923, 1.2365591397849462, 1.7626262626262625, 2.0, 1.6075749605470804, 1.6306306306306306, 1.0, 1.4, 1.3333333333333333, 1.0, 1.0909090909090908, 5.0, 1.0, 1.0, 1.0, 1.0, 1.0, 1.1690140845070423, 12.0, 1.4141414141414141, 8.0, 1.0, 2.0, 1.3636363636363635, 1.1552511415525115, 1.0804582933409916, 3.0, 1.1042281767032478, 1.380952380952381, 1.0241800335168783, 3.125, 1.0037735849056604, 1.0, 17.785714285714285, 1.0, 1.155844155844156, 1.0051418995952284, 1.0, 1.0549500406216699, 1.072890336379545, 1.0234638878907654, 1.0, 1.25, 1.0, 1.11875, 5.0, 2.0, 1.0, 1.1838610827374871, 6.0, 15.089721749006246, 1.5, 1.0, 1.160919540229885, 1.3333333333333333, 1.8, 1.0, 1.0, 3.8, 1.0, 1.0, 1.0, 1.0, 1.0, 1.0, 1.191791542274137, 1.0, 1.0, 1.1235702231389462, 1.0, 2.3333333333333335, 1.0, 1.0, 1.014322825999625, 1.1304347826086956, 15.166666666666666, 1.0, 1.0, 1.3206764815505032, 1.086029735366717, 1.0, 1.1538461538461537, 1.0, 2.0, 1.0, 1.5942028985507246, 1.1736156515616356, 1.0, 1.55, 1.2077922077922079, 1.0, 1.0, 1.2035928143712575, 1.064516129032258, 2.0, 1.0, 1.3874125874125873, 1.050635557239343, 1.6666666666666667, 1.2755905511811023, 2.5833333333333335, 1.0, 1.0, 3.0, 1.0353722694983878, 2.0, 1.0, 1.2118834080717489, 2.0, 2.0, 1.0982142857142858, 1.0, 1.0, 1.875, 1.3333333333333333, 1.3529411764705883, 1.1259541984732824, 1.021068472535741, 1.0, 2.0, 2.0, 1.0, 1.0, 1.0744823974501359, 1.0, 1.0, 1.1389870435806833, 1.4285714285714286, 1.0, 2.0, 1.0, 1.0, 1.119205298013245, 2.0, 1.9117814456459874, 1.2515295717199184, 1.3333333333333333, 2.0, 1.1692307692307693, 1.0, 1.0, 1.0, 1.1764705882352942, 1.0, 2.0, 1.0, 1.1935483870967742, 1.8571428571428572, 1.1057161774442728, 1.0, 1.40625, 1.0, 1.0125, 1.0, 1.0, 1.0, 1.0, 1.0, 1.0230375044754745, 2.0, 2.0, 1.206896551724138, 1.0, 1.0, 2.0, 1.2096774193548387, 1.3333333333333333, 1.073446327683616, 4.055555555555555, 2.0, 1.5, 1.0, 1.0340909090909092, 2.0, 1.1, 1.0618556701030928, 1.0, 1.0441574772683304, 2.2162162162162162, 1.32, 2.0, 3.0, 1.0, 1.0, 2.0, 2.0, 1.1843043995243758, 1.2916666666666667, 1.1428571428571428, 2.0, 1.0, 1.1899710703953712, 1.0, 2.0, 6.0, 1.0, 1.0427453341360626, 3.0, 1.0, 1.5125628140703518, 2.0, 1.0768425061892972, 1.0, 1.0, 1.173381620642825, 1.0, 1.0, 1.1390728476821192, 1.4375, 18.0, 1.0891089108910892, 2.332871012482663, 1.0, 2.0, 1.0, 1.0081967213114753, 1.0, 1.393939393939394, 1.0, 2.2644628099173554, 1.0, 1.4, 1.2102564102564102, 1.1666666666666667, 1.0473061760840998, 1.1911764705882353, 1.0, 6.0, 1.2690058479532165, 2.0, 1.1384615384615384, 1.1875, 12.264705882352942, 1.1152195444040938, 1.0, 1.0, 1.0, 1.2882205513784462, 1.1428571428571428, 1.0665143004207323, 1.0661724823720846, 1.0, 6.0, 1.0, 2.0, 1.0, 1.0, 1.0, 2.0, 2.0, 1.0, 1.0, 2.0, 2.0, 1.008713670899527, 1.3851717902350813, 1.0, 1.0, 1.1764705882352942, 2.0, 2.0, 1.0, 1.0, 1.0, 2.0, 1.0, 1.420706455542022, 1.0, 1.0, 1.0832266325224071, 1.0, 2.0, 1.0, 1.0, 1.5, 1.0, 1.0, 1.0, 1.0, 1.0, 1.5535976505139502, 1.2017126546146528, 1.5, 1.0, 1.0, 1.0576935679412824, 1.0, 1.0, 1.0, 1.25, 1.0716278840059594, 1.0, 3.0, 1.3, 1.019434628975265, 1.0, 1.0, 1.5, 1.0, 1.0, 1.1991361579596873, 1.0, 2.0, 1.116618675442205, 1.0, 1.0, 1.1576470588235295, 1.0, 1.0720507581460372, 1.0, 1.0, 16.0, 1.0466165413533834, 1.0, 1.0, 1.0, 1.0, 1.0, 1.0936722520308144, 1.0353842617423952, 1.0, 2.0, 1.7619047619047619, 1.0, 2.6666666666666665, 6.0, 1.0, 1.0, 1.0697247706422017, 1.0, 1.0, 1.75, 65.0, 1.1523809523809523, 1.186046511627907, 1.2478777589134125, 2.0, 1.2912621359223302, 1.183673469387755, 2.0, 1.0, 3.0, 1.0, 1.0, 1.0, 1.2098765432098766, 1.0, 1.0053418803418803, 1.0, 2.0, 1.75, 2.0, 1.1877551020408164, 1.0, 3.0, 1.0, 1.0, 1.2608695652173914, 1.0, 1.0, 1.0, 1.0105135463000405, 1.0081967213114753, 2.0, 1.8, 57.0, 1.0, 1.6538461538461537, 1.0, 1.3333333333333333, 2.0, 1.0, 2.0, 1.0077639751552796, 2.0, 1.0, 1.25, 1.0649350649350648, 1.1502299437915176, 1.0, 1.0, 1.0332383665717, 1.0766002098635887, 1.092485549132948, 1.1111111111111112, 2.0, 1.0, 1.1005484460694699, 3.0, 1.434782608695652, 1.0, 1.0, 1.0, 1.4, 1.0, 1.5263157894736843, 1.0, 1.0, 1.0512820512820513, 3.0, 3.0, 2.0, 1.0, 1.131480356419603, 1.2320441988950277, 1.1025641025641026, 1.0, 1.0, 3.0, 3.0, 1.0, 1.0, 1.0, 1.0, 2.0, 1.0, 2.0, 1.5, 1.2773109243697478, 1.0, 1.0479746095381275, 1.0, 1.0, 1.0555555555555556, 1.0940516972905636, 1.5, 1.0, 1.0, 1.0, 1.0, 2.0, 1.0332559938128383, 3.0, 1.0, 1.0, 1.0, 1.0, 3.0, 2.5657894736842106, 1.0, 1.0, 2.0, 1.0, 1.2537735849056604, 1.1416112956810631, 2.0, 1.0, 1.0199004975124377, 1.12, 2.0, 1.766798418972332, 1.0, 2.0, 2.0, 2.0, 1.0, 1.1428571428571428, 1.0, 1.0, 1.249240121580547, 1.1185787081669192, 1.2727272727272727, 1.0, 1.1102941176470589, 1.0, 1.25, 1.0, 2.5, 1.0, 1.1010271158586689, 1.1578947368421053, 2.0, 1.0, 1.2287282708142726, 1.0128549230117248, 1.0, 3.0, 2.0, 14.594112399643176, 1.0, 1.0182246250435996, 1.34, 1.34, 3.125, 1.2535570469798658, 1.0, 1.1293706293706294, 3.0, 1.0, 1.0, 1.0, 4.0, 1.5, 2.0, 1.0, 1.0, 4.0, 1.0, 1.0, 1.0, 2.4210526315789473, 3.0, 1.0, 2.0, 1.2299107142857142, 1.6181818181818182, 1.0, 2.0, 1.18419452887538, 1.0, 1.0, 1.588235294117647, 1.0, 1.0, 1.0, 1.0, 1.1, 2.0, 19.05, 75.5, 6.0, 1.0, 2.1, 1.0942760942760943, 1.0, 1.0951485520872508, 1.0, 1.0, 1.0, 2.0, 1.0198198198198198, 1.0, 1.0, 1.0, 1.0, 1.0, 1.0, 1.0, 1.0, 1.0, 1.0, 1.0, 1.0, 1.0118217383908827, 2.0, 1.0, 1.0, 1.0, 2.0, 1.120879120879121, 1.0, 1.0, 3.0, 1.0, 1.0, 1.0, 2.0, 1.0, 1.596638655462185, 1.2157531487498994, 1.0, 1.5935483870967742, 1.5, 1.3448275862068966, 1.0, 1.1155753968253967, 1.0, 1.0, 1.0618556701030928, 1.0, 1.0, 1.0, 2.0, 1.1136363636363635, 1.0, 1.0105880601458985, 1.0982786332763002, 1.1475409836065573, 16.88888888888889, 1.0, 2.0, 1.0, 1.0, 1.0, 1.0, 1.0, 2.0, 2.0, 1.0, 1.0, 1.0, 1.1259831460674157, 1.2826086956521738, 1.0, 1.0, 1.4, 1.0736342042755345, 1.0, 2.0, 1.02431385211495, 1.0588235294117647, 1.6132075471698113, 1.0, 2.0, 1.0, 1.2, 1.2321428571428572, 1.0, 1.0832675611681137, 1.0, 1.0, 1.457217847769029, 1.4, 1.0821529745042493, 3.0, 1.5, 2.0, 1.0031347962382444, 1.0, 1.5, 13.901408450704226, 1.0, 1.0, 9.0, 1.0, 2.0, 1.0679916317991631, 1.5, 1.0, 1.0, 2.0, 1.1871345029239766, 1.0, 1.0917963597995253, 1.5, 1.0, 1.0, 1.0, 1.0, 1.0, 1.0, 3.0, 1.0851063829787233, 2.0, 1.2775096525096525, 1.0, 1.0712814431059234, 1.0, 1.0, 1.0, 1.0, 1.0, 13.5, 1.2352941176470589, 1.0, 1.0, 2.0, 1.1433691756272402]
origin-forest_39.80 	max: 75.5000	99th: 14.7382	95th: 3.0000	median: 1.0718	mean: 1.8343

...Done, result: results.csv

WORKLOAD-FINISHED | Type: QueryWorkload | Progress: 3/3 | Workload-time: 30.591575 | Model-update-time: 0.000000


Experiment Summary: #data-update-times=1, #drift=1 | total-time=70.739793