Input arguments = Namespace(data_update='valueskew', update_size=100000, dataset='forest', debug=False, drift_test='js', model_update='adapt', model='transformer', end2end=False, query_seed=0, random_seed=42, num_workload=3)
JSON-passed parameters = {'data_updater': {'skew_ratio': '1e-3'}, 'random_seed': 23, 'transformer': {'epochs': 0}}
MODEL-PATH=/home/kangping/code_copy/SAUCE/models/end2end/transformer/origin-forest-2.0MB-model58.950-data19.148-300epochs-seed0.pt
DATASET-PATH=/home/kangping/code_copy/SAUCE/data/forest/end2end/forest.npy
Workloads: ['QueryWorkload', 'DataUpdateWorkload', 'QueryWorkload']

WORKLOAD-START | Type: QueryWorkload | Progress: 1/3
Going to run: ['python', '/home/kangping/code_copy/SAUCE/Naru/eval_model.py', '--dataset=forest', '--model=transformer', '--query_seed=0', '--end2end', '--eval_type=first_estimate', '--num_workload=3', '--data_update=valueskew', '--model_update=adapt', '--random_seed=42']
Torch device: cuda:1
GET-MODEL-PATH=./models/end2end/transformer/origin-forest-2.0MB-model58.950-data19.148-300epochs-seed0.pt
ckpts [PosixPath('/home/kangping/code_copy/SAUCE/models/end2end/transformer/origin-forest-2.0MB-model58.950-data19.148-300epochs-seed0.pt')]
Validate Argument: DATASET="forest" is valid.
load_csv_dataset - forest (581012, 10)
Parsing... done, took 0.1s
Loading ckpt: /home/kangping/code_copy/SAUCE/models/end2end/transformer/origin-forest-2.0MB-model58.950-data19.148-300epochs-seed0.pt
query_seed:0
origin-forest_39.80 	max: 102.0000	99th: 4.3096	95th: 2.5000	median: 1.0024	mean: 1.4008
ReportEsts: [1.0, 1.3796007485963817, 1.0, 1.3409090909090908, 1.3333333333333333, 1.0, 1.259016393442623, 1.0, 1.327536231884058, 1.0, 1.1166666666666667, 1.0, 1.0, 1.0, 3.0, 1.0470942177869094, 1.0, 1.1111111111111112, 1.6226415094339623, 1.125, 1.0, 3.0, 1.0, 1.0, 1.6, 1.0, 1.10995486819789, 1.3, 3.0, 1.5772727272727274, 1.0, 1.117343649258543, 1.5555555555555556, 1.0, 1.1724137931034482, 1.0401748788845564, 1.0441603718768158, 1.0, 1.0857787810383748, 1.0, 2.0, 1.0, 1.0, 1.0, 1.1382113821138211, 1.0166666666666666, 1.0, 1.0, 1.0, 1.0, 3.0, 1.1640326209223848, 1.0, 1.0, 4.5, 1.0603015075376885, 1.0058565153733527, 2.0, 1.0, 1.0, 1.0022233624080725, 3.0, 1.0, 1.4438356164383561, 1.1910828025477707, 1.0, 1.3976608187134503, 1.5303030303030303, 1.1485943775100402, 1.0, 2.0, 1.0, 1.1483253588516746, 1.3609560913972834, 1.75, 2.0, 1.0, 1.0, 1.0, 1.0, 1.0, 1.0, 1.0557703263611948, 3.5, 1.4444444444444444, 1.0, 1.0, 1.3333333333333333, 1.0877581562406464, 1.0, 1.3333333333333333, 1.2432432432432432, 1.0, 1.103902953586498, 1.0, 1.0, 1.0028716589352773, 1.1924050632911392, 1.0, 1.0, 2.0, 1.0, 1.0, 1.0, 1.096551724137931, 1.0, 1.0, 1.0, 1.0942028985507246, 1.0, 1.0704225352112675, 1.0, 1.0, 1.3323211875843455, 1.183673469387755, 2.0, 1.0, 2.0, 1.0, 1.0, 1.0, 1.0, 3.0, 1.0, 1.046453232893911, 1.1428571428571428, 1.0, 1.0, 1.0, 1.0, 1.0, 1.0071170084439083, 1.1443394571292513, 1.0, 1.25, 1.0, 1.0, 2.0, 1.0257458111973845, 1.2380952380952381, 1.1182788996925122, 1.0, 1.0, 1.6666666666666667, 1.0, 1.0629433992657276, 1.0, 1.1666666666666667, 2.0, 1.0833333333333333, 1.0, 1.0, 1.0, 1.0, 1.0, 1.25, 1.0, 1.0, 1.0, 2.0, 1.6842105263157894, 1.0, 1.0227634511302133, 4.0, 1.050862808656688, 1.0, 1.3333333333333333, 1.0, 1.0436893203883495, 1.0, 1.0, 1.0, 1.0075187969924813, 1.380952380952381, 1.0, 1.0, 1.3840304182509506, 1.0, 1.102247191011236, 1.0, 2.303738317757009, 2.0, 1.0, 1.1356263404559537, 1.0, 1.0752881844380404, 1.0, 1.0, 1.303030303030303, 1.064039811569471, 1.0, 1.1959798994974875, 2.875, 1.0, 1.0, 1.0, 1.0, 1.1527777777777777, 1.1428571428571428, 1.3701536210680323, 1.069488313329122, 1.0, 1.0, 1.0, 2.0, 3.0, 1.5326086956521738, 1.0, 1.0, 1.0, 1.0, 1.7894736842105263, 1.0, 1.125, 1.0, 1.0, 1.0, 1.0643564356435644, 1.0, 2.0, 1.0, 1.0801191855653038, 1.5, 1.0, 2.090909090909091, 1.0, 1.13125, 1.0, 3.0, 1.0, 1.0, 1.0, 1.2222222222222223, 1.0, 4.3076923076923075, 1.0, 2.0, 2.0, 1.04579653254825, 1.0071219636271143, 1.0, 4.0, 1.5, 1.0352139341158653, 1.0288713910761156, 1.375, 1.0, 1.0083102493074791, 1.1111111111111112, 1.1952054794520548, 1.0, 1.6666666666666667, 1.1183431952662721, 1.0, 1.8478260869565217, 1.2670694864048337, 1.1428571428571428, 2.0, 1.3277310924369747, 1.1165311653116532, 4.0, 1.0, 1.289561099724362, 1.25, 2.0, 1.0, 1.1428571428571428, 1.0, 1.0, 1.0, 1.1176470588235294, 1.5, 1.3342301943198804, 2.0, 1.0, 1.1544741475908435, 1.2222222222222223, 1.0, 1.1363636363636365, 1.0, 1.0, 1.0, 1.7777777777777777, 1.0, 1.0, 1.0, 2.0, 1.0, 3.3035714285714284, 1.0, 1.25, 1.0, 1.0, 2.0, 1.0, 1.690781796966161, 1.2206896551724138, 1.0637795275590551, 1.8614232209737829, 1.0, 1.4366935483870968, 1.0, 1.0, 3.0, 1.0, 1.1736111111111112, 1.0, 2.0, 1.0, 1.2, 1.0, 1.0, 1.0833333333333333, 1.5, 1.0, 1.0, 1.0, 1.0, 1.0, 2.0, 1.0, 1.0, 1.2585400934915498, 1.5, 1.0, 1.1010007900974454, 1.0, 1.0, 1.0, 1.0, 1.1460101867572157, 1.0, 3.0, 1.0, 1.0, 1.3255813953488371, 1.0, 1.0864197530864197, 1.9878048780487805, 1.0, 1.4614305750350631, 1.117117117117117, 1.0, 1.5217391304347827, 1.0, 1.1428571428571428, 10.0, 3.0, 1.0, 1.0, 1.0, 1.0, 1.0, 1.6206896551724137, 2.1818181818181817, 1.5925925925925926, 6.0, 1.0, 1.0, 1.0, 1.2974358974358975, 1.1, 1.6666666666666667, 1.1013483885112914, 1.1454561395817808, 1.4365482233502538, 1.0495019209193215, 1.1547169811320754, 1.0, 1.5268817204301075, 1.0, 1.0002520161290323, 1.033114412829417, 1.0, 1.0417288010298373, 1.0578028104909825, 1.0360012159638685, 1.0, 1.6666666666666667, 2.0, 1.0062893081761006, 1.0, 1.0, 1.0469208211143695, 102.0, 1.0, 1.9767441860465116, 1.0, 1.0755282695602513, 1.0, 5.0, 1.1666666666666667, 1.0, 1.0, 5.666666666666667, 1.0, 1.0290880503144655, 1.0, 1.0, 1.0, 1.0, 1.002498910358855, 1.0, 2.0, 1.0369565217391303, 1.0505385252692627, 1.1609589041095891, 1.81489841986456, 1.1702127659574468, 1.0817155273750578, 1.2005899705014749, 2.2758620689655173, 1.0, 1.0, 1.1319418561311965, 1.0964090107019273, 1.0, 1.1, 1.0, 1.0, 1.0, 1.0, 1.0, 1.0, 1.0, 1.1261547344110854, 2.5, 1.1423699914748509, 1.0, 1.0, 1.0, 1.146153846153846, 1.074745895230649, 2.5, 1.2756508422664625, 3.111111111111111, 1.0, 1.0, 1.0, 1.0316278279582072, 2.0, 1.0, 1.4118705035971224, 1.0, 1.6521739130434783, 1.0, 1.0, 1.0, 1.027060879697058, 1.0, 1.0, 2.0, 1.3333333333333333, 1.2048192771084338, 1.0273141122913505, 1.6666666666666667, 1.0, 1.0, 1.29, 1.25, 2.0, 1.0370074547390842, 1.0, 1.4444444444444444, 1.0, 1.0, 1.0909090909090908, 2.0, 1.0, 3.4444444444444446, 1.0091663659328762, 1.0824845398326663, 1.5345911949685536, 1.3666666666666667, 1.0, 1.0, 1.5, 1.0, 1.153309344673427, 1.7142857142857142, 1.0, 1.0, 1.1782608695652175, 1.0427807486631016, 1.0, 1.1106215702828197, 1.2, 1.0, 1.0101322196060047, 2.5, 1.016341504085376, 1.0, 1.0, 1.0, 1.0145195285056334, 1.6428571428571428, 2.0, 1.08, 1.0, 2.0, 1.0, 1.0, 1.0, 1.0463576158940397, 1.0161596680400924, 2.0, 1.0, 1.0, 1.1766723842195541, 1.0, 10.0, 1.271604938271605, 1.0, 1.054426968868844, 3.8666666666666667, 1.12, 1.0, 3.6, 1.0, 1.0, 1.0261701056869652, 1.5, 4.0, 1.2613953488372094, 1.2, 1.0, 1.0299808181784647, 1.0, 1.5555555555555556, 1.0, 2.0, 1.0, 1.1947565543071161, 1.0, 1.0, 1.4285714285714286, 1.0401202817124318, 1.361842105263158, 1.5421686746987953, 1.2222222222222223, 1.4246575342465753, 2.0, 1.7272727272727273, 1.062111801242236, 1.0, 1.0, 1.1282051282051282, 1.0660295395308428, 2.5, 2.0, 1.1428571428571428, 1.1714285714285715, 1.0, 1.1910828025477707, 1.0, 1.0334190231362468, 1.0, 2.4, 1.0484343881389688, 6.0, 1.0482618439568459, 2.3333333333333335, 1.0, 3.0, 1.0625, 1.0, 2.0, 1.032967032967033, 1.0, 1.0, 1.0, 1.0, 1.0, 1.1346153846153846, 2.0, 1.1764705882352942, 1.0, 1.0, 2.0, 1.0, 1.0, 1.0, 1.0, 1.0, 1.0, 1.0, 1.0, 2.0, 1.3274336283185841, 1.5, 1.0, 1.2116666666666667, 1.0, 1.0, 1.2857142857142858, 1.0136014767317594, 2.2857142857142856, 1.0, 1.0, 1.0, 1.0, 1.0090367388816541, 1.0, 1.0, 1.0455868089233753, 1.0545868081880212, 1.148936170212766, 2.0, 1.0, 1.0, 1.0, 1.3846153846153846, 1.0, 1.0, 1.0, 1.2269076305220883, 2.0, 1.0660998937300743, 1.0, 1.0, 1.0181515151515153, 1.0, 1.0, 1.0, 1.68, 1.1332217880571738, 1.0, 2.0, 1.0833333333333333, 1.153301886792453, 1.0, 1.0, 1.5, 1.0, 1.0, 1.0641124374278013, 1.0, 2.0, 1.075490946187197, 1.0, 1.0, 1.0643626346105686, 1.0, 1.0983917943522856, 1.0, 1.0, 1.21, 1.0086522462562395, 3.35, 1.3829787234042554, 1.0, 1.0, 4.0, 1.0104198826798394, 1.0, 1.0, 1.0, 1.0, 1.1111111111111112, 1.0, 1.0, 1.5, 1.1884328358208955, 1.0, 2.0, 1.0, 1.0, 1.0, 1.2, 1.1243781094527363, 1.0, 1.0, 1.0, 1.0, 1.0, 1.0, 1.2, 1.0, 1.0, 1.0, 1.0, 1.0, 2.0, 1.0229092850555743, 2.7349397590361444, 1.0, 2.0, 1.5, 1.0755395683453237, 1.0, 1.0, 1.0, 2.0, 1.0, 1.0058335891925085, 1.0337078651685394, 1.5454545454545454, 1.188905109489051, 1.0, 1.9166666666666667, 1.0, 1.24, 1.0, 1.2, 1.0, 1.0, 1.0, 1.0241725548531053, 1.5, 1.0, 4.0, 1.1333333333333333, 1.1536322171542996, 1.0, 1.0, 1.2075471698113207, 1.0827966881324746, 1.1940298507462686, 1.0, 1.0, 1.0, 1.0201462589884094, 2.0, 1.375, 1.0, 1.0, 1.6666666666666667, 1.1570926143024618, 1.0, 1.0, 1.0, 1.0, 1.0, 1.5, 1.2333333333333334, 1.0, 1.0456572141965401, 1.023083264633141, 2.0, 1.0, 1.0, 3.0, 1.0, 1.0, 1.0, 1.0, 1.0, 2.0, 1.0, 2.0, 3.0, 1.002808988764045, 1.0, 1.0684725357411589, 1.0, 1.0, 1.0588235294117647, 1.0978805394990365, 3.0, 1.0, 1.0, 1.0, 1.0, 1.2142857142857142, 1.4572192513368984, 3.0, 1.0, 1.0, 1.0, 1.0, 1.0, 1.0471092077087794, 1.0, 1.0, 1.0, 1.0, 1.1933962264150944, 1.0397236614853196, 1.0, 1.0, 1.0919540229885059, 1.0, 2.0, 1.3253012048192772, 1.0, 1.0, 1.0, 1.0, 1.0, 2.2857142857142856, 1.5, 1.0, 1.1033434650455927, 1.1957417582417582, 1.3333333333333333, 1.0, 1.0, 1.0, 1.0, 1.2, 1.0, 1.0, 1.1216887417218544, 1.0, 1.0, 1.1, 2.0, 5.142857142857143, 1.0, 1.0877796901893289, 1.0, 1.0, 3.0, 1.0, 1.0740740740740742, 1.0242214532871972, 1.0, 1.0921052631578947, 1.0, 1.3863636363636365, 1.0, 1.0, 1.0, 1.2142857142857142, 1.0, 1.0, 1.0, 1.5, 1.0526315789473684, 1.0, 1.0, 1.076282751091703, 1.1367892522730356, 1.0, 1.0, 1.0, 1.0111442520292628, 1.0, 1.4166666666666667, 1.0, 1.0979292493528905, 2.0, 1.0, 1.3076923076923077, 1.25, 1.6666666666666667, 1.0924234282643739, 1.0, 1.6071428571428572, 1.0, 2.0, 1.25, 1.0, 1.0, 1.0, 2.0, 1.6666666666666667, 1.0, 1.0, 1.6666666666666667, 1.0, 1.1428571428571428, 1.0, 4.0, 1.0, 1.3333333333333333, 1.0, 1.0, 1.0, 1.0, 1.0, 1.0, 1.0, 1.0, 1.0802802802802802, 2.0, 1.0, 1.0, 1.0, 1.0, 1.125, 2.0, 1.0, 1.0751476113794953, 1.0, 1.2394366197183098, 1.0, 1.4196368527236045, 1.0, 1.303030303030303, 4.615384615384615, 2.6, 1.0, 1.0, 1.1176470588235294, 1.028015601217656, 1.0, 1.0, 1.0137142857142858, 1.0, 1.0, 1.0, 2.0, 1.013692970548309, 1.0, 3.25, 1.0, 1.018181818181818, 1.0, 1.0, 1.0, 1.0, 1.0, 1.0, 1.0, 1.0, 3.0, 2.0, 1.0, 1.0, 1.0, 1.0418495756511559, 1.0108508906772764, 1.0, 1.0, 1.2307692307692308, 1.0621468926553672, 1.0, 2.0, 1.0114588941013611, 1.2, 1.0574712643678161, 1.0, 1.0, 1.0, 1.5, 2.0444444444444443, 1.0, 1.2570774354704413, 1.0, 1.0, 1.253018372703412, 1.0, 1.5833333333333333, 1.0, 1.0, 1.0, 1.007168458781362, 1.0, 1.5, 1.4074074074074074, 1.042775859719257, 1.0, 1.4285714285714286, 1.0, 1.0, 1.1292043609371376, 2.0, 1.75, 1.0, 1.098360655737705, 1.0, 1.0784835384103757, 1.5, 1.0, 1.0, 1.0, 1.0, 1.0, 1.0, 2.0, 1.2439024390243902, 1.0, 1.0360078277886497, 1.0, 1.0550548035551648, 1.0, 1.0, 1.0, 1.0, 1.0, 1.0135135135135136, 1.061977873109054, 2.0, 1.0472972972972974, 1.0, 1.0700150300601203, 1.0740740740740742, 2.0, 1.11864406779661, 1.3189655172413792, 1.0, 1.0, 1.0, 1.2114608555286521, 1.0, 1.0, 1.2372262773722629, 2.0, 1.0]
origin-forest_39.80 	max: 102.0000	99th: 4.3096	95th: 2.5000	median: 1.0024	mean: 1.4008

...Done, result: results.csv

WORKLOAD-FINISHED | Type: QueryWorkload | Progress: 1/3 | Workload-time: 30.109903 | Model-update-time: 0.000000


WORKLOAD-START | Type: DataUpdateWorkload | Progress: 2/3
Going to run: ['python', '/home/kangping/code_copy/SAUCE/Naru/eval_model.py', '--model=transformer', '--data_update=valueskew', '--dataset=forest', '--drift_test=js', '--end2end', '--update_size=100000', '--query_seed=0', '--eval_type=drift']
Torch device: cuda:1
GET-MODEL-PATH=./models/end2end/transformer/origin-forest-2.0MB-model58.950-data19.148-300epochs-seed0.pt
GET-DATASET-PATH=./data/forest/end2end/forest.npy
ValueSample - START
ValueSample - END
load_npy_dataset_from_path - df.shape = (681012, 10)
Parsing... done, took 0.1s
Data updated!
Previous data size: (581012, 10), new data size: (100000, 10)
[1.2516975e-06 5.9604645e-08 2.3841858e-07 6.5565109e-07 4.7683716e-07
 5.3644180e-07 0.0000000e+00 1.2516975e-06 6.3527822e-03 5.9604645e-07]
Distance score: 0.0006357848760671914
SAUCE Drift detection: True
Detection latency: 0.0650s

DRIFT-DETECTED after 2-th workload
Going to run: ['python', '/home/kangping/code_copy/SAUCE/Naru/incremental_train.py', '--dataset=forest', '--end2end', '--model=transformer', '--model_update=adapt', '--update_size=100000', '--epochs=0']
Torch device: cuda:1
GET-MODEL-PATH=./models/end2end/transformer/origin-forest-2.0MB-model58.950-data19.148-300epochs-seed0.pt
update_size: 100000
AdaptTask - START
GET-DATASET-PATH=./data/forest/end2end/forest.npy
load_npy_dataset_from_path - df.shape = (681012, 10)
Parsing... done, took 0.1s
done, took 0.1s
dataset size: 681012
train data shape: torch.Size([100000, 10]), transfer data shape:torch.Size([20000, 10])
Training done; evaluating likelihood on full data:
Epoch None Iter 0, test loss 121.4179 nats / 175.1690 bits
Saved to: /home/kangping/code_copy/SAUCE/models/end2end/transformer/origin-forest-2.0MB-model58.950-data19.148-300epochs-seed0.pt
AdaptTask - END

WORKLOAD-FINISHED | Type: DataUpdateWorkload | Progress: 2/3 | Workload-time: 4.313855 | Model-update-time: 5.871443


WORKLOAD-START | Type: QueryWorkload | Progress: 3/3
Going to run: ['python', '/home/kangping/code_copy/SAUCE/Naru/eval_model.py', '--dataset=forest', '--model=transformer', '--end2end', '--query_seed=0', '--eval_type=estimate', '--num_workload=3', '--data_update=valueskew', '--model_update=adapt', '--random_seed=42']
Torch device: cuda:1
GET-MODEL-PATH=./models/end2end/transformer/origin-forest-2.0MB-model58.950-data19.148-300epochs-seed0.pt
ckpts [PosixPath('/home/kangping/code_copy/SAUCE/models/end2end/transformer/origin-forest-2.0MB-model58.950-data19.148-300epochs-seed0.pt')]
Validate Argument: DATASET="forest" is valid.
data size: 681012, total size: 681012, split index: [567510 681012]
Parsing... done, took 0.1s
Loading ckpt: /home/kangping/code_copy/SAUCE/models/end2end/transformer/origin-forest-2.0MB-model58.950-data19.148-300epochs-seed0.pt
query_seed:0
origin-forest_39.80 	max: 797.0000	99th: 11.3500	95th: 3.0000	median: 1.0502	mean: 3.4294
ReportEsts: [1.0, 1.2682926829268293, 1.0, 1.5777777777777777, 1.4285714285714286, 1.0, 1.5494791666666667, 1.0, 1.0153061224489797, 1.0, 1.0422535211267605, 1.1657142857142857, 1.0, 2.0, 1.291044776119403, 1.2380952380952381, 2.0, 1.0, 1.12, 1.6666666666666667, 1.0, 31.0, 1.0, 1.0, 1.2309368191721133, 1.0, 1.0433212996389891, 2.0, 1.0, 6.2, 1.5, 1.0, 1.0, 1.0, 1.0, 2.0, 1.0, 5.0, 1.0, 1.8, 2.0, 1.0, 1.0869565217391304, 1.0, 1.113821138211382, 1.0830188679245283, 1.0, 1.3333333333333333, 10.0, 2.0, 3.0, 1.1330729229073306, 1.0, 1.0, 4.0, 1.0643776824034334, 1.3481654957064793, 2.5625, 1.0, 2.0, 1.033200713403759, 13.0, 1.0, 1.0, 1.0, 1.7014925373134329, 1.0246501551613092, 1.0, 3.0, 2.0, 1.0, 1.1703703703703703, 1.0879911455451023, 2.0, 1.0, 1.1673640167364017, 1.0, 1.0, 2.0, 1.0, 1.0, 1.0, 1.0, 1.085107139681693, 2.3333333333333335, 1.2564102564102564, 1.0, 1.0, 1.0, 1.4379527087698294, 1.0, 1.0, 2.0, 1.1403534183082271, 1.25, 1.0545454545454545, 1.2307692307692308, 2.0, 1.0, 2.0, 1.0, 1.0, 1.1939359267734553, 2.0, 1.0, 1.0, 2.0, 1.0, 1.0332018677183916, 2.0, 1.0, 1.0638297872340425, 1.0, 1.0, 1.0, 1.0, 1.0, 1.0, 1.0, 1.0, 1.0, 1.1155555555555556, 1.0, 1.0, 1.0, 3.0, 1.0, 1.6710608913998743, 1.2857142857142858, 1.0, 1.4308943089430894, 1.0, 1.0, 1.0, 1.1425061425061425, 1.1820426883048156, 1.0, 1.2727272727272727, 1.0, 1.0, 2.0, 1.020896528479946, 1.4444444444444444, 1.019045898084568, 1.0, 1.0, 1.0, 1.0, 1.1341360998680297, 1.0, 1.027027027027027, 1.8461538461538463, 1.1428571428571428, 1.4, 1.0, 1.0, 1.0, 1.0, 1.0, 1.0, 1.0, 2.0, 1.5, 1.5, 2.0, 1.0328435883603593, 4.0, 1.010725625338806, 1.0, 1.6666666666666667, 5.0, 1.4336569579288025, 1.0, 1.0, 8.866666666666667, 1.0, 1.190056235216717, 1.2198523379819524, 1.0, 1.0573055994649805, 1.2012383900928794, 1.0495569412536923, 1.0, 3.0, 1.0, 1.0, 1.0, 3.0, 1.0, 1.0638297872340425, 1.0, 1.0, 5.0, 1.2069208311866735, 1.0, 1.1782178217821782, 1.0282023279972299, 2.0, 119.0, 11.0, 1.246358496840705, 1.0, 1.0, 1.0, 1.0, 1.3529411764705883, 1.0, 1.0, 1.0, 2.0, 1.553072625698324, 2.3333333333333335, 1.4285714285714286, 23.0, 1.0, 4.0, 1.1311475409836065, 1.0, 1.0, 1.0, 1.0, 2.0, 6.0, 2.0, 1.25, 1.2307692307692308, 1.0, 1.0, 1.160839863371509, 1.226237997626497, 1.103448275862069, 1.0, 1.0653841231084287, 1.0, 2.0, 1.0, 1.0, 1.0909090909090908, 1.0, 3.933333333333333, 1.0, 2.0, 2.0, 1.0821114369501466, 1.0234510931235343, 1.0, 4.0, 1.3333333333333333, 2.0, 1.0, 2.0, 1.0, 1.0169082125603865, 1.4, 1.264, 2.0, 1.25, 1.158974358974359, 1.0, 1.0294117647058822, 1.2033857892226991, 1.5714285714285714, 2.5, 1.3719211822660098, 1.0533980582524272, 2.0, 1.0, 1.0355847797708262, 1.875, 1.3333333333333333, 2.0, 1.625, 2.0, 1.0, 2.0, 1.4186046511627908, 1.3333333333333333, 2.5930232558139537, 797.0, 1.0, 1.5351851851851852, 1.0, 1.0142857142857142, 1.1563786008230452, 1.0, 1.0, 1.5, 1.5673289183222958, 1.1693121693121693, 1.004779000193013, 2.0, 1.134020618556701, 1.0, 1.2, 1.0263720598717034, 1.0, 1.1879699248120301, 3.0, 1.5168539325842696, 1.0, 1.0, 1.56, 1.7142857142857142, 1.0, 1.0, 1.1161290322580646, 1.0, 5.0, 1.0, 1.0, 1.12, 1.0, 1.6666666666666667, 1.0, 1.0, 1.3137254901960784, 1.0, 1.0, 1.3333333333333333, 3.0, 1.0, 1.0, 1.0, 3.0, 1.0, 1.8181818181818181, 1.0, 1.0, 1.376477813603562, 1.5, 2.0, 1.0254174981619577, 3.0, 1.0, 1.0, 1.0, 1.0177777777777777, 1.5, 4.0, 2.0, 1.0, 1.1674418604651162, 1.75, 1.105263157894737, 2.210810810810811, 1.0, 1.063012850286422, 1.936936936936937, 2.0, 1.206896551724138, 1.0, 1.0, 5.1, 2.0, 1.0, 2.0, 1.0, 1.0, 1.0, 1.854014598540146, 3.6666666666666665, 1.6666666666666667, 6.0, 1.0, 1.0, 1.31875, 1.4113924050632911, 1.077841739628385, 4.0, 1.1721257315461582, 1.1067961165048543, 1.0528967254408061, 11.333333333333334, 1.2317460317460318, 1.0, 1.5777777777777777, 1.0, 1.4166666666666667, 1.0353653447963658, 1.0, 1.008697027197976, 1.0654096608027992, 1.104392554490619, 1.0, 1.25, 2.0, 1.0052631578947369, 1.0, 2.0, 1.0, 1.1585728444003964, 2.0, 1.1724422442244224, 1.0, 1.0, 1.0120481927710843, 1.875, 1.5, 1.0, 1.0, 4.25, 1.0, 1.0079681274900398, 1.0, 1.0, 1.0, 1.0, 1.0233242064699322, 1.0, 1.8333333333333333, 1.0126000340541461, 1.0, 2.3333333333333335, 2.0, 1.0, 1.000678868190952, 1.0, 2.1142857142857143, 1.0, 1.0, 1.1142919364098909, 1.1063937720718786, 1.0, 1.0, 2.25, 3.0, 1.0, 2.5365853658536586, 1.1786324786324787, 1.0, 1.687866108786611, 2.7142857142857144, 1.0, 1.0, 1.0, 1.21875, 2.0, 1.0, 1.1830732292917168, 1.0806343663611233, 2.3333333333333335, 1.2399481193255513, 2.3333333333333335, 1.0, 1.0, 1.0, 1.140318533312849, 1.3333333333333333, 1.0, 1.2997601918465227, 1.0, 1.0, 1.1142857142857143, 1.0, 1.0, 1.0758620689655172, 1.0, 1.3529411764705883, 1.2901960784313726, 1.0550678371907423, 1.0, 2.0, 2.0, 1.0, 1.0, 1.099553918483693, 1.0, 1.0, 1.190535491905355, 1.2411575562700965, 1.0, 1.0, 1.0, 1.0, 1.0728476821192052, 1.0, 1.2516224188790561, 1.0750758066273904, 1.25, 2.0, 1.1900826446280992, 1.0, 1.0, 1.0, 1.631578947368421, 1.0, 1.0, 1.0, 1.088235294117647, 1.7333333333333334, 1.01591942820013, 1.0, 3.0, 1.0, 1.2077922077922079, 1.0, 1.0, 1.0, 1.0, 1.0, 1.0238912796271935, 1.8, 1.0, 1.56, 1.0, 2.0, 1.0, 1.5961538461538463, 1.3333333333333333, 1.0965909090909092, 132.33695652173913, 2.0, 1.5, 1.0, 1.1242774566473988, 1.0, 452.0, 1.28125, 1.0, 1.0110212619813295, 1.1, 1.2222222222222223, 1.0, 2.0, 2.0, 1.0, 1.0, 1.0, 1.2182254196642686, 33.6, 1.1428571428571428, 2.0, 1.0, 1.0681287914139057, 1.0, 1, 2.5, 2.0, 1.1037140854940435, 2.0, 1.0, 1.2337662337662338, 2.0, 1.0612882055128445, 1.0, 1.0, 1.3933009184224743, 1.0, 1.0, 1.1476510067114094, 1.0, 1.0, 1.1382978723404256, 1.4019337016574585, 1.2, 1.0, 1.125, 1.1869918699186992, 2.0, 1.2134831460674158, 1.0, 1.110948905109489, 2.0, 2.0, 1.039382634588705, 1.1666666666666667, 1.0451109013304933, 1.0253164556962024, 1.0, 5.0, 1.5555555555555556, 1.0, 1.15, 1.1764705882352942, 1.0917127071823205, 1.3149728471683475, 1.0, 1.0, 1.0, 1.0290456431535269, 1.1428571428571428, 1.0290322580645161, 1.185743660041124, 1.0, 2.0, 2.0, 1.0, 1.0, 1.0, 1.0, 1.0, 1.0, 1.0, 1.0, 3.0, 1.893854748603352, 1.3512, 1.3816631130063965, 1.0, 1.0, 1.1764705882352942, 2.0, 2.0, 3.0, 1.0, 1.0, 1.0, 1.0, 1.0489081513585599, 1.0, 1.0, 1.1935483870967742, 1.0, 1.0, 1.0, 1.5, 2.0, 1.0, 1.0, 1.0, 1.0, 1.1, 373.5, 1.225483870967742, 1.5, 1.0, 1.0, 1.0328103201805, 1.0, 2.0, 1.0, 1.0, 1.0531532748143146, 1.0, 3.0, 1.3, 1.337837837837838, 1.0, 1.0, 1.0, 1.0, 1.0, 1.1878661259268362, 1.0, 3.0, 1.1356088560885609, 1.0, 1.0, 1.0626464947794587, 1.0, 1.0905237991740926, 1.0, 2.0, 1.5789473684210527, 1.0701513067400275, 1.0, 1.0, 1.0, 1.25, 1.0, 1.0600656875992465, 1.0085235637795031, 1.0, 2.0, 1.8823529411764706, 2.0, 1.2857142857142858, 22.0, 1.0, 2.0, 1.0928530473203144, 1.0, 1.0, 1.0, 1.3625, 1.3867924528301887, 1.098360655737705, 1.1794071762870515, 2.0, 1.107033639143731, 1.475, 2.7045454545454546, 1.0, 3.0, 2.0, 1.0, 1.0, 1.041237113402062, 1.0, 1.0840807174887892, 1.0, 2.0, 2.6666666666666665, 3.0, 1.2365930599369086, 1.0, 4.0, 1.0, 1.0, 1.0135135135135136, 2.0, 1.0, 1.0, 1.2923574605742014, 1.0619469026548674, 2.0, 1.8, 1.0434782608695652, 1.0, 1.3666666666666667, 1.0, 1.0, 1.0, 1.0, 1.0, 1.002803738317757, 1.35, 1.0, 4.0, 1.1383647798742138, 1.1619561615300857, 1.0, 1.0, 1.2389067524115756, 1.0913651967256404, 1.218543046357616, 1.1111111111111112, 2.0, 1.0, 2.973913043478261, 1.0030446961393253, 9.182879377431906, 1.0, 1.0, 1.0, 1.5066666666666666, 1.0, 1.532258064516129, 1.0, 1.0, 1.1818181818181819, 10.0, 1.5, 2.0, 1.0, 1.1340508311858926, 1.3975155279503106, 1.238193489225126, 1.0, 1.0, 3.0, 1.0, 1.0, 1.0, 1.0, 1.0, 2.0, 1.0, 3.0, 1.5, 1.0390243902439025, 1.0, 1.1154983357831956, 2.0, 1.0, 1.0, 1.014, 1.5, 1.0, 1.0, 1.0, 1.0, 1.8387096774193548, 1.2923857868020305, 3.0, 1.0, 2.0, 1.0, 1.0, 2.0, 2.0, 2.0, 1.0, 2.0, 1.0, 1.1560740144810941, 1.0113434952144629, 1.0, 1.0, 1.0710659898477157, 1.0, 2.0, 1.087378640776699, 2.0, 1.0, 1.0, 1.0, 1.0, 1.0, 2.0, 1.0, 1.0992167101827677, 1.2729818012132526, 1.4545454545454546, 1.0, 3.0, 1.0, 1.0357142857142858, 2.0, 1.5, 1.0, 1.0800275379577255, 1.8888888888888888, 1.0, 2.0, 1.0295719844357976, 1.078388638920135, 1.0, 6.0, 2.0, 1.0242587601078168, 1.0, 1.1204949869027188, 2.588235294117647, 1.1032045240339303, 1.4722222222222223, 1.0507916039830933, 1.0, 1.0592823712948518, 2.6666666666666665, 1.0, 1.0, 1.0, 2.0, 1.5, 2.0, 2.0, 1.0, 2.0, 1.0, 1.0, 1.0, 2.116883116883117, 3.0, 1.0, 2.0, 1.0878552971576227, 1.6551724137931034, 1.0, 1.0, 1.024831867563373, 6.0, 1.0, 1.5, 1.0, 1.0, 1.0, 2.0, 1.2, 1.0, 3.0, 1.145124716553288, 2.0, 2.0, 1.5, 1.934782608695652, 1.0, 1.0421052631578946, 1.0, 1.0, 1.0, 2.0, 1.114490161001789, 1.0, 1.0, 1.0, 1.0, 1.0, 1.0, 1.0, 1.0, 1.0, 1.0, 2.0, 1.0, 1.0229017186717837, 2.0, 1.0, 2.0, 1.0, 1.0, 1.3125, 1.0, 1.0, 2.5, 1.0, 1.0, 1.0, 2.0, 1.0, 1.5865384615384615, 1.0076472409167516, 3.0, 1.6689419795221843, 1.3333333333333333, 2.375, 1.0, 1.0386627906976744, 1.0, 9.0, 1.1685166498486377, 1.0, 1.0, 2.0, 6.659628378378378, 1.592, 1.0, 1.0156997402287182, 1.0781764364159452, 1.1630434782608696, 2.0, 1.0, 1.1666666666666667, 1.0, 2.0, 1.0, 2.0, 1.0, 2.3333333333333335, 3.0, 1.0, 1.0, 1.0, 1.0922856024017753, 1.058349609375, 1.0, 1.0, 1.5, 1.0634146341463415, 3.0, 2.0, 1.2848616180048662, 1.15, 1.3369565217391304, 1.0, 1.0, 1.0, 1.4, 2.577777777777778, 1.0, 1.2558751377679809, 1.0, 1.0, 1.2181916621548456, 1.0, 1.1377245508982037, 1.1045197740112995, 1.0, 2.0, 1.0262390670553936, 1.0, 1.5, 1.0401069518716577, 1.0, 1.0, 1.052747013721474, 1.0, 3.0, 1.0408580183861083, 1.4, 1.0, 1.0, 1.3333333333333333, 1.0913978494623655, 1.0, 1.0532110091743119, 1.5, 1.0, 1.0, 1.0, 1.0, 1.0, 1.0, 2.0, 1.2765957446808511, 1.0, 1.3468057366362451, 1.0, 1.0650377483089115, 1.0, 1.0, 1.0, 1.0, 1.0, 5.4, 1.1428571428571428, 1.0, 1.0, 2.0, 2.037344398340249]
origin-forest_39.80 	max: 797.0000	99th: 11.3500	95th: 3.0000	median: 1.0502	mean: 3.4294

...Done, result: results.csv

WORKLOAD-FINISHED | Type: QueryWorkload | Progress: 3/3 | Workload-time: 34.423674 | Model-update-time: 0.000000


Experiment Summary: #data-update-times=1, #drift=1 | total-time=74.862630