Input arguments = Namespace(data_update='tupleskew', update_size=100000, dataset='forest', debug=False, drift_test='js', model_update='adapt', model='transformer', end2end=False, query_seed=0, random_seed=42, num_workload=3)
JSON-passed parameters = {'data_updater': {'skew_ratio': '1e-3'}, 'random_seed': 85, 'transformer': {'epochs': 0}}
MODEL-PATH=/home/kangping/code_copy/SAUCE/models/end2end/transformer/origin-forest-2.0MB-model58.950-data19.148-300epochs-seed0.pt
DATASET-PATH=/home/kangping/code_copy/SAUCE/data/forest/end2end/forest.npy
Workloads: ['QueryWorkload', 'DataUpdateWorkload', 'QueryWorkload']

WORKLOAD-START | Type: QueryWorkload | Progress: 1/3
Going to run: ['python', '/home/kangping/code_copy/SAUCE/Naru/eval_model.py', '--dataset=forest', '--model=transformer', '--query_seed=0', '--end2end', '--eval_type=first_estimate', '--num_workload=3', '--data_update=tupleskew', '--model_update=adapt', '--random_seed=42']
Torch device: cuda:1
GET-MODEL-PATH=./models/end2end/transformer/origin-forest-2.0MB-model58.950-data19.148-300epochs-seed0.pt
ckpts [PosixPath('/home/kangping/code_copy/SAUCE/models/end2end/transformer/origin-forest-2.0MB-model58.950-data19.148-300epochs-seed0.pt')]
Validate Argument: DATASET="forest" is valid.
load_csv_dataset - forest (581012, 10)
Parsing... done, took 0.0s
Loading ckpt: /home/kangping/code_copy/SAUCE/models/end2end/transformer/origin-forest-2.0MB-model58.950-data19.148-300epochs-seed0.pt
query_seed:0
origin-forest_39.80 	max: 23.0000	99th: 6.0000	95th: 2.4352	median: 1.0123	mean: 1.3942
ReportEsts: [1.0, 1.5136892539356606, 1.0, 1.4047619047619047, 1.3333333333333333, 1.0, 1.1796875, 1.0, 1.4256198347107438, 1.0, 1.1355932203389831, 1.0, 1.0, 1.0, 3.0, 1.005173172879366, 1.0, 1.1111111111111112, 1.127659574468085, 1.125, 1.0, 3.0, 1.0, 1.8, 1.6, 1.0, 1.0803279147197895, 1.3, 1.5, 1.0331412103746398, 1.0, 1.112830431979368, 4.666666666666667, 1.0, 1.1551724137931034, 1.0388160226869905, 1.0679837303893085, 1.0, 1.0456521739130435, 1.0, 2.0, 1.0, 1.2142857142857142, 1.0, 1.0336134453781514, 1.0209205020920502, 1.0, 1.5, 1.0, 1.0, 3.0, 1.1296962879640045, 1.0, 1.0, 1.6363636363636365, 1.0603015075376885, 1.1317957166392092, 2.8333333333333335, 1.0, 1.0, 1.145221843003413, 10.0, 1.0, 1.4383561643835616, 1.2229299363057324, 1.0, 1.1380753138075315, 1.2673267326732673, 1.0883534136546185, 1.0, 2.0, 1.0, 1.2244897959183674, 1.414973149415605, 2.0, 2.0, 1.0, 1.0, 1.0, 1.0, 1.0, 1.0, 1.058915962613771, 3.5, 1.3846153846153846, 1.0, 1.0, 1.3333333333333333, 1.0002993115833583, 1.0, 1.3333333333333333, 1.4838709677419355, 1.0, 1.0705882352941176, 1.0, 1.0, 1.0123898678414096, 1.1322115384615385, 1.0, 1.0, 4.0, 1.0, 1.0, 1.0, 1.2344827586206897, 1.0, 1.0, 1.0, 1.0942028985507246, 1.0, 1.0704225352112675, 1.0, 1.0, 1.0589970501474926, 1.086734693877551, 2.0, 1.0, 2.0, 1.0, 1.0, 1.0, 1.0, 3.0, 1.0, 1.3154417836498762, 1.0, 1.0, 1.0, 1.0, 1.0, 1.0, 1.416044776119403, 1.1350370407199324, 1.0, 1.5, 1.0, 1.0, 2.0, 1.0404577033101756, 1.1746031746031746, 1.0916853652455747, 1.0, 1.0, 2.5, 1.0, 1.0587507771708973, 1.0, 1.1333333333333333, 1.7777777777777777, 1.0, 1.0, 1.0, 1.0, 1.0, 1.0, 2.0, 1.0, 1.0, 1.0, 2.0, 1.7777777777777777, 1.0, 1.0244357976653697, 4.0, 1.0041732819233387, 1.0, 1.3333333333333333, 2.0, 1.0938511326860842, 1.0, 1.0, 1.0, 1.0150375939849625, 1.3181818181818181, 1.0, 1.0, 1.3079847908745248, 1.0, 1.1280898876404495, 1.0, 2.4318181818181817, 1.0, 1.0, 1.1282071649853047, 1.0, 1.0549567061318255, 1.0, 1.0, 1.6538461538461537, 1.0548239393816605, 1.0, 1.1333333333333333, 1.6428571428571428, 1.0, 1.0, 1.0, 1.0, 1.1944444444444444, 1.125, 1.3286043624756163, 1.1920404295641187, 1.3333333333333333, 1.0, 1.0, 2.0, 3.0, 1.2589285714285714, 1.0, 1.0, 1.0, 1.0, 1.2592592592592593, 1.0, 1.3333333333333333, 1.0, 1.0, 1.0, 1.096938775510204, 1.0, 2.0, 1.0, 1.0127462340672073, 1.0, 1.0, 1.0222222222222221, 1.0, 1.2125, 1.0, 1.3145539906103287, 1.0, 1.0, 1.0, 1.2222222222222223, 1.0, 8.666666666666666, 1.0, 2.0, 2.0, 1.0671742620527411, 1.0199766506680503, 1.0, 4.0, 1.5, 1.0408936009087466, 1.1495601173020529, 1.375, 1.0, 1.0224719101123596, 2.0, 1.3330479452054795, 1.0, 1.6666666666666667, 1.1454545454545455, 1.0, 1.3229571984435797, 1.0795366795366796, 2.0714285714285716, 2.0, 1.373913043478261, 1.0404040404040404, 2.0, 1.0, 1.1563470435388807, 1.25, 2.0, 1.0, 1.1428571428571428, 1.0, 1.0, 1.0, 1.0857142857142856, 1.5, 1.1076158940397351, 2.0, 1.0, 1.0665869899265836, 1.1111111111111112, 1.0, 1.1363636363636365, 1.0, 1.0, 1.0, 1.0, 1.0, 1.0, 1.0, 2.0, 1.0, 1.4122137404580153, 1.0, 1.25, 1.0, 1.0, 1.0, 1.0, 1.0840140023337224, 1.3220338983050848, 1.000740192450037, 1.449438202247191, 1.0, 1.3620967741935484, 1.0, 1.0, 3.0, 1.0, 1.119205298013245, 1.0, 2.0, 1.0, 1.1020408163265305, 1.0, 1.0, 1.1666666666666667, 1.5, 1.0, 1.0, 1.0, 1.0, 1.0, 2.5714285714285716, 1.0, 1.0, 1.2130528586839266, 1.5, 1.0, 1.0325409076875578, 1.0, 1.0, 1.0, 1.0, 1.102962962962963, 2.0, 3.0, 1.0, 1.5, 1.1082474226804124, 1.0, 1.1139240506329113, 1.8353658536585367, 1.0, 1.2204263293511362, 1.0810810810810811, 1.0, 1.5217391304347827, 1.0, 1.1428571428571428, 10.0, 1.5, 1.0, 1.0, 1.0, 1.0, 1.0, 2.0, 11.0, 1.5925925925925926, 6.0, 1.0, 1.0, 2.0, 1.140316205533597, 1.1, 1.2363636363636363, 1.1072681429511073, 1.1470781640436631, 1.4895304568527918, 1.059989011743699, 1.2679245283018867, 1.0, 1.335423197492163, 1.0, 1.0062988158226254, 1.0198036006546645, 1.0, 1.0565825533895237, 1.0572907777208853, 1.101663264862987, 1.0, 1.6666666666666667, 2.0, 1.019108280254777, 1.0, 1.0, 1.0362844702467344, 4.1568627450980395, 1.0, 1.1805555555555556, 1.0, 1.078917215697508, 1.0, 5.0, 1.1666666666666667, 1.0, 1.0, 4.25, 1.0, 1.020440251572327, 1.0, 1.0, 1.0, 1.0, 1.0123087305429632, 1.0, 2.0, 1.0130434782608695, 1.3465486725663718, 1.2792452830188679, 1.6509240246406571, 1.2971698113207548, 1.0948242083140385, 1.1858407079646018, 1.7837837837837838, 1.0, 1.0, 1.1202711516958628, 1.1092879895501524, 1.0, 1.1, 1.0, 1.0, 1.0, 1.0, 1.0, 1.0, 1.0, 1.094249649368864, 2.5, 1.2318840579710144, 1.0, 1.0, 1.0, 1.2503496503496503, 1.0783375433421718, 2.5, 1.2679938744257273, 4.0, 1.0, 1.0, 1.0, 1.0716512736043298, 2.0, 1.0, 1.1546762589928057, 1.0, 1.6521739130434783, 1.0, 1.0, 1.0, 1.0522138071657443, 1.0, 1.0, 2.0, 1.3333333333333333, 1.25, 1.0234315948601662, 1.75, 1.0, 1.0, 2.2466666666666666, 1.25, 2.0, 1.0244608100999475, 1.0, 1.4444444444444444, 1.0, 1.0, 1.0909090909090908, 1.0, 1.0, 3.5555555555555554, 1.0267773367015518, 1.041333212077119, 1.059748427672956, 1.28125, 1.0, 1.0, 1.0, 1.0, 1.2213499073165413, 1.1428571428571428, 1.5, 1.0, 3.7902097902097904, 1.0401069518716577, 2.0, 1.1140309092833705, 4.0, 2.0, 1.0474541599633493, 2.5, 1.0001640689089417, 1.0, 1.0, 1.0, 1.0214432611571764, 1.7142857142857142, 2.0, 1.2, 1.0, 2.0, 1.0, 1.1818181818181819, 1.0, 1.119205298013245, 1.0219163671429823, 2.0, 1.0, 1.0, 1.2293906810035842, 2.0, 20.0, 1.2560975609756098, 1.0, 1.039331663119031, 1.0294117647058822, 1.16, 1.0, 2.0, 1.0, 1.0, 1.033277027027027, 1.5, 4.0, 1.1651917404129795, 1.6666666666666667, 1.0, 1.0475926950747094, 1.0, 1.5555555555555556, 1.0, 2.0, 1.0, 1.3220973782771535, 1.0, 3.0, 1.6666666666666667, 1.033393195567436, 1.230263157894737, 1.1216216216216217, 1.0454545454545454, 1.3972602739726028, 1.0, 1.6521739130434783, 1.062111801242236, 1.0, 1.0, 1.0769230769230769, 1.1445895522388059, 1.4, 2.0, 1.1428571428571428, 1.1603773584905661, 1.0, 1.1333333333333333, 1.0, 1.0671641791044777, 1.0, 2.0, 1.0709698513354782, 6.0, 1.0296406265997748, 2.0, 1.0, 3.0, 1.0, 1.0, 2.0, 1.0473574045002616, 1.0, 1.0, 1.0, 1.0, 1.0, 1.0384615384615385, 2.0, 17.0, 1.0, 1.0, 2.0, 1.0, 1.0, 1.0, 1.0, 1.0, 2.0, 1.0, 1.0, 2.0, 1.6933333333333334, 1.0869565217391304, 2.0, 1.2766666666666666, 1.0, 1.0, 1.4, 1.006315748308631, 2.2142857142857144, 1.0, 1.0, 1.0, 1.0, 1.0080820027597082, 1.0, 1.0, 1.0184222957014644, 1.256190476190476, 1.2127659574468086, 2.0, 1.0, 1.0, 1.0, 1.3170731707317074, 2.0, 1.0, 1.0, 1.1980360065466449, 2.0, 1.0374070138150904, 1.0, 1.0, 1.0156161616161616, 1.0, 1.0, 1.0, 1.4482758620689655, 1.1058951204213503, 1.0, 2.0, 2.1666666666666665, 1.047034764826176, 1.0, 1.0, 1.5, 1.0, 1.0, 1.1031478629187523, 1.0, 2.0, 1.1245333333333334, 1.0, 1.0, 1.1030365948611471, 1.0, 1.0980119032544005, 1.0, 1.0, 1.1384297520661157, 1.022456617897244, 20.0, 1.3829787234042554, 1.0, 1.0, 1.3333333333333333, 1.0301384954359458, 1.0, 1.0, 1.0, 1.0, 1.1111111111111112, 1.0, 1.0, 1.5, 1.4139844617092119, 1.0, 1.0, 1.0, 1.0, 1.0, 1.2, 1.1957671957671958, 1.0, 1.0, 1.0, 1.0, 1.0, 1.0, 1.6, 1.0, 1.0, 1.0, 1.0, 1.0, 2.0, 1.0137085137085138, 2.6991869918699187, 1.0, 2.0, 2.0, 1.0341726618705036, 1.0, 1.0, 1.0, 2.0, 1.0, 1.03998778998779, 1.0108695652173914, 1.0, 1.211544183278786, 1.0, 23.0, 1.0, 1.16, 1.0, 1.2, 1.0, 1.0, 1.0, 1.0562817719680464, 1.125, 1.0, 1.3333333333333333, 1.162962962962963, 1.1774947157637112, 1.0, 1.0, 1.1749460043196545, 1.0723704385157926, 1.1417910447761195, 1.0, 1.0, 1.0, 1.0884479843555845, 2.0, 1.25, 1.0, 1.0, 3.0, 1.2543962485345839, 1.0, 1.0, 1.0714285714285714, 2.0, 1.0, 1.5, 1.2666666666666666, 1.0, 1.0688143347312238, 1.069366652305041, 1.0, 1.0, 1.0, 3.0, 1.0, 1.0, 1.0, 1.0, 1.0, 2.0, 1.0, 2.0, 3.0, 1.0560224089635855, 1.0, 1.0114648924795058, 1.0, 1.0, 1.0555555555555556, 1.2126168224299065, 1.5, 1.0, 1.0, 1.0, 1.0, 1.1785714285714286, 1.9464285714285714, 3.0, 1.0, 1.0, 1.0, 1.0, 1.0, 1.130635838150289, 1.0, 1.0, 1.0, 1.0, 1.1452830188679246, 1.0216376750106066, 1.0, 1.0, 1.132183908045977, 1.0, 2.0, 1.3373493975903614, 1.0, 1.0, 1.0, 1.0, 1.0, 1.1428571428571428, 2.0, 1.0, 1.1306990881458967, 1.4617968094038623, 1.3333333333333333, 1.0, 1.0, 1.0, 1.0, 1.8, 1.0, 1.0, 1.0620860927152318, 1.0, 1.0, 1.9411764705882353, 1.3333333333333333, 18.0, 1.0, 1.1772805507745268, 1.1, 1.0, 3.0, 1.0, 1.0740740740740742, 1.2939189189189189, 1.0, 1.144736842105263, 1.0, 1.3181818181818181, 1.0, 1.0, 2.0, 1.5, 1.0, 1.0, 1.0, 1.5, 1.02, 1.0, 1.0, 1.0769620895143908, 1.0615189758899897, 1.0, 1.0, 1.0, 1.0303786322277664, 1.0, 1.0872093023255813, 1.0, 1.1005176876617775, 2.0, 1.0, 1.1538461538461537, 1.25, 1.6666666666666667, 1.0790870488322717, 1.0, 1.0444444444444445, 1.0, 2.5, 1.6666666666666667, 1.0, 1.0, 1.0, 2.0, 1.6666666666666667, 1.0, 1.0, 1.6666666666666667, 1.0, 1.125, 1.0, 4.0, 1.0, 1.3333333333333333, 1.0, 1.0, 1.0, 1.0, 1.0, 1.0, 1.0, 1.0, 1.0246246246246247, 2.0, 1.0, 1.0, 1.0, 1.0, 1.1666666666666667, 2.0, 1.0, 1.1400966183574879, 1.0, 1.314127187366624, 1.0, 1.4196368527236045, 1.0, 1.303030303030303, 1.4634146341463414, 2.6, 1.0, 1.0, 1.0555555555555556, 1.0337807936273786, 1.0, 2.0, 1.0441527446300716, 1.0, 1.0, 1.0, 2.0, 1.09697220090893, 1.0, 2.1666666666666665, 1.0, 1.0377358490566038, 1.0, 1.0, 1.0, 1.0, 1.0, 1.0, 1.0, 1.0, 3.0, 2.0, 1.0, 1.0, 1.0, 1.0368428717052571, 1.009937663745596, 1.0, 1.0, 1.3333333333333333, 1.0502793296089385, 1.0, 2.0, 1.0972095498783454, 1.125, 1.0454545454545454, 1.0, 1.0, 1.0, 1.5, 1.3235294117647058, 1.0, 1.2614362702092994, 1.0, 1.0, 1.1749081364829397, 1.0, 1.5416666666666667, 1.0, 1.0, 1.0, 1.0604982206405693, 1.0, 1.5, 1.027027027027027, 1.049366278471754, 1.0, 1.5, 2.0, 1.0, 1.1200417536534446, 2.0, 1.75, 1.0, 1.2418032786885247, 1.0, 1.1063829787234043, 3.0, 1.0, 1.0, 1.0, 1.0, 1.0, 1.0, 2.0, 1.2439024390243902, 1.0, 1.5177752293577982, 1.0, 1.0304324612920448, 1.0, 1.0, 1.0, 1.0, 1.0, 1.054054054054054, 1.0537367351546625, 2.0, 1.043548387096774, 1.0, 1.108760545100584, 1.0357142857142858, 2.0, 1.076271186440678, 1.3076923076923077, 1.0, 1.0, 1.0, 1.1670702179176755, 1.0, 1.0, 1.197879858657244, 2.0, 1.0]
origin-forest_39.80 	max: 23.0000	99th: 6.0000	95th: 2.4352	median: 1.0123	mean: 1.3942

...Done, result: results.csv

WORKLOAD-FINISHED | Type: QueryWorkload | Progress: 1/3 | Workload-time: 30.156140 | Model-update-time: 0.000000


WORKLOAD-START | Type: DataUpdateWorkload | Progress: 2/3
Going to run: ['python', '/home/kangping/code_copy/SAUCE/Naru/eval_model.py', '--model=transformer', '--data_update=tupleskew', '--dataset=forest', '--drift_test=js', '--end2end', '--update_size=100000', '--query_seed=0', '--eval_type=drift']
Torch device: cuda:1
GET-MODEL-PATH=./models/end2end/transformer/origin-forest-2.0MB-model58.950-data19.148-300epochs-seed0.pt
GET-DATASET-PATH=./data/forest/end2end/forest.npy
TupleSkewSample - START
0.001
TupleSkewSample - END
load_npy_dataset_from_path - df.shape = (681012, 10)
Parsing... done, took 0.1s
Data updated!
Previous data size: (581012, 10), new data size: (100000, 10)
[5.3882599e-05 4.2557716e-05 1.0550022e-05 3.7729740e-05 1.5199184e-05
 3.6358833e-06 1.8060207e-04 3.8087368e-05 1.5354156e-04 3.9577484e-05]
Distance score: 5.753636287408881e-05
SAUCE Drift detection: True
Detection latency: 0.0659s

DRIFT-DETECTED after 2-th workload
Going to run: ['python', '/home/kangping/code_copy/SAUCE/Naru/incremental_train.py', '--dataset=forest', '--end2end', '--model=transformer', '--model_update=adapt', '--update_size=100000', '--epochs=0']
Torch device: cuda:1
GET-MODEL-PATH=./models/end2end/transformer/origin-forest-2.0MB-model58.950-data19.148-300epochs-seed0.pt
update_size: 100000
AdaptTask - START
GET-DATASET-PATH=./data/forest/end2end/forest.npy
load_npy_dataset_from_path - df.shape = (681012, 10)
Parsing... done, took 0.1s
done, took 0.1s
dataset size: 681012
train data shape: torch.Size([100000, 10]), transfer data shape:torch.Size([20000, 10])
Training done; evaluating likelihood on full data:
Epoch None Iter 0, test loss 38.7736 nats / 55.9384 bits
Saved to: /home/kangping/code_copy/SAUCE/models/end2end/transformer/origin-forest-2.0MB-model58.950-data19.148-300epochs-seed0.pt
AdaptTask - END

WORKLOAD-FINISHED | Type: DataUpdateWorkload | Progress: 2/3 | Workload-time: 4.243011 | Model-update-time: 5.723353


WORKLOAD-START | Type: QueryWorkload | Progress: 3/3
Going to run: ['python', '/home/kangping/code_copy/SAUCE/Naru/eval_model.py', '--dataset=forest', '--model=transformer', '--end2end', '--query_seed=0', '--eval_type=estimate', '--num_workload=3', '--data_update=tupleskew', '--model_update=adapt', '--random_seed=42']
Torch device: cuda:1
GET-MODEL-PATH=./models/end2end/transformer/origin-forest-2.0MB-model58.950-data19.148-300epochs-seed0.pt
ckpts [PosixPath('/home/kangping/code_copy/SAUCE/models/end2end/transformer/origin-forest-2.0MB-model58.950-data19.148-300epochs-seed0.pt')]
Validate Argument: DATASET="forest" is valid.
data size: 681012, total size: 681012, split index: [567510 681012]
Parsing... done, took 0.1s
Loading ckpt: /home/kangping/code_copy/SAUCE/models/end2end/transformer/origin-forest-2.0MB-model58.950-data19.148-300epochs-seed0.pt
query_seed:0
origin-forest_39.80 	max: 208.0000	99th: 191.0000	95th: 166.0000	median: 1.0590	mean: 14.0648
ReportEsts: [1.0, 1.116681654676259, 1.0, 1.2553191489361701, 1.1428571428571428, 1.0, 1.0017921146953406, 1.0, 2.6473684210526316, 1.0, 1.0597014925373134, 163.0, 1.0, 2.0, 1.2985074626865671, 1.072289156626506, 3.0, 155.0, 1.471698113207547, 5.709677419354839, 1.0, 168.0, 1.0, 1.0, 1.366412213740458, 1.0, 1.1432001129783929, 1.3333333333333333, 1.0, 1.5714285714285714, 1.25, 1.0, 1.0, 1.0, 1.0, 2.0, 1.0, 24.125, 1.0, 1.5, 2.0, 1.0, 1.0, 1.0, 1.0789473684210527, 1.151639344262295, 1.0, 2.0, 1.0, 1.0, 3.0, 1.111198644035427, 1.0, 1.0, 1.6363636363636365, 1.1042654028436019, 1.427972027972028, 1.4166666666666667, 1.0, 155.0, 1.0600982375036117, 1.4, 160.0, 1.0, 1.0, 2.3230769230769233, 1.0968310968310968, 1.4285714285714286, 2.0, 177.0, 199.0, 1.6112115732368897, 1.1068799063825638, 1.4666666666666666, 1.0, 1.9053497942386832, 1.0, 1.0, 1.0, 1.0, 178.0, 1.0, 1.0, 1.0867976403849167, 88.5, 1.2380952380952381, 1.0, 1.0, 1.0, 1.290963887273304, 1.0, 5.892857142857143, 208.0, 1.1239939255884586, 1.3181818181818181, 1.4864864864864864, 1.0833333333333333, 203.0, 1.0, 91.0, 1.0, 1.0, 1.270079522862823, 2.0, 2.0, 1.0, 1.0, 1.0, 1.1888172909115318, 2.0, 1.0, 1.2337662337662338, 1.0, 1.0, 1.0, 1.0, 1.0, 1.0, 1.0, 1.0, 1.0, 1.0780254777070064, 1.0, 1.0, 1.0, 3.0, 1.0, 1.0069052102950409, 1.1428571428571428, 1.0, 152.0, 1.0, 1.0, 1.0, 1.0792841771435044, 1.2160247386518357, 1.0, 1.75, 1.0, 1.0, 2.0, 1.0414438502673797, 1.5396825396825398, 1.1161025049142486, 1.0, 1.0, 1.4, 1.0, 1.0291001036912995, 1.0, 1.2333333333333334, 1.8461538461538463, 1.1538461538461537, 2.4833333333333334, 1.0, 1.0, 1.0, 1.0, 1.0, 1.0, 1.0, 1.0, 3.6666666666666665, 1.5238095238095237, 2.0, 1.230626860867466, 4.0, 1.0011954572624029, 1.0, 1.3333333333333333, 1.0, 1.2605177993527508, 1.0, 1.0, 45.75, 1.0, 1.0188751231287891, 1.0873047657188626, 1.0, 1.2647527091572082, 9.0, 1.1194724592707526, 1.0, 3.0, 1.0, 1.0, 1.0, 3.0, 1.0, 1.034975927499292, 1.0, 1.0, 204.0, 1.0892827256952091, 1.0, 1.1176470588235294, 1.0657820166738752, 2.0, 1.4929577464788732, 62.333333333333336, 1.1662904938927243, 1.0, 1.0, 177.0, 1.0, 8.666666666666666, 1.0, 1.0, 1.0, 2.0, 57.0, 2.3333333333333335, 1.7636363636363637, 1.173913043478261, 1.0, 176.0, 1.0172413793103448, 1.0, 1.0, 1.0, 1.0, 178.0, 178.0, 1.0, 1.0, 1.1666666666666667, 1.0, 1.0, 1.141347424042272, 1.180382970055001, 1.0740740740740742, 1.0, 1.0007824335347684, 1.0, 176.0, 1.0, 1.0, 1.1, 184.0, 1.5769230769230769, 1.0, 2.0, 1.5, 2.8292682926829267, 1.1291108404384897, 1.0, 4.0, 178.0, 1.0, 1.0, 176.0, 1.0, 1.1552197802197801, 10.0, 33.2, 192.0, 1.6666666666666667, 1.0161290322580645, 1.0, 1.6235294117647059, 1.2271767190800282, 1.2857142857142858, 2.0, 1.9809069212410502, 1.1383495145631068, 2.0, 1.0, 1.2068357597816197, 177.0, 2.0, 1.0, 1.0, 1.0, 1.0, 1.0, 1.1176470588235294, 1.0, 1.395008319467554, 1.4620535714285714, 1.0, 1.0394398399542726, 1.0, 1.0677966101694916, 1.0938775510204082, 163.0, 1.0, 1.5, 1.5909090909090908, 1.0267379679144386, 1.0179089991758008, 2.0, 5.135135135135135, 1.0, 2.0, 1.311411992263056, 1.0, 1.281954887218045, 178.0, 1.576086956521739, 1.0, 1.0, 1.4545454545454546, 6.75, 1.0, 1.0, 1.3821138211382114, 1.0, 3.0, 1.0, 1.0, 1.0833333333333333, 1.0, 1.0, 1.0, 1.0, 1.125, 2.0, 1.0, 1.3333333333333333, 99.5, 1.0, 1.0, 1.0, 1.0, 1.0, 2.0, 1.0, 1.0, 1.1144873271889402, 1.5, 1.0, 1.0919636764474305, 175.0, 1.0, 1.0, 1.0, 1.034629404617254, 1.0, 3.0, 21.666666666666668, 1.0, 1.2093023255813953, 10.222222222222221, 1.125, 1.5, 2.0, 1.1641292239138508, 1.4774774774774775, 1.0, 1.206896551724138, 1.0, 1.0, 10.0, 17.666666666666668, 1.0, 1.0, 1.0, 1.0, 1.0, 1.4655172413793103, 1.8333333333333333, 1.7901234567901234, 2.0, 1.0, 166.0, 1.3088235294117647, 1.1658986175115207, 1.067215209739255, 3.0, 22.11111111111111, 2.2522522522522523, 1.125250501002004, 1.6923076923076923, 1.1622641509433962, 192.0, 1.706896551724138, 1.0, 7.142857142857143, 1.0230254616547785, 1.0, 1.047341094168443, 1.0767603064574973, 1.0835486967437051, 1.0, 1.25, 2.0, 1.11875, 166.0, 2.0, 1.5, 1.1337266470009832, 191.0, 1.406047516198704, 1.0, 1.0, 1.037037037037037, 2.8333333333333335, 1.0, 1.0, 1.0, 4.25, 1.0, 1.2028301886792452, 1.0, 1.0, 1.0, 1.0, 1.0084506692184374, 1.0, 179.0, 1.001131038940055, 1.0, 2.0, 1.0, 1.0, 1.0260561935444519, 9.0, 5.288888888888889, 1.0, 1.0, 1.0933902495557444, 1.0615713663808604, 1.0, 1.3636363636363635, 179.0, 2.0, 1.0, 1.2363636363636363, 1.1410334792497125, 1.0, 1.5054452274183217, 1.9, 1.0, 1.0, 1.645631067961165, 1.1, 168.0, 1.0, 1.2649625935162094, 1.0419670648327968, 1.6666666666666667, 1.4885145482388975, 2.1538461538461537, 1.0, 1.0, 1.0, 1.0059941243366186, 2.0, 1.0, 1.3428571428571427, 191.0, 1.0, 1.2433862433862435, 1.0, 1.0, 1.1044776119402986, 1.3333333333333333, 1.4705882352941178, 1.3709677419354838, 1.157849089332177, 1.0, 192.0, 2.0, 1.0, 1.0, 1.069867621137451, 1.0, 1.0, 1.6709511568123394, 1.4962406015037595, 1.0, 1.0, 1.0, 1.0, 1.0413793103448277, 191.0, 1.1477832512315271, 1.1080474890650178, 1.3333333333333333, 2.0, 1.4724409448818898, 1.0, 1.0, 1.0, 2.0526315789473686, 1.0, 1.0, 1.0, 1.4230769230769231, 15.714285714285714, 1.043111111111111, 1.0, 5.3, 1.0, 1.0810810810810811, 1.0, 1.0, 1.0, 1.0, 1.0, 1.021072366796147, 2.0, 2.0, 1.4, 1.0, 34.4, 186.0, 1.5961538461538463, 1.0, 1.4172185430463575, 1.0892128186172094, 2.0, 1.5, 1.0, 1.043731778425656, 185.0, 20.0, 1.0842105263157895, 1.0, 1.1185960058787932, 1.2904761904761906, 1.32, 1.0, 177.0, 1.0, 1.0, 1.0, 180.0, 1.3916167664670658, 4.0, 1.0, 2.0, 1.0, 1.1027764247442766, 1.0, 175.0, 1.6666666666666667, 172.0, 1.0930513595166162, 176.0, 1.0, 1.3517587939698492, 2.0, 1.047454317591893, 1.0, 1.0, 1.0848072562358277, 1.0, 1.0, 1.3053435114503817, 4.392156862745098, 158.0, 1.2692307692307692, 1.6597353497164462, 2.4, 2.0, 1.125, 1.0081967213114753, 1.0, 1.0625, 1.0, 1.1878109452736318, 1.0, 1.7142857142857142, 1.0207861646173675, 1.4, 1.0451709367170452, 1.1408450704225352, 1.0, 3.0, 3.2337662337662336, 1.0, 1.4313725490196079, 1.0, 1.2868020304568528, 1.1239809782608696, 1.0, 1.0, 1.0, 1.3366013071895424, 1.3333333333333333, 1.033220468919696, 1.015181194906954, 1.0, 60.0, 2.0, 1.0, 1.0, 1.0, 1.0, 1.0, 1.0, 1.0, 1.0, 2.0, 1.5625, 1.0245848139821596, 1.3416149068322982, 1.0, 1.0, 1.1764705882352942, 1.0, 176.0, 175.0, 1.0, 1.0, 1.0, 1.0, 1.0919959331066158, 1.0, 62.0, 1.0345032718619869, 1.0, 1.0, 1.0, 1.0, 1.5, 1.0, 1.0, 1.0, 1.0, 1.2222222222222223, 90.0, 1.410198725159355, 1.5, 1.0, 1.0, 1.0247206087163288, 1.0, 1.0, 1.0, 1.3548387096774193, 1.1082280903176425, 1.0, 3.0, 1.1818181818181819, 1.0273109243697478, 1.0, 1.0, 2.0, 1.0, 1.0, 1.0221235397663626, 1.0, 2.0, 1.1457604895104896, 1.0, 1.0, 1.1062748563853293, 1.0, 1.1242855541858119, 1.0, 1.0, 14.25, 1.0451127819548873, 1.0, 1.0, 1.0, 1.1428571428571428, 1.0, 1.0582825122762554, 1.05610802075888, 1.0, 165.0, 2.0, 1.0, 1.1428571428571428, 1.25, 1.0, 1.0, 1.1125118516697685, 1.0, 1.0, 195.0, 1.0092592592592593, 1.174757281553398, 1.230508474576271, 1.1290322580645162, 1.0, 1.0651465798045603, 1.675, 1.6296296296296295, 166.0, 1.5, 1.0, 1.0, 1.0, 1.2592592592592593, 1.0, 1.1840796019900497, 1.0, 175.0, 1.1666666666666667, 188.0, 1.424507658643326, 1.0, 21.77777777777778, 1.0, 1.0, 1.0869565217391304, 1.0, 1.0, 1.0, 1.038476046774802, 2.282051282051282, 1.0, 1.2857142857142858, 1.5, 1.5, 1.72, 1.0, 1.3333333333333333, 172.0, 1.0, 182.0, 1.2108594270486341, 11.941176470588236, 1.0, 1.3333333333333333, 1.3333333333333333, 1.1143142961076755, 1.0, 1.0, 1.286740692357936, 1.1751262290725486, 1.3432835820895523, 1.3333333333333333, 183.0, 1.0, 1.7201986754966887, 1.0554945054945055, 6.28125, 1.0, 1.0, 2.0, 1.1443899448191295, 1.0, 1.8703703703703705, 1.0, 1.0, 1.303030303030303, 77.5, 1.3333333333333333, 2.0, 1.0, 1.0195607584171293, 1.3850931677018634, 1.0730375426621162, 1.0, 1.0, 3.0, 165.0, 1.0, 1.0, 1.0, 1.0, 2.0, 1.0, 2.0, 1.5, 1.2380952380952381, 1.0, 1.103105652929368, 1.0, 1.0, 1.0, 1.033788395904437, 1.5, 1.0, 1.0, 1.0, 1.0, 2.857142857142857, 1.066610455311973, 3.0, 1.0, 1.0, 1.0, 1.0, 1.0, 1.1171125694093893, 1.0, 1.0, 166.0, 1.0, 1.1302288871349644, 1.070432868672047, 1.0, 1.0, 1.160919540229885, 1.08, 2.0, 1.5783132530120483, 1.0, 1.0, 1.0, 1.0, 1.0, 2.6666666666666665, 2.0, 1.0, 1.3343465045592706, 1.0049921177088808, 1.0909090909090908, 1.0, 1.7771428571428571, 1.0, 1.037037037037037, 1.0, 1.5, 1.0, 1.1479206352603755, 1.0, 1.0, 1.0, 1.0486192143134967, 1.031867244291064, 1.0, 3.0, 164.0, 1.0697728869117302, 1.0, 1.0737335662406913, 1.2222222222222223, 1.070161792159303, 4.366666666666666, 1.134894711237751, 1.0, 1.1136363636363635, 3.0, 1.0, 1.0, 1.0, 1.0, 1.3571428571428572, 165.0, 163.0, 1.0, 12.823529411764707, 1.0, 1.0, 1.0, 2.35625, 3.0, 1.0, 179.0, 1.2512919896640826, 1.3508771929824561, 1.0, 2.0, 1.38996138996139, 2.846390168970814, 1.0, 1.8, 1.0, 1.0, 1.0, 2.0, 1.1111111111111112, 1.0, 5.05, 1.132961903327812, 167.0, 1.0, 1.9, 1.1904761904761905, 1.0, 1.1638899651297947, 1.0, 1.0, 1.0, 159.0, 1.1458333333333333, 1.0, 1.0, 1.0, 1.0, 1.0, 1.0, 1.0, 1.0, 1.0, 1.0, 1.0, 1.0, 1.0460764068146617, 2.0, 1.0, 1.0, 1.0, 1.0, 20.0, 1.0, 1.0, 2.5, 1.0, 1.0, 1.0, 2.0, 1.0, 1.2179487179487178, 1.044732229346372, 160.0, 1.447867298578199, 1.5, 1.2155172413793103, 1.0, 1.0904989384288748, 1.0, 2.0, 1.2017142857142857, 1.0, 1.0, 174.0, 1.4764705882352942, 89.5, 1.0, 1.0459694160624895, 1.144161140859529, 1.4407894736842106, 49.5, 1.0, 177.0, 1.0, 1.0, 1.0, 189.0, 1.0, 2.0, 2.0, 1.0, 1.0, 1.0, 1.217314930991217, 21.875, 1.0, 1.0, 1.0666666666666667, 1.3180722891566266, 1.0, 2.0, 1.1203439325113562, 1.0555555555555556, 1.326086956521739, 1.0, 1.0, 1.0, 1.2, 1.1333333333333333, 1.0, 1.3155481147182997, 1.0, 1.0, 1.1609265734265735, 176.0, 1.2332506203473945, 8.0, 1.5, 2.0, 1.2206405693950177, 1.0, 1.5, 15.25, 1.0, 1.0, 10.863636363636363, 1.0, 2.0, 1.1124880838894184, 1.25, 1.0, 1.0, 2.0, 1.8940217391304348, 1.0, 1.1727175654030966, 1.5, 1.0, 1.0, 1.0, 1.0, 1.0, 1.0, 2.0, 1.108695652173913, 1.0, 1.0664285714285715, 1.0, 1.0088528153705911, 1.0, 1.0, 1.0, 1.0, 1.0, 7.448275862068965, 1.0, 1.0, 1.0, 2.0, 1.3029045643153527]
origin-forest_39.80 	max: 208.0000	99th: 191.0000	95th: 166.0000	median: 1.0590	mean: 14.0648

...Done, result: results.csv

WORKLOAD-FINISHED | Type: QueryWorkload | Progress: 3/3 | Workload-time: 30.551745 | Model-update-time: 0.000000


Experiment Summary: #data-update-times=1, #drift=1 | total-time=70.788783