Input arguments = Namespace(data_update='tupleskew', update_size=100000, dataset='forest', debug=False, drift_test='js', model_update='adapt', model='transformer', end2end=False, query_seed=0, random_seed=42, num_workload=3)
JSON-passed parameters = {'data_updater': {'skew_ratio': '1e-3'}, 'random_seed': 93, 'transformer': {'epochs': 0}}
MODEL-PATH=/home/kangping/code_copy/SAUCE/models/end2end/transformer/origin-forest-2.0MB-model58.950-data19.148-300epochs-seed0.pt
DATASET-PATH=/home/kangping/code_copy/SAUCE/data/forest/end2end/forest.npy
Workloads: ['QueryWorkload', 'DataUpdateWorkload', 'QueryWorkload']

WORKLOAD-START | Type: QueryWorkload | Progress: 1/3
Going to run: ['python', '/home/kangping/code_copy/SAUCE/Naru/eval_model.py', '--dataset=forest', '--model=transformer', '--query_seed=0', '--end2end', '--eval_type=first_estimate', '--num_workload=3', '--data_update=tupleskew', '--model_update=adapt', '--random_seed=42']
Torch device: cuda:1
GET-MODEL-PATH=./models/end2end/transformer/origin-forest-2.0MB-model58.950-data19.148-300epochs-seed0.pt
ckpts [PosixPath('/home/kangping/code_copy/SAUCE/models/end2end/transformer/origin-forest-2.0MB-model58.950-data19.148-300epochs-seed0.pt')]
Validate Argument: DATASET="forest" is valid.
load_csv_dataset - forest (581012, 10)
Parsing... done, took 0.0s
Loading ckpt: /home/kangping/code_copy/SAUCE/models/end2end/transformer/origin-forest-2.0MB-model58.950-data19.148-300epochs-seed0.pt
query_seed:0
origin-forest_39.80 	max: 36.0000	99th: 4.2557	95th: 2.2018	median: 1.0025	mean: 1.3436
ReportEsts: [1.0, 1.3398970009088156, 1.0, 1.4390243902439024, 1.3333333333333333, 1.0, 1.0052083333333333, 1.0, 1.4315352697095436, 1.0, 1.1355932203389831, 1.0, 1.0, 1.0, 3.0, 1.1058262400939243, 1.0, 1.1111111111111112, 4.818181818181818, 1.125, 1.0, 3.0, 1.0526315789473684, 1.6, 1.4, 1.0, 1.1508792846497764, 1.3, 3.0, 1.299625468164794, 1.0, 1.1063829787234043, 1.2727272727272727, 1.0, 1.2155172413793103, 1.0500413564929694, 1.0392512077294687, 1.0, 1.0277777777777777, 1.0, 2.0, 1.0, 1.0588235294117647, 1.0, 2.0163934426229506, 1.0427350427350428, 1.0, 1.0, 1.0, 1.0, 3.0, 1.117013498312711, 1.0, 1.0, 18.0, 1.0603015075376885, 1.014556040756914, 2.125, 1.0, 1.0, 1.1914675767918088, 3.2, 1.0, 1.4136986301369863, 1.10828025477707, 1.0, 1.186104218362283, 1.2625, 1.1285140562248996, 1.0, 2.0, 1.0, 1.2, 1.3191534168684849, 2.25, 2.0, 1.0, 1.0, 1.0, 1.0, 1.0, 1.0, 1.0711351485250706, 3.5, 1.2692307692307692, 1.0, 1.0, 1.3333333333333333, 1.1091560985326339, 1.0, 1.6, 1.4838709677419355, 1.0, 1.0941232680363115, 1.0, 1.0, 1.0445786597641644, 1.0063694267515924, 1.0, 1.0, 1.0, 1.0, 1.0, 1.0, 1.103448275862069, 1.0, 1.0, 1.0, 1.0507246376811594, 1.0, 1.0704225352112675, 1.0, 1.0, 1.1655844155844155, 1.096938775510204, 2.0, 1.0, 2.0, 1.0, 1.0, 1.0, 1.0, 3.0, 1.0, 1.2184557438794728, 1.0, 1.0, 1.1111111111111112, 1.0, 1.0, 1.0, 1.4877049180327868, 1.157657200811359, 1.0, 1.375, 1.0, 1.0, 2.0, 1.0024580090126998, 1.2063492063492063, 1.0957367240089753, 1.0, 1.0, 1.25, 1.0, 1.0440099411311003, 1.0, 1.2333333333333334, 1.3714285714285714, 1.0, 1.0294117647058822, 1.0, 1.0, 1.0, 1.0, 1.0, 1.0, 1.0, 1.0, 1.6666666666666667, 1.7777777777777777, 1.0, 1.0432684824902723, 4.0, 1.013423435847929, 1.0, 1.3333333333333333, 4.0, 1.2427184466019416, 1.0, 1.0, 1.0, 1.023076923076923, 1.2083333333333333, 1.0, 1.0, 1.361216730038023, 1.0, 1.6345270890725436, 1.0, 6.294117647058823, 1.0, 1.0, 1.1170386845658908, 1.0, 1.0359187922956794, 1.0, 1.0, 1.303030303030303, 1.0648667996113923, 1.0, 1.1470588235294117, 1.7692307692307692, 1.0, 1.0, 1.0, 1.0, 1.1944444444444444, 1.25, 1.3253139925703166, 1.0432722678458624, 1.0, 1.0, 1.0, 2.0, 3.0, 1.0567375886524824, 1.0, 1.0, 1.0, 1.0, 1.2941176470588236, 1.0, 1.3333333333333333, 1.0, 1.0, 1.0, 1.0046728971962617, 1.0, 2.0, 1.0, 1.4759345223552407, 1.0, 1.0, 1.1304347826086956, 1.0, 1.31875, 1.0, 2.6736401673640167, 1.0, 1.0, 1.0, 1.375, 1.0, 2.888888888888889, 1.0, 1.0, 1.0, 1.039723099795577, 1.0007636502481863, 1.0, 1.3333333333333333, 1.5, 1.0492237788716394, 1.0888888888888888, 1.5, 1.0, 1.0083102493074791, 10.0, 1.240582191780822, 1.0, 1.6666666666666667, 1.1666666666666667, 1.0, 1.2056737588652482, 1.1298491379310345, 1.2142857142857142, 2.0, 1.2741935483870968, 1.0, 2.0, 1.0, 1.1306233734043871, 1.25, 2.0, 1.0, 1.1428571428571428, 1.0, 1.0, 1.0, 1.0555555555555556, 1.5, 1.0704, 2.0, 1.0, 1.006403073475268, 1.4444444444444444, 1.0, 1.0416666666666667, 1.0, 1.0, 1.0, 1.125, 1.0, 1.0, 1.0, 2.0, 1.0, 8.043478260869565, 1.0, 1.1111111111111112, 1.0, 1.0, 1.0, 1.0, 1.044340723453909, 1.5141242937853108, 1.07179866765359, 1.4644194756554307, 1.0, 1.382258064516129, 1.0, 1.0, 3.0, 1.0, 1.2335766423357664, 1.0, 2.0, 1.0, 1.173913043478261, 1.0, 1.0, 1.1666666666666667, 1.5, 1.0, 1.0, 1.0, 1.0, 1.0, 2.5714285714285716, 1.0, 1.0, 1.331715210355987, 1.5, 1.0, 1.0708247950819672, 1.0, 1.0, 1.0, 1.0, 1.2652296157450797, 1.0, 3.0, 1.0, 1.3333333333333333, 1.3069767441860465, 1.0, 1.0864197530864197, 1.201219512195122, 2.0, 1.3934207007221182, 1.3873873873873874, 1.0, 1.3461538461538463, 1.5, 1.1428571428571428, 3.8, 1.5, 1.0, 1.0, 1.0, 1.0, 1.0, 1.3706896551724137, 1.3636363636363635, 1.5061728395061729, 1.2, 1.0, 1.0, 1.0, 1.2974358974358975, 1.1, 1.1956521739130435, 1.091975443981583, 1.1361185393012143, 1.455742385786802, 1.0255141025215109, 1.1169811320754717, 1.0, 1.6126760563380282, 1.0, 1.3487024439405393, 1.0067320120637657, 1.0, 1.0245954043449375, 1.0089036809466918, 1.0960177183306554, 1.0, 1.6666666666666667, 2.0, 1.00625, 1.0, 1.0, 1.0362844702467344, 2.6372549019607843, 1.0, 1.4912280701754386, 1.0, 1.1689944134078212, 1.0, 2.5, 1.0, 1.0, 1.0, 4.25, 1.0, 1.0267295597484276, 1.0, 1.0, 1.0, 1.0, 1.0206943478839696, 1.0, 2.0, 1.058695652173913, 1.5686597938144329, 1.2042628774422734, 1.6037234042553192, 1.1506276150627615, 1.0621593702133723, 1.1563421828908556, 6.6, 1.0, 1.0, 1.1327105851658592, 1.1155212319820336, 1.0, 1.375, 1.0, 1.0, 1.0, 1.0, 1.0, 1.0, 1.0, 1.1238836070296745, 2.5, 1.2233589087809036, 1.0, 1.0, 1.0, 1.0891089108910892, 1.113090514518924, 2.5, 1.2542113323124042, 1.4736842105263157, 1.0, 1.0, 1.0, 1.0136887207167102, 1.5, 1.0, 1.106100795755968, 1.0, 2.235294117647059, 1.0, 1.0, 1.0, 1.0303815904456743, 1.0, 1.0, 1.0, 1.3333333333333333, 1.1235955056179776, 1.0037064492216456, 1.75, 1.0, 1.0, 1.0633333333333332, 1.25, 2.0, 1.0138639281129653, 1.0, 1.4444444444444444, 1.0, 1.0, 1.0909090909090908, 1.0, 1.0, 2.4444444444444446, 1.0260682811227135, 1.0746862495452891, 1.0192307692307692, 1.4137931034482758, 1.0, 1.0, 1.2, 1.0, 1.0969359938937957, 1.411764705882353, 1.5, 1.0, 1.0304182509505704, 1.0160427807486632, 1.0, 1.0601908983302692, 1.25, 1.0, 1.1001289167794244, 2.5, 1.0224774405250205, 1.0, 1.0, 1.0, 1.0095807763018203, 1.7142857142857142, 2.0, 1.04, 1.0, 2.0, 1.0, 1.3846153846153846, 1.0, 1.0, 1.0959352444405481, 2.0, 1.0, 1.0, 1.0769230769230769, 2.0, 20.0, 1.2560975609756098, 1.0, 1.076270359894665, 2.1285714285714286, 1.12, 1.0, 2.4, 1.0, 2.0, 1.132581330717672, 1.5, 1.3333333333333333, 1.0025878003696858, 5.0, 1.0, 1.0182244183502298, 1.0, 1.2727272727272727, 1.0, 2.0, 1.0, 1.299625468164794, 1.0, 1.0, 1.4285714285714286, 1.036782410867002, 1.178294573643411, 1.4506024096385541, 1.1, 1.4109589041095891, 1.0, 1.8095238095238095, 1.062111801242236, 1.0, 1.0, 1.1666666666666667, 1.6748166259168704, 1.6666666666666667, 2.0, 1.0, 1.23, 1.0, 1.1910828025477707, 1.0, 1.0229007633587786, 1.0, 2.0, 1.0436504814651646, 6.0, 1.0035425606226924, 2.0, 1.0, 3.0, 1.0625, 2.0, 2.0, 1.0664573521716378, 1.0, 1.0, 1.0, 1.0, 1.0, 1.0769230769230769, 2.0, 1.0759493670886076, 1.0, 1.0, 2.0, 1.0, 1.0, 1.0, 1.0, 1.0, 1.0, 1.0, 1.0, 2.0, 1.0416666666666667, 1.0, 1.0, 1.245, 1.0, 1.0, 3.5, 1.0510443991061886, 2.3214285714285716, 1.0, 1.0, 1.0, 1.0, 1.0228818305464438, 1.0, 1.0, 1.0460941290635615, 1.0662894098625708, 1.2127659574468086, 2.0, 1.0, 1.0, 1.0, 1.7419354838709677, 2.0, 1.0, 1.0, 1.6603260869565217, 2.0, 1.0403825717321997, 1.0, 1.0, 1.0283636363636364, 1.0, 1.0, 1.0, 1.5, 1.10725108656645, 1.0, 2.0, 1.4444444444444444, 1.0842572062084257, 1.0, 1.0, 1.5, 1.0, 1.0, 1.1193203696572969, 1.0, 2.0, 1.0632879475542107, 1.0, 1.0, 1.0609086370444334, 1.0, 1.0890211472711155, 1.0, 1.0, 1.0640495867768596, 1.0196810315575162, 1.5, 1.3829787234042554, 1.0, 1.0, 4.0, 1.0126082920792079, 1.0, 1.0, 1.0, 1.0, 1.25, 1.0, 1.0, 1.5, 1.094031773293259, 1.0, 2.0, 1.0, 1.0, 1.0, 1.2, 1.1472081218274113, 1.0, 1.0, 1.0, 1.0, 1.0, 1.0, 1.3, 1.0, 1.0, 1.0, 1.0, 1.0, 2.0, 1.0218742586002372, 1.5903614457831325, 1.0, 2.0, 1.5, 1.025179856115108, 1.0, 1.0, 1.0, 2.0, 1.0, 1.003968253968254, 1.0434782608695652, 1.064516129032258, 1.3131247984521122, 1.0, 1.3142857142857143, 1.0, 1.4, 1.0, 1.2, 1.0, 1.0, 1.0, 1.0404231205137893, 1.5, 1.0, 4.0, 1.0296296296296297, 1.1849482701079097, 1.0, 1.0, 1.1899380240612467, 1.0907697025452314, 1.1343283582089552, 1.0, 1.0, 1.0, 1.005703693141309, 1.0, 1.75, 1.0, 1.0, 1.5, 1.1500586166471278, 1.0, 1.0, 1.0714285714285714, 2.0, 1.0, 1.5, 1.2666666666666666, 1.0, 1.0130081300813008, 1.0905096660808435, 1.0, 1.0, 1.0, 1.5, 1.0, 1.0, 1.0, 1.0, 1.0, 2.0, 1.0, 2.0, 3.0, 1.0560224089635855, 2.0, 1.1029860203556294, 1.0, 1.0, 1.0, 1.3906752411575563, 1.5, 1.0, 1.0, 1.0, 1.0, 1.3571428571428572, 1.0073937153419594, 3.0, 1.0, 1.0, 1.0, 1.0, 1.0, 1.1138952164009113, 1.0, 1.0, 1.0, 1.0, 1.1650943396226414, 1.029059829059829, 1.0, 1.0, 1.0175438596491229, 1.0, 2.0, 1.3072289156626506, 1.0, 1.0, 1.0, 1.0, 1.0, 2.0, 1.0, 1.0, 1.0699088145896656, 1.4472152950955943, 1.3333333333333333, 1.0, 1.0, 1.0, 1.0, 2.2, 1.0, 1.0, 1.296137339055794, 1.0, 1.0, 1.0909090909090908, 2.0, 36.0, 1.0, 1.0412186379928314, 1.0, 1.0, 3.0, 1.0, 1.037037037037037, 1.0810810810810811, 1.0, 1.0789473684210527, 1.0, 1.2727272727272727, 1.0, 1.0, 2.0, 1.3571428571428572, 1.0, 1.0, 1.0, 2.0, 1.02, 1.0, 1.0, 1.1554456700900215, 1.0950830053829104, 1.0, 1.0, 1.0, 1.0594364543586734, 1.0, 1.1229946524064172, 1.0, 1.105263157894737, 2.0, 1.0, 1.0769230769230769, 1.5, 2.5, 1.0854244527495995, 1.0, 1.1555555555555554, 1.0, 2.0, 1.25, 1.0, 2.0, 1.0, 1.6, 2.5, 1.0, 1.0, 1.6666666666666667, 1.0, 1.375, 1.0, 1.3333333333333333, 1.0, 1.3333333333333333, 1.0, 1.0, 1.0, 1.0, 1.0, 1.0, 1.0, 1.0, 1.066966966966967, 2.0, 1.0, 1.0, 1.0, 1.0, 1.0327868852459017, 2.5, 1.0, 1.5761421319796953, 1.0, 1.2279129321382842, 1.0, 1.4673839946200404, 1.0, 1.1944444444444444, 1.5384615384615385, 1.0769230769230769, 1.0, 1.0, 1.1176470588235294, 1.062354724608388, 1.0, 2.0, 1.0398098633392752, 1.0, 1.0, 1.0, 2.0, 1.0422003187156939, 1.0, 1.4444444444444444, 1.0, 1.0, 1.0, 1.0, 1.0, 1.0, 1.0, 1.0, 1.0, 1.0, 3.0, 2.0, 1.0, 1.0, 1.0, 1.0639569635385535, 1.0279540229885058, 1.0, 1.0, 1.2307692307692308, 1.0473537604456824, 1.0, 2.0, 1.1644236618004866, 1.1111111111111112, 1.3596059113300492, 1.0, 1.0, 1.0, 1.5, 3.2142857142857144, 1.0, 1.2853311765707476, 1.0, 1.0, 1.2188976377952756, 1.0, 1.6, 1.0, 1.0, 1.0, 1.0533807829181494, 1.0, 1.5, 1.4074074074074074, 1.0697841056053314, 1.0, 1.5, 1.0, 1.0, 1.07434469960566, 2.0, 1.75, 1.0, 1.3688524590163935, 1.0, 1.1366019118100523, 3.0, 1.0, 1.0, 1.0, 1.0, 1.0, 1.0, 2.0, 1.186046511627907, 2.0, 1.216452205882353, 1.0, 1.0813730724537547, 1.0, 1.0, 1.0, 1.0, 1.0, 1.0405405405405406, 1.059381350191917, 2.0, 1.1330645161290323, 1.0, 1.18983286908078, 1.1153846153846154, 2.0, 1.1101694915254237, 1.2439024390243902, 1.0, 1.0, 1.0, 1.238902340597256, 1.0, 1.0, 1.2463235294117647, 2.0, 1.0]
origin-forest_39.80 	max: 36.0000	99th: 4.2557	95th: 2.2018	median: 1.0025	mean: 1.3436

...Done, result: results.csv

WORKLOAD-FINISHED | Type: QueryWorkload | Progress: 1/3 | Workload-time: 30.126979 | Model-update-time: 0.000000


WORKLOAD-START | Type: DataUpdateWorkload | Progress: 2/3
Going to run: ['python', '/home/kangping/code_copy/SAUCE/Naru/eval_model.py', '--model=transformer', '--data_update=tupleskew', '--dataset=forest', '--drift_test=js', '--end2end', '--update_size=100000', '--query_seed=0', '--eval_type=drift']
Torch device: cuda:1
GET-MODEL-PATH=./models/end2end/transformer/origin-forest-2.0MB-model58.950-data19.148-300epochs-seed0.pt
GET-DATASET-PATH=./data/forest/end2end/forest.npy
TupleSkewSample - START
0.001
TupleSkewSample - END
load_npy_dataset_from_path - df.shape = (681012, 10)
Parsing... done, took 0.1s
Data updated!
Previous data size: (581012, 10), new data size: (100000, 10)
[3.8027763e-05 1.0073185e-05 2.8729439e-05 1.8715858e-05 4.0948391e-05
 9.8943710e-06 2.4318695e-05 5.3703785e-05 5.6624413e-06 3.3855438e-04]
Distance score: 5.6862831115722656e-05
SAUCE Drift detection: True
Detection latency: 0.0664s

DRIFT-DETECTED after 2-th workload
Going to run: ['python', '/home/kangping/code_copy/SAUCE/Naru/incremental_train.py', '--dataset=forest', '--end2end', '--model=transformer', '--model_update=adapt', '--update_size=100000', '--epochs=0']
Torch device: cuda:1
GET-MODEL-PATH=./models/end2end/transformer/origin-forest-2.0MB-model58.950-data19.148-300epochs-seed0.pt
update_size: 100000
AdaptTask - START
GET-DATASET-PATH=./data/forest/end2end/forest.npy
load_npy_dataset_from_path - df.shape = (681012, 10)
Parsing... done, took 0.1s
done, took 0.1s
dataset size: 681012
train data shape: torch.Size([100000, 10]), transfer data shape:torch.Size([20000, 10])
Training done; evaluating likelihood on full data:
Epoch None Iter 0, test loss 38.6385 nats / 55.7436 bits
Saved to: /home/kangping/code_copy/SAUCE/models/end2end/transformer/origin-forest-2.0MB-model58.950-data19.148-300epochs-seed0.pt
AdaptTask - END

WORKLOAD-FINISHED | Type: DataUpdateWorkload | Progress: 2/3 | Workload-time: 4.263113 | Model-update-time: 5.699533


WORKLOAD-START | Type: QueryWorkload | Progress: 3/3
Going to run: ['python', '/home/kangping/code_copy/SAUCE/Naru/eval_model.py', '--dataset=forest', '--model=transformer', '--end2end', '--query_seed=0', '--eval_type=estimate', '--num_workload=3', '--data_update=tupleskew', '--model_update=adapt', '--random_seed=42']
Torch device: cuda:1
GET-MODEL-PATH=./models/end2end/transformer/origin-forest-2.0MB-model58.950-data19.148-300epochs-seed0.pt
ckpts [PosixPath('/home/kangping/code_copy/SAUCE/models/end2end/transformer/origin-forest-2.0MB-model58.950-data19.148-300epochs-seed0.pt')]
Validate Argument: DATASET="forest" is valid.
data size: 681012, total size: 681012, split index: [567510 681012]
Parsing... done, took 0.1s
Loading ckpt: /home/kangping/code_copy/SAUCE/models/end2end/transformer/origin-forest-2.0MB-model58.950-data19.148-300epochs-seed0.pt
query_seed:0
origin-forest_39.80 	max: 220.0000	99th: 191.0000	95th: 165.0500	median: 1.0435	mean: 14.4289
ReportEsts: [1.0, 1.1931690929451289, 1.0, 1.3409090909090908, 1.3333333333333333, 1.0, 1.0267379679144386, 1.0, 1.3904761904761904, 1.0, 1.0597014925373134, 2.3047619047619046, 1.0, 2.0, 1.291044776119403, 1.072289156626506, 1.0, 165.0, 1.8113207547169812, 13.6, 1.0, 87.0, 1.0, 1.0, 1.3670886075949367, 1.0, 1.0903402424716464, 1.3333333333333333, 1.0, 1.1666666666666667, 1.0, 1.0, 1.0, 1.0, 1.0, 2.0, 1.0, 14.75, 1.0, 2.0, 2.0, 1.0, 1.5454545454545454, 1.0, 1.3658536585365855, 2.225925925925926, 1.0, 3.5, 1.0, 1.0, 3.0, 1.188398708793896, 1.0, 1.0, 4.428571428571429, 1.1042654028436019, 1.112867443150305, 1.5454545454545454, 1.0, 160.0, 1.1547855289268814, 2.3, 168.0, 1.0, 1.0, 4.148648648648648, 1.012074391988555, 1.4285714285714286, 2.0, 191.0, 169.0, 1.6010928961748634, 1.0958600999286223, 2.234042553191489, 1.0, 1.0296610169491525, 1.0, 1.0, 1.0, 1.0, 184.0, 1.0, 1.0, 1.1038328509917414, 3.5, 1.04, 1.0, 1.0, 1.0, 1.0334614626453775, 1.0, 22.857142857142858, 191.0, 1.0648148148148149, 1.3636363636363635, 2.272727272727273, 1.0416666666666667, 1.0, 1.0, 162.0, 1.0, 1.0, 1.2634219769192172, 2.0, 1.0, 1.0, 1.0, 1.0, 1.2605784681306909, 2.0, 1.0, 1.3246753246753247, 1.0, 1.0, 1.0, 1.0, 1.0, 1.0, 1.0, 1.0, 1.0, 1.070063694267516, 1.0, 1.0, 1.0, 3.0, 1.0, 1.0259281084266352, 1.1428571428571428, 1.0, 54.666666666666664, 1.0, 1.0, 1.0, 1.2694098401912672, 1.1141618191433105, 1.0, 1.375, 1.0, 1.0, 2.0, 1.0204290091930541, 1.3174603174603174, 1.0431771894093687, 1.0, 1.0, 5.0, 1.0, 1.0723095539736736, 1.0, 1.5333333333333334, 1.4545454545454546, 1.0769230769230769, 1.6573033707865168, 1.0, 1.0, 1.0, 1.0, 2.0, 1.0, 1.0, 1.0, 1.3333333333333333, 1.5238095238095237, 2.0, 1.2064472267860178, 4.0, 1.006900878293601, 1.0, 1.0, 1.0, 1.2918340026773762, 1.0, 1.0, 185.0, 1.0, 1.0294340257337482, 1.199004975124378, 1.0, 1.0436394858330327, 3.3248407643312103, 1.0614439324116745, 1.0, 3.0, 1.0, 1.0, 1.0, 3.0, 1.0, 1.083116036505867, 1.0, 1.0, 174.0, 1.0815124385279125, 1.0, 1.2142857142857142, 1.1899791231732777, 2.0, 1.1603773584905661, 85.0, 1.0074312110865635, 1.0, 1.0, 177.0, 1.0, 1.2777777777777777, 1.0, 1.0, 1.0, 2.0, 1.0358476474981329, 1.75, 10.882352941176471, 1.3529411764705883, 1.0, 167.0, 1.0862068965517242, 1.0, 1.0, 1.0, 1.0, 185.0, 47.5, 1.0, 1.2, 1.1666666666666667, 1.0, 1.0, 1.1670717531438233, 1.132517941979177, 1.0740740740740742, 1.0, 1.2148782093482555, 1.0, 24.428571428571427, 1.0, 1.0, 1.0, 151.0, 13.0, 1.0, 2.0, 1.0, 1.7707317073170732, 1.0443548387096775, 1.0, 4.0, 90.0, 1.0, 1.5, 175.0, 1.0, 1.1593406593406594, 2.0, 1.4296875, 160.0, 1.6666666666666667, 1.0476190476190477, 1.0, 1.1627906976744187, 1.1108838900249942, 1.7857142857142858, 2.5, 1.6246786632390746, 1.451219512195122, 2.0, 1.0, 1.136546604631711, 88.5, 1.3333333333333333, 1.0, 1.0, 1.0, 1.0, 1.0, 1.105263157894737, 1.0, 1.1003630705394192, 1.0326530612244897, 1.0, 1.0226171243941842, 1.0, 1.0338983050847457, 1.065217391304348, 1.0, 1.0, 1.5, 1.2522851919561244, 1.8324607329842932, 1.0152900232018562, 45.0, 15.916666666666666, 1.0, 1.3636363636363635, 1.7054085155350978, 1.0, 1.1165413533834587, 181.0, 1.228813559322034, 1.0, 1.0, 1.3333333333333333, 5.75, 1.0, 1.0, 1.4065040650406504, 1.0, 3.0, 1.0, 1.0, 1.0, 1.0, 1.3333333333333333, 1.0, 1.0, 1.2, 2.0, 1.0, 1.3333333333333333, 181.0, 1.0, 1.0, 1.0, 1.0, 1.0, 1.2857142857142858, 1.0, 1.0, 1.3635760490960358, 1.5, 1.0, 1.033018120344445, 175.0, 1.0, 1.0, 1.0, 1.2937116564417177, 1.0, 3.0, 181.0, 1.0, 1.5116279069767442, 175.0, 1.1136363636363635, 1.9024390243902438, 2.0, 1.1023821591485048, 1.6318681318681318, 1.0, 1.1666666666666667, 1.0, 1.0, 1.3, 83.5, 1.0, 1.0, 1.0, 1.0, 1.0, 1.9827586206896552, 6.2727272727272725, 1.7160493827160495, 1.0, 1.0, 181.0, 1.6833333333333333, 1.550909090909091, 1.0342647644620173, 3.0, 1.1093017338519138, 1.3095238095238095, 1.0541349919373417, 1.6923076923076923, 1.162280701754386, 149.0, 1.1007751937984496, 1.0, 2.159090909090909, 1.0313308557181164, 1.0, 1.0690056553011584, 1.0147251083740452, 1.0223532735362666, 1.0, 1.25, 2.0, 1.175, 191.0, 2.0, 1.5, 1.1521298174442192, 86.0, 79.0, 1.0, 1.0, 1.0119047619047619, 2.8333333333333335, 1.5, 1.0, 1.0, 3.4, 1.0, 1.0709549071618036, 1.0, 1.0, 1.0, 1.0, 1.0236708076889052, 1.0, 9.636363636363637, 1.0895402529612528, 1.0, 2.0, 1.0, 1.0, 1.0080175163540033, 6.035714285714286, 66.0, 1.0, 1.0, 1.123472053281222, 1.0861312764670297, 1.0, 1.375, 182.0, 2.0, 1.0, 1.3253012048192772, 1.1474935653879152, 1.0, 1.6367432150313153, 12.666666666666666, 1.0, 1.0, 1.2275449101796407, 1.064516129032258, 163.0, 1.0, 1.05489417989418, 1.0500573326479776, 1.6666666666666667, 1.0297435897435898, 2.1538461538461537, 1.0, 1.0, 1.0, 1.0433152852977925, 2.0, 1.0, 3.4166666666666665, 170.0, 1.0, 1.291005291005291, 1.0, 1.0, 1.0970149253731343, 1.3333333333333333, 1.411764705882353, 1.3137254901960784, 1.0536429143314652, 1.0, 149.0, 2.0, 1.0, 1.0, 1.0203180055597854, 1.0, 1.0, 1.0226986128625473, 1.0459183673469388, 1.0, 1.0, 1.0, 1.0, 1.0413793103448277, 156.0, 1.5773532152842498, 1.0759584124633856, 1.3333333333333333, 2.0, 2.3867595818815333, 1.0, 1.0, 1.0, 1.5263157894736843, 1.0, 1.0, 1.0, 1.4230769230769231, 1.1666666666666667, 1.0003283712784588, 1.0, 178.0, 1.0, 1.0256410256410255, 1.0, 1.0, 1.0, 1.0, 1.0, 1.0417943623076147, 2.0, 2.0, 1.56, 1.0, 177.0, 166.0, 1.6346153846153846, 1.0, 1.2847682119205297, 1.4533029612756265, 2.0, 1.5, 1.0, 1.0568513119533527, 175.0, 20.0, 1.0510204081632653, 1.0, 1.0356880576259004, 2.4857142857142858, 1.32, 1.0, 84.0, 1.0, 1.0, 1.0, 172.0, 1.393719806763285, 1.391304347826087, 1.8333333333333333, 2.0, 1.0, 1.1914480077745384, 1.0, 167.0, 2.5, 141.0, 2.2940414507772022, 179.0, 1.0, 1.3969849246231156, 2.0, 1.0179559832811058, 1.0, 1.0, 1.880313930673643, 1.0, 1.0, 1.3129770992366412, 30.666666666666668, 177.0, 1.2692307692307692, 1.446933962264151, 1.2, 2.0, 1.0, 1.0165289256198347, 1.0, 1.050561797752809, 1.0, 1.1158645276292336, 1.0, 1.5, 1.152127659574468, 1.2, 1.0484946289142094, 1.1911764705882353, 1.0, 3.0, 197.0, 1.0, 1.5686274509803921, 1.0, 1.1274725274725275, 1.0923772609819122, 1.0, 1.0, 1.0, 1.3481308411214954, 1.1666666666666667, 1.0135047431374988, 1.04047657907622, 1.0, 176.0, 1.5, 1.0, 1.0, 1.0, 1.0, 1.0, 2.0, 1.0, 1.0, 2.0, 2.16, 1.1054091539528432, 2.389233954451346, 1.0, 1.0, 1.1111111111111112, 1.0, 157.0, 173.0, 1.0, 1.0, 1.0, 1.0, 1.0197989225543012, 1.0, 164.0, 1.0129793510324483, 1.0, 1.0, 1.0, 1.5, 1.5, 1.0, 1.0, 1.0, 1.0, 1.8333333333333333, 13.2, 1.0866704805491991, 1.5, 1.0, 1.0, 1.0824155310808288, 1.0, 1.0, 1.0, 1.135135135135135, 1.1480387836051125, 1.0, 3.0, 1.0833333333333333, 1.3697478991596639, 1.0, 1.0, 1.5, 1.0, 1.0, 1.0993135184067593, 1.0, 2.0, 1.168763557483731, 1.0, 1.0, 1.1058061905725267, 1.0, 1.050342536848661, 1.0, 1.0, 32.4, 1.049624060150376, 1.0, 1.0, 1.0, 1.1428571428571428, 1.0, 1.0564871054465796, 1.0191249050873197, 1.0, 161.0, 1.28, 1.0, 1.0, 5.0, 1.0, 1.0, 1.1279650010253606, 1.0, 1.0, 5.225, 1.5571428571428572, 1.1308411214953271, 9.894736842105264, 1.1799660441426145, 1.0, 1.0414012738853504, 3.3174603174603177, 3.477272727272727, 156.0, 5.333333333333333, 1.0, 1.0, 1.0, 1.2592592592592593, 1.0, 1.1106965174129353, 1.0, 193.0, 1.1666666666666667, 170.0, 163.0, 1.0, 220.0, 1.0, 1.0, 1.0869565217391304, 176.0, 1.0, 1.0, 1.003576537911302, 2.289473684210526, 1.0, 1.2857142857142858, 6.571428571428571, 1.5, 1.6, 1.0, 1.0, 192.0, 1.0, 169.0, 1.160588825694212, 12.928571428571429, 1.0, 4.0, 1.2962962962962963, 1.1466346153846154, 1.0, 1.0, 1.1104256631708822, 1.2845752836553204, 1.3955223880597014, 1.2222222222222223, 165.0, 1.0, 1.8329015544041452, 1.0344258429615656, 2.336283185840708, 1.0, 1.0, 2.0, 1.0383101150817686, 1.0, 2.0, 1.0, 1.0, 1.2727272727272727, 45.5, 3.0, 2.0, 1.0, 1.1322941023642505, 1.3726708074534162, 1.1527921406411583, 1.0, 1.0, 1.5, 191.0, 1.0, 1.0, 1.0, 1.0, 2.0, 1.0, 2.0, 1.5, 1.350140056022409, 1.0, 1.0141178431535962, 1.0, 1.0, 1.1111111111111112, 1.062325581395349, 1.5, 1.0, 1.0, 1.0, 1.0, 1.7142857142857142, 1.8515057113187954, 3.0, 1.0, 1.0, 1.0, 1.0, 87.5, 2.6666666666666665, 1.0, 1.0, 174.0, 1.0, 1.155970755483347, 1.1353820598006645, 1.0, 1.0, 1.2758620689655173, 1.16, 2.0, 1.4879518072289157, 1.0, 2.0, 1.0, 1.0, 1.0, 1.0625, 2.0, 1.0, 1.2917933130699089, 1.2048815506101938, 1.0909090909090908, 1.0, 34.6, 1.0, 1.2142857142857142, 1.0, 1.5, 1.0, 1.0060925407541577, 1.5, 1.0, 1.0, 1.0475285171102662, 1.0181523022432113, 1.0, 1.5, 180.0, 1.0490811295383236, 1.0, 1.2536702287026864, 2.8636363636363638, 1.0855953115360888, 1.880952380952381, 1.136889818688982, 1.0, 1.1381118881118881, 2.6666666666666665, 1.0, 1.0, 1.0, 1.5, 1.4285714285714286, 171.0, 163.0, 1.0, 17.7, 1.0, 1.0, 1.0, 1.63125, 3.0, 1.0, 178.0, 1.0701042873696407, 1.3275862068965518, 1.0, 1.0, 1.0086338242762825, 2.658119658119658, 1.0, 1.8, 1.0, 1.0, 1.0, 1.0, 1.1111111111111112, 1.0, 167.0, 1.0674698795180724, 209.0, 1.0, 1.3, 1.4130434782608696, 1.0, 1.1432391138273492, 1.0, 1.0, 1.0, 205.0, 1.1395833333333334, 1.0, 1.0, 1.0, 1.0, 1.0, 1.0, 1.0, 1.0, 1.0, 1.0, 1.0, 1.0, 1.088405115264531, 2.0, 1.0, 1.0, 1.0, 1.0, 1.4401408450704225, 1.0, 1.0, 2.5, 1.0, 1.0, 1.0, 2.0, 1.0, 1.0515021459227467, 1.012508221501679, 182.0, 1.5714285714285714, 1.5, 1.0603448275862069, 1.0, 1.085755464809032, 1.0, 1.0, 1.0436817472698907, 1.0, 1.0, 201.0, 1.7166666666666666, 89.0, 1.0, 1.0408300230360414, 1.0442230871658302, 1.4144736842105263, 175.0, 1.0, 4.551020408163265, 1.0, 1.0, 1.0, 173.0, 1.0, 2.0, 2.0, 1.0, 1.0, 1.0, 1.0209635895549833, 1.1003937007874016, 1.0, 1.0, 1.0666666666666667, 1.1090425531914894, 1.0, 2.0, 1.0740788167877837, 1.3333333333333333, 1.463768115942029, 1.0, 1.0, 1.0, 1.2, 4.704545454545454, 1.0, 1.2072293324109304, 1.0, 1.0, 1.219675599435825, 181.0, 1.3669467787114846, 66.66666666666667, 1.0, 2.0, 1.6820652173913044, 1.0, 1.5, 2.128787878787879, 1.0, 1.0, 1.1184110007639418, 1.0, 2.0, 1.2512135922330097, 2.0, 1.0, 1.0, 2.25, 1.0732484076433122, 1.0, 1.3443938988493445, 1.5, 1.0, 1.0, 1.0, 1.0, 1.0, 1.0, 2.0, 1.02, 1.0, 1.1860744297719088, 1.0, 1.0497086465346794, 1.0, 1.0, 1.0, 1.0, 1.0, 52.0, 1.0588235294117647, 1.0, 1.0, 2.0, 1.2752525252525253]
origin-forest_39.80 	max: 220.0000	99th: 191.0000	95th: 165.0500	median: 1.0435	mean: 14.4289

...Done, result: results.csv

WORKLOAD-FINISHED | Type: QueryWorkload | Progress: 3/3 | Workload-time: 30.620494 | Model-update-time: 0.000000


Experiment Summary: #data-update-times=1, #drift=1 | total-time=70.804186