Input arguments = Namespace(data_update='tupleskew', update_size=100000, dataset='forest', debug=False, drift_test='js', model_update='adapt', model='transformer', end2end=False, query_seed=0, random_seed=42, num_workload=3)
JSON-passed parameters = {'data_updater': {'skew_ratio': '1e-3'}, 'random_seed': 65, 'transformer': {'epochs': 0}}
MODEL-PATH=/home/kangping/code_copy/SAUCE/models/end2end/transformer/origin-forest-2.0MB-model58.950-data19.148-300epochs-seed0.pt
DATASET-PATH=/home/kangping/code_copy/SAUCE/data/forest/end2end/forest.npy
Workloads: ['QueryWorkload', 'DataUpdateWorkload', 'QueryWorkload']

WORKLOAD-START | Type: QueryWorkload | Progress: 1/3
Going to run: ['python', '/home/kangping/code_copy/SAUCE/Naru/eval_model.py', '--dataset=forest', '--model=transformer', '--query_seed=0', '--end2end', '--eval_type=first_estimate', '--num_workload=3', '--data_update=tupleskew', '--model_update=adapt', '--random_seed=42']
Torch device: cuda:1
GET-MODEL-PATH=./models/end2end/transformer/origin-forest-2.0MB-model58.950-data19.148-300epochs-seed0.pt
ckpts [PosixPath('/home/kangping/code_copy/SAUCE/models/end2end/transformer/origin-forest-2.0MB-model58.950-data19.148-300epochs-seed0.pt')]
Validate Argument: DATASET="forest" is valid.
load_csv_dataset - forest (581012, 10)
Parsing... done, took 0.0s
Loading ckpt: /home/kangping/code_copy/SAUCE/models/end2end/transformer/origin-forest-2.0MB-model58.950-data19.148-300epochs-seed0.pt
query_seed:0
origin-forest_39.80 	max: 107.0000	99th: 5.2047	95th: 2.3417	median: 1.0017	mean: 1.4153
ReportEsts: [9.0, 1.5074982958418541, 1.0, 1.475, 1.3333333333333333, 1.0, 1.1692708333333333, 1.0, 1.8253968253968254, 1.0, 1.098360655737705, 1.0, 1.0, 1.0, 2.0, 1.0403800997945407, 1.0, 1.1111111111111112, 1.3962264150943395, 1.125, 1.0, 3.0, 1.0, 2.0, 1.4, 1.0, 1.1258784079311852, 1.3, 3.0, 1.278084714548803, 1.0, 1.1063829787234043, 1.0, 1.0, 1.1206896551724137, 1.0661703887510339, 1.000581057524695, 1.0, 1.0169133192389006, 1.0, 2.0, 1.0, 1.1333333333333333, 1.0, 1.0731707317073171, 1.0748898678414096, 1.0, 1.0, 1.0, 1.0, 3.0, 1.1392857142857142, 1.0, 1.0, 9.0, 1.0603015075376885, 1.4395924308588064, 1.7894736842105263, 1.0, 1.0, 1.1143344709897611, 5.0, 1.0, 1.4219178082191781, 1.1592356687898089, 1.0, 1.4397590361445782, 1.1683168316831682, 1.2248995983935742, 1.0, 2.0, 1.0, 1.1764705882352942, 1.2739812572391283, 1.0, 2.0, 1.0, 1.0, 1.0, 1.0, 1.0, 1.0, 1.059954242758508, 3.5, 2.1153846153846154, 1.0, 1.0, 1.3333333333333333, 1.03579766536965, 1.0, 1.6, 1.2105263157894737, 1.0, 1.1027233635929288, 1.0, 1.0, 1.0104044956323375, 1.3652173913043477, 1.0, 1.0, 1.0, 1.0, 1.0, 1.0, 1.0275862068965518, 1.0, 1.0, 1.0, 1.1521739130434783, 1.0, 1.0492957746478873, 1.0, 1.0, 1.6204349610176447, 1.239795918367347, 2.0, 1.0, 2.0, 1.0, 1.0, 1.0, 2.0, 3.0, 1.0, 2.1942148760330578, 1.1428571428571428, 1.0, 1.0, 1.0, 1.0, 1.0, 1.2312343312195841, 1.1197547516860822, 1.0, 1.5, 1.0, 1.0, 2.0, 1.0290151205557825, 1.2222222222222223, 1.055264688772542, 1.0, 1.0, 1.25, 1.0, 1.064465176302948, 1.0, 1.3, 2.1818181818181817, 1.1538461538461537, 1.0, 1.0, 1.0, 1.0, 1.0, 2.0, 1.0, 1.0, 1.0, 2.6666666666666665, 1.7777777777777777, 1.0, 1.0340856031128405, 4.0, 1.0095259696076209, 1.0, 1.0, 1.0, 1.0485436893203883, 1.0, 1.0, 1.0, 1.0390625, 1.1153846153846154, 1.0, 1.0, 1.0228136882129277, 1.0, 1.0702247191011236, 1.0, 107.0, 2.0, 1.0, 1.1489713241718962, 1.0, 1.0400696864111498, 1.0, 1.0, 1.3870967741935485, 1.025790562506157, 1.0, 1.1724137931034482, 1.9166666666666667, 1.0, 1.0, 1.0, 1.0, 1.1527777777777777, 1.0, 1.3264872521246458, 1.2002526847757422, 1.3333333333333333, 1.0, 1.0, 2.0, 3.0, 1.2702702702702702, 1.0, 1.0, 1.0, 1.0, 1.36, 1.0, 1.1428571428571428, 1.0, 1.0, 1.0, 1.0913705583756346, 1.0, 2.0, 1.0, 1.4284700874911327, 1.0, 1.0, 1.1794871794871795, 1.0, 1.1875, 1.0, 1.3067292644757433, 1.0, 1.0, 1.0, 1.2222222222222223, 2.0, 3.25, 1.0, 1.0, 2.0, 1.0553311221843218, 1.0207300012717793, 1.0, 1.0, 1.5, 1.0446800454373344, 1.1914893617021276, 1.375, 1.0, 1.035561877667141, 3.3, 1.1660958904109588, 1.0, 1.6666666666666667, 1.1385542168674698, 1.0, 1.8681318681318682, 1.2003434459072697, 1.7857142857142858, 2.0, 1.2408376963350785, 1.0048543689320388, 4.0, 1.0, 1.1795965865011637, 1.25, 2.0, 1.0, 1.1428571428571428, 1.0, 1.0, 1.0, 1.1842105263157894, 1.5, 1.176574041505452, 2.0, 1.0, 1.016728029454138, 1.2222222222222223, 1.0, 1.1363636363636365, 1.0, 1.0, 1.0, 1.2222222222222223, 1.0, 1.5, 1.0, 2.0, 1.0, 1.3405797101449275, 1.0, 1.1111111111111112, 1.0, 1.0, 2.0, 1.0, 1.9113185530921821, 1.3389830508474576, 1.0029607698001481, 1.2209737827715357, 1.0, 1.414516129032258, 1.0, 1.0, 3.0, 1.0, 1.2335766423357664, 1.0, 2.0, 1.0, 1.2272727272727273, 1.0, 1.0, 1.25, 1.5, 1.0, 1.0, 1.0, 1.0, 1.0, 2.0, 1.0, 1.0, 1.4599065084501979, 1.5, 1.0, 1.0349053100631267, 1.0, 1.0, 1.0, 1.0, 1.161790017211704, 2.0, 3.0, 1.0, 1.0, 1.2697674418604652, 1.0, 1.1, 1.0718954248366013, 1.0, 1.0506150433555153, 1.162162162162162, 1.0, 1.4, 1.0, 1.1428571428571428, 7.0, 3.0, 1.0, 1.0, 1.0, 1.0, 1.0, 1.4741379310344827, 11.0, 1.3580246913580247, 6.0, 1.0, 1.0, 1.0, 1.003968253968254, 1.2, 1.9, 1.0889607542205657, 1.143921792117838, 1.4857233502538072, 1.0312009353599465, 1.0528301886792453, 1.0, 1.6015037593984962, 2.0, 1.1882086167800454, 1.0026837140462561, 1.0, 1.0630552123301034, 1.0513739545997611, 1.0851174707951534, 1.0, 1.6666666666666667, 2.0, 1.00625, 1.0, 1.0, 1.1018518518518519, 2.7745098039215685, 1.0, 1.6666666666666667, 1.0, 1.1930630345264492, 1.0, 3.3333333333333335, 1.0714285714285714, 1.0, 1.0, 5.666666666666667, 1.0, 1.005503144654088, 1.0, 1.0, 1.0, 1.0, 1.0008840323468884, 1.0, 2.0, 1.0956521739130434, 1.3732851985559567, 1.1957671957671958, 1.2318692543411645, 1.0456273764258555, 1.1193317422434368, 1.1445427728613569, 4.125, 1.0, 1.0, 1.1286339918002237, 1.1133900130623096, 1.0, 1.2222222222222223, 1.0, 1.0, 1.0, 1.0, 1.0, 1.0, 1.0, 1.1184059633027523, 2.5, 1.2139812446717817, 1.0, 1.0, 1.0, 1.3244755244755244, 1.0536885999877352, 2.5, 1.2618683001531394, 1.8666666666666667, 1.0, 1.0, 1.0, 1.0530666512515174, 1.5, 1.0, 1.1024454725710509, 1.0, 1.8095238095238095, 1.0, 1.0, 1.0, 1.0352461404019808, 1.0, 1.0, 2.0, 1.3333333333333333, 1.1627906976744187, 1.0234315948601662, 1.75, 1.0, 1.0, 1.3888888888888888, 1.25, 2.0, 1.0605905006418486, 1.0, 1.4444444444444444, 1.0, 1.0, 1.1818181818181819, 1.0, 1.0, 3.3333333333333335, 1.0573078311079034, 1.0727309930883957, 1.0529801324503312, 1.4642857142857142, 1.0, 1.0, 1.0909090909090908, 1.0, 1.2126267582597319, 2.526315789473684, 1.5, 1.0, 1.0276752767527675, 1.032085561497326, 2.0, 1.0938263264563737, 1.25, 2.0, 1.0595467669589491, 2.5, 1.0008210180623973, 1.0, 1.0, 1.0, 1.0032163441745574, 1.7857142857142858, 2.0, 1.24, 1.0, 2.0, 1.0, 1.6346153846153846, 1.0, 1.1390728476821192, 1.0110198534625383, 2.0, 1.0, 1.0, 1.0735524256651017, 2.0, 5.2, 1.2409638554216869, 1.0, 1.0028171573973101, 3.2523809523809524, 1.12, 1.0, 2.2, 1.0, 2.0, 1.170017982671244, 1.5, 4.0, 1.0503485670023238, 1.6666666666666667, 1.0, 1.0423911521769564, 1.0, 1.5555555555555556, 1.0, 2.0, 1.0, 1.2303370786516854, 1.0, 1.0, 1.4285714285714286, 1.052849915682968, 1.006578947368421, 1.6120481927710844, 1.0454545454545454, 1.4109589041095891, 1.0, 1.7272727272727273, 1.062111801242236, 1.0, 1.0, 1.064102564102564, 1.0354430379746835, 2.5, 2.0, 1.1428571428571428, 1.1826923076923077, 1.0, 1.3453237410071943, 1.0, 1.0835579514824798, 1.0, 2.0, 1.052034512565524, 6.0, 1.005097196541902, 2.0, 1.0, 3.0, 1.0625, 1.0, 2.0, 1.0837257980115123, 1.0, 1.0, 1.0, 1.0, 1.0, 1.1346153846153846, 2.0, 1.2686567164179106, 1.0, 1.0, 2.0, 1.0, 1.0, 1.0, 1.0, 1.0, 1.0, 1.0, 1.0, 2.0, 1.3888888888888888, 1.44, 1.0, 1.2183333333333333, 1.0, 1.0, 2.3333333333333335, 1.0160400272029535, 2.5714285714285716, 1.0, 1.0, 1.0, 1.0, 1.0013314536340852, 1.0, 1.0, 1.0350456072971674, 1.0621683093252463, 1.2340425531914894, 2.0, 1.0, 1.0, 1.0, 1.173913043478261, 2.0, 1.0, 1.0, 1.0644599303135889, 1.0, 1.0709883103081828, 1.0, 1.0, 1.0187979797979798, 1.0, 1.0, 1.0, 1.3125, 1.1376322500691336, 1.0, 2.0, 1.4444444444444444, 1.0020491803278688, 1.0, 1.0, 1.5, 1.0, 1.0, 1.2012899499422411, 1.0, 2.0, 1.0888200361476892, 1.0, 1.0, 1.0174766578884367, 1.0, 1.110168418386729, 1.0, 1.0, 1.4504132231404958, 1.030167980802194, 1.5384615384615385, 1.4444444444444444, 1.0, 1.0, 4.0, 1.0144373997402796, 1.0, 1.0, 1.0, 1.0, 1.1, 1.0, 1.0, 1.5, 1.3885558583106268, 1.0, 1.0, 1.0, 1.0, 1.0, 1.2857142857142858, 1.153061224489796, 1.0, 1.0, 1.0, 1.0, 1.0, 1.0, 1.5, 1.0, 1.0, 1.0, 1.0, 1.0, 2.0, 1.0118861209964414, 1.355421686746988, 1.0, 2.0, 1.5, 1.0557553956834533, 1.0, 1.0, 1.0, 2.0, 1.0, 1.0103785103785103, 1.0217391304347827, 2.5384615384615383, 1.033502538071066, 1.0, 1.2391304347826086, 1.0, 1.16, 1.0, 1.0, 1.0, 1.0, 1.0, 1.0110132158590308, 1.75, 1.0, 4.0, 1.1703703703703703, 1.151017910779842, 1.0, 1.0, 1.204872646733112, 1.095676172953082, 1.164179104477612, 1.1111111111111112, 1.0, 1.0, 1.0775294860565072, 2.0, 1.5, 1.0, 1.0, 1.6666666666666667, 1.1336459554513483, 1.0, 1.0, 1.0, 1.0, 1.0, 3.0, 1.3, 1.0, 1.0090957731407169, 1.025785656728445, 1.0, 1.0, 1.0, 3.0, 1.0, 1.0, 1.0, 1.0, 1.0, 2.0, 1.0, 2.0, 3.0, 1.050420168067227, 1.0, 1.0780761157973942, 1.0, 1.0, 1.2222222222222223, 1.1214347450302506, 1.5, 1.0, 1.0, 1.0, 1.0, 1.3214285714285714, 1.081651376146789, 3.0, 1.0, 1.0, 1.0, 1.0, 1.0, 1.0676855895196506, 1.0, 1.0, 1.0, 1.0, 1.0849056603773586, 1.0238095238095237, 1.0, 1.0, 1.0419161676646707, 1.0, 2.0, 1.2951807228915662, 1.0, 1.0, 1.0, 1.0, 1.0, 1.3333333333333333, 1.0, 1.0, 1.0729483282674772, 1.0047612177175012, 1.3333333333333333, 1.0, 1.0, 1.0, 1.0, 1.8, 1.0, 1.0, 1.1647350993377483, 1.0, 1.0, 2.242424242424242, 2.0, 1.0285714285714285, 1.0, 1.1857142857142857, 1.1, 1.0, 3.0, 1.0, 1.0740740740740742, 1.0168918918918919, 1.0, 1.0723684210526316, 1.0, 1.2272727272727273, 1.0, 1.0, 1.0, 1.1428571428571428, 1.0, 1.0, 1.0, 2.0, 1.0869565217391304, 1.0, 1.0, 1.0242170660580703, 1.0771701271090606, 1.0, 1.0, 1.0, 1.0897123569122396, 1.0, 1.0108108108108107, 1.0, 1.1522864538395168, 2.0, 1.0, 1.1538461538461537, 1.25, 1.6666666666666667, 1.1188772702256466, 1.0, 3.1333333333333333, 1.0, 2.0, 1.25, 1.0, 1.0, 1.0, 2.0, 2.5, 1.0, 1.0, 1.6666666666666667, 1.0, 1.6, 1.0, 1.0, 1.0, 1.3333333333333333, 1.0, 1.0, 1.0, 1.0, 1.0, 1.0, 1.0, 1.0, 1.1013513513513513, 2.0, 1.0, 1.0, 1.0, 1.0, 1.0677966101694916, 2.0, 1.0, 1.0253164556962024, 1.0, 1.2279129321382842, 1.0, 1.4290517821116342, 1.0, 1.303030303030303, 7.5, 1.1538461538461537, 1.0, 1.0, 1.0526315789473684, 1.037709772951629, 1.0, 1.0, 1.0115606936416186, 1.0, 1.0, 1.0, 2.0, 1.002207401286667, 1.0, 2.1666666666666665, 1.0, 1.0576923076923077, 1.0, 1.0, 1.0, 1.0, 1.0, 1.0, 1.0, 1.0, 3.0, 2.0, 1.0, 1.0, 1.0, 1.035184646699622, 1.024510242418821, 1.0, 1.0, 1.4545454545454546, 1.0681818181818181, 1.0, 2.0, 1.1534367396593674, 1.0, 2.0, 1.0, 1.0, 1.0, 1.2, 1.9565217391304348, 1.0, 1.2756653992395437, 1.0, 1.0, 1.234750656167979, 1.0, 6.0, 1.0, 1.0, 1.1666666666666667, 1.00711743772242, 1.0, 1.5, 1.2258064516129032, 1.060308790244353, 1.0, 1.4285714285714286, 1.0, 1.0, 1.2376478775226165, 2.0, 1.75, 1.0, 1.8155737704918034, 1.0, 1.771163298743856, 1.5, 1.0, 1.0, 1.0, 1.0, 1.0, 1.0, 2.0, 1.2439024390243902, 1.0, 1.1443143180959576, 1.0, 1.0847544570417595, 1.0, 1.0, 1.0, 1.0, 1.0, 1.1044776119402986, 1.0634454730187402, 2.0, 1.0137096774193548, 1.0, 1.0928745042855315, 1.1153846153846154, 2.0, 1.0593220338983051, 1.2644628099173554, 1.0, 1.0, 1.0, 1.2308313155770783, 1.0, 1.0, 1.2555555555555555, 2.0, 1.0]
origin-forest_39.80 	max: 107.0000	99th: 5.2047	95th: 2.3417	median: 1.0017	mean: 1.4153

...Done, result: results.csv

WORKLOAD-FINISHED | Type: QueryWorkload | Progress: 1/3 | Workload-time: 30.146873 | Model-update-time: 0.000000


WORKLOAD-START | Type: DataUpdateWorkload | Progress: 2/3
Going to run: ['python', '/home/kangping/code_copy/SAUCE/Naru/eval_model.py', '--model=transformer', '--data_update=tupleskew', '--dataset=forest', '--drift_test=js', '--end2end', '--update_size=100000', '--query_seed=0', '--eval_type=drift']
Torch device: cuda:1
GET-MODEL-PATH=./models/end2end/transformer/origin-forest-2.0MB-model58.950-data19.148-300epochs-seed0.pt
GET-DATASET-PATH=./data/forest/end2end/forest.npy
TupleSkewSample - START
0.001
TupleSkewSample - END
load_npy_dataset_from_path - df.shape = (681012, 10)
Parsing... done, took 0.1s
Data updated!
Previous data size: (581012, 10), new data size: (100000, 10)
[5.8352947e-05 5.0067902e-06 2.6822090e-06 2.9683113e-04 8.7857246e-05
 3.1590462e-06 1.4901161e-06 8.9406967e-06 4.8279762e-06 7.8678131e-06]
Distance score: 4.7701596486149356e-05
SAUCE Drift detection: True
Detection latency: 0.0662s

DRIFT-DETECTED after 2-th workload
Going to run: ['python', '/home/kangping/code_copy/SAUCE/Naru/incremental_train.py', '--dataset=forest', '--end2end', '--model=transformer', '--model_update=adapt', '--update_size=100000', '--epochs=0']
Torch device: cuda:1
GET-MODEL-PATH=./models/end2end/transformer/origin-forest-2.0MB-model58.950-data19.148-300epochs-seed0.pt
update_size: 100000
AdaptTask - START
GET-DATASET-PATH=./data/forest/end2end/forest.npy
load_npy_dataset_from_path - df.shape = (681012, 10)
Parsing... done, took 0.1s
done, took 0.1s
dataset size: 681012
train data shape: torch.Size([100000, 10]), transfer data shape:torch.Size([20000, 10])
Training done; evaluating likelihood on full data:
Epoch None Iter 0, test loss 40.8105 nats / 58.8771 bits
Saved to: /home/kangping/code_copy/SAUCE/models/end2end/transformer/origin-forest-2.0MB-model58.950-data19.148-300epochs-seed0.pt
AdaptTask - END

WORKLOAD-FINISHED | Type: DataUpdateWorkload | Progress: 2/3 | Workload-time: 4.250878 | Model-update-time: 5.668643


WORKLOAD-START | Type: QueryWorkload | Progress: 3/3
Going to run: ['python', '/home/kangping/code_copy/SAUCE/Naru/eval_model.py', '--dataset=forest', '--model=transformer', '--end2end', '--query_seed=0', '--eval_type=estimate', '--num_workload=3', '--data_update=tupleskew', '--model_update=adapt', '--random_seed=42']
Torch device: cuda:1
GET-MODEL-PATH=./models/end2end/transformer/origin-forest-2.0MB-model58.950-data19.148-300epochs-seed0.pt
ckpts [PosixPath('/home/kangping/code_copy/SAUCE/models/end2end/transformer/origin-forest-2.0MB-model58.950-data19.148-300epochs-seed0.pt')]
Validate Argument: DATASET="forest" is valid.
data size: 681012, total size: 681012, split index: [567510 681012]
Parsing... done, took 0.1s
Loading ckpt: /home/kangping/code_copy/SAUCE/models/end2end/transformer/origin-forest-2.0MB-model58.950-data19.148-300epochs-seed0.pt
query_seed:0
origin-forest_39.80 	max: 219.0000	99th: 186.0000	95th: 163.0500	median: 1.0545	mean: 14.9094
ReportEsts: [32.0, 1.2417482358297292, 1.0, 1.1346153846153846, 1.1428571428571428, 1.0, 1.0350404312668464, 1.0, 1.6753623188405797, 1.0, 1.0746268656716418, 190.0, 1.0, 2.0, 1.2835820895522387, 1.072289156626506, 1.0, 165.0, 3.533333333333333, 4.619047619047619, 1.0, 178.0, 1.0, 1.0, 1.207900207900208, 1.0, 1.1445555983070412, 1.3333333333333333, 1.0, 1.0, 1.0, 1.0, 1.0, 1.0, 1.0, 2.0, 1.0, 23.571428571428573, 1.0, 1.5, 2.0, 1.0, 1.1176470588235294, 1.0, 3.5142857142857142, 1.1147540983606556, 1.0, 1.0, 1.0, 1.0, 3.0, 1.1683900282451185, 1.0, 1.0, 18.0, 1.1042654028436019, 4.436936936936937, 6.766666666666667, 1.0, 188.0, 1.083848589956266, 10.0, 176.0, 1.0, 1.0, 10.363636363636363, 1.0270612620912023, 1.4285714285714286, 2.0, 159.0, 186.0, 1.0179671457905544, 1.0650290732170404, 2.0761904761904764, 1.0, 1.51440329218107, 1.0, 1.0, 1.0, 1.0, 182.0, 1.0, 1.0, 1.089488685738121, 3.5, 3.7142857142857144, 1.0, 1.0, 1.3333333333333333, 1.1389395756217089, 1.0, 79.5, 183.0, 1.048224431818182, 1.3863636363636365, 1.4102564102564104, 1.0416666666666667, 1.0, 1.0, 203.0, 1.0, 1.0, 1.2317564402810304, 2.0, 2.0, 1.0, 1.0, 1.0, 1.2046606864274572, 2.0, 1.0, 1.3116883116883118, 1.0, 1.0, 1.0, 1.0, 1.0, 1.0, 1.0, 1.0, 1.0, 1.4406528189910979, 1.0, 1.0, 1.0, 3.0, 1.0, 1.063199105145414, 1.1428571428571428, 1.0, 18.2, 1.0, 1.0, 1.0, 1.0282828282828282, 1.1985391181906186, 2.0, 1.625, 1.0, 1.0, 2.0, 1.1164901664145235, 1.2222222222222223, 1.1285696755079502, 1.0, 1.0, 2.5, 1.0, 1.0517942081304135, 1.0, 1.4, 1.8461538461538463, 1.2307692307692308, 24.857142857142858, 1.0, 1.0, 1.0, 1.0, 1.25, 1.0, 1.0, 1.0, 3.3333333333333335, 9.090909090909092, 1.0, 1.1206242091944327, 4.0, 1.0149523884473126, 1.0, 1.3333333333333333, 2.0, 1.4530744336569579, 1.0, 1.0, 178.0, 1.0, 1.0086707506677475, 1.1680240034290612, 1.0, 1.0047161539810432, 3.96, 1.0556238475722188, 1.0, 3.0, 1.0, 1.0, 1.0, 3.0, 1.0, 1.0659056316590563, 1.0, 1.0, 177.0, 1.0362239961296564, 1.0, 1.3361344537815125, 1.1028241393423985, 2.0, 1.3113207547169812, 19.2, 1.348894856434621, 1.0, 1.0, 160.0, 1.0, 1.0, 1.0, 1.0, 1.0, 2.0, 1.5568627450980392, 3.5, 7.884615384615385, 1.2105263157894737, 1.0, 175.0, 1.0689655172413792, 1.0, 1.0, 1.0, 1.0, 159.0, 41.0, 182.0, 1.2, 1.1666666666666667, 1.0, 1.0, 1.188226668063266, 1.3491215574548907, 1.0740740740740742, 1.0, 1.023888330898466, 1.0, 32.666666666666664, 1.0, 1.0, 1.0, 42.25, 1.625, 1.0, 2.0, 1.5, 1.0057895334317175, 1.0823215704073528, 1.0, 2.0, 30.5, 1.0, 1.0, 81.5, 1.0, 1.135989010989011, 3.3333333333333335, 51.0, 76.0, 1.6666666666666667, 1.0582010582010581, 1.0, 1.230952380952381, 1.089477630592352, 1.5714285714285714, 2.5, 1.2279792746113989, 1.0533980582524272, 2.0, 1.0, 1.1825509980258828, 4.166666666666667, 1.3333333333333333, 1.0, 1.0, 1.0, 1.0, 1.0, 1.263157894736842, 1.0, 1.693100486687661, 1.1218130311614731, 1.0, 4.033333333333333, 1.0, 1.2203389830508475, 1.1197278911564625, 1.0, 1.0, 44.5, 1.4494949494949494, 1.0, 1.0199248004438006, 2.0, 1.032085561497326, 1.0, 1.6, 1.476409666283084, 1.0, 1.6729323308270676, 164.0, 1.2393162393162394, 1.0, 1.0, 1.28, 2.0, 1.0, 1.0, 1.4065040650406504, 1.0, 3.0, 1.0, 1.0, 1.0416666666666667, 1.0, 1.0, 1.0, 1.0, 1.1020408163265305, 2.0, 1.0, 1.4166666666666667, 156.0, 1.0, 1.0, 1.0, 1.0, 1.0, 1.5, 1.0, 1.0, 1.216115510013973, 1.5, 1.0, 1.0456041372825575, 154.0, 1.0, 1.0, 1.0, 1.0655737704918034, 1.0, 3.0, 156.0, 1.0, 1.3395348837209302, 183.0, 1.1136363636363635, 1.8109756097560976, 2.0, 1.2340383474995058, 1.2342342342342343, 1.0, 1.1666666666666667, 1.0, 1.125, 10.0, 57.666666666666664, 1.0, 1.0, 1.0, 1.0, 1.0, 2.189655172413793, 11.0, 1.6503496503496504, 6.0, 1.0, 183.0, 1.6323529411764706, 1.1244444444444444, 1.0809623916149835, 3.0, 1.0611835506519558, 1.3571428571428572, 1.0029619503303713, 5.230769230769231, 1.528301886792453, 206.0, 3.4364406779661016, 1.0, 4.891304347826087, 1.012954043440913, 1.0, 1.0044567548993064, 1.0847994726968513, 1.0260402024177677, 1.0, 1.25, 2.0, 1.125, 178.0, 2.0, 1.5, 1.1968348170128587, 191.0, 1.898936170212766, 1.0, 1.0, 1.0238095238095237, 1.6666666666666667, 2.0, 1.0, 1.0, 4.25, 1.0, 1.0673267326732674, 1.0, 1.0, 1.0, 1.0, 1.0033503990362898, 1.0, 6.078947368421052, 1.139341590612777, 1.0, 2.0, 1.0, 1.0, 1.0134531575670627, 3.810344827586207, 16.5, 1.0, 1.0, 1.1248169983777154, 1.0831107951816488, 1.0, 1.1818181818181819, 157.0, 2.0, 1.0, 1.2359550561797752, 1.1976100628930817, 1.0, 1.8590604026845639, 76.0, 1.0, 1.0, 1.2035928143712575, 1.0, 180.0, 1.0, 1.1525808281338628, 1.0714908802537668, 1.6666666666666667, 1.4961715160796325, 1.6470588235294117, 1.0, 1.0, 1.0, 1.070023024519927, 2.0, 1.0, 1.135, 178.0, 1.0, 1.3386243386243386, 1.0, 1.0, 1.0970149253731343, 1.3333333333333333, 1.3529411764705883, 1.0450819672131149, 1.1344319167389418, 1.0, 206.0, 2.0, 1.0, 1.0, 1.1179943221342759, 1.0, 1.0, 1.4530663329161453, 1.4887218045112782, 1.0, 1.0, 1.0, 1.0, 1.0413793103448277, 184.0, 1.2687634024303074, 1.111746409900073, 1.3333333333333333, 2.0, 1.3401639344262295, 1.0, 1.0, 1.0, 1.368421052631579, 1.0, 1.0, 1.0, 1.3846153846153846, 1.6153846153846154, 1.2372382968713245, 1.0, 35.8, 1.0, 1.0389610389610389, 1.0, 1.0, 1.0, 1.0, 1.0, 1.0304637381452697, 2.0, 2.0, 1.48, 1.0, 174.0, 164.0, 1.3653846153846154, 1.0, 1.712707182320442, 1.0533333333333332, 2.0, 1.5, 1.0, 1.6703296703296704, 162.0, 5.0, 1.0729166666666667, 1.0, 1.0780947614280947, 2.1952380952380954, 1.32, 1.0, 170.0, 1.0, 1.0, 1.0, 179.0, 1.1920768307322929, 3.8260869565217392, 1.8333333333333333, 2.0, 1.0, 1.0165641268338854, 1.0, 179.0, 1.0, 165.0, 1.9897750511247443, 149.0, 1.0, 1.1979865771812082, 2.0, 1.0385576513707124, 1.0, 1.0, 1.3556263269639066, 2.0, 1.0, 1.3053435114503817, 179.0, 13.071428571428571, 1.2820512820512822, 1.2408874801901744, 1.2, 2.0, 1.125, 1.0165289256198347, 1.0, 2.111111111111111, 1.0, 1.0480549199084668, 1.0, 1.7142857142857142, 1.0954984010714188, 1.4, 1.0350823746342246, 1.2461538461538462, 1.0, 3.0, 63.333333333333336, 1.0, 1.2941176470588236, 1.1333333333333333, 1.4807692307692308, 1.2314305364511693, 1.0, 1.0, 1.0, 1.5386666666666666, 1.3333333333333333, 1.0559906813645492, 1.0173839662447257, 1.0, 182.0, 2.0, 1.0, 1.0, 1.0, 1.0, 1.0, 2.0, 1.0, 1.0, 2.0, 1.4533333333333334, 1.024353783867954, 1.435626102292769, 1.0, 1.0, 1.3333333333333333, 2.0, 173.0, 179.0, 1.0, 1.0, 1.0, 1.0, 1.046146859498358, 1.0, 157.0, 1.0063805104408352, 1.0, 1.0, 1.0, 7.0, 1.5, 1.0, 1.0, 1.0, 1.0, 1.375, 4.818181818181818, 1.040976933514247, 1.5, 1.0, 1.0, 1.0014475498719475, 1.0, 1.0, 1.0, 1.0769230769230769, 1.1487659141360522, 1.0, 3.0, 1.3, 1.2106227106227105, 1.0, 1.0, 2.0, 1.0, 1.0, 1.1269318469723841, 1.0, 2.0, 1.0681866160016888, 1.0, 1.0, 1.091817215727949, 1.0, 1.0705806173105978, 1.0, 1.0, 162.0, 1.1915492957746479, 1.0, 1.0, 175.0, 1.1428571428571428, 1.0, 1.0843911116471192, 1.0313210172373812, 1.0, 186.0, 1.25, 1.0, 1.75, 1.25, 1.0, 1.0, 1.0841575628080091, 1.0, 1.0, 24.714285714285715, 1.626865671641791, 1.1203703703703705, 6.766666666666667, 1.300509337860781, 1.0, 2.279742765273312, 1.75, 1.5227272727272727, 163.0, 3.0, 1.0, 1.0, 1.0, 1.2345679012345678, 1.0, 1.0161691542288558, 1.0, 168.0, 1.0, 159.0, 15.0, 1.0, 184.0, 1.0, 1.0, 1.0434782608695652, 1.0, 1.0, 1.0, 1.0715796897038081, 1.2323232323232323, 2.0, 1.5, 1.2391304347826086, 1.5, 1.6, 1.0, 1.0, 159.0, 1.0, 186.0, 1.0625, 160.0, 1.0, 4.0, 1.3185185185185184, 1.1563210765731615, 1.0, 1.0, 1.377770315648086, 1.1529964098315382, 1.335820895522388, 1.0, 179.0, 1.0, 2.5925925925925926, 1.751793400286944, 70.33333333333333, 1.0, 1.0, 3.0, 58.666666666666664, 1.0, 1.7407407407407407, 1.0, 1.0, 1.2424242424242424, 89.0, 3.6666666666666665, 2.0, 1.0, 1.1189284969772775, 1.3788819875776397, 1.0447872605125652, 1.0, 1.0, 3.0, 194.0, 1.0, 1.0, 1.0, 1.0, 2.0, 1.0, 2.0, 1.5, 1.3277310924369747, 1.0, 1.0655800479488546, 1.0, 1.0, 1.1666666666666667, 1.0596727622714148, 1.5, 1.0, 1.0, 1.0, 1.0, 1.75, 1.211111111111111, 3.0, 1.0, 1.0, 1.0, 1.0, 1.0, 219.0, 1.0, 1.0, 166.0, 1.0, 1.1338709677419354, 1.0010889292196008, 1.0, 1.0, 1.4655172413793103, 1.2, 2.0, 1.4939759036144578, 1.0, 1.0, 1.0, 1.0, 1.0, 1.3333333333333333, 2.0, 1.0, 1.2765957446808511, 1.09582530507386, 1.0909090909090908, 1.0, 2.489795918367347, 1.0, 1.2857142857142858, 1.0, 1.5, 1.0, 1.0468982396686435, 1.3888888888888888, 1.0, 1.0, 1.0375791139240507, 1.007424328954883, 1.0, 3.0, 172.0, 1.1112984822934233, 1.0, 1.0728037969015851, 2.2, 1.0327700220426157, 1.3095238095238095, 1.1460846384538488, 1.0, 1.117132867132867, 3.0, 1.0, 1.0, 1.0, 1.0, 1.2857142857142858, 175.0, 168.0, 1.5, 192.0, 1.0, 1.0, 1.0, 1.7625, 3.0, 1.0, 170.0, 1.0414364640883977, 1.4807692307692308, 1.0, 2.0, 1.0495915985997666, 1.131261238119702, 1.0, 1.8, 1.0, 1.0, 1.0, 2.0, 1.2222222222222223, 1.0, 3.463768115942029, 1.1312607944732298, 158.0, 1.0, 2.3, 1.3829787234042554, 1.0, 1.1477024070021882, 1.0, 1.0, 1.0, 173.0, 1.1479166666666667, 1.0, 1.0, 1.0, 1.0, 1.0, 1.0, 1.0, 1.0, 1.0, 1.0, 1.0, 1.0, 1.0846570006492102, 2.0, 1.0, 1.0, 1.0, 1.0, 7.518518518518518, 1.0, 1.0, 2.5, 1.0, 1.0, 1.0, 2.0, 1.0, 1.8333333333333333, 1.0277095635686628, 159.0, 3.0969387755102042, 1.5, 1.3017241379310345, 1.0, 2.705922865013774, 1.0, 1.0, 1.1833740831295843, 1.0, 1.0, 171.0, 8.363636363636363, 158.0, 1.0, 1.0084848041546282, 1.1299863369678784, 1.3355263157894737, 160.0, 1.0, 163.0, 1.0, 1.0, 1.0, 154.0, 1.0, 3.0, 2.0, 1.0, 1.0, 1.0, 1.0484402739031196, 143.0, 1.0, 1.0, 1.1428571428571428, 1.0851063829787233, 1.0, 2.0, 1.139771240733908, 1.0588235294117647, 1.7358490566037736, 1.0, 1.0, 1.0, 1.2, 2.4, 1.0, 1.2853174744489155, 1.0, 1.0, 1.2455730337078652, 164.0, 1.046875, 24.25, 1.5, 2.0, 1.309608540925267, 1.0, 1.5, 1.3013182674199624, 1.0, 1.0, 1.044293882666249, 1.0, 2.0, 1.2572815533980584, 2.2, 1.0, 1.0, 2.0, 1.142433234421365, 1.0, 1.1396666666666666, 1.5, 1.0, 1.0, 1.0, 1.0, 1.0, 1.0, 2.0, 1.0408163265306123, 1.0, 1.2694792854427974, 1.0, 1.0302441805564218, 1.0, 1.0, 1.0, 1.0, 1.0, 16.636363636363637, 1.0285714285714285, 1.0, 1.0, 2.0, 1.900414937759336]
origin-forest_39.80 	max: 219.0000	99th: 186.0000	95th: 163.0500	median: 1.0545	mean: 14.9094

...Done, result: results.csv

WORKLOAD-FINISHED | Type: QueryWorkload | Progress: 3/3 | Workload-time: 30.646106 | Model-update-time: 0.000000


Experiment Summary: #data-update-times=1, #drift=1 | total-time=70.766783