Input arguments = Namespace(data_update='tupleskew', update_size=100000, dataset='forest', debug=False, drift_test='js', model_update='adapt', model='transformer', end2end=False, query_seed=0, random_seed=42, num_workload=3)
JSON-passed parameters = {'data_updater': {'skew_ratio': '1e-3'}, 'random_seed': 40, 'transformer': {'epochs': 0}}
MODEL-PATH=/home/kangping/code_copy/SAUCE/models/end2end/transformer/origin-forest-2.0MB-model58.950-data19.148-300epochs-seed0.pt
DATASET-PATH=/home/kangping/code_copy/SAUCE/data/forest/end2end/forest.npy
Workloads: ['QueryWorkload', 'DataUpdateWorkload', 'QueryWorkload']

WORKLOAD-START | Type: QueryWorkload | Progress: 1/3
Going to run: ['python', '/home/kangping/code_copy/SAUCE/Naru/eval_model.py', '--dataset=forest', '--model=transformer', '--query_seed=0', '--end2end', '--eval_type=first_estimate', '--num_workload=3', '--data_update=tupleskew', '--model_update=adapt', '--random_seed=42']
Torch device: cuda:1
GET-MODEL-PATH=./models/end2end/transformer/origin-forest-2.0MB-model58.950-data19.148-300epochs-seed0.pt
ckpts [PosixPath('/home/kangping/code_copy/SAUCE/models/end2end/transformer/origin-forest-2.0MB-model58.950-data19.148-300epochs-seed0.pt')]
Validate Argument: DATASET="forest" is valid.
load_csv_dataset - forest (581012, 10)
Parsing... done, took 0.0s
Loading ckpt: /home/kangping/code_copy/SAUCE/models/end2end/transformer/origin-forest-2.0MB-model58.950-data19.148-300epochs-seed0.pt
query_seed:0
origin-forest_39.80 	max: 36.0000	99th: 4.1548	95th: 2.5000	median: 1.0054	mean: 1.3696
ReportEsts: [1.0, 1.198320238417773, 1.0, 1.4047619047619047, 1.3333333333333333, 1.0, 1.1228070175438596, 1.0, 1.4869565217391305, 1.0, 1.046875, 1.0, 1.0, 1.0, 3.0, 1.0028773484240814, 1.0, 1.1111111111111112, 2.789473684210526, 1.125, 1.0, 3.0, 1.3333333333333333, 1.2, 1.4, 1.0, 1.086682427107959, 1.1818181818181819, 3.0, 1.4989200863930885, 1.0, 1.1134751773049645, 1.7857142857142858, 1.0, 1.0775862068965518, 1.044369608885738, 1.0141426045963464, 1.0, 1.0010405827263267, 1.0, 2.0, 1.0, 1.0, 1.0, 1.7560975609756098, 1.0209205020920502, 1.0, 1.5, 1.0, 1.0, 3.0, 1.122469066366704, 1.0, 1.0, 4.5, 1.0603015075376885, 1.2378378378378379, 1.8888888888888888, 1.0, 1.0, 1.0839590443686007, 10.0, 1.0, 1.4465753424657535, 1.1910828025477707, 1.0, 1.219387755102041, 1.160919540229885, 1.2008032128514057, 1.0, 2.0, 1.0, 1.1428571428571428, 1.3341055070022112, 1.5, 2.0, 1.0, 1.0, 1.0, 1.0, 1.0, 1.0, 1.0507462082093029, 3.5, 2.6, 1.0, 1.0, 1.0, 1.1466913783635366, 1.0, 1.6, 1.2105263157894737, 1.0, 1.0346020761245676, 1.0, 1.0, 1.0248306997742664, 1.393491124260355, 1.0, 1.0, 3.0, 1.0, 1.0, 1.0, 1.186206896551724, 1.0, 1.0, 1.0, 1.0072992700729928, 1.0, 1.0704225352112675, 1.0, 1.0, 1.1550160865750219, 1.163265306122449, 2.0, 1.0, 2.0, 1.0, 1.0, 1.0, 2.0, 3.0, 1.0, 1.1556811048336473, 1.1428571428571428, 1.0, 1.0, 1.0, 1.0, 1.0, 1.097686037338943, 1.1298408849075747, 1.0, 1.375, 1.0, 1.0, 2.0, 1.046587658357172, 1.1587301587301588, 1.0904180171195879, 1.0, 1.0, 1.25, 1.0, 1.0911539972026816, 1.0, 1.0666666666666667, 1.7142857142857142, 1.0769230769230769, 1.0, 1.0, 1.0, 1.0, 1.0, 2.0, 1.0, 1.0, 1.0, 2.3333333333333335, 1.7777777777777777, 1.0, 1.0090272373540856, 4.0, 1.0154774517481229, 1.0, 1.3333333333333333, 1.0, 1.174757281553398, 1.0, 1.0, 1.0, 1.0555555555555556, 1.16, 1.0, 1.0, 1.1406844106463878, 1.0, 1.3273676360924682, 1.0, 1.0594059405940595, 1.0, 1.0, 1.137230915878942, 1.0, 1.052724387233292, 1.0, 1.0, 1.2285714285714286, 1.144880210223087, 1.0, 1.1609756097560975, 1.6428571428571428, 1.0, 1.0, 1.0, 1.0, 1.1805555555555556, 1.125, 1.3428929915755512, 1.1171825647504738, 1.3333333333333333, 1.0, 1.0, 2.0, 3.0, 1.3823529411764706, 1.0, 1.0, 1.0, 1.0, 1.411764705882353, 1.0, 1.25, 1.0, 1.0, 1.0, 1.0436893203883495, 1.0, 3.0, 1.0, 1.1528625954198473, 1.5, 1.0, 1.0222222222222221, 1.0, 1.1375, 1.0, 1.1492805755395683, 1.0, 1.0, 1.0, 1.2222222222222223, 1.0, 3.3653846153846154, 1.0, 2.0, 1.0, 1.043926483393457, 1.0059773623298995, 1.0, 4.0, 1.5, 1.03067020068156, 1.1597633136094674, 1.5, 1.0, 1.0125173852573017, 10.0, 1.31763698630137, 1.0, 1.6666666666666667, 1.1524390243902438, 1.0, 1.4107883817427387, 1.056689342403628, 1.75, 2.0, 1.3859649122807018, 1.0591259640102828, 2.0, 1.0, 1.1937193326790971, 1.25, 1.3333333333333333, 1.0, 1.1428571428571428, 1.0, 1.0, 1.0, 1.027027027027027, 1.5, 1.9436374201045903, 3.0, 1.0, 1.0467493297587132, 1.4444444444444444, 1.0, 1.0869565217391304, 1.0, 1.0, 1.0, 1.125, 1.0, 1.0, 1.0, 2.0, 1.0, 1.864864864864865, 1.0, 1.1111111111111112, 1.0, 1.0, 1.0, 1.0, 1.282934131736527, 1.0677966101694916, 1.1746854182087343, 1.344569288389513, 1.0, 1.3733870967741935, 1.0, 1.0, 3.0, 1.0, 1.2426470588235294, 1.0, 2.0, 1.0, 1.35, 1.0, 1.0, 1.1666666666666667, 1.5, 1.0, 1.0, 1.0, 1.0, 1.0, 3.6, 1.0, 1.0, 1.4557713052858683, 1.5, 1.0, 1.0396667495647849, 1.0, 1.0, 1.0, 1.0, 1.9622093023255813, 2.0, 3.0, 1.0, 1.0, 1.2, 1.0, 1.0864197530864197, 1.2913385826771653, 2.0, 1.1830154405086286, 1.2882882882882882, 1.0, 1.5909090909090908, 1.5, 1.0, 10.0, 1.5, 1.0, 1.0, 1.0, 1.0, 1.0, 1.2758620689655173, 1.5454545454545454, 1.5679012345679013, 6.0, 1.0, 1.0, 1.0, 1.1605504587155964, 1.3, 1.5727272727272728, 1.0887963165972374, 1.1508482749550655, 1.470019035532995, 1.0086919583047413, 1.211320754716981, 1.0, 1.0539906103286385, 1.0, 1.2763920382968001, 1.0214102926042967, 1.0, 1.0434577231931979, 1.0399670023325938, 1.0260129413297434, 1.0, 1.6666666666666667, 1.0, 1.019108280254777, 1.0, 1.0, 1.0546528803545052, 2.5686274509803924, 1.0, 2.125, 1.0, 1.129046762589928, 1.0, 10.0, 1.0769230769230769, 1.0, 1.0, 4.25, 1.0, 1.0165094339622642, 1.0, 1.0, 1.0, 1.0, 1.0133642718674734, 1.0, 2.0, 1.0695652173913044, 1.0634610008386916, 1.2304900181488203, 1.4609327680193822, 1.104417670682731, 1.131585509208136, 1.1710914454277286, 1.064516129032258, 1.0, 1.0, 1.1253960119269475, 1.1082796709214657, 1.0, 1.0, 1.0, 1.0, 1.0, 1.0, 1.0, 1.0, 1.0, 1.1082386363636363, 2.5, 1.1381074168797953, 1.0, 1.0, 1.0, 1.1741258741258742, 1.0835566766514269, 2.5, 1.2664624808575804, 2.5454545454545454, 1.0, 1.0, 1.0, 1.0315364769171653, 2.0, 1.0, 1.5119904076738608, 1.0, 1.8095238095238095, 1.0, 1.0, 1.0, 1.0297261870084473, 1.0, 1.0, 2.0, 1.4285714285714286, 1.2820512820512822, 1.0074404761904763, 1.75, 1.0, 1.0, 1.66, 1.25, 2.0, 1.079589216944801, 1.0, 1.625, 1.0, 1.0, 1.0909090909090908, 1.0, 1.0, 3.0, 1.0045678654292343, 1.0576118588577665, 2.338235294117647, 1.4137931034482758, 1.0, 1.0, 1.5, 1.0, 1.1629048086359175, 1.263157894736842, 1.5, 1.0, 1.0111940298507462, 1.0213903743315509, 2.0, 1.077917754903467, 2.0, 1.0, 1.053974578889611, 2.5, 1.014109926168991, 1.0, 1.0, 1.0, 1.0149144630536817, 1.7142857142857142, 2.0, 1.08, 1.0, 2.0, 1.0, 1.3461538461538463, 1.0, 1.0529801324503312, 1.0017270651601193, 2.0, 1.0, 1.0, 1.1136363636363635, 2.0, 1.2, 1.271604938271605, 1.0, 1.033975488175106, 3.75, 1.12, 1.0, 2.4, 1.0, 2.0, 1.068098480880042, 1.5, 4.0, 1.010693215339233, 1.2, 1.0, 1.0392872097892336, 1.0, 1.2727272727272727, 1.0, 2.0, 1.0, 1.1666666666666667, 1.0, 1.0, 1.4285714285714286, 1.0436585049876927, 1.1710526315789473, 2.0843373493975905, 1.0476190476190477, 1.3972602739726028, 1.0, 1.7272727272727273, 1.062111801242236, 1.0, 1.0, 1.0769230769230769, 1.0138549307253464, 1.0, 1.0, 1.1428571428571428, 1.2058823529411764, 1.0, 1.2384105960264902, 1.0, 1.0746268656716418, 1.0, 2.0, 1.038714804722979, 6.0, 1.0283245564701673, 2.3333333333333335, 1.0, 3.0, 1.0625, 1.0, 2.0, 1.08843537414966, 1.0, 1.0, 1.0, 1.0, 1.0, 1.0384615384615385, 2.0, 28.333333333333332, 1.0, 1.0, 2.0, 1.0, 1.0, 1.0, 1.0, 1.0, 1.5, 1.0, 1.0, 2.0, 1.3274336283185841, 1.04, 2.0, 1.2466666666666666, 1.0, 1.0, 2.3333333333333335, 1.014475857378801, 2.5357142857142856, 1.0, 1.0, 1.0, 1.0, 1.0598524413495813, 1.0, 1.0, 1.0055658627087198, 1.180841539838854, 1.127659574468085, 2.0, 1.0, 1.0, 1.0, 4.153846153846154, 2.0, 1.0, 1.0, 1.1399253731343284, 2.0, 1.0722635494155155, 1.0, 1.0, 1.0386868686868687, 1.0, 1.0, 1.0, 1.3125, 1.1176571210078283, 1.0, 2.0, 1.4444444444444444, 1.3216216216216217, 1.0, 1.0, 1.5, 1.0, 1.0, 1.1696669233731227, 1.0, 2.0, 1.0713922764227641, 1.0, 1.0, 1.0580034851879512, 1.0, 1.0900341901988098, 1.0, 1.0, 1.0, 1.0246256239600666, 3.5, 1.5853658536585367, 1.0, 1.0, 1.3333333333333333, 1.0048888549385073, 1.0, 1.0, 1.0, 1.0, 1.2, 1.0, 1.0, 1.5, 1.1294326241134751, 1.0, 2.0, 1.0, 1.0, 1.0, 1.2, 1.13, 1.0, 1.0, 1.0, 1.0, 1.0, 1.0, 1.4285714285714286, 1.0, 1.0, 1.0, 1.0, 1.0, 2.0, 1.0398576512455515, 1.3042168674698795, 1.0, 2.0, 1.5, 1.0557553956834533, 1.0, 1.0, 1.0, 2.0, 1.0, 1.0042918454935623, 1.0217391304347827, 1.5714285714285714, 1.6094861660079052, 1.0, 1.5333333333333334, 1.0, 1.32, 1.0, 1.0, 1.0, 1.0, 1.0, 1.0631808278867103, 1.375, 1.0, 4.0, 1.037037037037037, 1.1484592279452663, 1.0, 1.0, 1.1834662799129805, 1.130328120208525, 1.1865671641791045, 1.1111111111111112, 1.0, 1.0, 1.0960664887657616, 2.0, 2.0, 1.0, 1.0, 1.0, 1.0422039859320047, 1.0, 1.0, 1.0666666666666667, 1.0, 1.0, 1.5, 1.2666666666666666, 1.0, 1.0633415512990707, 1.0576148267526189, 1.0, 1.0, 1.0, 3.0, 1.0, 1.0, 1.0, 1.0, 1.0, 2.0, 1.0, 2.0, 3.0, 1.1064425770308124, 1.0, 1.0735020395231871, 1.0, 4.0, 1.1111111111111112, 1.2524131274131274, 1.5, 1.0, 1.0, 1.0, 1.0, 1.2857142857142858, 1.2586605080831408, 3.0, 1.0, 1.0, 1.0, 1.0, 1.0, 1.0276073619631902, 1.0, 1.0, 1.0, 1.0, 1.1952830188679244, 1.02468085106383, 1.0, 1.0, 1.0, 1.04, 2.0, 1.2349397590361446, 1.0, 1.0, 1.0, 1.0, 1.0, 2.6666666666666665, 2.0, 1.0, 1.094224924012158, 1.0577254451464675, 1.3333333333333333, 1.0, 1.0, 1.0, 1.0, 1.4, 1.0, 1.0, 1.1779801324503312, 1.0, 1.0, 2.5384615384615383, 4.0, 36.0, 1.0, 1.4974226804123711, 1.0, 1.0, 3.0, 1.0, 1.0740740740740742, 1.0743243243243243, 1.0, 1.0263157894736843, 1.0, 1.1818181818181819, 1.0, 1.0, 1.0, 1.5, 1.0, 1.0, 1.0, 2.0, 1.01, 1.0, 1.0, 1.0621275516673006, 1.0530601167051161, 1.0, 1.0, 1.0, 1.0215438802465513, 1.0, 2.085561497326203, 1.0, 1.1091458153580673, 2.0, 1.0, 1.3076923076923077, 1.75, 1.6666666666666667, 1.0900804289544237, 1.0, 2.25, 1.0, 2.0, 2.0, 1.0, 2.0, 1.0, 2.0, 1.6666666666666667, 1.0, 1.0, 1.6666666666666667, 1.0, 1.3333333333333333, 1.0, 4.0, 1.0, 1.3333333333333333, 1.0, 1.0, 1.0, 1.0, 1.0, 1.0, 1.0, 1.0, 1.0401915868388172, 2.0, 1.0, 1.0, 1.0, 1.0, 1.105263157894737, 1.5, 1.0, 1.008588298443371, 1.0, 1.2219376867264191, 1.0, 1.3900470746469402, 1.0, 1.2285714285714286, 1.4285714285714286, 1.625, 1.0, 1.0, 1.1176470588235294, 1.03750493485985, 1.0, 1.0, 1.0051694428489375, 1.0, 1.0, 1.0, 2.0, 1.0585964705187982, 1.0, 2.1666666666666665, 1.0, 1.0545454545454545, 1.0, 1.0, 1.0, 1.0, 1.0, 1.0, 1.0, 1.0, 3.0, 2.0, 1.0, 1.0, 1.0, 1.055596738324685, 1.0795750845002414, 1.0, 1.0, 1.3333333333333333, 1.0681818181818181, 1.0, 2.0, 1.1229090632603407, 1.0555555555555556, 2.4642857142857144, 1.0, 1.0, 1.0, 1.5, 1.4, 1.0, 1.2591218047621033, 1.0, 1.0, 1.2259317585301837, 1.0, 1.5416666666666667, 1.0, 1.0, 1.0, 1.0485074626865671, 1.0, 1.5, 1.6710526315789473, 1.0318250521146466, 1.0, 1.6428571428571428, 2.0, 1.0, 1.2833449315704013, 2.0, 1.75, 1.0, 1.4262295081967213, 1.0, 1.087881591119334, 1.5, 1.0, 1.0, 1.0, 1.0, 1.0, 1.0, 2.0, 1.2439024390243902, 1.0, 1.1244689889549702, 1.0, 1.1092407064267245, 1.0, 1.0, 1.0, 1.0, 1.0, 1.0136986301369864, 1.0599458116956424, 2.0, 1.0024193548387097, 1.0, 1.1447139220152753, 1.0740740740740742, 2.0, 1.0847457627118644, 1.2966101694915255, 1.0, 1.0, 1.0, 1.215496368038741, 1.0, 1.0, 1.2463235294117647, 2.0, 1.0]
origin-forest_39.80 	max: 36.0000	99th: 4.1548	95th: 2.5000	median: 1.0054	mean: 1.3696

...Done, result: results.csv

WORKLOAD-FINISHED | Type: QueryWorkload | Progress: 1/3 | Workload-time: 30.148543 | Model-update-time: 0.000000


WORKLOAD-START | Type: DataUpdateWorkload | Progress: 2/3
Going to run: ['python', '/home/kangping/code_copy/SAUCE/Naru/eval_model.py', '--model=transformer', '--data_update=tupleskew', '--dataset=forest', '--drift_test=js', '--end2end', '--update_size=100000', '--query_seed=0', '--eval_type=drift']
Torch device: cuda:1
GET-MODEL-PATH=./models/end2end/transformer/origin-forest-2.0MB-model58.950-data19.148-300epochs-seed0.pt
GET-DATASET-PATH=./data/forest/end2end/forest.npy
TupleSkewSample - START
0.001
TupleSkewSample - END
load_npy_dataset_from_path - df.shape = (681012, 10)
Parsing... done, took 0.1s
Data updated!
Previous data size: (581012, 10), new data size: (100000, 10)
[7.15255737e-07 2.70605087e-05 6.16312027e-05 7.80820847e-06
 8.28504562e-06 5.24520874e-05 1.21355057e-04 1.33991241e-04
 1.80006027e-05 1.13248825e-05]
Distance score: 4.4262407755013555e-05
SAUCE Drift detection: True
Detection latency: 0.0661s

DRIFT-DETECTED after 2-th workload
Going to run: ['python', '/home/kangping/code_copy/SAUCE/Naru/incremental_train.py', '--dataset=forest', '--end2end', '--model=transformer', '--model_update=adapt', '--update_size=100000', '--epochs=0']
Torch device: cuda:1
GET-MODEL-PATH=./models/end2end/transformer/origin-forest-2.0MB-model58.950-data19.148-300epochs-seed0.pt
update_size: 100000
AdaptTask - START
GET-DATASET-PATH=./data/forest/end2end/forest.npy
load_npy_dataset_from_path - df.shape = (681012, 10)
Parsing... done, took 0.1s
done, took 0.1s
dataset size: 681012
train data shape: torch.Size([100000, 10]), transfer data shape:torch.Size([20000, 10])
Training done; evaluating likelihood on full data:
Epoch None Iter 0, test loss 40.0410 nats / 57.7669 bits
Saved to: /home/kangping/code_copy/SAUCE/models/end2end/transformer/origin-forest-2.0MB-model58.950-data19.148-300epochs-seed0.pt
AdaptTask - END

WORKLOAD-FINISHED | Type: DataUpdateWorkload | Progress: 2/3 | Workload-time: 4.243179 | Model-update-time: 5.667597


WORKLOAD-START | Type: QueryWorkload | Progress: 3/3
Going to run: ['python', '/home/kangping/code_copy/SAUCE/Naru/eval_model.py', '--dataset=forest', '--model=transformer', '--end2end', '--query_seed=0', '--eval_type=estimate', '--num_workload=3', '--data_update=tupleskew', '--model_update=adapt', '--random_seed=42']
Torch device: cuda:1
GET-MODEL-PATH=./models/end2end/transformer/origin-forest-2.0MB-model58.950-data19.148-300epochs-seed0.pt
ckpts [PosixPath('/home/kangping/code_copy/SAUCE/models/end2end/transformer/origin-forest-2.0MB-model58.950-data19.148-300epochs-seed0.pt')]
Validate Argument: DATASET="forest" is valid.
data size: 681012, total size: 681012, split index: [567510 681012]
Parsing... done, took 0.1s
Loading ckpt: /home/kangping/code_copy/SAUCE/models/end2end/transformer/origin-forest-2.0MB-model58.950-data19.148-300epochs-seed0.pt
query_seed:0
origin-forest_39.80 	max: 214.0000	99th: 186.0000	95th: 167.0000	median: 1.0467	mean: 14.3674
ReportEsts: [1.0, 1.2305759162303664, 1.0, 1.18, 1.1428571428571428, 1.0, 1.1851851851851851, 1.0, 1.3420289855072465, 1.0, 1.0149253731343284, 2.1241379310344826, 1.0, 2.0, 1.7919075144508672, 1.0595238095238095, 1.0, 156.0, 1.8113207547169812, 80.5, 1.0, 180.0, 1.0, 1.0, 1.268354430379747, 1.0, 1.0055506496783146, 1.3333333333333333, 1.0, 1.0, 1.3333333333333333, 1.0, 1.0, 1.0, 1.0, 2.0, 1.0, 42.5, 1.0, 62.0, 2.0, 1.0, 1.4166666666666667, 1.0, 1.368421052631579, 1.0942622950819672, 1.0, 2.0, 1.0, 1.0, 3.0, 1.1402104959630912, 1.0, 1.0, 9.0, 1.1042654028436019, 1.8006535947712419, 1.619047619047619, 1.0, 186.0, 1.020413831412304, 10.0, 176.0, 1.0, 1.0, 1.175257731958763, 1.024820378837361, 1.2857142857142858, 2.0, 181.0, 155.0, 1.5246753246753246, 1.0960346551149618, 1.7796610169491525, 1.0, 1.0945945945945945, 1.0, 1.0, 1.0, 1.0, 171.0, 1.0, 1.0, 1.0590143916266899, 3.5, 1.8571428571428572, 1.0, 1.0, 1.3333333333333333, 1.1455420237558263, 1.0, 166.0, 187.0, 1.0718963165075035, 1.4545454545454546, 6.111111111111111, 1.0416666666666667, 1.0, 1.0, 165.0, 1.0, 1.0, 1.2201339784145888, 2.1666666666666665, 3.0, 1.0, 1.0, 1.0, 1.0157245157245158, 2.0, 1.0, 1.3636363636363635, 1.0, 1.0, 1.0, 1.0, 1.0, 1.0, 1.0, 1.0, 1.0, 1.0764331210191083, 1.0, 1.0, 1.0, 3.0, 1.0, 1.1493506493506493, 1.4285714285714286, 1.0, 173.0, 1.0, 1.0, 1.0, 1.1264985134746333, 1.0658910759273292, 1.0, 1.375, 1.0, 1.0, 2.0, 1.0897069335239458, 1.4603174603174602, 1.1509099634538005, 1.0, 1.0, 1.0, 1.0, 1.0503574510397797, 1.0, 1.4, 1.0909090909090908, 1.0769230769230769, 83.5, 1.0, 1.0, 1.0, 1.0, 1.3333333333333333, 2.0, 1.0, 1.0, 2.6666666666666665, 1.4545454545454546, 1.0, 13.75, 2.0, 1.0130087122568325, 1.0, 1.25, 2.0, 1.1123882503192848, 1.0, 1.0, 96.5, 1.0, 1.017967721825864, 1.0117324990222918, 1.0, 1.021621086744097, 1.7304852320675106, 1.1527917084587094, 1.0, 3.0, 1.0, 1.0, 1.0, 3.0, 1.0, 1.035392829900839, 1.0, 1.0, 2.097902097902098, 1.1009731469964148, 1.0, 1.0546218487394958, 1.0469971460478968, 2.0, 1.5943396226415094, 46.75, 1.0374565011072445, 1.0, 1.0, 164.0, 1.0, 1.125, 1.0, 1.0, 1.0, 1.0, 6.902439024390244, 2.3333333333333335, 16.53846153846154, 1.5333333333333334, 1.0, 186.0, 1.0517241379310345, 1.0, 1.0, 1.0, 1.0, 165.0, 9.157894736842104, 1.0, 1.2, 1.0769230769230769, 1.0, 1.0, 1.2173141186299081, 1.2469352014010509, 1.037037037037037, 1.0, 1.003956248545497, 1.0, 161.0, 1.0, 1.0, 1.0, 166.0, 5.777777777777778, 1.0, 2.0, 1.0, 1.421641791044776, 1.0357549015148069, 1.0, 4.0, 55.333333333333336, 1.0, 2.0, 12.785714285714286, 1.0, 1.0834326579261024, 3.3333333333333335, 1.68, 154.0, 1.6666666666666667, 1.0264550264550265, 1.0, 1.566820276497696, 1.2185890834191555, 2.2142857142857144, 2.5, 1.4216335540838851, 1.0970873786407767, 2.0, 1.0, 1.2394060335720154, 13.416666666666666, 1.0, 1.0, 1.0, 1.0, 1.0, 1.0, 1.1842105263157894, 1.0, 1.0325859491778775, 1.0780619111709286, 1.0, 1.0275409836065574, 1.0, 1.0172413793103448, 1.2710926694329183, 1.0, 1.0, 1.5, 1.494949494949495, 1.0427807486631016, 1.0085132259045302, 2.0, 2.8309859154929575, 1.0, 1.7333333333333334, 1.5638665132336018, 1.0, 1.0451127819548873, 186.0, 2.1586206896551725, 1.0, 1.0, 1.4545454545454546, 2.0, 1.0, 1.0, 1.3821138211382114, 1.0, 3.0, 1.0, 1.0, 1.0833333333333333, 1.0, 1.3333333333333333, 1.0, 1.0, 1.148936170212766, 2.0, 1.0, 1.4166666666666667, 169.0, 1.0, 1.0, 1.0, 1.0, 1.0, 4.5, 1.0, 1.0, 1.3206696716033484, 1.5, 1.0, 1.0697407285854938, 169.0, 1.0, 1.0, 1.0, 1.2007407407407407, 1.0, 3.0, 168.0, 1.0, 1.1436170212765957, 15.909090909090908, 1.0340909090909092, 1.1232876712328768, 1.0, 1.3038983050847457, 1.1981981981981982, 1.0, 1.4, 1.0, 1.0, 1.7, 79.5, 1.0, 1.0, 1.0, 1.0, 1.0, 1.5862068965517242, 2.75, 1.6419753086419753, 6.0, 1.0, 175.0, 1.536764705882353, 1.310734463276836, 1.0465923245744113, 3.0, 1.2232985593641332, 1.2857142857142858, 1.0534287418008348, 2.0, 1.3680981595092025, 175.0, 1.300509337860781, 1.0, 3.45, 1.0017214385306237, 1.0, 1.013503939089515, 1.0460745829244358, 1.0468256752016836, 1.0, 1.25, 2.0, 1.1625, 177.0, 1.0, 1.0, 1.1374876360039565, 31.666666666666668, 20.22222222222222, 1.0, 1.0, 1.037037037037037, 1.5, 1.5, 1.0, 1.0, 3.4, 1.0, 1.1871069182389937, 1.0, 1.0, 1.0, 1.0, 1.0145741324921136, 1.0, 12.0, 1.060111129819835, 1.0, 2.0, 1.0, 1.0, 1.0084994953765583, 9.047619047619047, 1.4242424242424243, 1.0, 1.0, 1.108719982721043, 1.1023803479721153, 1.0, 1.2727272727272727, 21.5, 2.0, 1.0, 1.0891089108910892, 1.17348507388674, 1.0, 1.5493562231759657, 1.3026315789473684, 1.0, 1.0, 1.2095808383233533, 1.064516129032258, 173.0, 1.0, 1.0618686868686869, 1.0655774873299546, 1.6666666666666667, 1.5084226646248087, 2.3333333333333335, 1.0, 1.0, 1.0, 1.0675829360950468, 2.0, 1.0, 1.3818601964182553, 192.0, 1.0, 1.3834586466165413, 1.0, 1.0, 1.1044776119402986, 1.3333333333333333, 1.2941176470588236, 1.2117647058823529, 1.1283607979184735, 1.0, 175.0, 2.0, 1.0, 1.0, 1.0699307025638243, 1.0, 1.0, 1.4785992217898833, 1.5, 1.0, 1.0, 1.0, 1.0, 1.0344827586206897, 179.0, 1.2964739069111424, 1.0982069612094223, 1.3333333333333333, 2.0, 168.0, 1.0, 1.0, 1.0, 1.7272727272727273, 1.0, 1.0, 1.0, 1.4230769230769231, 1.9090909090909092, 1.0642266824085005, 1.0, 6.390625, 1.0, 1.0666666666666667, 1.0, 1.0, 1.0, 1.0, 1.0, 1.0237801111797407, 2.0714285714285716, 2.0, 1.28, 1.0, 164.0, 180.0, 1.8846153846153846, 1.0, 1.4105960264900663, 2.611111111111111, 2.0, 1.5, 1.0, 1.8713178294573642, 170.0, 20.0, 2.693877551020408, 1.0, 1.0012112769887653, 1.9451697127937337, 1.36, 1.0, 165.0, 1.0, 1.0, 1.0, 200.0, 1.0, 4.6, 1.8333333333333333, 2.0, 1.0, 1.1966893865628043, 1.0, 177.0, 2.5, 184.0, 1.0522141440846002, 158.0, 1.0, 1.206060606060606, 2.0, 1.0337940287260732, 1.0, 1.0, 2.0681818181818183, 1.0, 1.0, 1.3129770992366412, 6.733333333333333, 156.0, 1.2820512820512822, 1.2638297872340425, 1.6666666666666667, 2.0, 1.0, 1.008130081300813, 1.0, 1.0564971751412429, 1.0, 1.4236641221374047, 1.0, 1.7142857142857142, 1.034061096035401, 1.2, 1.0525840886203424, 1.3064516129032258, 1.0, 3.0, 17.363636363636363, 1.0, 1.5686274509803921, 1.0625, 18.4, 1.0179045092838197, 1.0, 1.0, 1.0, 1.0380710659898478, 1.3333333333333333, 1.2991548809934461, 1.1752738654147106, 1.0, 172.0, 1.0, 1.0, 1.0, 1.0, 1.0, 1.0, 1.0, 1.0, 1.0, 2.0, 1.0733333333333333, 1.1095595550330108, 1.3471933471933473, 1.0, 1.0, 1.3333333333333333, 2.0, 168.0, 167.0, 1.0, 1.0, 1.0, 1.0, 1.0422344247847604, 1.0, 152.0, 1.319691577698695, 1.0, 1.0, 1.0, 2.0, 1.5, 1.0, 1.0, 1.0, 1.0, 1.375, 1.08208778173191, 1.1213202497769847, 1.5, 1.0, 1.0, 1.0902534514733155, 1.0, 1.0, 1.0, 1.2727272727272727, 1.131200512847168, 1.0, 3.0, 1.1818181818181819, 1.2719836400817996, 1.0, 1.0, 1.5, 1.0, 1.0, 1.1924291531621374, 1.0, 2.0, 1.036556854410202, 1.0, 1.0, 1.1408199643493762, 1.0, 1.1190239593684443, 2.0, 1.0, 171.0, 1.025563909774436, 1.0, 1.0, 1.0, 1.1428571428571428, 1.0, 1.065289074521873, 1.0083403732432226, 1.0, 93.5, 1.6, 1.0, 1.1428571428571428, 5.0, 1.0, 1.0, 1.1212293873173347, 1.0, 1.0, 173.0, 1.1926605504587156, 1.1523809523809523, 1.39618138424821, 1.545325779036827, 1.0, 1.0091743119266054, 1.4, 1.375, 187.0, 3.0, 1.0, 1.0, 1.0, 2.4693877551020407, 1.0, 1.0883084577114428, 1.0, 194.0, 2.3333333333333335, 179.0, 214.0, 1.0, 180.0, 1.0, 1.0, 1.0579710144927537, 1.0, 1.0, 1.0, 1.0504978662873399, 1.303030303030303, 2.0, 1.5, 46.0, 1.5, 1.6, 1.0, 1.0, 179.0, 1.0, 179.0, 1.027994227994228, 2.5876288659793816, 1.0, 4.0, 1.2592592592592593, 1.1051011632643823, 1.0, 1.0, 1.2827118644067796, 1.2066298342541437, 1.701657458563536, 1.1111111111111112, 183.0, 1.0, 1.5265195509097949, 1.38755980861244, 52.75, 1.0, 1.0, 2.0, 1.0286299343976337, 1.0, 1.7222222222222223, 1.0, 1.0, 1.2121212121212122, 42.5, 2.6666666666666665, 2.0, 1.0, 1.0919211674439597, 1.3975155279503106, 1.1370512531045383, 1.0, 1.0, 3.0, 186.0, 1.0, 1.0, 1.0, 1.0, 2.0, 1.0, 2.0, 1.5, 1.246498599439776, 1.0, 1.020065236730256, 1.0, 1.0, 1.3888888888888888, 1.0510269576379974, 1.5, 1.0, 1.0, 1.0, 1.0, 1.3928571428571428, 1.1238170347003154, 3.0, 1.0, 1.0, 1.0, 1.0, 1.0, 1.6878980891719746, 1.0, 1.0, 197.0, 1.0, 1.2510220768601799, 1.1118935837245696, 1.0, 1.0, 1.3620689655172413, 1.16, 2.0, 1.5240963855421688, 1.0, 2.0, 1.0, 1.0, 1.0, 1.2307692307692308, 1.0, 1.0, 1.6157517899761336, 1.1738797981342712, 1.0909090909090908, 1.0, 77.5, 1.0, 1.2857142857142858, 1.0, 1.5, 1.0, 1.1363500405930864, 1.1666666666666667, 1.0, 1.0, 1.0192889561270801, 1.0795300818796725, 1.0, 3.0, 185.0, 1.2904269081500648, 1.0, 1.0995993664399515, 1.2954545454545454, 1.237862440997977, 1.05, 1.1254945054945056, 1.0, 1.4015503875968993, 2.3333333333333335, 1.0, 1.0, 1.0, 1.0, 1.8571428571428572, 191.0, 181.0, 1.0, 29.833333333333332, 1.0, 1.0, 1.0, 2.5125, 3.0, 1.0, 179.0, 1.2826589595375724, 1.203125, 1.0, 1.0, 1.0709141274238227, 1.329429388533297, 1.0, 1.8, 1.0, 1.0, 1.0, 2.0, 1.1111111111111112, 1.0, 153.0, 1.1730769230769231, 175.0, 1.0, 1.4, 1.1284722222222223, 1.0, 1.0505239520958083, 1.0, 1.0, 1.0, 173.0, 1.1375, 1.0, 1.0, 1.0, 1.0, 1.0, 1.0, 1.0, 1.0, 1.0, 1.0, 1.0, 1.0, 1.1487882496940025, 2.0, 1.0, 1.0, 167.0, 1.0, 3.639344262295082, 1.0, 1.0, 5.0, 1.0, 1.0, 1.0, 2.0, 1.0, 1.6046511627906976, 1.0577859589440082, 174.0, 1.7047353760445683, 1.5, 1.2473118279569892, 1.0, 1.1801261829652996, 1.0, 1.0, 1.1602434077079107, 1.0, 1.0, 186.0, 10.947368421052632, 45.0, 1.0, 1.0104400068943442, 1.008901510631697, 1.4144736842105263, 77.0, 1.0, 165.0, 1.0, 1.0, 1.0, 178.0, 1.0, 3.0, 2.0, 1.0, 1.0, 1.0, 1.061863354037267, 2.5961538461538463, 1.0, 1.0, 1.0, 1.0904255319148937, 1.0, 2.0, 1.0898348373914524, 1.1666666666666667, 1.1775956284153006, 1.0, 1.0, 1.0, 1.2, 1.6666666666666667, 1.0, 1.2088720697992221, 1.0, 1.0, 1.289611143354614, 157.0, 1.3089430894308942, 167.0, 1.0, 2.0, 1.356923076923077, 1.0, 1.5, 1.0762463343108504, 1.0, 1.0, 1.187150837988827, 1.0, 2.0, 1.2621359223300972, 2.8, 1.0, 1.0, 2.0, 1.1810089020771513, 1.0, 1.5908750934928946, 1.5, 1.0, 1.0, 1.0, 1.0, 1.0, 1.0, 2.0, 1.0408163265306123, 1.0, 1.5066324347454, 1.0, 1.0338463968549265, 1.0, 1.0, 1.0, 1.0, 1.0, 60.666666666666664, 1.0, 1.0, 1.0, 2.0, 1.8755186721991701]
origin-forest_39.80 	max: 214.0000	99th: 186.0000	95th: 167.0000	median: 1.0467	mean: 14.3674

...Done, result: results.csv

WORKLOAD-FINISHED | Type: QueryWorkload | Progress: 3/3 | Workload-time: 30.503658 | Model-update-time: 0.000000


Experiment Summary: #data-update-times=1, #drift=1 | total-time=70.616360