Input arguments = Namespace(data_update='sample', update_size=100000, dataset='forest', debug=False, drift_test='js', model_update='adapt', model='transformer', end2end=False, query_seed=0, random_seed=42, num_workload=3)
JSON-passed parameters = {'data_updater': {'skew_ratio': '1e-3'}, 'random_seed': 80, 'transformer': {'epochs': 0}}
MODEL-PATH=/home/kangping/code_copy/SAUCE/models/end2end/transformer/origin-forest-2.0MB-model58.950-data19.148-300epochs-seed0.pt
DATASET-PATH=/home/kangping/code_copy/SAUCE/data/forest/end2end/forest.npy
Workloads: ['QueryWorkload', 'DataUpdateWorkload', 'QueryWorkload']

WORKLOAD-START | Type: QueryWorkload | Progress: 1/3
Going to run: ['python', '/home/kangping/code_copy/SAUCE/Naru/eval_model.py', '--dataset=forest', '--model=transformer', '--query_seed=0', '--end2end', '--eval_type=first_estimate', '--num_workload=3', '--data_update=sample', '--model_update=adapt', '--random_seed=42']
Torch device: cuda:1
GET-MODEL-PATH=./models/end2end/transformer/origin-forest-2.0MB-model58.950-data19.148-300epochs-seed0.pt
ckpts [PosixPath('/home/kangping/code_copy/SAUCE/models/end2end/transformer/origin-forest-2.0MB-model58.950-data19.148-300epochs-seed0.pt')]
Validate Argument: DATASET="forest" is valid.
load_csv_dataset - forest (581012, 10)
Parsing... done, took 0.0s
Loading ckpt: /home/kangping/code_copy/SAUCE/models/end2end/transformer/origin-forest-2.0MB-model58.950-data19.148-300epochs-seed0.pt
query_seed:0
origin-forest_39.80 	max: 214.0000	99th: 5.6700	95th: 2.5000	median: 1.0000	mean: 1.6634
ReportEsts: [1.0, 1.1333936242369433, 1.0, 1.372093023255814, 1.3333333333333333, 1.0, 1.263157894736842, 1.0, 1.1311475409836065, 1.0, 1.098360655737705, 2.0, 1.0, 1.0, 3.0, 1.0222022202220222, 1.0, 1.1111111111111112, 1.8928571428571428, 1.0, 1.0, 3.0, 1.2, 1.6, 1.2, 1.0, 1.1341792973798615, 1.0833333333333333, 3.0, 2.776, 1.0, 1.121212121212121, 2.0, 1.0, 1.0, 1.0687699397376818, 1.005844535359439, 1.0, 1.0748603351955308, 1.0, 2.0, 1.0, 1.5454545454545454, 1.0, 1.7826086956521738, 1.0562770562770563, 1.0, 2.0, 1.0, 1.0, 3.0, 1.1245500562429696, 1.0, 1.0, 18.0, 1.0603015075376885, 1.1572052401746724, 4.857142857142857, 1.0, 1.0, 1.063481228668942, 10.0, 1.0, 1.4493150684931506, 1.1401273885350318, 1.0, 1.081447963800905, 1.1683168316831682, 1.1365461847389557, 1.0, 2.0, 1.0, 1.1483253588516746, 1.3866484152890386, 1.75, 2.0, 1.0, 1.0, 1.0, 1.0, 1.0, 1.0, 1.056608768250219, 3.5, 4.333333333333333, 1.0, 1.0, 1.0, 1.067616795551863, 1.0, 1.3333333333333333, 1.3529411764705883, 1.0, 1.1362649294245386, 1.0, 1.0, 1.0267428054503307, 1.0397350993377483, 1.0, 1.0, 2.5, 1.0, 1.0, 1.0, 1.186206896551724, 1.0, 1.0, 1.0, 1.039855072463768, 1.0, 1.0845070422535212, 1.0, 1.0, 1.511289705319556, 1.1071428571428572, 2.0, 1.0, 2.0, 1.0, 1.0, 1.0, 2.0, 3.0, 1.0, 1.369114877589454, 1.1428571428571428, 1.0, 1.1111111111111112, 1.0, 1.0, 1.0, 1.353818712502027, 1.0666510921621306, 1.0, 1.375, 1.0, 1.0, 2.0, 1.0151205557825909, 1.0793650793650793, 1.0092258659733289, 1.0, 1.0, 1.25, 1.0, 1.0581565496275014, 1.0, 1.1666666666666667, 1.6551724137931034, 1.1538461538461537, 1.0, 1.0, 1.0, 1.0, 1.0, 1.0, 1.0, 1.0, 1.0, 1.6666666666666667, 1.7777777777777777, 1.0, 1.0104280155642023, 4.0, 1.037362947625994, 1.0, 1.3333333333333333, 1.0, 1.0501618122977345, 1.0, 1.0, 1.0, 1.023076923076923, 1.2608695652173914, 1.0, 1.0, 1.0867768595041323, 1.0, 1.218343600273785, 1.0, 214.0, 1.0, 1.0, 1.1469695766145047, 1.0, 1.0914076782449726, 1.0, 1.0, 1.4333333333333333, 1.083537981269511, 1.0, 1.0769230769230769, 2.090909090909091, 1.0, 1.0, 1.0, 1.0, 1.1666666666666667, 1.0, 1.3409701091820296, 1.1724573594440935, 1.3333333333333333, 1.0, 1.0, 2.0, 3.0, 1.0930232558139534, 1.0, 1.0, 1.0, 1.0, 1.088235294117647, 1.0, 1.0, 1.0, 1.0, 1.0, 1.0336538461538463, 1.0, 1.0, 1.0, 1.288609215017065, 1.5, 1.0, 1.3478260869565217, 1.0, 1.18125, 1.0, 1.1017214397496087, 1.0, 1.0, 1.0, 1.2222222222222223, 1.0, 2.6, 1.0, 2.0, 1.0, 1.0711926605504587, 1.0158914728682171, 1.0, 4.0, 1.5, 1.0780007572889057, 1.1395348837209303, 1.375, 1.0, 1.0027472527472527, 10.0, 1.3167808219178083, 1.0, 1.6666666666666667, 1.1454545454545455, 1.0, 1.0658307210031348, 1.2751596229857098, 1.3571428571428572, 2.5, 1.2279792746113989, 1.0757180156657964, 2.0, 1.0, 1.2153466995270765, 1.25, 2.0, 1.0, 1.1428571428571428, 1.0, 1.0, 1.0, 1.263157894736842, 1.5, 1.0962630792227204, 2.0, 1.0, 1.17952617256283, 1.8, 1.0, 1.0869565217391304, 1.0, 1.0, 1.0, 1.1111111111111112, 1.0, 1.0, 1.0, 2.0, 1.0, 1.2671232876712328, 1.0, 1.1111111111111112, 1.0, 1.0, 1.0, 1.0, 1.366394399066511, 1.2464788732394365, 1.0969652109548482, 1.072289156626506, 1.0, 1.4383064516129032, 1.0, 1.0, 3.0, 1.0, 1.2335766423357664, 1.0, 2.0, 1.0, 1.3170731707317074, 1.0, 1.0, 1.1666666666666667, 1.5, 1.0, 1.0, 1.0, 1.0, 1.0, 3.6, 1.0, 1.0, 1.2928802588996764, 1.5, 1.0, 1.071716977504326, 1.0, 1.0, 1.0, 1.0, 1.271111111111111, 1.0, 3.0, 1.0, 1.3333333333333333, 1.1441860465116278, 1.0, 1.0602409638554218, 1.5, 1.0, 1.4234972677595628, 1.2252252252252251, 1.0, 1.4583333333333333, 1.0, 1.1428571428571428, 1.25, 1.5, 1.0, 1.0, 1.0, 1.0, 1.0, 1.5, 3.6666666666666665, 1.4938271604938271, 2.1666666666666665, 1.0, 1.0, 2.0, 1.1758893280632412, 1.2, 1.1636363636363636, 1.1337974128480597, 1.1436149226250494, 1.4565355329949239, 1.0295500783777474, 1.260377358490566, 1.0, 2.6625, 1.0, 1.1365979381443299, 1.0054054054054054, 1.0, 1.0497026829174319, 1.031973601866075, 1.093585790593651, 1.0, 1.6666666666666667, 2.0, 1.0125, 1.0, 1.0, 1.0625, 2.627450980392157, 1.0, 8.5, 1.0, 1.1657381615598885, 1.0, 3.3333333333333335, 1.0769230769230769, 1.0, 1.0, 5.666666666666667, 1.0, 1.0062893081761006, 1.0, 1.0, 1.0, 1.0, 1.0004204543806996, 1.0, 2.0, 1.0456521739130435, 1.1161971830985915, 1.2372262773722629, 1.1551724137931034, 1.0617760617760619, 1.0720265023332027, 1.1976401179941003, 1.5151515151515151, 1.0, 1.0, 1.1256289601192695, 1.1232211196920046, 1.0, 1.0, 1.0, 1.0, 1.0, 1.0, 1.0, 1.0, 1.0, 1.1222669735327964, 2.5, 1.1773231031543052, 1.0, 1.0, 1.0, 1.102097902097902, 1.026081244494872, 2.5, 1.2756508422664625, 3.111111111111111, 1.0, 1.0, 1.0, 1.014394297964752, 2.0, 1.0, 1.1053677932405566, 1.0, 1.9, 1.0, 1.0, 1.0, 1.0540635013108068, 1.0, 1.0, 1.0, 1.3333333333333333, 1.2048192771084338, 1.0203466465712132, 1.6666666666666667, 1.0, 1.0, 1.079136690647482, 1.25, 2.0, 1.0806161745827985, 1.0, 1.625, 1.0, 1.0, 1.0909090909090908, 1.0, 1.0, 3.3333333333333335, 1.029422691136043, 1.0332734630774827, 1.5436893203883495, 1.3225806451612903, 1.0, 1.0, 1.7142857142857142, 1.0, 1.0678224839166939, 1.411764705882353, 1.0, 1.0, 1.7656826568265682, 1.03475935828877, 1.0, 1.0467203739619075, 1.6, 2.0, 1.0820379505428355, 2.5, 1.0003282455276548, 1.0, 1.0, 1.0, 1.003488163328118, 1.7142857142857142, 2.0, 1.16, 1.0, 2.0, 1.0, 1.0196078431372548, 1.0, 1.0794701986754967, 1.08874667601765, 2.0, 1.0, 1.0, 1.1951219512195121, 2.0, 1.9, 1.2409638554216869, 1.0, 1.0088989578613503, 1.2285714285714286, 1.12, 1.0, 1.4, 1.0, 2.0, 1.2778358053060372, 1.5, 4.0, 1.0719367588932807, 1.25, 1.0, 1.0318172999639699, 1.0, 1.75, 1.0, 2.0, 1.0, 1.299625468164794, 1.0, 1.0, 1.4285714285714286, 1.036476901559264, 1.0, 3.7903614457831325, 1.1, 1.3972602739726028, 1.0, 1.5833333333333333, 1.062111801242236, 1.0, 1.0, 1.141025641025641, 1.0293398533007334, 2.5, 2.0, 1.1428571428571428, 1.1826923076923077, 1.0, 1.326241134751773, 1.0, 1.5472636815920398, 1.0, 2.4, 1.0408949497247908, 6.0, 1.0221747128722716, 2.0, 1.0, 3.0, 1.0625, 1.0, 2.0, 1.1004709576138147, 1.0, 1.0, 1.0, 1.0, 1.0, 1.1153846153846154, 2.0, 1.5740740740740742, 1.0, 1.0, 2.0, 1.0, 1.0, 1.0, 1.0, 1.0, 1.0, 1.0, 1.0, 2.0, 1.2605042016806722, 1.72, 1.5, 1.195, 1.0, 1.0, 1.4, 1.0131404104532704, 2.5, 1.0, 1.0, 1.0, 1.0, 1.0056707078607743, 1.0, 1.0, 1.053763440860215, 1.4853603603603605, 1.2340425531914894, 2.0, 1.0, 1.0, 1.0, 1.9285714285714286, 1.5, 1.0, 1.0, 1.0851063829787233, 2.0, 1.0697130712008502, 1.0, 1.0, 1.0351818181818182, 1.0, 1.0, 1.0, 1.68, 1.149868527298702, 1.0, 2.0, 1.3, 1.4467455621301775, 1.0, 1.0, 2.0, 1.0, 1.0, 1.0821621101270698, 1.0, 2.0, 1.211433496121804, 1.0, 1.0, 1.1372758897511372, 1.0, 1.0991515765480562, 1.0, 1.0, 1.2670157068062826, 1.017609210971893, 1.7, 1.5116279069767442, 1.0, 1.0, 4.0, 1.0254373233519212, 1.0, 1.0, 1.0, 1.0, 1.1, 1.0, 1.0, 1.5, 1.076138147566719, 1.0, 1.0, 1.0, 1.0, 1.0, 1.2, 1.1957671957671958, 1.0, 1.0, 1.0, 1.0, 1.0, 1.0, 1.0, 1.0, 1.0, 1.0, 1.0, 1.0, 2.0, 1.0431877242915482, 1.5809523809523809, 1.0, 2.0, 1.5, 1.1079136690647482, 1.0, 1.0, 1.0, 2.0, 1.0, 1.0222832722832722, 1.0, 1.6666666666666667, 1.3945205479452054, 1.0, 46.0, 1.0, 1.36, 1.0, 1.0, 1.0, 1.0, 1.0, 1.0577342047930283, 1.25, 1.0, 4.0, 1.1777777777777778, 1.172432973634442, 1.0, 1.0, 1.2307692307692308, 1.1401410610242257, 1.1343283582089552, 1.0, 1.0, 1.0, 1.0616813672567273, 2.0, 1.375, 1.0, 1.0, 1.0, 1.027710843373494, 1.0, 1.0, 1.1333333333333333, 1.0, 1.0, 1.5, 1.2333333333333334, 1.0, 1.0583199571963617, 1.0264681555004136, 1.0, 1.0, 1.0, 3.0, 1.0, 1.0, 1.0, 1.0, 1.0, 2.0, 1.0, 2.0, 3.0, 1.0317919075144508, 1.0, 1.057007643261653, 1.0, 1.0, 3.0, 1.0658959537572255, 1.5, 1.0, 1.0, 1.0, 1.0, 1.5357142857142858, 1.4211212516297262, 3.0, 1.0, 1.0, 1.0, 1.0, 1.0, 1.1022494887525562, 1.0, 1.0, 1.0, 1.0, 1.1943396226415095, 1.0474119182253154, 1.0, 1.0, 1.0517241379310345, 1.0, 2.0, 1.2349397590361446, 1.0, 1.0, 1.0, 1.0, 1.0, 1.3333333333333333, 2.0, 1.0, 1.0729483282674772, 1.0416427340608845, 1.3333333333333333, 1.0, 1.0, 1.0, 1.0, 2.8, 1.0, 1.0, 1.1788079470198676, 1.0, 1.0, 1.2424242424242424, 1.25, 36.0, 1.0, 2.4802065404475044, 1.0, 1.0, 3.0, 1.0, 1.037037037037037, 1.0641891891891893, 1.0, 1.144736842105263, 1.0, 1.3181818181818181, 1.0, 1.0, 1.0, 1.0, 1.0, 1.0, 1.0, 1.5, 1.0204081632653061, 1.0, 1.0, 1.0561060524906267, 1.065047270095445, 1.0, 1.0, 1.0, 1.0361168183152334, 1.0, 1.3422459893048129, 1.0, 1.127264883520276, 2.0, 1.0, 1.0769230769230769, 1.25, 1.6666666666666667, 1.0947765212708669, 1.0, 1.9565217391304348, 1.0, 2.0, 1.0, 1.0, 2.0, 1.0, 2.0, 1.6666666666666667, 1.0, 1.0, 1.6666666666666667, 1.0, 1.125, 1.0, 4.0, 1.0, 1.3333333333333333, 1.0, 1.0, 1.0, 1.0, 1.0, 1.0, 1.0, 1.0, 1.0585085085085084, 2.0, 1.0, 1.0, 1.0, 1.0, 1.0769230769230769, 2.0, 1.0, 1.1068169618894257, 1.0, 1.3836961160904824, 1.0, 1.5642232683254875, 1.0, 1.2285714285714286, 2.857142857142857, 1.8571428571428572, 2.0, 1.0, 1.0555555555555556, 1.0152107779226422, 1.0, 1.0, 1.0011441647597255, 1.0, 1.0, 1.0, 2.0, 1.019311810187098, 1.0, 2.6, 1.0, 1.0784313725490196, 1.0, 1.0, 1.0, 1.0, 1.0, 1.0, 1.0, 1.0, 3.0, 2.0, 1.0, 1.0, 1.0, 1.068106810681068, 1.0911664226451927, 1.0, 1.0, 1.3333333333333333, 1.065155807365439, 1.0, 2.0, 1.0053124402828206, 1.2, 1.903448275862069, 1.0, 1.0, 1.0, 1.5, 45.0, 1.0, 1.2906603975208377, 1.0, 1.0, 1.2410498687664042, 1.0, 24.0, 1.0, 1.0, 1.5, 1.007168458781362, 1.0, 1.5, 1.3571428571428572, 1.0203529398690923, 1.0, 1.6428571428571428, 1.0, 1.0, 1.1302482022732545, 2.0, 1.75, 1.0, 1.029535864978903, 1.0, 1.0197348134443416, 1.5, 1.0, 1.0, 1.0, 1.0, 1.0, 1.0, 2.0, 1.275, 1.0, 1.0609218436873749, 1.0, 1.0513698271620446, 1.0, 1.0, 1.0, 1.0, 1.0, 1.0136986301369864, 1.0720252878753669, 2.0, 1.0661290322580645, 1.0, 1.132423117709438, 1.0, 2.0, 1.1355932203389831, 1.3189655172413792, 1.0, 1.0, 1.0, 1.1824051654560128, 1.0, 1.0, 1.2555555555555555, 2.0, 1.0]
origin-forest_39.80 	max: 214.0000	99th: 5.6700	95th: 2.5000	median: 1.0000	mean: 1.6634

...Done, result: results.csv

WORKLOAD-FINISHED | Type: QueryWorkload | Progress: 1/3 | Workload-time: 30.161908 | Model-update-time: 0.000000


WORKLOAD-START | Type: DataUpdateWorkload | Progress: 2/3
Going to run: ['python', '/home/kangping/code_copy/SAUCE/Naru/eval_model.py', '--model=transformer', '--data_update=sample', '--dataset=forest', '--drift_test=js', '--end2end', '--update_size=100000', '--query_seed=0', '--eval_type=drift']
Torch device: cuda:1
GET-MODEL-PATH=./models/end2end/transformer/origin-forest-2.0MB-model58.950-data19.148-300epochs-seed0.pt
GET-DATASET-PATH=./data/forest/end2end/forest.npy
Sample - START
Sample - END
load_npy_dataset_from_path - df.shape = (681012, 10)
Parsing... done, took 0.1s
Data updated!
Previous data size: (581012, 10), new data size: (100000, 10)
[1.1920929e-07 5.9604645e-08 5.9604645e-08 3.8743019e-06 1.0728836e-06
 4.7683716e-07 0.0000000e+00 9.5367432e-07 5.9604645e-08 1.1920929e-07]
Distance score: 6.794929277020856e-07
SAUCE Drift detection: False
Detection latency: 0.0669s

WORKLOAD-FINISHED | Type: DataUpdateWorkload | Progress: 2/3 | Workload-time: 4.291169 | Model-update-time: 0.000000


WORKLOAD-START | Type: QueryWorkload | Progress: 3/3
Going to run: ['python', '/home/kangping/code_copy/SAUCE/Naru/eval_model.py', '--dataset=forest', '--model=transformer', '--end2end', '--query_seed=0', '--eval_type=estimate', '--num_workload=3', '--data_update=sample', '--model_update=adapt', '--random_seed=42']
Torch device: cuda:1
GET-MODEL-PATH=./models/end2end/transformer/origin-forest-2.0MB-model58.950-data19.148-300epochs-seed0.pt
ckpts [PosixPath('/home/kangping/code_copy/SAUCE/models/end2end/transformer/origin-forest-2.0MB-model58.950-data19.148-300epochs-seed0.pt')]
Validate Argument: DATASET="forest" is valid.
data size: 681012, total size: 681012, split index: [567510 681012]
Parsing... done, took 0.1s
Loading ckpt: /home/kangping/code_copy/SAUCE/models/end2end/transformer/origin-forest-2.0MB-model58.950-data19.148-300epochs-seed0.pt
query_seed:0
origin-forest_39.80 	max: 23.0000	99th: 5.0899	95th: 3.0000	median: 1.0905	mean: 1.5164
ReportEsts: [1.0, 1.1010401188707282, 1.0, 1.36, 1.4285714285714286, 2.0, 1.3114285714285714, 1.0, 1.1348314606741574, 1.0, 1.0416666666666667, 1.1666666666666667, 1.0, 2.0, 1.0617283950617284, 1.2560975609756098, 1.0, 2.0, 2.64, 1.1818181818181819, 1.0, 2.0, 1.0, 1.0, 1.0597014925373134, 1.0, 1.0775015094132498, 1.3333333333333333, 1.0, 1.5, 1.0, 1.0, 1.0, 1.0, 1.0, 3.0, 1.0, 1.5, 1.0, 1.3333333333333333, 2.0, 1.0, 1.2352941176470589, 1.0, 1.4405594405594406, 1.063197026022305, 3.0, 2.0, 1.0, 1.0, 3.0, 1.0974248412983592, 1.0, 1.0, 23.0, 1.0858369098712446, 1.1510791366906474, 2.375, 1.0, 2.0, 1.1915142648134602, 5.083333333333333, 2.0, 1.0, 1.0, 1.162162162162162, 1.0610568912163771, 1.25, 2.0, 3.0, 2.0, 2.0754716981132075, 1.1059738289398824, 1.6506024096385543, 1.0, 1.0594405594405594, 1.0, 2.0, 1.0, 2.0, 2.0, 1.0, 1.0, 1.071905114899926, 4.0, 1.1153846153846154, 1.0, 1.0, 1.0, 1.0441079323136337, 1.0, 1.5, 2.0, 1.0534770967508502, 1.1730769230769231, 1.2745098039215685, 1.0, 1.0, 1.0, 2.0, 1.25, 1.0, 1.1882041086812458, 2.0, 2.0, 1.0, 1.0, 1.0, 2.7346938775510203, 2.3333333333333335, 1.0, 1.1379310344827587, 2.0, 1.0, 1.0, 1.0, 1.0, 1.0, 1.0, 1.0, 1.0, 1.0962962962962963, 2.0, 1.0, 1.0, 3.0, 1.0, 1.1109919571045577, 1.1428571428571428, 2.0, 2.5, 1.0, 2.0, 1.0, 1.1669833729216152, 1.08696359238103, 1.0, 1.5, 1.0, 1.0, 2.0, 1.0632867132867132, 1.2602739726027397, 1.105986052603632, 1.0, 1.0, 1.5, 1.0, 1.0428520106877428, 1.0, 1.3235294117647058, 2.1153846153846154, 1.0, 3.0, 1.0, 2.0, 1.0, 1.0, 2.5, 1.0, 1.0, 2.0, 1.3333333333333333, 1.5909090909090908, 1.0, 1.1656184486373165, 7.0, 1.0502631171645256, 1.0, 1.3333333333333333, 1.0, 1.2380952380952381, 1.0, 1.0, 2.25, 1.0, 1.0246736784405084, 1.0582699963807456, 1.0, 1.0972170686456402, 1.0469798657718121, 1.0845402492421692, 1.0, 3.0, 2.0, 1.0, 2.0, 4.0, 1.0, 1.058372197984053, 1.0, 1.0, 1.5862068965517242, 1.076760867838961, 1.0, 1.126984126984127, 1.0922535211267606, 2.0, 1.5, 1.619047619047619, 1.043063468928051, 1.0, 1.0, 3.0, 1.0, 1.1578947368421053, 1.0, 1.0, 1.0, 2.0, 1.1566265060240963, 3.3333333333333335, 1.1944444444444444, 2.1538461538461537, 2.0, 2.0, 1.1639344262295082, 2.0, 1.0, 1.0, 1.0, 2.0, 1.3888888888888888, 2.0, 1.2, 1.3333333333333333, 3.0, 1.0, 1.093621708220687, 1.213816851393522, 1.1379310344827587, 1.0, 1.0323603679432454, 1.0, 1.0, 1.0, 1.0, 1.3636363636363635, 2.0, 18.666666666666668, 1.0, 2.0, 1.0, 1.0220776660753006, 1.082994923857868, 1.0, 5.0, 4.0, 1.0, 1.0, 1.3333333333333333, 1.0, 1.009400705052879, 6.0, 1.0, 2.0, 1.6666666666666667, 1.2192513368983957, 1.0, 1.444043321299639, 1.2123069379749938, 1.5294117647058822, 2.5, 1.5252808988764044, 1.0359408033826638, 2.0, 1.0, 1.1780784097183876, 1.7058823529411764, 2.0, 1.0, 1.125, 1.0, 1.0, 1.0, 1.0681818181818181, 1.0, 1.386685552407932, 1.2801831806827644, 2.0, 1.021113243761996, 2.0, 1.0140845070422535, 1.0827160493827162, 2.0, 2.0, 1.5, 1.2446351931330473, 1.2192513368983957, 1.0021568325373593, 1.0, 1.0697050938337802, 1.0, 2.3125, 1.3296812749003983, 2.0, 1.744336569579288, 2.0, 1.1284916201117319, 1.0, 1.0, 1.5, 2.25, 1.0, 1.0, 1.08843537414966, 1.0, 3.0, 1.0, 1.0, 1.0833333333333333, 1.0, 1.3333333333333333, 1.0, 1.0, 1.38, 1.0, 2.0, 1.1428571428571428, 2.0, 1.0, 1.0, 1.0, 1.0, 1.0, 1.8181818181818181, 2.0, 1.0, 1.24779299847793, 1.0, 2.0, 1.1436711436711438, 3.0, 2.0, 1.0, 1.0, 1.0356007628734902, 1.0, 3.0, 2.0, 1.0, 1.2908366533864541, 1.8571428571428572, 1.030612244897959, 1.5333333333333334, 1.0, 1.0456936226166995, 1.2706766917293233, 1.0, 1.2903225806451613, 1.3333333333333333, 1.125, 8.0, 3.0, 1.0, 1.0, 1.0, 1.0, 1.0, 1.4963503649635037, 3.0, 1.5106382978723405, 7.0, 1.0, 2.0, 1.3148148148148149, 1.3172866520787747, 1.0663051423968015, 3.0, 1.4119947848761407, 1.1515151515151516, 1.0457368043945545, 2.0, 1.2420382165605095, 4.0, 1.7470588235294118, 2.0, 1.1818181818181819, 1.0074501797793893, 1.0, 1.018678771899983, 1.0482248879195444, 1.0685579196217494, 1.0, 1.25, 2.0, 1.0167597765363128, 2.0, 2.0, 1.5, 1.204868154158215, 3.0, 1.5454545454545454, 1.5, 1.0, 1.2857142857142858, 1.2857142857142858, 1.6666666666666667, 1.0, 1.0, 5.0, 1.0, 1.031438127090301, 1.0, 2.0, 2.0, 1.0, 1.0176493527732002, 1.0, 1.0, 1.116111111111111, 1.0, 2.0, 1.0, 1.0, 1.0147304042713827, 1.3333333333333333, 1.0126582278481013, 1.0, 1.0, 1.1257454082849647, 1.1450918203531852, 2.0, 1.4545454545454546, 2.0, 3.0, 1.0, 2.310344827586207, 1.1959268955794986, 1.0, 1.8698412698412699, 2.292682926829268, 1.0, 1.0, 1.1263157894736842, 1.3333333333333333, 2.0, 1.0, 1.1211305518169583, 1.0608579017962811, 2.6666666666666665, 1.2708333333333333, 2.5833333333333335, 1.0, 1.0, 2.0, 1.025709406508059, 1.3333333333333333, 2.0, 1.6227045075125208, 2.0, 2.0, 1.0518867924528301, 1.0, 2.0, 1.0413793103448277, 1.0, 1.4444444444444444, 1.2794612794612794, 1.0285493827160495, 1.0, 2.0, 2.0, 1.0, 1.0, 1.0631394119649544, 1.0, 1.0, 1.1925465838509317, 1.2371794871794872, 1.0, 1.0, 1.0, 1.0, 1.1503267973856208, 2.0, 1.6044740599714422, 1.099323257535557, 1.0, 2.6666666666666665, 1.0916666666666666, 1.0, 2.0, 1.0, 1.75, 1.0, 1.0, 1.0, 1.15625, 1.6428571428571428, 1.1722772277227722, 1.0, 1.25, 1.0, 1.1604938271604939, 1.0, 1.0, 1.0, 1.0, 1.0, 1.0356523414916168, 1.6470588235294117, 2.0, 1.0, 1.0, 2.0, 2.0, 1.126984126984127, 1.3333333333333333, 1.1705882352941177, 1.1455810358155114, 2.0, 1.3333333333333333, 1.0, 1.162589928057554, 3.0, 22.0, 1.2553191489361701, 1.0, 1.0562615206433617, 1.15695067264574, 1.1379310344827587, 1.0, 2.0, 2.0, 1.0, 1.0, 2.0, 1.1433691756272402, 5.7407407407407405, 1.5, 4.0, 1.0, 1.142152023692004, 1.0, 3.0, 6.0, 3.0, 1.1091761553918285, 2.0, 2.0, 1.2362869198312236, 4.0, 1.0443277330349796, 1.0, 1.0, 1.4844544940644433, 1.0, 2.0, 1.0246913580246915, 1.1818181818181819, 2.0, 1.1136363636363635, 1.2247034193998605, 1.25, 2.0, 1.375, 1.185483870967742, 1.0, 1.406060606060606, 1.0, 1.1087314662273475, 1.0, 2.3333333333333335, 1.0158305500647535, 1.2, 1.0409074124616693, 1.507462686567164, 1.0, 4.0, 1.9411764705882353, 1.0, 1.3859649122807018, 1.1176470588235294, 1.2615384615384615, 1.066316480630335, 1.0, 2.0, 1.0, 1.3505747126436782, 1.3333333333333333, 1.0086646573420985, 1.1926454445664105, 1.0, 3.0, 2.0, 1.0, 1.0, 1.0, 2.0, 1.0, 1.0, 2.0, 1.0, 2.0, 4.048780487804878, 1.0029714211567782, 1.4471698113207547, 1.0, 1.0, 1.2352941176470589, 1.0, 2.0, 2.0, 1.0, 1.0, 1.0, 1.0, 1.0334631422958955, 2.0, 2.0, 1.0996420047732698, 1.0, 1.0, 1.0, 2.0, 2.0, 1.0, 2.0, 1.0, 1.0, 2.0, 1.1374361978077148, 1.206313775510204, 1.5, 1.0, 1.0, 1.040542053981409, 1.0, 1.0, 1.0, 1.3243243243243243, 1.1868138875982763, 1.0, 3.0, 2.0, 1.0, 1.0, 1.0, 1.5, 1.0, 1.0, 1.0591205920766216, 1.0, 2.0, 1.1032620922384702, 1.0, 1.0, 1.0117718692916582, 3.0, 1.0628509719222463, 1.0, 2.0, 1.1111111111111112, 1.1246418338108883, 1.0, 2.0, 1.0, 1.25, 1.0, 1.086478733826901, 1.023563624931227, 1.0, 2.0, 3.4545454545454546, 1.0, 1.1428571428571428, 2.4, 1.0, 1.0, 1.0900745257452575, 3.0, 1.0, 2.0, 8.0625, 1.2990654205607477, 1.0454545454545454, 1.0966719492868462, 1.0, 1.2557377049180327, 1.4489795918367347, 1.8888888888888888, 2.0, 2.0, 1.0, 2.0, 1.0, 1.053191489361702, 1.0, 1.0136411332633788, 3.0, 2.0, 2.25, 2.0, 2.0, 1.0, 2.0, 1.0, 1.0, 1.1571428571428573, 1.0, 2.0, 1.0, 1.1328016643550625, 1.0434782608695652, 1.0, 2.5, 1.3773584905660377, 1.5, 1.5357142857142858, 1.0, 1.3333333333333333, 3.0, 1.0, 2.0, 1.0323492462311559, 2.2, 1.0, 5.0, 1.1233766233766234, 1.1757567104511708, 1.0, 1.0, 1.1689581423770241, 1.1087358141989971, 1.169811320754717, 1.0909090909090908, 2.0, 2.0, 1.016740088105727, 1.0603996658741888, 1.1956521739130435, 1.0, 1.0, 1.0, 1.5116279069767442, 1.0, 1.6290322580645162, 1.0, 1.0, 1.105263157894737, 2.0, 5.0, 2.0, 1.0, 1.1008377914605834, 1.2108108108108109, 1.0664549230393354, 1.0, 3.0, 3.0, 3.0, 1.0, 2.0, 2.0, 1.0, 2.0, 1.0, 4.0, 2.0, 1.1400966183574879, 1.5, 1.0727376957965908, 1.0, 1.0, 1.1818181818181819, 1.0607944732297063, 1.5, 1.0, 1.0, 1.0, 1.0, 1.625, 1.6277561608300908, 4.0, 1.0, 2.0, 1.0, 1.0, 2.0, 1.1358964598401218, 2.0, 1.0, 4.0, 1.0, 1.1105730427764327, 1.0167211922937114, 1.0, 1.0, 1.0938967136150235, 1.103448275862069, 2.0, 1.2578947368421052, 1.0, 1.0, 1.0, 1.0, 1.0, 1.7, 1.0, 1.0, 1.0714285714285714, 1.5544497607655503, 1.2727272727272727, 1.0, 1.0092807424593968, 1.0, 1.21875, 1.0, 1.5, 1.0, 1.0144817937762316, 1.2666666666666666, 1.0, 1.0, 1.0235849056603774, 1.0451603412768462, 1.0, 3.0, 2.0, 1.0301837270341208, 3.0, 1.103074303128081, 2.037037037037037, 1.088135593220339, 2.4574468085106385, 1.1011607504386558, 1.0, 1.04739336492891, 2.0, 1.0, 1.0, 1.0, 3.0, 1.5, 2.0, 2.0, 1.3333333333333333, 1.8888888888888888, 1.0, 1.0, 1.0, 2.066666666666667, 3.0, 1.0, 2.0, 1.031815688425672, 1.6181818181818182, 1.0, 1.0, 1.0616061606160616, 1.059884137212784, 1.0, 1.35, 1.0, 1.0, 2.0, 2.0, 1.4, 1.0, 1.75, 3.0714285714285716, 2.0, 1.0, 2.3636363636363638, 1.7048458149779735, 1.0, 1.018754423213022, 2.0, 1.0, 1.0, 2.0, 1.0163339382940109, 1.0, 2.0, 1.0, 1.0, 1.0, 1.0, 1.0, 1.0, 1.0, 1.0, 2.0, 3.0, 1.0090302148420782, 3.0, 1.0, 1.0, 1.0, 1.0, 1.1167883211678833, 1.0, 1.0, 3.0, 1.0, 1.0, 1.0, 2.0, 2.0, 1.1525974025974026, 1.018217463083555, 3.0, 1.0145833333333334, 1.0, 1.0222222222222221, 1.0, 1.0820676791899813, 1.0, 2.0, 1.069126819126819, 1.0, 1.0, 2.0, 1.1702127659574468, 2.0, 2.0, 1.041219622930058, 1.0915367770191937, 1.2259887005649717, 4.0, 1.0, 1.6, 1.0, 1.0, 1.0, 2.0, 1.0, 3.5, 2.0, 1.0, 1.0, 1.0, 1.0430634023854364, 1.0763660302830809, 1.0, 1.0, 1.1428571428571428, 1.078239608801956, 1.0, 2.0, 1.0864132347764872, 1.2666666666666666, 1.0753012048192772, 1.0, 1.0, 1.0, 1.4, 1.358974358974359, 1.0, 1.281398125701053, 1.0, 1.0, 1.2200071199715201, 1.3076923076923077, 1.005420054200542, 2.0, 1.0, 3.0, 1.0314465408805031, 1.0, 1.5, 1.0046257359125315, 1.0, 1.0, 1.1382186858316221, 1.0, 3.0, 1.0564853556485356, 1.2, 1.0, 1.0, 1.1428571428571428, 1.0600522193211488, 1.0, 1.2700026062027625, 1.6666666666666667, 1.0, 1.0, 1.0, 1.0, 1.0, 2.0, 2.0, 1.2653061224489797, 1.0, 1.0318137094129223, 1.0, 1.0840348123840775, 1.0, 1.0, 1.0, 1.0, 1.0, 2.0, 1.3142857142857143, 1.0, 1.0, 3.0, 2.007168458781362]
origin-forest_39.80 	max: 23.0000	99th: 5.0899	95th: 3.0000	median: 1.0905	mean: 1.5164

...Done, result: results.csv

WORKLOAD-FINISHED | Type: QueryWorkload | Progress: 3/3 | Workload-time: 30.707463 | Model-update-time: 0.000000


Experiment Summary: #data-update-times=1, #drift=0 | total-time=65.246256