Input arguments = Namespace(data_update='sample', update_size=100000, dataset='forest', debug=False, drift_test='js', model_update='adapt', model='transformer', end2end=False, query_seed=0, random_seed=42, num_workload=3)
JSON-passed parameters = {'data_updater': {'skew_ratio': '1e-3'}, 'random_seed': 66, 'transformer': {'epochs': 0}}
MODEL-PATH=/home/kangping/code_copy/SAUCE/models/end2end/transformer/origin-forest-2.0MB-model58.950-data19.148-300epochs-seed0.pt
DATASET-PATH=/home/kangping/code_copy/SAUCE/data/forest/end2end/forest.npy
Workloads: ['QueryWorkload', 'DataUpdateWorkload', 'QueryWorkload']

WORKLOAD-START | Type: QueryWorkload | Progress: 1/3
Going to run: ['python', '/home/kangping/code_copy/SAUCE/Naru/eval_model.py', '--dataset=forest', '--model=transformer', '--query_seed=0', '--end2end', '--eval_type=first_estimate', '--num_workload=3', '--data_update=sample', '--model_update=adapt', '--random_seed=42']
Torch device: cuda:1
GET-MODEL-PATH=./models/end2end/transformer/origin-forest-2.0MB-model58.950-data19.148-300epochs-seed0.pt
ckpts [PosixPath('/home/kangping/code_copy/SAUCE/models/end2end/transformer/origin-forest-2.0MB-model58.950-data19.148-300epochs-seed0.pt')]
Validate Argument: DATASET="forest" is valid.
load_csv_dataset - forest (581012, 10)
Parsing... done, took 0.0s
Loading ckpt: /home/kangping/code_copy/SAUCE/models/end2end/transformer/origin-forest-2.0MB-model58.950-data19.148-300epochs-seed0.pt
query_seed:0
origin-forest_39.80 	max: 46.0000	99th: 4.0000	95th: 2.0953	median: 1.0060	mean: 1.3329
ReportEsts: [1.0, 1.044391971664699, 1.0, 1.2826086956521738, 1.3333333333333333, 1.0, 1.0104166666666667, 1.0, 1.4260869565217391, 1.0, 1.1355932203389831, 1.0, 1.0, 1.0, 1.5, 1.044592016436748, 1.0, 1.1111111111111112, 1.1521739130434783, 1.125, 1.0, 3.0, 1.05, 1.4, 1.2, 1.0, 1.0881830735845335, 1.3, 3.0, 1.1624790619765495, 1.0, 1.1205673758865249, 1.4, 1.0, 1.043103448275862, 1.0453149001536097, 1.0286909742976689, 1.0, 1.0712694877505569, 1.0, 2.0, 1.0, 1.0625, 1.0, 1.2195121951219512, 1.0338983050847457, 1.0, 2.0, 1.0, 1.0, 3.0, 1.1031496062992125, 1.0, 1.0, 1.0555555555555556, 1.0603015075376885, 1.7706185567010309, 2.6153846153846154, 1.0, 1.0, 1.0579526990431485, 10.0, 1.0, 1.4109589041095891, 1.1401273885350318, 1.0, 1.0765765765765767, 1.0978260869565217, 1.1646586345381527, 1.0, 2.0, 1.0, 1.1374407582938388, 1.3653785405917658, 1.5, 2.0, 1.0, 1.0, 1.0, 1.0, 1.0, 1.0, 1.0585487260042024, 3.5, 2.3636363636363638, 1.0, 1.0, 1.0, 1.069599180432834, 1.0, 1.6, 1.15, 1.0, 1.110344827586207, 1.0, 1.0, 1.0115864527629232, 1.0467091295116773, 1.0, 1.0, 4.0, 1.0, 1.0, 1.0, 1.193103448275862, 1.0, 1.0, 1.0, 1.1014492753623188, 2.0, 1.1056338028169015, 1.0, 1.0, 1.2453484705140334, 1.239795918367347, 2.0, 1.0, 2.0, 1.0, 1.0, 1.0, 1.0, 3.0, 1.0, 1.0284054228534538, 1.0, 1.0, 1.0, 1.0, 1.0, 1.0, 1.4499826328586314, 1.102557291540895, 1.0, 1.375, 1.0, 1.0, 2.0, 1.0441356763383736, 1.0793650793650793, 1.0998296351699492, 1.0, 1.0, 1.6, 1.0, 1.0588569594693982, 1.0, 1.2333333333333334, 1.3714285714285714, 1.1818181818181819, 1.0, 1.0, 1.0, 1.0, 1.0, 1.3333333333333333, 1.0, 1.0, 1.0, 1.6666666666666667, 1.7777777777777777, 1.0, 1.002340093603744, 4.0, 1.0108675715333821, 1.0, 1.0, 4.0, 1.1213592233009708, 1.0, 1.0, 1.0, 1.047244094488189, 1.16, 1.0, 1.0, 1.2167300380228137, 1.0, 1.2376404494382023, 1.0, 1.1542056074766356, 1.0, 1.0, 1.112765112399714, 1.0, 1.07451403887689, 1.0, 1.0, 1.2647058823529411, 1.1021868450578995, 1.0, 1.0084745762711864, 2.090909090909091, 1.0, 1.0, 1.0, 1.0, 1.1666666666666667, 1.0, 1.3404902487028092, 1.1266582438408086, 1.3333333333333333, 1.0, 1.0, 2.0, 3.0, 1.9583333333333333, 1.0, 1.0, 1.0, 1.0, 1.088235294117647, 1.0, 1.3333333333333333, 1.0, 1.0, 1.0, 1.0093896713615023, 1.0, 2.0, 1.0, 1.1439121378526793, 1.5, 1.0, 1.5217391304347827, 1.0, 1.2375, 1.0, 1.6771653543307086, 1.0, 1.0, 1.0, 1.1, 2.0, 2.8846153846153846, 1.0, 2.0, 1.0, 1.0719965510634222, 1.0160244181610072, 1.0, 1.3333333333333333, 1.5, 1.027262400605831, 1.1168091168091168, 1.5, 1.0, 1.0253521126760563, 2.5, 1.2388698630136987, 1.0, 1.6666666666666667, 1.0988372093023255, 1.0, 1.3877551020408163, 1.1901248581157775, 1.2142857142857142, 2.0, 1.3093922651933703, 1.0404040404040404, 2.0, 1.0, 1.2749633149325694, 1.25, 2.0, 1.0, 1.1428571428571428, 1.0, 1.0, 1.0, 1.236842105263158, 1.5, 1.0769478428847392, 2.0, 1.0, 1.0910837481442668, 1.2857142857142858, 1.0, 1.0416666666666667, 1.0, 1.0, 1.0, 1.5555555555555556, 1.0, 1.0, 1.0, 2.0, 1.0, 1.2758620689655173, 1.0, 1.1111111111111112, 1.0, 1.0, 1.0, 1.0, 1.2753792298716453, 1.1299435028248588, 1.1258327165062916, 1.6280487804878048, 1.0, 1.460483870967742, 1.0, 1.0, 3.0, 1.0, 1.2158273381294964, 1.0, 2.0, 1.0, 1.35, 1.0, 1.0, 1.1666666666666667, 1.5, 1.0, 1.0, 1.0, 1.0, 1.0, 2.25, 1.0, 1.0, 1.2137720244516361, 1.5, 1.0, 1.1077840344484928, 1.0, 1.0, 1.0, 1.0, 1.1129431162407255, 1.0, 3.0, 1.0, 1.0, 1.25, 1.0, 1.035294117647059, 1.8109756097560976, 2.0, 1.234304667140488, 1.15625, 1.0, 1.3461538461538463, 1.0, 1.1428571428571428, 2.0, 1.5, 1.0, 1.0, 1.0, 1.0, 1.0, 1.9482758620689655, 2.2, 1.3950617283950617, 2.0, 1.0, 1.0, 1.0, 1.1990521327014219, 1.1, 1.8818181818181818, 1.1019513264634948, 1.1451931085879619, 1.4861992385786802, 1.0664340496096179, 1.365979381443299, 1.0, 1.0492957746478873, 1.0, 1.4807256235827664, 1.0320686831135608, 1.0, 1.035381302254877, 1.0487853444842692, 1.0783862422373736, 1.0, 1.6666666666666667, 2.0, 1.0, 1.0, 1.0, 1.1001540832049306, 2.2666666666666666, 1.0, 8.5, 1.0, 1.137056603773585, 1.0, 2.5, 1.1666666666666667, 1.0, 1.0, 4.25, 1.0, 1.0188679245283019, 1.0, 1.0, 1.0, 1.0, 1.021434704088581, 1.0, 2.0, 1.0717391304347825, 2.667601683029453, 1.2532347504621073, 1.3333333333333333, 1.1178861788617886, 1.136073807573113, 1.1297935103244838, 16.5, 1.0, 1.0, 1.1287271710771525, 1.1162316382886084, 1.0, 1.0, 1.0, 1.0, 1.0, 1.0, 1.0, 1.0, 1.0, 1.1356622998544397, 2.5, 1.1696504688832055, 1.0, 1.0, 1.0, 1.0734265734265733, 1.1006133200954409, 2.5, 1.2756508422664625, 4.666666666666667, 1.0, 1.0, 1.0, 1.0519844101663283, 2.0, 1.0, 1.3248610007942812, 1.0, 1.8095238095238095, 1.0, 1.0, 1.0, 1.0320565103408097, 1.0, 1.0, 2.0, 1.4285714285714286, 1.2195121951219512, 1.000739098300074, 1.75, 1.0, 1.0, 1.1133333333333333, 1.4285714285714286, 2.0, 1.0342538502389804, 1.0, 1.4444444444444444, 1.0, 1.0, 1.0909090909090908, 1.0, 1.0, 2.7777777777777777, 1.0039696860339227, 1.0494156966169517, 1.1761006289308176, 1.4642857142857142, 1.0, 1.0, 1.0, 1.0, 1.1684658161596335, 1.5, 1.0, 1.0, 3.0279329608938546, 1.0481283422459893, 2.0, 1.0121174236049335, 1.0, 2.0, 1.0813880395060675, 2.5, 1.0039532202273103, 1.0, 1.0, 1.0, 1.0164105371550725, 1.5714285714285714, 2.0, 1.04, 1.0, 2.0, 1.0, 1.0833333333333333, 1.0, 1.1324503311258278, 1.121387452149265, 2.0, 1.0, 1.0, 1.2564102564102564, 2.0, 1.25, 1.2875, 1.0, 1.049413241531468, 1.7857142857142858, 1.12, 1.0, 3.0, 1.0, 2.0, 1.138046511627907, 1.5, 4.0, 1.1862094395280236, 1.4, 1.0, 1.0444089098356057, 1.0, 1.5555555555555556, 1.0, 2.0, 1.0, 1.1254681647940075, 1.0, 1.0, 1.4285714285714286, 1.0377129560375633, 1.0780141843971631, 1.4771084337349398, 1.1578947368421053, 1.4109589041095891, 2.0, 1.52, 1.062111801242236, 1.0, 1.0, 1.1282051282051282, 1.075794621026895, 1.0, 2.0, 1.1428571428571428, 1.1603773584905661, 1.0, 1.272108843537415, 1.0, 1.1517412935323383, 1.0, 2.0, 1.0642767462103435, 6.0, 1.0111608265044492, 2.0, 1.0, 3.0, 1.0, 1.0, 2.0, 1.044479330193616, 1.0, 1.0, 1.0, 1.0, 1.0, 1.1153846153846154, 2.0, 2.0238095238095237, 1.0, 1.0, 2.0, 1.0, 1.0, 1.0, 1.0, 1.0, 2.0, 1.0, 1.0, 2.0, 1.3888888888888888, 1.6666666666666667, 1.5, 1.195, 1.0, 1.0, 1.1666666666666667, 1.05844970487218, 2.1785714285714284, 1.0, 1.0, 1.0, 1.0, 1.03405046910385, 1.0, 1.0, 1.0988786952089704, 1.2304104477611941, 1.127659574468085, 2.0, 1.0, 1.0, 1.0, 1.542857142857143, 1.5, 1.0, 1.0, 1.3126022913256956, 2.0, 1.0180658873538788, 1.0, 1.0, 1.0191616161616162, 1.0, 1.0, 1.0, 1.3125, 1.0589564404953713, 1.0, 2.0, 1.625, 1.1926829268292682, 1.0, 1.0, 1.5, 1.0, 1.0, 1.16957065845206, 1.0, 2.0, 1.1010443864229764, 1.0, 1.0, 1.0493827160493827, 1.0, 1.0920602760541978, 1.0, 1.0, 1.212809917355372, 1.0231528770854614, 2.0, 1.5116279069767442, 1.0, 1.0, 1.3333333333333333, 1.0205020268163392, 1.0, 1.0, 1.0, 1.0, 1.0, 1.0, 1.0, 1.5, 1.2453567937438905, 1.0, 2.0, 1.0, 1.0, 1.0, 1.2, 1.1472081218274113, 1.0, 1.0, 1.0, 1.0, 1.0, 1.0, 1.1, 1.0, 1.0, 1.0, 1.0, 1.0, 2.0, 1.0244602609727165, 1.5542168674698795, 1.0, 2.0, 1.5, 1.1870503597122302, 1.0, 1.0, 1.0, 2.0, 1.0, 1.007020757020757, 1.065217391304348, 1.2121212121212122, 1.2460220318237454, 1.0, 46.0, 1.0, 1.2, 1.0, 1.2, 1.0, 1.0, 1.0, 1.0102714600146736, 1.75, 1.0, 2.0, 1.0814814814814815, 1.1641450661920125, 1.0, 1.0, 1.1938551572787126, 1.0404783808647655, 1.1492537313432836, 1.1111111111111112, 1.0, 1.0, 1.0629899094885453, 2.0, 2.0, 1.0, 1.0, 1.5, 1.1524032825322392, 1.0, 1.0, 1.0666666666666667, 1.0, 1.0, 1.5, 1.2, 1.0, 1.1620725388601036, 1.124603534209334, 1.0, 1.0, 1.0, 3.0, 1.0, 1.0, 1.0, 1.0, 1.0, 2.0, 1.0, 2.0, 3.0, 1.0308123249299719, 1.0, 1.0657993742822067, 1.0, 1.0, 1.1666666666666667, 1.0427745664739885, 1.5, 1.0, 1.0, 1.0, 1.0, 2.4642857142857144, 1.3885350318471337, 3.0, 1.0, 1.0, 1.0, 1.0, 2.0, 1.072597137014315, 1.0, 1.0, 1.0, 1.0, 1.1943396226415095, 1.0460469157254562, 1.0, 1.0, 1.1436781609195403, 1.0416666666666667, 2.0, 1.3253012048192772, 1.0, 1.0, 1.0, 1.0, 1.0, 1.6, 2.0, 1.0, 1.127659574468085, 1.139957439842855, 1.3333333333333333, 1.0, 1.0, 1.0, 1.0, 1.6, 1.0, 1.0, 1.7790868924889542, 1.0, 1.0, 1.1818181818181819, 2.75, 2.1944444444444446, 1.0, 2.689814814814815, 1.0, 1.0, 3.0, 1.0, 1.037037037037037, 1.3108108108108107, 1.0, 1.0921052631578947, 1.0, 1.25, 1.0, 1.0, 2.0, 1.5714285714285714, 1.0, 1.0, 1.0, 2.0, 1.0526315789473684, 1.0, 1.0, 1.0204133384049703, 1.0737323019857963, 1.0, 1.0, 1.0, 1.100132081009686, 1.0, 2.2085561497326203, 1.0, 1.143658326143227, 2.0, 1.0, 1.2307692307692308, 1.5, 1.6666666666666667, 1.0813829787234042, 1.0, 1.5, 1.0, 1.5, 1.25, 1.0, 1.0, 1.0, 2.0, 1.6666666666666667, 1.0, 1.0, 1.6666666666666667, 1.0, 1.125, 1.0, 4.0, 1.0, 1.3333333333333333, 1.0, 1.0, 1.0, 1.0, 1.0, 1.0, 1.0, 1.0, 1.008108108108108, 2.0, 1.0, 1.0, 1.0, 1.0, 1.1454545454545455, 2.0, 1.0, 1.1095890410958904, 1.0, 1.3405889884763125, 1.0, 1.5010087424344318, 1.0, 1.2285714285714286, 1.2333333333333334, 3.25, 1.0, 1.0, 1.0, 1.0049942922374429, 1.0, 1.0, 1.010857142857143, 1.0, 1.0, 1.0, 2.0, 1.0194416573216079, 1.0, 3.25, 1.0, 1.0185185185185186, 1.0, 1.0, 1.0, 1.0, 1.0, 1.0, 1.0, 1.0, 3.0, 2.0, 1.0, 1.0, 1.0, 1.051543346625314, 1.0026908242891739, 1.0, 1.0, 1.3333333333333333, 1.0386740331491713, 1.0, 2.0, 1.037674069983037, 1.2857142857142858, 1.1304347826086956, 1.0, 1.0, 1.0, 1.5, 1.2162162162162162, 1.0, 1.2571821134149388, 1.0, 1.0, 1.1673490813648293, 1.0, 2.4, 1.0, 1.0, 1.0, 1.0177935943060499, 1.0, 1.5, 1.3421052631578947, 1.0496421875714481, 1.0, 1.6428571428571428, 1.0, 1.0, 1.1064718162839249, 2.0, 1.75, 1.0, 1.209016393442623, 1.0, 1.27076802507837, 1.5, 1.0, 1.0, 1.0, 1.0, 1.0, 1.0, 2.0, 1.186046511627907, 1.0, 1.0702682281828486, 1.0, 1.0557247992630048, 1.0, 1.0, 1.0, 1.0, 1.0, 1.0, 1.0590426732896816, 2.0, 1.0233870967741936, 1.0, 1.0983543327333505, 1.0357142857142858, 2.0, 1.1101694915254237, 1.3189655172413792, 1.0, 1.0, 1.0, 1.2017756255044392, 1.0, 1.0, 1.2417582417582418, 2.0, 1.0]
origin-forest_39.80 	max: 46.0000	99th: 4.0000	95th: 2.0953	median: 1.0060	mean: 1.3329

...Done, result: results.csv

WORKLOAD-FINISHED | Type: QueryWorkload | Progress: 1/3 | Workload-time: 30.113093 | Model-update-time: 0.000000


WORKLOAD-START | Type: DataUpdateWorkload | Progress: 2/3
Going to run: ['python', '/home/kangping/code_copy/SAUCE/Naru/eval_model.py', '--model=transformer', '--data_update=sample', '--dataset=forest', '--drift_test=js', '--end2end', '--update_size=100000', '--query_seed=0', '--eval_type=drift']
Torch device: cuda:1
GET-MODEL-PATH=./models/end2end/transformer/origin-forest-2.0MB-model58.950-data19.148-300epochs-seed0.pt
GET-DATASET-PATH=./data/forest/end2end/forest.npy
Sample - START
Sample - END
load_npy_dataset_from_path - df.shape = (681012, 10)
Parsing... done, took 0.1s
Data updated!
Previous data size: (581012, 10), new data size: (100000, 10)
[ 4.1723251e-07  2.3841858e-07  5.9604645e-08  4.1723251e-07
  1.1920929e-07 -5.9604645e-08  1.7881393e-07  1.0728836e-06
  1.1920929e-07  0.0000000e+00]
Distance score: 2.5629998390286346e-07
SAUCE Drift detection: False
Detection latency: 0.0661s

WORKLOAD-FINISHED | Type: DataUpdateWorkload | Progress: 2/3 | Workload-time: 4.291015 | Model-update-time: 0.000000


WORKLOAD-START | Type: QueryWorkload | Progress: 3/3
Going to run: ['python', '/home/kangping/code_copy/SAUCE/Naru/eval_model.py', '--dataset=forest', '--model=transformer', '--end2end', '--query_seed=0', '--eval_type=estimate', '--num_workload=3', '--data_update=sample', '--model_update=adapt', '--random_seed=42']
Torch device: cuda:1
GET-MODEL-PATH=./models/end2end/transformer/origin-forest-2.0MB-model58.950-data19.148-300epochs-seed0.pt
ckpts [PosixPath('/home/kangping/code_copy/SAUCE/models/end2end/transformer/origin-forest-2.0MB-model58.950-data19.148-300epochs-seed0.pt')]
Validate Argument: DATASET="forest" is valid.
data size: 681012, total size: 681012, split index: [567510 681012]
Parsing... done, took 0.1s
Loading ckpt: /home/kangping/code_copy/SAUCE/models/end2end/transformer/origin-forest-2.0MB-model58.950-data19.148-300epochs-seed0.pt
query_seed:0
origin-forest_39.80 	max: 58.0000	99th: 5.5010	95th: 3.0000	median: 1.1007	mean: 1.5998
ReportEsts: [1.0, 1.4068627450980393, 1.0, 1.3529411764705883, 1.5714285714285714, 1.0, 1.032258064516129, 1.0, 1.1119592875318065, 1.0, 1.173913043478261, 1.24, 1.0, 2.0, 1.062111801242236, 1.1785714285714286, 1.0, 2.0, 2.033333333333333, 1.0588235294117647, 1.0, 3.0, 1.0, 1.0, 1.0421940928270041, 1.0, 1.0409876543209877, 1.3333333333333333, 1.0, 3.3333333333333335, 1.3333333333333333, 1.0, 1.0, 1.0, 1.0, 2.0, 1.0, 2.0, 1.0, 2.0, 2.0, 2.0, 1.2857142857142858, 1.0, 20.571428571428573, 1.0327272727272727, 1.0, 2.0, 2.0, 1.0, 4.0, 1.159751385855871, 1.0, 1.0, 1.8333333333333333, 1.0815450643776825, 2.7985611510791366, 5.5, 1.0, 2.0, 1.016250725478816, 11.0, 3.0, 1.0, 1.0, 2.09375, 1.1099202095986662, 1.25, 2.0, 2.0, 2.0, 1.1518218623481782, 1.3427230046948357, 1.4685714285714286, 1.0, 1.36986301369863, 2.0, 2.0, 2.0, 1.0, 2.0, 1.0, 2.0, 1.0528821187467543, 4.5, 2.3076923076923075, 2.0, 1.0, 1.5, 1.1500714869281046, 1.0, 4.0, 3.0, 1.2229719924539255, 1.1607142857142858, 7.75, 1.16, 1.0, 2.0, 3.0, 1.0, 1.0, 1.210521318013484, 2.0, 3.0, 1.0, 1.0, 1.0, 1.0018873995965296, 2.3333333333333335, 1.0, 1.103448275862069, 1.0, 1.0, 1.0, 1.0, 1.0, 1.0, 1.0, 1.0, 1.0, 1.1010401188707282, 1.0, 1.0, 1.0, 3.0, 1.0, 1.1414693381906498, 1.125, 1.0, 2.0, 1.0, 1.0, 2.0, 1.3024494142705005, 1.1698744586850969, 1.0, 1.375, 1.0, 1.0, 2.0, 1.030387705204331, 1.2297297297297298, 1.1096578405622204, 1.0, 2.0, 1.5, 1.0, 1.0762928085170538, 1.0, 1.1176470588235294, 1.1777777777777778, 1.2142857142857142, 1.3333333333333333, 1.0, 1.0, 2.0, 1.0, 1.2, 1.0, 1.0, 1.0, 2.0, 1.6363636363636365, 2.0, 2.5454545454545454, 4.0, 1.0135108597462785, 1.0, 1.25, 2.0, 1.0353606789250354, 1.0, 1.0, 1.0909090909090908, 1.0, 1.0593610214597136, 1.0766550522648084, 1.0, 1.0626018659924796, 1.0723860589812333, 1.2105593966059083, 1.0, 3.0, 1.0, 2.0, 1.0, 4.0, 1.0, 1.131693900663323, 2.0, 1.0, 1.12, 1.067120546053609, 2.0, 1.2177777777777778, 1.5714285714285714, 2.0, 21.333333333333332, 1.8571428571428572, 1.0405781726561465, 2.0, 1.0, 2.0, 1.0, 1.1764705882352942, 1.0, 1.0, 1.0, 2.0, 2.590909090909091, 3.0, 2.5, 1.5172413793103448, 3.0, 2.0, 1.096774193548387, 1.0, 1.0, 1.0, 1.0, 3.0, 2.0, 2.0, 1.1666666666666667, 1.25, 2.0, 2.0, 1.2506803749622013, 1.19353443615526, 1.037037037037037, 1.0, 1.0332273814595143, 1.0, 1.0, 1.0, 1.0, 1.4, 2.0, 4.0, 1.0, 2.0, 2.0, 1.0003897791251624, 1.1606605385178557, 1.0, 3.0, 2.0, 1.0, 2.0, 2.0, 1.0, 1.015439429928741, 1.2222222222222223, 1.3636363636363635, 4.0, 1.25, 1.1770833333333333, 1.0, 1.3819444444444444, 1.3651669886834115, 2.3157894736842106, 2.5, 1.2870588235294118, 1.1062355658198615, 2.0, 1.0, 1.190971835689636, 1.625, 1.6666666666666667, 1.0, 1.125, 1.0, 1.0, 2.0, 1.1363636363636365, 1.0, 1.0467365028203062, 1.2498772704958272, 1.0, 1.1320375335120643, 1.0, 1.1578947368421053, 1.0173812282734647, 1.0, 1.0, 1.75, 1.306695464362851, 1.1088082901554404, 1.0143251074967283, 2.0, 1.1926605504587156, 1.0, 1.4545454545454546, 1.3583984375, 2.0, 1.1630094043887147, 2.0, 1.2248520710059172, 1.0, 1.0, 1.625, 3.25, 1.0, 2.0, 1.2328767123287672, 1.0, 5.0, 1.0, 1.0, 1.0, 1.0, 1.3333333333333333, 1.0, 1.0, 1.1090909090909091, 1.0, 1.0, 1.1333333333333333, 2.0, 1.0, 1.0, 1.0, 1.0, 1.0, 2.5555555555555554, 1.0, 2.0, 1.225252834814588, 1.5, 1.0, 1.190395240118997, 2.0, 1.0, 1.0, 1.0, 2.626465661641541, 1.0, 3.0, 2.0, 1.0, 1.0164609053497942, 1.2857142857142858, 1.075268817204301, 1.0425531914893618, 2.0, 1.370741482965932, 1.2424242424242424, 2.0, 1.6538461538461537, 1.0, 1.25, 2.4285714285714284, 1.25, 1.0, 1.0, 1.0, 1.0, 1.0, 1.896, 6.5, 1.4680851063829787, 1.125, 1.0, 2.0, 1.2974683544303798, 1.2553648068669527, 1.078962831271752, 3.0, 1.0702301933392506, 1.1414141414141414, 1.0251346499102334, 2.2666666666666666, 1.1046931407942238, 2.0, 2.8757062146892656, 1.0, 1.032258064516129, 1.0152519074537423, 1.0, 1.0050075112669004, 1.0908738146630126, 1.007007266795195, 1.0, 1.5, 2.0, 1.0, 2.0, 2.0, 1.0, 1.157314629258517, 2.0, 2.0, 1.5, 1.0, 1.1505376344086022, 2.125, 1.0, 1.0, 1.0, 4.0, 1.0, 1.029810298102981, 1.0, 1.0, 1.0, 1.0, 1.0189656476044056, 1.0, 1.0, 1.0345400199269346, 1.0, 2.0, 2.0, 2.0, 1.0131122063610232, 1.0, 1.056338028169014, 1.0, 1.0, 1.1239203980099501, 1.0881535691922355, 1.0, 1.1666666666666667, 1.5, 2.0, 1.0, 1.3837209302325582, 1.1731960320257817, 1.0, 1.572828216851731, 1.5617977528089888, 1.0, 1.0, 1.0303030303030303, 1.2258064516129032, 2.0, 1.0, 1.0756756756756756, 1.0722708760348179, 2.0, 1.2902374670184698, 1.3478260869565217, 1.0, 1.0, 1.0, 1.028379225538892, 1.0, 1.0, 1.170408163265306, 2.0, 1.0, 1.0810810810810811, 1.0, 1.0, 1.0472972972972974, 1.3333333333333333, 1.1428571428571428, 1.1193548387096774, 1.1255195344970905, 1.0, 2.0, 2.0, 1.0, 1.0, 1.1144034463382655, 1.0, 1.0, 1.1568627450980393, 1.2718446601941749, 1.0, 1.0, 1.0, 1.0, 1.099337748344371, 2.0, 1.0017851829812556, 1.0908186358670204, 1.0, 2.3333333333333335, 1.1143344709897611, 1.0, 2.0, 1.0, 1.1904761904761905, 2.0, 2.0, 2.0, 1.2413793103448276, 1.8333333333333333, 1.2288115806677562, 1.0, 1.2571428571428571, 1.0, 1.3164556962025316, 1.0, 2.0, 1.0, 1.0, 1.0, 1.0280778266098667, 1.8, 2.0, 1.2592592592592593, 1.0, 3.0, 2.0, 1.3636363636363635, 1.0, 1.1040462427745665, 1.7386363636363635, 2.0, 1.5, 1.0, 1.0728744939271255, 2.0, 23.0, 1.2604166666666667, 1.0, 1.0358700532358411, 1.4603174603174602, 1.1379310344827587, 1.0, 2.0, 1.0, 1.0, 1.0, 2.0, 1.1487603305785123, 3.1153846153846154, 1.3333333333333333, 2.0, 1.0, 1.1202715809893307, 1.0, 2.0, 3.0, 2.0, 1.0384130982367759, 2.0, 1.0, 1.0808510638297872, 2.0, 1.0549681888411215, 2.0, 1.0, 1.2383915749162278, 1.0, 1.0, 1.0833333333333333, 1.1149425287356323, 2.0, 1.1333333333333333, 1.2450388265746333, 3.0, 3.0, 1.0, 1.1475409836065573, 1.0, 1.2573099415204678, 1.0, 2.132978723404255, 3.0, 2.1666666666666665, 1.051716917922948, 1.4, 1.0131771252608461, 1.295774647887324, 1.0, 3.0, 5.6, 1.0, 1.456140350877193, 1.3125, 1.2043795620437956, 1.1164337990685296, 3.0, 2.0, 1.0, 1.41399416909621, 1.3333333333333333, 1.2148148148148148, 1.1254792610665738, 1.0, 2.0, 3.0, 1.0, 1.0, 1.0, 1.0, 1.0, 1.5, 1.0, 1.0, 2.0, 1.3692307692307693, 1.0186243678551699, 1.4234404536862004, 1.0, 1.0, 1.2222222222222223, 1.0, 2.0, 2.0, 2.0, 1.0, 1.0, 1.0, 1.0371860690994865, 1.0, 5.0, 1.054054054054054, 1.0, 2.0, 1.0, 10.0, 4.0, 2.0, 2.0, 2.0, 1.0, 1.4444444444444444, 2.4, 1.1874602164226606, 1.0, 1.0, 3.0, 1.0149873382831747, 1.0, 1.0, 1.0, 1.4838709677419355, 1.167120954003407, 2.0, 2.0, 1.75, 1.2291220556745182, 1.0, 2.0, 1.3333333333333333, 1.0, 1.0, 1.046573438011122, 1.0, 3.0, 1.011946446961895, 2.0, 1.0, 1.0517131304532878, 2.0, 1.1280388978930307, 2.0, 1.0, 2.0, 1.123931623931624, 1.0, 1.0, 2.0, 1.0, 1.0, 1.083257809195819, 1.0012172010538805, 1.0, 2.0, 39.0, 1.0, 1.8, 1.3333333333333333, 1.0, 1.0, 1.0821329546223033, 1.0, 1.0, 2.0, 1.1553398058252426, 1.4095238095238096, 1.3333333333333333, 1.0846153846153845, 2.0, 1.204268292682927, 1.54, 1.6041666666666667, 2.0, 1.75, 1.0, 1.0, 2.0, 1.0204081632653061, 1.0, 1.0457589285714286, 1.0, 2.0, 1.3333333333333333, 2.0, 1.193916349809886, 1.0, 2.0, 1.0, 1.0, 1.1216216216216217, 1.0, 1.0, 2.0, 1.0998980632008155, 1.0636363636363637, 2.0, 2.6, 58.0, 1.5, 1.3, 1.0, 1.3333333333333333, 3.0, 1.0, 2.0, 1.061926605504587, 1.0294117647058822, 1.0, 1.0, 1.051948051948052, 1.164776232736937, 1.0, 1.0, 1.1875968992248063, 1.0303506017791733, 1.165644171779141, 1.1, 2.0, 1.0, 1.2640144665461122, 1.1182458888018794, 2.0, 1.0, 1.0, 2.0, 1.0435181350215963, 1.0, 1.46875, 1.0, 1.0, 1.0263157894736843, 3.0, 1.1666666666666667, 2.0, 1.0, 1.0855817237379595, 1.1808510638297873, 1.0160018552875696, 1.0, 1.0, 4.0, 2.0, 2.0, 1.0, 1.0, 1.0, 1.0, 2.0, 2.0, 2.0, 1.0789473684210527, 1.0, 1.0136741170909582, 1.0, 2.0, 1.1666666666666667, 1.0925864909390446, 3.0, 1.0, 2.0, 1.0, 1.0, 1.1818181818181819, 1.2468538238141336, 1.5, 1.0, 1.0, 1.0, 1.0, 2.0, 1.6601941747572815, 2.0, 1.0, 2.0, 1.0, 1.1395348837209303, 1.0007119971520113, 1.0, 1.0, 1.103448275862069, 1.0344827586206897, 2.0, 1.3264248704663213, 2.0, 1.0, 1.0, 1.0, 1.0, 1.5454545454545454, 2.0, 1.0, 1.1618037135278514, 1.693005983082319, 1.3636363636363635, 1.0, 1.0775193798449612, 1.0, 1.3103448275862069, 1.0, 1.5, 1.0, 1.1919162741089682, 1.0952380952380953, 1.0, 1.0, 1.0251968503937008, 1.1958030123540362, 1.0, 3.0, 3.0, 1.10989010989011, 1.0, 1.0940469786623632, 1.358974358974359, 1.1004537631043656, 1.6421052631578947, 1.0849338738618994, 1.0, 1.0321100917431192, 2.6666666666666665, 1.0, 1.0, 1.0, 1.5, 1.0625, 2.0, 2.0, 1.0, 2.0, 2.0, 1.0, 1.0, 1.4919786096256684, 3.0, 1.0, 2.0, 1.0509849362688297, 1.4126984126984128, 1.0, 1.0, 1.0697412823397074, 1.2704009098663633, 1.0, 1.588235294117647, 1.0, 1.0, 1.0, 2.0, 1.1, 1.0, 1.6666666666666667, 1.682342881573322, 3.0, 1.0, 2.0, 1.6, 2.0, 1.0094570928196147, 1.0, 3.0, 1.0, 2.0, 1.027027027027027, 1.0, 1.0, 1.0, 1.0, 1.0, 1.0, 1.0, 1.0, 1.0, 2.0, 1.0, 1.0, 1.0167251614021404, 3.0, 1.0, 1.0, 1.0, 1.0, 1.2823529411764707, 2.0, 1.0, 3.5, 1.0, 1.0, 2.0, 2.0, 1.0, 1.0675675675675675, 1.0230798335225122, 2.0, 1.1422845691382766, 1.5, 1.3125, 1.0, 1.0303329223181257, 1.0, 1.0, 1.043389484430832, 1.0, 1.0, 2.0, 1.0048661800486618, 1.1428571428571428, 1.0, 1.0306138296855587, 1.0583379059210853, 1.1581920903954803, 1.0, 1.0, 2.0, 1.0, 1.0, 1.0, 2.0, 1.0, 2.3333333333333335, 2.0, 1.0, 1.0, 1.0, 1.0409866699887877, 1.2209302325581395, 2.0, 1.0, 1.1333333333333333, 1.040767386091127, 1.0, 2.0, 1.0253084361453817, 1.1428571428571428, 1.2180685358255452, 1.0, 1.0, 1.0, 1.4, 3.8461538461538463, 1.0, 1.251653053286659, 1.0, 1.0, 1.1829585162619838, 3.0, 1.1722054380664653, 2.0, 1.5, 3.0, 1.006060606060606, 2.0, 1.5, 1.1191643022955893, 1.0, 1.0, 1.0938283282099788, 1.0, 2.0, 1.0315682281059062, 1.4285714285714286, 1.0, 1.0, 2.0, 1.0614973262032086, 1.0, 1.9390553580497714, 1.5, 2.0, 1.0, 1.0, 1.0, 1.0, 1.0, 2.0, 1.2340425531914894, 1.0, 1.3224559896951482, 1.6666666666666667, 1.0641414772625828, 1.0, 1.0, 2.0, 1.0, 1.0, 1.3333333333333333, 1.1714285714285715, 2.0, 1.0, 2.0, 1.5089605734767024]
origin-forest_39.80 	max: 58.0000	99th: 5.5010	95th: 3.0000	median: 1.1007	mean: 1.5998

...Done, result: results.csv

WORKLOAD-FINISHED | Type: QueryWorkload | Progress: 3/3 | Workload-time: 30.751504 | Model-update-time: 0.000000


Experiment Summary: #data-update-times=1, #drift=0 | total-time=65.245778