Input arguments = Namespace(data_update='tupleskew', update_size=100000, dataset='forest', debug=False, drift_test='js', model_update='adapt', model='transformer', end2end=False, query_seed=0, random_seed=42, num_workload=3)
JSON-passed parameters = {'data_updater': {'skew_ratio': '1e-3'}, 'random_seed': 28, 'transformer': {'epochs': 0}}
MODEL-PATH=/home/kangping/code_copy/SAUCE/models/end2end/transformer/origin-forest-2.0MB-model58.950-data19.148-300epochs-seed0.pt
DATASET-PATH=/home/kangping/code_copy/SAUCE/data/forest/end2end/forest.npy
Workloads: ['QueryWorkload', 'DataUpdateWorkload', 'QueryWorkload']

WORKLOAD-START | Type: QueryWorkload | Progress: 1/3
Going to run: ['python', '/home/kangping/code_copy/SAUCE/Naru/eval_model.py', '--dataset=forest', '--model=transformer', '--query_seed=0', '--end2end', '--eval_type=first_estimate', '--num_workload=3', '--data_update=tupleskew', '--model_update=adapt', '--random_seed=42']
Torch device: cuda:1
GET-MODEL-PATH=./models/end2end/transformer/origin-forest-2.0MB-model58.950-data19.148-300epochs-seed0.pt
ckpts [PosixPath('/home/kangping/code_copy/SAUCE/models/end2end/transformer/origin-forest-2.0MB-model58.950-data19.148-300epochs-seed0.pt')]
Validate Argument: DATASET="forest" is valid.
load_csv_dataset - forest (581012, 10)
Parsing... done, took 0.0s
Loading ckpt: /home/kangping/code_copy/SAUCE/models/end2end/transformer/origin-forest-2.0MB-model58.950-data19.148-300epochs-seed0.pt
query_seed:0
origin-forest_39.80 	max: 46.0000	99th: 4.2575	95th: 2.0862	median: 1.0075	mean: 1.4000
ReportEsts: [1.0, 1.209461307082308, 1.0, 1.372093023255814, 1.3333333333333333, 1.0, 1.0158730158730158, 1.0, 1.1652173913043478, 1.0, 1.1166666666666667, 1.0, 1.0, 1.0, 3.0, 1.0301658350454945, 1.0, 1.1111111111111112, 1.0192307692307692, 1.0, 1.0, 3.0, 1.1111111111111112, 1.0, 1.4, 1.0, 1.11158452326117, 1.1818181818181819, 3.0, 1.7178217821782178, 1.0, 1.1038039974210188, 1.2857142857142858, 1.0, 1.1724137931034482, 1.0267635590216235, 1.0462006079027355, 1.0, 1.0994285714285714, 1.0, 1.0, 1.0, 1.4705882352941178, 1.0, 1.3414634146341464, 1.0892857142857142, 1.0, 1.5, 1.0, 1.0, 3.0, 1.108830146231721, 1.0, 1.0, 1.1666666666666667, 1.0603015075376885, 1.0393343419062027, 1.8888888888888888, 1.0, 1.0, 1.0017094017094017, 10.0, 1.0, 1.3972602739726028, 1.1910828025477707, 1.0, 1.5174603174603174, 1.0693069306930694, 1.180722891566265, 1.0, 2.0, 1.0, 1.1538461538461537, 1.38412130146362, 1.75, 2.0, 1.0, 1.0, 1.0, 1.0, 1.0, 1.0, 1.0638223716581925, 2.3333333333333335, 1.1304347826086956, 1.0, 1.0, 1.3333333333333333, 1.1153546842262796, 1.0, 1.6, 1.4375, 1.0, 1.1180124223602483, 1.0, 1.0, 1.0100220264317181, 1.1592356687898089, 1.0, 1.0, 2.0, 1.0, 1.0, 1.0, 1.2137931034482758, 1.0, 1.0, 1.0, 1.1557971014492754, 2.0, 1.0352112676056338, 1.0, 1.0, 1.3519342690859295, 1.2755102040816326, 2.0, 1.0, 2.0, 1.0, 1.0, 1.0, 2.0, 3.0, 1.0, 1.1265912305516266, 1.0, 1.0, 1.0, 1.0, 1.0, 1.0, 1.0895210752968811, 1.122259364860879, 1.0, 1.125, 1.0, 1.0, 2.0, 1.0608908868001634, 1.2857142857142858, 1.1083894290700573, 1.0, 1.0, 2.5, 1.0, 1.0458714990457196, 1.0, 1.3, 1.5, 1.0769230769230769, 1.0294117647058822, 1.0, 1.0, 1.0, 1.0, 1.0, 1.0, 1.0, 1.0, 1.6666666666666667, 1.7777777777777777, 1.0, 1.0174188440221694, 4.0, 1.0127466545701973, 1.0, 1.0, 1.0, 1.1003236245954693, 1.0, 1.0, 1.0, 1.064, 1.16, 1.0, 1.0, 1.2167300380228137, 1.0, 1.174917491749175, 1.0, 1.0338164251207729, 2.0, 1.0, 1.1088092779410597, 1.0, 1.1004608294930875, 1.0, 1.0, 1.1944444444444444, 1.0406452064240812, 1.0, 1.233160621761658, 2.5555555555555554, 1.0, 1.0, 1.0, 1.0, 1.1666666666666667, 1.25, 1.294178614613923, 1.0239327296248384, 1.3333333333333333, 1.0, 1.0, 2.0, 3.0, 1.7195121951219512, 1.0, 1.0, 1.0, 1.0, 1.2592592592592593, 1.0, 1.125, 1.0, 1.0, 1.0, 1.0238095238095237, 1.0, 2.0, 1.0, 1.106815683400513, 1.5, 1.0, 1.0454545454545454, 1.0, 1.20625, 1.0, 1.1189358372456963, 1.0, 1.0, 1.0, 1.2222222222222223, 2.0, 3.0588235294117645, 1.0, 2.0, 2.0, 1.0335129310344828, 1.0148425400103251, 1.0, 2.0, 1.5, 1.0802726240060583, 1.0261780104712042, 1.375, 1.0, 1.011111111111111, 3.3333333333333335, 1.2080479452054795, 1.0, 1.6666666666666667, 1.1454545454545455, 1.0, 1.0429447852760736, 1.2252410166520595, 2.0, 2.0, 1.2408376963350785, 1.08994708994709, 2.0, 1.0, 1.265413690269783, 1.25, 2.0, 1.0, 1.1428571428571428, 1.0, 1.0, 1.0, 1.0789473684210527, 1.5, 1.3776771004942339, 2.0, 1.0, 1.286377461181367, 1.0, 1.0, 1.1363636363636365, 1.0, 1.0, 1.0, 1.125, 1.0, 1.0, 1.0, 2.0, 1.0, 8.80952380952381, 1.0, 1.1111111111111112, 1.0, 1.0, 1.0, 1.0, 1.0834386852085967, 1.5, 1.1006661732050333, 1.3762886597938144, 1.0, 1.3254032258064516, 1.0, 1.0, 3.0, 1.0, 1.2900763358778626, 1.0, 2.0, 1.0, 1.148936170212766, 1.0, 1.0, 1.1666666666666667, 1.5, 1.0, 1.0, 1.0, 1.0, 1.0, 3.0, 1.0, 1.0, 1.2470334412081985, 1.5, 1.0, 1.1069040841993778, 1.0, 1.0, 1.0, 1.0, 2.0642201834862384, 2.0, 3.0, 1.0, 2.0, 1.0651162790697675, 1.0, 1.1, 1.0304878048780488, 1.0, 1.0224568138195778, 1.3063063063063063, 1.0, 1.5217391304347827, 1.0, 1.1428571428571428, 3.4, 1.5, 1.0, 1.0, 1.0, 1.0, 1.0, 1.0172413793103448, 5.5, 1.4567901234567902, 3.0, 1.0, 1.0, 2.0, 1.393939393939394, 1.2, 1.6666666666666667, 1.062267046700285, 1.148787865503485, 1.430996192893401, 1.0546293132900582, 1.0188679245283019, 1.0, 5.461538461538462, 1.0, 1.0267069790879315, 1.008968972931154, 1.0, 1.0323994543249797, 1.055384877965523, 1.078646805923481, 1.0, 1.25, 1.0, 1.0, 1.0, 1.0, 1.0185449358059915, 3.090909090909091, 1.0, 2.073170731707317, 1.0, 1.1164962205424633, 1.0, 2.0, 1.0769230769230769, 1.0, 1.0, 4.25, 1.0, 1.0165094339622642, 1.0, 1.0, 1.0, 1.0, 1.005010341111014, 1.0, 2.0, 1.0543478260869565, 1.3085655314757483, 1.2440366972477064, 1.820377358490566, 1.1956521739130435, 1.0906565026894168, 1.1799410029498525, 7.333333333333333, 1.0, 1.0, 1.1221114424152068, 1.124504434310333, 1.0, 1.1, 1.0, 1.0, 1.0, 1.0, 1.0, 1.0, 1.0, 1.171823370381496, 2.5, 1.1491901108269396, 1.0, 1.0, 1.0, 1.072768192048012, 1.0683641111732887, 2.5, 1.2618683001531394, 3.5, 1.0, 1.0, 1.0, 1.039990865755145, 1.5, 1.0, 1.119904076738609, 1.0, 2.375, 1.0, 1.0, 1.0, 1.044509175648121, 1.0, 1.0, 2.0, 1.4285714285714286, 1.2048192771084338, 1.0228951255539143, 1.75, 1.0, 1.0, 1.3466666666666667, 1.4285714285714286, 2.0, 1.054428754813864, 1.0, 1.625, 1.0, 1.0, 1.1818181818181819, 2.0, 1.0, 1.8888888888888888, 1.0035366293756767, 1.0619884503455803, 2.0516129032258066, 1.5185185185185186, 1.0, 1.0, 1.3333333333333333, 1.0, 1.198233562315996, 1.3714285714285714, 1.0, 1.0, 1.1291512915129152, 1.018716577540107, 1.0, 1.045187079474638, 2.0, 1.0, 1.0776910045919943, 2.5, 1.0021328958162428, 1.0, 1.0, 1.0, 1.0069213088504945, 1.7142857142857142, 2.0, 1.48, 1.0, 2.0, 1.0, 1.1346153846153846, 1.0, 1.0272108843537415, 1.1930101399725315, 2.0, 1.0, 1.0, 1.1118314424635332, 2.0, 5.0, 1.2560975609756098, 1.0, 1.0537825397734868, 1.2571428571428571, 1.12, 1.0, 2.6, 1.0, 1.0, 1.1338891613536046, 1.5, 4.0, 1.021755162241888, 1.2, 1.0, 1.026497187603397, 1.0, 1.2727272727272727, 1.0, 2.0, 1.0, 1.4344569288389513, 1.0, 1.0, 1.4285714285714286, 1.036700637207082, 1.7272727272727273, 1.9783132530120482, 1.0476190476190477, 1.3972602739726028, 2.0, 1.7272727272727273, 1.062111801242236, 1.0, 1.0, 1.0769230769230769, 2.0552763819095476, 1.6666666666666667, 2.0, 1.1428571428571428, 1.1826923076923077, 1.0, 1.25503355704698, 1.0, 1.044776119402985, 1.0, 2.4, 1.0632403622665705, 6.0, 1.0487537803733444, 1.75, 1.0, 3.0, 1.0625, 1.0, 2.0, 1.0939298796441654, 1.0, 1.0, 1.0, 1.0, 1.0, 1.0961538461538463, 2.0, 1.6, 1.0, 1.0, 2.0, 1.0, 1.0, 1.0, 1.0, 1.0, 2.0, 1.0, 1.0, 2.0, 1.2605042016806722, 1.12, 1.0, 1.2366666666666666, 1.0, 1.0, 2.3333333333333335, 1.0464684737200038, 2.5714285714285716, 1.0, 1.0, 1.0, 1.0, 1.018765687876011, 1.0, 1.0, 1.0615460364352536, 1.0037907505686126, 1.1914893617021276, 2.0, 1.0, 1.0, 1.0, 1.9285714285714286, 2.0, 1.0, 1.0, 1.8742331288343559, 2.0, 1.0442082890541977, 1.0, 1.0, 1.0378585858585858, 1.0, 1.0, 1.0, 1.5555555555555556, 1.128937177936558, 1.0, 2.0, 1.4444444444444444, 1.0613496932515338, 1.0, 1.0, 1.5, 1.0, 1.0, 1.1155179052753177, 1.0, 2.0, 1.023295316670711, 1.0, 1.0, 1.1085028690662493, 1.0, 1.0996580980119033, 1.0, 1.0, 1.2768595041322315, 1.0117845117845117, 2.0, 1.5116279069767442, 1.0, 1.0, 1.3333333333333333, 1.0282636926132458, 1.0, 1.0, 1.0, 1.0, 1.1111111111111112, 1.0, 1.0, 1.5, 1.233301064859632, 1.0, 1.0, 1.0, 1.5, 1.0, 1.2, 1.1894736842105262, 1.0, 1.0, 1.0, 1.0, 1.0, 1.0, 1.3, 1.0, 1.0, 1.0, 1.0, 1.0, 2.0, 1.0022301304863583, 3.2233009708737863, 1.0, 2.0, 1.5, 1.0719424460431655, 1.0, 1.0, 1.0, 2.0, 1.0, 1.0112942612942613, 1.0222222222222221, 1.1785714285714286, 1.4537665119600143, 1.0, 46.0, 1.0, 1.44, 1.0, 1.2, 1.0, 1.0, 1.0, 1.0998402555910542, 1.375, 1.0, 4.0, 1.125925925925926, 1.1653131605295362, 1.0, 1.0, 1.2870662460567823, 1.0852499233364, 1.1567164179104477, 1.0, 1.0, 1.0, 1.0420726400475493, 2.0, 1.1428571428571428, 1.0, 1.0, 2.0, 1.0562719812426729, 1.0, 1.0, 1.0666666666666667, 2.0, 1.0, 1.5, 1.3, 1.0, 1.1829113924050634, 1.040290088638195, 1.0, 1.0, 1.0, 3.0, 1.0, 1.0, 1.0, 1.0, 1.0, 2.0, 1.0, 2.0, 3.0, 1.0084745762711864, 1.0, 1.157538315314245, 1.0, 1.0, 1.125, 1.0514586709886549, 1.5, 1.0, 1.0, 1.0, 1.0, 1.9642857142857142, 1.8136439267886855, 3.0, 1.0, 1.0, 1.0, 1.0, 2.0, 1.2426937738246506, 1.0, 1.0, 1.0, 1.0, 1.1377358490566039, 1.0308219178082192, 1.0, 1.0, 1.0862068965517242, 1.0, 2.0, 1.2771084337349397, 1.0, 1.0, 1.0, 1.0, 1.0, 1.4545454545454546, 2.0, 1.0, 1.1094224924012157, 1.1888016387845681, 1.3333333333333333, 1.0, 1.0, 1.0, 1.0, 2.8, 1.0, 1.0, 1.0016556291390728, 1.0, 1.0, 1.3636363636363635, 1.3333333333333333, 1.5, 1.0, 1.6006884681583478, 1.0, 1.0, 3.0, 1.0, 1.1481481481481481, 1.3175675675675675, 1.0, 1.0855263157894737, 1.0, 1.0681818181818181, 1.0, 1.0, 1.0, 1.6428571428571428, 1.0, 1.0, 1.0, 1.0, 1.0101010101010102, 1.0, 1.0, 1.0500824140991505, 1.0666304790337902, 1.0, 1.0, 1.0, 1.0453771646609922, 1.0, 1.267379679144385, 1.0, 1.0862812769628991, 2.0, 1.0, 1.2307692307692308, 1.5, 1.6666666666666667, 1.083111347895578, 1.0, 1.5517241379310345, 1.0, 1.0, 1.0, 1.0, 2.0, 1.0, 2.0, 1.6666666666666667, 1.0, 1.0, 1.6666666666666667, 1.0, 1.0, 1.0, 4.0, 1.0, 1.3333333333333333, 1.0, 1.0, 1.0, 1.0, 1.0, 1.0, 1.0, 1.0, 1.1126626626626626, 2.0, 1.0, 1.0, 1.0, 1.0, 1.125, 2.0, 1.0, 1.6844484629294756, 1.0, 1.3533930857874519, 1.0, 1.4983187626092804, 1.0, 1.34375, 1.4833333333333334, 1.6153846153846154, 1.0, 1.0, 1.0526315789473684, 1.0299657534246576, 1.0, 2.0, 1.0723039215686274, 1.0, 1.0, 1.0, 2.0, 1.01081029483707, 1.0, 1.8571428571428572, 1.0, 1.0, 1.0, 1.0, 1.0, 1.0, 1.0, 1.0, 1.0, 1.0, 3.0, 2.0, 1.0, 1.0, 1.0, 1.0424597364568082, 1.1033187226048842, 1.0, 1.0, 1.2307692307692308, 1.0561797752808988, 1.0, 2.0, 1.0613214720194648, 1.2222222222222223, 2.532110091743119, 1.0, 1.0, 1.0, 1.5, 45.0, 1.0, 1.2641825413439398, 1.0, 1.0, 1.2234120734908136, 1.0, 24.0, 1.0, 1.0, 1.1666666666666667, 1.0107913669064748, 1.0, 1.5, 1.3818181818181818, 1.0373037795213322, 1.0, 1.5714285714285714, 1.0, 1.0, 1.0988169798190675, 2.0, 1.75, 1.0, 1.2049180327868851, 1.0, 1.1129032258064515, 1.5, 1.0, 1.0, 1.0, 1.0, 1.0, 1.0, 2.0, 1.2142857142857142, 1.0, 1.3058707449432658, 1.0, 1.0492865592579796, 1.0, 1.0, 1.0, 1.0, 1.0, 1.027027027027027, 1.0605102731993679, 2.0, 1.008130081300813, 1.0, 1.1282356048600106, 1.0740740740740742, 2.0, 1.0677966101694916, 1.2644628099173554, 1.0, 1.0, 1.0, 1.2163034705407587, 1.0, 1.0, 1.2649253731343284, 2.0, 1.0]
origin-forest_39.80 	max: 46.0000	99th: 4.2575	95th: 2.0862	median: 1.0075	mean: 1.4000

...Done, result: results.csv

WORKLOAD-FINISHED | Type: QueryWorkload | Progress: 1/3 | Workload-time: 30.112182 | Model-update-time: 0.000000


WORKLOAD-START | Type: DataUpdateWorkload | Progress: 2/3
Going to run: ['python', '/home/kangping/code_copy/SAUCE/Naru/eval_model.py', '--model=transformer', '--data_update=tupleskew', '--dataset=forest', '--drift_test=js', '--end2end', '--update_size=100000', '--query_seed=0', '--eval_type=drift']
Torch device: cuda:1
GET-MODEL-PATH=./models/end2end/transformer/origin-forest-2.0MB-model58.950-data19.148-300epochs-seed0.pt
GET-DATASET-PATH=./data/forest/end2end/forest.npy
TupleSkewSample - START
0.001
TupleSkewSample - END
load_npy_dataset_from_path - df.shape = (681012, 10)
Parsing... done, took 0.1s
Data updated!
Previous data size: (581012, 10), new data size: (100000, 10)
[3.6418438e-05 7.0929527e-06 1.2516975e-06 8.5711479e-05 3.4511089e-05
 2.2411346e-05 1.9073486e-05 1.4781952e-05 2.5272369e-05 1.2695789e-05]
Distance score: 2.5922059649019502e-05
SAUCE Drift detection: True
Detection latency: 0.0658s

DRIFT-DETECTED after 2-th workload
Going to run: ['python', '/home/kangping/code_copy/SAUCE/Naru/incremental_train.py', '--dataset=forest', '--end2end', '--model=transformer', '--model_update=adapt', '--update_size=100000', '--epochs=0']
Torch device: cuda:1
GET-MODEL-PATH=./models/end2end/transformer/origin-forest-2.0MB-model58.950-data19.148-300epochs-seed0.pt
update_size: 100000
AdaptTask - START
GET-DATASET-PATH=./data/forest/end2end/forest.npy
load_npy_dataset_from_path - df.shape = (681012, 10)
Parsing... done, took 0.1s
done, took 0.1s
dataset size: 681012
train data shape: torch.Size([100000, 10]), transfer data shape:torch.Size([20000, 10])
Training done; evaluating likelihood on full data:
Epoch None Iter 0, test loss 43.0195 nats / 62.0640 bits
Saved to: /home/kangping/code_copy/SAUCE/models/end2end/transformer/origin-forest-2.0MB-model58.950-data19.148-300epochs-seed0.pt
AdaptTask - END

WORKLOAD-FINISHED | Type: DataUpdateWorkload | Progress: 2/3 | Workload-time: 4.315063 | Model-update-time: 5.635096


WORKLOAD-START | Type: QueryWorkload | Progress: 3/3
Going to run: ['python', '/home/kangping/code_copy/SAUCE/Naru/eval_model.py', '--dataset=forest', '--model=transformer', '--end2end', '--query_seed=0', '--eval_type=estimate', '--num_workload=3', '--data_update=tupleskew', '--model_update=adapt', '--random_seed=42']
Torch device: cuda:1
GET-MODEL-PATH=./models/end2end/transformer/origin-forest-2.0MB-model58.950-data19.148-300epochs-seed0.pt
ckpts [PosixPath('/home/kangping/code_copy/SAUCE/models/end2end/transformer/origin-forest-2.0MB-model58.950-data19.148-300epochs-seed0.pt')]
Validate Argument: DATASET="forest" is valid.
data size: 681012, total size: 681012, split index: [567510 681012]
Parsing... done, took 0.1s
Loading ckpt: /home/kangping/code_copy/SAUCE/models/end2end/transformer/origin-forest-2.0MB-model58.950-data19.148-300epochs-seed0.pt
query_seed:0
origin-forest_39.80 	max: 208.0000	99th: 187.0100	95th: 166.0000	median: 1.0400	mean: 14.6241
ReportEsts: [1.0, 1.0051060487038492, 1.0, 1.1346153846153846, 1.1428571428571428, 1.0, 1.0755208333333333, 1.0, 2.8626609442060085, 1.0, 3.1971830985915495, 189.0, 1.0, 2.5, 1.2761194029850746, 1.0470588235294118, 3.0, 167.0, 18.285714285714285, 5.2439024390243905, 1.0, 170.0, 1.0, 1.0, 1.2699115044247788, 1.0, 1.2379227053140096, 1.3333333333333333, 1.0, 1.75, 1.0, 1.0, 1.0, 1.0, 1.0, 2.0, 1.0, 168.0, 1.0, 2.0, 1.0, 1.0, 1.1176470588235294, 1.0, 1.9731543624161074, 1.0532786885245902, 1.0, 1.0, 1.0, 1.0, 3.0, 1.1170983474596334, 1.0, 1.0, 2.25, 1.1042654028436019, 2.4497991967871484, 1.3076923076923077, 1.0, 165.0, 1.0263620386643233, 1.6666666666666667, 164.0, 2.0, 1.0, 1.0961538461538463, 1.1486350484337653, 1.4285714285714286, 2.0, 156.0, 185.0, 1.1954765751211631, 1.008345190939507, 1.861904761904762, 1.0, 1.4285714285714286, 1.0, 1.0, 1.0, 1.0, 177.0, 1.0, 1.0, 1.0557402870143506, 3.5, 1.04, 1.0, 1.0, 1.25, 1.073086299366163, 1.0, 5.694444444444445, 191.0, 1.066721643301597, 1.3636363636363635, 1.3818181818181818, 1.0833333333333333, 1.0, 1.0, 151.0, 1.0, 1.0, 1.3074974670719353, 2.1666666666666665, 2.0, 1.0, 1.0, 1.0, 1.0705734966592428, 2.0, 1.0, 1.3766233766233766, 1.0, 1.0, 1.0, 1.0, 1.0, 1.0, 1.0, 1.0, 1.0, 1.1580502215657311, 1.0, 1.0, 1.0, 3.0, 1.0, 2.15748031496063, 1.2857142857142858, 1.0, 180.0, 1.0, 1.0, 1.0, 1.1473805411629245, 1.0914642864437591, 1.0, 1.625, 1.0, 1.0, 2.0, 1.2022885165508785, 1.4126984126984128, 1.0017344739323724, 1.0, 1.0, 1.2, 1.0, 1.0655789694247966, 1.0, 1.5333333333333334, 1.411764705882353, 1.1538461538461537, 187.0, 1.0, 1.0, 1.0, 1.0, 1.3333333333333333, 1.0, 1.0, 1.0, 2.3333333333333335, 1.5238095238095237, 2.0, 1.0071876713163184, 4.0, 1.032550084622348, 1.0, 1.3333333333333333, 1.0, 1.3996763754045307, 1.0, 1.0, 48.0, 1.0, 1.0029506948410432, 1.031640625, 1.0, 1.0423790678910363, 1.332236842105263, 1.3034779932286857, 1.0, 3.0, 1.0, 1.0, 1.0, 3.0, 1.0, 1.0983132530120483, 1.0, 1.0, 171.0, 1.0780385991542882, 1.0, 1.2436974789915967, 1.14792382505387, 2.0, 106.0, 9.941176470588236, 1.0737259415563656, 1.0, 1.0, 146.0, 1.0, 1.0588235294117647, 1.0, 1.0, 1.0, 2.0, 2.5491803278688523, 2.3333333333333335, 60.0, 23.0, 1.0, 175.0, 1.0689655172413792, 1.0, 1.0, 1.0, 1.0, 176.0, 3.5344827586206895, 1.0, 1.6666666666666667, 1.1666666666666667, 1.0, 1.0, 1.1620174987133298, 1.1752253196394886, 1.0740740740740742, 1.0, 1.027936208086606, 1.0, 29.333333333333332, 1.0, 1.0, 1.1, 153.0, 1.1555555555555554, 1.0, 2.0, 1.0, 1.1943820224719102, 1.0240460495775694, 1.0, 4.0, 173.0, 1.0, 3.0, 163.0, 1.0, 1.0695754716981132, 1.1111111111111112, 34.8, 146.0, 1.6666666666666667, 1.0211640211640212, 1.0, 1.8148148148148149, 1.1532311792138574, 1.3571428571428572, 2.5, 1.1820448877805487, 1.484029484029484, 2.0, 1.0, 1.1599431967601115, 81.5, 1.3333333333333333, 1.0, 1.0, 1.0, 1.0, 1.0, 1.1578947368421053, 1.0, 1.487756264236902, 2.013574660633484, 1.0, 1.0455540954883924, 1.0, 1.1864406779661016, 1.0440340909090908, 1.0, 1.0, 1.5, 1.6818181818181819, 1.0213903743315509, 1.0019455550959757, 2.0, 97.5, 1.0, 2.066666666666667, 1.3004739336492892, 1.0, 1.0739795918367347, 186.0, 1.0827586206896551, 1.0, 1.0, 1.2307692307692308, 1.25, 1.0, 1.0, 1.4227642276422765, 1.0, 3.0, 1.0, 1.0, 1.0833333333333333, 1.0, 1.3333333333333333, 1.0, 1.0, 1.08, 2.0, 1.0, 1.3333333333333333, 156.0, 1.0, 1.0, 1.0, 1.0, 1.0, 2.5714285714285716, 1.0, 1.0, 1.125332545078333, 1.5, 1.0, 1.0386459959848315, 174.0, 1.0, 1.0, 1.0, 1.6787109375, 1.0, 3.0, 207.0, 1.0, 1.0046728971962617, 166.0, 1.1136363636363635, 1.1219512195121952, 2.0, 1.44733887267011, 1.8468468468468469, 1.0, 1.25, 1.0, 1.0, 2.0, 13.846153846153847, 1.0, 1.0, 1.0, 1.0, 1.0, 2.1293103448275863, 3.090909090909091, 1.669064748201439, 1.5, 1.0, 187.0, 1.588235294117647, 1.187793427230047, 1.0821677661158087, 3.0, 1.0974999176520965, 1.2619047619047619, 1.001837813002527, 2.3846153846153846, 1.0641509433962264, 170.0, 1.0187793427230047, 1.0, 28.166666666666668, 1.0116042625407067, 1.0, 1.0484597233347044, 1.0595845932682297, 1.0604797425771537, 1.0, 1.25, 2.0, 1.15, 161.0, 2.0, 1.0, 1.431466030989273, 176.0, 1.235816477553034, 1.0, 1.0, 3.345679012345679, 1.8333333333333333, 1.0, 1.0, 1.0, 4.25, 1.0, 1.0425240054869684, 1.0, 1.0, 1.0, 1.0, 1.0427519635624911, 1.0, 14.538461538461538, 1.0039707750952986, 1.0, 2.0, 1.0, 1.0, 1.000242581062505, 1.5491071428571428, 66.0, 1.0, 1.0, 1.135030802464197, 1.1449149284832791, 1.0, 1.0, 160.0, 2.0, 1.0, 1.0891089108910892, 1.1810161617160084, 1.0, 1.8339889850511408, 2.235294117647059, 1.0, 1.0, 1.215568862275449, 1.064516129032258, 166.0, 1.0, 1.4104895104895105, 1.0603192747863304, 1.6666666666666667, 1.454823889739663, 4.666666666666667, 1.0, 1.0, 1.0, 1.0219538454336938, 2.0, 1.0, 1.1512195121951219, 178.0, 1.0, 1.2962962962962963, 1.0, 1.0, 2.074829931972789, 1.3333333333333333, 1.4705882352941178, 1.3568627450980393, 1.19070133963751, 1.0, 170.0, 2.0, 1.0, 1.0, 1.1549286160087378, 1.0, 1.0, 1.2276729559748427, 1.1053984575835476, 1.0, 1.0, 1.0, 1.0, 1.0482758620689656, 199.0, 1.6086270384008416, 1.0572451371729075, 1.3333333333333333, 2.0, 2.1654135338345863, 1.0, 1.0, 1.0, 2.526315789473684, 1.0, 1.0, 1.0, 1.3846153846153846, 1.6153846153846154, 1.1824212271973467, 1.0, 5.123076923076923, 1.0, 1.0256410256410255, 1.0, 1.0, 1.0, 1.0, 1.0, 1.0026439222974468, 1.9285714285714286, 2.0, 1.36, 1.0, 162.0, 180.0, 1.3461538461538463, 1.3333333333333333, 1.2516556291390728, 1.0409404410015968, 2.0, 1.5, 1.0, 1.1245901639344262, 165.0, 1.6666666666666667, 1.0510204081632653, 1.0, 1.0896746961400892, 1.2209302325581395, 1.32, 1.0, 180.0, 1.0, 1.0, 1.0, 147.0, 1.207185628742515, 9.521739130434783, 1.6666666666666667, 2.0, 1.0, 1.0519348268839104, 1.0, 173.0, 1.6, 178.0, 1.200135226504395, 165.0, 1.0, 1.4120603015075377, 2.0, 1.0382011627853023, 1.0, 1.0, 1.6218274111675126, 1.0, 1.0, 1.3206106870229009, 2.591304347826087, 174.0, 1.358974358974359, 1.1181744091279544, 1.2, 2.0, 1.0, 1.0, 1.0, 1.1265060240963856, 1.0, 2.761904761904762, 1.0, 1.7142857142857142, 1.0306255851418258, 1.4, 1.0217304671933238, 1.2272727272727273, 1.0, 3.0, 9.076923076923077, 1.0, 1.6274509803921569, 1.0, 2.8232044198895028, 1.1191135734072022, 1.0, 1.0, 1.0, 1.0293398533007334, 1.3333333333333333, 1.04026586017724, 1.3196254819166513, 1.0, 155.0, 1.0, 1.0, 1.0, 1.0, 1.0, 1.0, 1.0, 1.0, 1.0, 2.0, 1.1266666666666667, 1.0624536418928943, 1.4972273567467653, 1.0, 1.0, 1.1764705882352942, 1.0, 184.0, 164.0, 1.0, 1.0, 1.0, 1.0, 1.0084905027183033, 1.0, 171.0, 1.0521885521885521, 1.0, 1.0, 1.0, 1.5, 1.5, 1.0, 1.0, 1.0, 1.0, 1.375, 1.0050493189290748, 1.2544970019986676, 1.5, 1.0, 1.0, 1.0370787482806052, 1.0, 1.0, 1.0, 1.2352941176470589, 1.0844644189841963, 1.0, 3.0, 1.4444444444444444, 1.4164859002169197, 1.0, 1.0, 1.5, 1.0, 1.0, 1.0943681638352338, 1.0, 2.0, 1.0166320166320166, 1.0, 1.0, 1.0191417753470762, 1.0, 1.075658587987355, 1.0, 1.0, 94.0, 1.0541353383458647, 1.0, 1.0, 1.0, 1.0, 1.0, 1.080511617650007, 1.005766049869375, 1.0, 172.0, 16.0, 1.0, 1.75, 5.0, 1.0, 1.0, 1.0631813347513959, 1.0, 1.0, 13.0, 1.1473684210526316, 1.110091743119266, 1.885135135135135, 1.1256366723259763, 1.0, 1.0380952380952382, 1.825, 1.2954545454545454, 178.0, 9.0, 1.0, 1.0, 1.0, 1.2469135802469136, 1.0, 1.4298440979955456, 1.0, 177.0, 1.75, 165.0, 4.659090909090909, 1.0, 9.052631578947368, 1.0, 1.0, 1.0434782608695652, 1.0, 1.0, 1.0, 1.1894398858366035, 2.100840336134454, 2.0, 1.125, 23.0, 1.5, 1.6, 1.0, 1.2, 173.0, 1.0, 179.0, 1.240149456521739, 5.325581395348837, 1.0, 4.0, 1.2592592592592593, 1.1472773441173705, 1.0, 1.0, 1.15972894482091, 1.1450928381962864, 1.3432835820895523, 1.1111111111111112, 178.0, 1.0, 1.0061061531235322, 1.114205476246197, 208.0, 1.0, 1.0, 1.0, 1.2147197839297772, 1.0, 1.5185185185185186, 1.0, 1.0, 1.3333333333333333, 166.0, 6.333333333333333, 2.0, 1.0, 1.151011747658231, 1.391304347826087, 1.0926985580224307, 1.0, 1.0, 3.0, 202.0, 1.0, 1.0, 1.0, 1.0, 2.0, 1.0, 2.0, 1.5, 1.2492997198879552, 1.0, 1.0757707945809807, 1.0, 1.0, 1.0, 1.1813842482100239, 1.5, 1.0, 1.0, 1.0, 1.0, 1.75, 1.3792766373411536, 3.0, 1.0, 1.0, 1.0, 1.0, 1.0, 1.7305699481865284, 1.0, 1.0, 187.0, 1.0, 1.112368633791431, 1.0663047692904226, 1.0, 1.0, 1.3620689655172413, 1.12, 2.0, 1.4337349397590362, 1.0, 1.0, 1.0, 1.0, 1.0, 1.7777777777777777, 2.0, 1.0, 1.1699507389162562, 1.4573233185387504, 1.0909090909090908, 1.0, 1.635, 1.0, 1.2142857142857142, 1.0, 1.5, 1.0, 1.0195001927985163, 1.3888888888888888, 1.0, 1.0, 1.0213607594936709, 1.0553954761561735, 1.0, 3.0, 181.0, 1.3118380062305295, 1.0, 1.0913287472845763, 4.4, 1.0400189065700332, 1.024390243902439, 1.021370207416719, 1.0, 1.1136363636363635, 2.6666666666666665, 1.0, 1.0, 1.0, 2.0, 1.0, 153.0, 189.0, 1.0, 171.0, 1.0, 1.0, 1.0, 1.16875, 3.0, 1.0, 172.0, 1.016250725478816, 1.2419354838709677, 1.0, 1.0, 2.1431391905231982, 1.1415094339622642, 1.0, 1.8, 1.0, 1.0, 1.0, 1.0, 1.2222222222222223, 1.0, 185.0, 1.5074468085106383, 173.0, 1.0, 1.0, 1.8593155893536122, 1.0, 1.0402112103980503, 1.0, 1.0, 1.0, 193.0, 1.1907308377896613, 1.0, 1.0, 1.0, 1.0, 1.0, 1.0, 1.0, 1.0, 1.0, 1.0, 1.0, 1.0, 1.0964564410899322, 2.0, 1.0, 1.0, 1.0, 1.0, 4.245614035087719, 1.0, 1.0, 2.5, 1.0, 1.0, 1.0, 2.0, 1.0, 1.935672514619883, 1.0581585271950906, 163.0, 1.3973509933774835, 1.5, 2.0489510489510487, 1.0, 1.0241631009312862, 1.0, 1.0, 1.034947578632052, 1.0, 1.0, 172.0, 1.384009009009009, 155.0, 1.0, 1.0093153264834196, 1.127925496018356, 1.394736842105263, 188.0, 1.0, 12.23076923076923, 1.0, 1.0, 1.0, 193.0, 1.0, 3.0, 2.0, 1.0, 1.0, 1.0, 1.0206249228109177, 1.079591836734694, 1.0, 1.0, 1.1428571428571428, 1.1170212765957446, 1.0, 2.0, 1.046900544959128, 1.0, 1.289655172413793, 1.0, 1.0, 1.0, 1.2, 1.2857142857142858, 1.0, 1.2416768533831883, 1.0, 1.0, 1.1809923130677848, 59.333333333333336, 1.234375, 2.485148514851485, 1.0, 2.0, 1.2241992882562278, 1.0, 1.5, 1.194736842105263, 1.0, 1.0, 1.1122201240895604, 1.0, 2.0, 1.0373360242179617, 2.4, 1.0, 1.0, 2.0, 1.1127596439169138, 1.0, 1.0070611151692233, 1.5, 1.0, 1.0, 1.0, 1.0, 1.0, 1.0, 2.0, 1.0851063829787233, 1.0, 1.3706563706563706, 1.0, 1.0376464922138384, 1.0, 1.0, 1.0, 1.0, 1.0, 87.5, 1.0588235294117647, 1.0, 1.0, 2.0, 1.9087136929460582]
origin-forest_39.80 	max: 208.0000	99th: 187.0100	95th: 166.0000	median: 1.0400	mean: 14.6241

...Done, result: results.csv

WORKLOAD-FINISHED | Type: QueryWorkload | Progress: 3/3 | Workload-time: 30.600151 | Model-update-time: 0.000000


Experiment Summary: #data-update-times=1, #drift=1 | total-time=70.785865