Input arguments = Namespace(data_update='valueskew', update_size=100000, dataset='forest', debug=False, drift_test='js', model_update='adapt', model='naru', end2end=False, query_seed=0, random_seed=42, num_workload=3)
JSON-passed parameters = {'data_updater': {'skew_ratio': '1e-2'}, 'random_seed': 29, 'naru': {'epochs': 0}}
MODEL-PATH=/home/kangping/code_copy/SAUCE/models/end2end/naru/origin-forest-16.5MB-model62.533-data19.148-200epochs-seed0.pt
DATASET-PATH=/home/kangping/code_copy/SAUCE/data/forest/end2end/forest.npy
Workloads: ['QueryWorkload', 'DataUpdateWorkload', 'QueryWorkload']

WORKLOAD-START | Type: QueryWorkload | Progress: 1/3
Going to run: ['python', '/home/kangping/code_copy/SAUCE/Naru/eval_model.py', '--dataset=forest', '--model=naru', '--query_seed=0', '--end2end', '--eval_type=first_estimate', '--num_workload=3', '--data_update=valueskew', '--model_update=adapt', '--random_seed=42']
Torch device: cuda:1
GET-MODEL-PATH=./models/end2end/naru/origin-forest-16.5MB-model62.533-data19.148-200epochs-seed0.pt
ckpts [PosixPath('/home/kangping/code_copy/SAUCE/models/end2end/naru/origin-forest-16.5MB-model62.533-data19.148-200epochs-seed0.pt')]
Validate Argument: DATASET="forest" is valid.
load_csv_dataset - forest (581012, 10)
Parsing... done, took 0.0s
Loading ckpt: /home/kangping/code_copy/SAUCE/models/end2end/naru/origin-forest-16.5MB-model62.533-data19.148-200epochs-seed0.pt
query_seed:0
origin-forest_43.39 	max: 31.0000	99th: 4.0000	95th: 2.4000	median: 1.0037	mean: 1.3091
ReportEsts: [1.0, 1.005455785405774, 1.0, 1.7352941176470589, 2.6666666666666665, 1.0, 1.3963636363636365, 1.0, 1.316793893129771, 1.0, 1.0151515151515151, 3.0, 1.0, 1.0, 3.0, 1.0284351605892297, 1.0, 1.4285714285714286, 1.2926829268292683, 1.0, 1.0, 3.0, 1.8181818181818181, 1.0, 2.0, 1.0, 1.0308353578770324, 1.1818181818181819, 3.0, 1.4338842975206612, 1.0, 1.0077972709551657, 1.75, 1.0, 1.7058823529411764, 1.0009461856889414, 1.1088917525773196, 1.0, 1.3326403326403327, 1.0, 2.0, 1.0, 1.5454545454545454, 1.0, 1.3658536585365855, 1.1902439024390243, 1.0, 2.0, 1.0, 1.0, 3.0, 1.035095613048369, 1.0, 1.0, 1.6363636363636365, 1.080568720379147, 1.0939490445859872, 1.7058823529411764, 1.0, 1.0, 1.0472696245733788, 1.3, 1.0, 1.165296803652968, 1.178343949044586, 1.0, 1.1773399014778325, 1.3267326732673268, 1.4257028112449799, 1.0, 2.0, 1.0, 1.2121212121212122, 1.0955038433189428, 2.0, 1.5, 1.0, 1.0, 1.0, 1.0, 1.0, 2.0, 1.0010214110890554, 3.5, 1.0833333333333333, 1.0, 1.0, 1.3333333333333333, 1.0896223338334095, 1.0, 4.0, 1.4130434782608696, 1.0, 1.0993788819875776, 1.0, 1.0, 1.0587069317320585, 1.1004672897196262, 1.0, 1.0, 1.0, 1.0, 1.0, 1.0, 1.1241379310344828, 1.0, 1.0, 1.0, 1.0222222222222221, 1.0, 1.0633802816901408, 1.0, 1.0, 1.1195239301088884, 1.037037037037037, 2.0, 1.0, 2.0, 1.0, 1.0, 1.0, 2.0, 3.0, 1.0, 1.1494036409290647, 1.1428571428571428, 1.0, 1.3333333333333333, 1.0, 1.0, 1.0, 1.00784645098986, 1.0297016305450937, 2.0, 2.5, 1.0, 1.0, 2.0, 1.0310584389047814, 1.0, 1.045769965927034, 1.0, 1.0, 1.6, 1.0, 1.024312787012483, 1.0, 1.0, 2.1818181818181817, 1.0769230769230769, 1.4, 1.0, 1.0, 1.0, 1.0, 4.0, 1.0, 1.0, 1.0, 3.0, 2.909090909090909, 1.0, 1.1575097276264592, 2.0, 1.0191880244953504, 1.0, 2.0, 5.0, 1.0766550522648084, 1.0, 1.0, 1.0, 1.3434343434343434, 1.8125, 1.0, 1.0, 1.1191489361702127, 1.0, 1.1393258426966293, 1.0, 1.927927927927928, 1.0, 1.0, 1.0052903328302487, 1.0, 1.1311102690413035, 1.0, 1.0, 2.263157894736842, 1.0184364699783848, 1.0, 1.08675799086758, 1.5333333333333334, 1.0, 1.0, 1.0, 1.0, 1.8333333333333333, 1.0, 1.1741106409653659, 1.2141503474415667, 1.0, 1.0, 1.0, 2.0, 31.0, 1.0681818181818181, 1.0, 1.0, 1.0, 1.0, 1.2647058823529411, 1.0, 1.125, 1.0, 1.0, 1.0, 1.0232558139534884, 1.0, 1.0, 1.0, 1.1661976493957953, 3.0, 1.0, 1.065217391304348, 1.0, 1.032258064516129, 1.0, 1.1721439749608764, 1.0, 1.0, 1.0, 1.8333333333333333, 1.0, 1.3846153846153846, 1.0, 3.0, 1.5, 1.0259478292761197, 1.0371359531985247, 1.0, 1.3333333333333333, 1.5, 1.011359333585763, 1.1529411764705881, 1.1428571428571428, 1.0, 1.141065830721003, 1.25, 1.2782534246575343, 1.0, 1.0, 1.173913043478261, 1.0, 1.3385826771653544, 1.2328042328042328, 1.0, 1.0, 1.021551724137931, 1.017283950617284, 4.0, 1.0, 1.0189880486987601, 1.25, 2.0, 1.0, 1.875, 1.0, 1.0, 1.0, 1.3103448275862069, 1.3333333333333333, 1.2705530642750373, 2.0, 1.0, 1.1532735713142308, 1.125, 2.0, 1.12, 1.0, 1.5, 1.0, 1.0, 1.0, 1.5, 1.0, 1.0, 1.0, 2.1511627906976742, 1.0, 1.25, 1.0, 1.0, 1.0, 1.0, 1.162193698949825, 1.5803571428571428, 1.1352941176470588, 1.0190839694656488, 1.0, 1.140754369825207, 1.0, 1.0, 3.0, 1.0, 1.0628930817610063, 1.0, 1.0, 1.0, 1.1020408163265305, 2.0, 1.0, 1.0909090909090908, 1.0, 1.0, 1.0, 1.0, 1.0, 1.0, 1.3846153846153846, 1.0, 1.0, 1.088454011741683, 2.5, 1.0, 1.0063793933558016, 1.0, 1.0, 1.0, 1.0, 1.1496296296296296, 1.0, 3.0, 1.0, 1.6666666666666667, 1.0238095238095237, 1.0, 1.1477272727272727, 1.420731707317073, 1.0, 1.2166986564299425, 1.0990990990990992, 1.0, 1.25, 1.5, 1.3333333333333333, 2.5, 1.5, 1.0, 1.0, 1.0, 1.0, 1.0, 1.0357142857142858, 2.75, 1.0740740740740742, 1.5, 1.0, 1.0, 1.0, 1.2470355731225296, 1.2, 1.3095238095238095, 1.4359789519842139, 1.05753361149745, 1.0385469543147208, 1.070502150090165, 1.0037735849056604, 1.0, 1.5777777777777777, 1.0, 1.090684253915911, 1.0340501792114696, 1.0, 1.017870930782834, 1.0198270467087671, 1.0856385981673689, 1.0, 1.25, 2.0, 1.0, 1.0, 1.0, 1.0423357664233577, 1.5223880597014925, 1.0, 2.2972972972972974, 1.0, 1.0743011979463777, 1.0, 1.6666666666666667, 1.75, 1.0, 1.0, 4.25, 1.0, 1.1943661971830986, 1.0, 1.0, 1.0, 1.0, 1.0007106289791596, 1.0, 2.0, 1.216931216931217, 1.1527339642481598, 1.0427728613569323, 1.158374792703151, 1.4248704663212435, 1.0758379938018736, 1.0294985250737463, 1.2452830188679245, 1.0, 1.0, 1.0350830660911918, 1.061736599674588, 1.0, 2.75, 1.0, 1.0, 1.0, 1.0, 1.0, 1.0, 1.0, 1.0103600103600103, 1.6666666666666667, 1.393009377664109, 1.0, 1.0, 2.0, 1.0561299852289512, 1.012328222349874, 1.2, 1.0413476263399695, 2.3333333333333335, 1.0, 1.0, 1.0, 1.0932096393478619, 2.5, 1.0, 1.0821342925659472, 1.0, 2.7142857142857144, 1.0, 1.0, 1.0, 1.025735508301777, 1.0, 1.0, 1.0, 1.1111111111111112, 1.42, 1.0317577548005907, 3.1818181818181817, 1.0, 1.0, 1.39, 1.25, 2.0, 1.1442875481386392, 1.0, 1.4444444444444444, 1.0, 1.0, 1.2222222222222223, 1.0, 1.0, 2.25, 1.0182259131329463, 1.0164775484735735, 1.9751552795031055, 1.048780487804878, 1.0, 1.0, 1.7142857142857142, 1.0, 1.1410969359938938, 1.1428571428571428, 3.0, 1.5, 1.1476014760147601, 1.4866310160427807, 1.0, 1.0165807539729672, 1.2, 1.0, 1.0043895630680062, 2.5, 1.0354388843314193, 1.0, 1.0, 1.0, 1.0939111031316524, 1.0, 2.0, 1.04, 1.0, 2.0, 1.0, 1.7333333333333334, 1.0, 1.2649006622516556, 1.0706441823358257, 2.0, 1.5, 1.0, 1.0553846153846154, 2.0, 4.0, 1.0510204081632653, 1.0, 1.0310000747440018, 1.2883435582822085, 1.3888888888888888, 1.0, 2.4, 1.0, 2.0, 1.1271865293444499, 2.0, 4.0, 1.1822144725370531, 1.8, 1.0, 1.0369521015347192, 1.0, 2.3333333333333335, 1.0, 2.0, 1.0, 1.050561797752809, 1.0, 1.0, 1.3, 1.0094013984883392, 1.256578947368421, 1.76144578313253, 1.2222222222222223, 2.7037037037037037, 2.0, 1.8157894736842106, 1.1085899513776336, 1.0, 1.0, 1.1153846153846154, 1.3863080684596576, 2.4, 2.0, 1.6, 1.3516483516483517, 1.0, 1.9684210526315788, 1.0, 1.2985074626865671, 1.0, 3.0, 1.0006407333004173, 6.0, 1.0046735941928107, 2.0, 1.0, 3.0, 1.3076923076923077, 1.0, 2.0, 1.0352112676056338, 1.0, 1.0, 1.0, 1.0, 1.0, 1.0196078431372548, 2.0, 1.0493827160493827, 1.0, 1.0, 2.0, 1.0, 1.0, 1.0, 1.0, 1.0, 1.0, 1.0, 1.0, 1.0, 1.22, 1.18, 2.0, 1.05, 1.0, 1.0, 1.4, 1.0243952200524629, 1.8666666666666667, 1.0, 1.0, 1.0, 1.0, 1.0488535214733992, 1.0, 1.0, 1.065217391304348, 1.2547384382107658, 1.1702127659574468, 2.0, 1.0, 1.0, 1.0, 1.148936170212766, 2.0, 1.0, 1.0, 1.193359375, 2.0, 1.0580166404317517, 1.0, 1.0, 1.003969696969697, 1.0, 1.0, 1.0, 2.3333333333333335, 1.0551840100317291, 1.0, 1.0, 1.4444444444444444, 1.0124223602484472, 1.0, 1.0, 2.0, 1.0, 1.0, 1.0850500577589526, 1.0, 2.0, 1.0469215491559087, 1.0, 1.0, 1.0444826738756452, 1.0, 1.0054451057363556, 1.0, 1.0, 1.2851239669421488, 1.0246256239600666, 1.25, 1.0, 1.0, 1.0, 1.3333333333333333, 1.1173608740184364, 1.0, 1.0, 1.0, 1.0, 1.0, 1.0, 1.0, 1.5, 1.2900313971742543, 1.0, 1.0, 1.0, 1.5, 1.0, 1.2, 1.0575221238938053, 1.0, 1.0, 1.0, 1.0, 1.0, 1.0, 1.7, 1.0, 1.0, 1.0, 1.0, 1.0, 4.0, 1.131767497034401, 1.3019607843137255, 1.0, 2.0, 1.5, 1.0630975143403443, 1.0, 1.0, 1.0, 2.0, 1.0, 1.053715020907044, 1.065217391304348, 2.357142857142857, 1.037573673870334, 1.0, 1.1521739130434783, 1.0, 1.12, 1.0, 2.0, 1.0, 1.0, 1.0, 1.0295327102803737, 4.0, 1.0, 2.0, 1.0518518518518518, 1.002174034227103, 1.0, 1.0, 1.074744813961146, 1.0046210720887245, 1.328358208955224, 1.8, 1.0, 1.0, 1.0713369049316575, 1.0, 1.3333333333333333, 1.0, 1.0, 1.5, 1.1723329425556859, 1.0, 1.0, 1.1538461538461537, 1.0, 1.0, 1.0, 1.1538461538461537, 1.0, 1.1187150837988826, 1.0415442719261434, 2.0, 1.0, 1.0, 3.0, 1.0, 1.0, 1.0, 1.0, 1.0, 2.0, 1.0, 2.0, 1.5, 1.186046511627907, 1.0, 1.0131083917468615, 1.0, 1.0, 1.2857142857142858, 1.0958614864864864, 3.0, 1.5, 1.0, 1.0, 1.0, 2.1785714285714284, 1.155045871559633, 3.0, 1.0, 1.0, 1.0, 1.0, 1.0, 1.0688524590163935, 1.0, 1.0, 1.0, 1.0, 1.394736842105263, 1.0843023255813953, 1.0, 1.0, 1.0175438596491229, 1.48, 2.0, 1.4096385542168675, 1.0, 1.0, 1.0, 1.0, 1.0, 1.3333333333333333, 2.0, 1.0, 1.3221884498480243, 1.1710105935765933, 1.2, 1.0, 1.0, 1.0, 1.0, 2.4, 1.0, 1.0, 1.408112582781457, 1.0, 1.0, 1.878787878787879, 4.0, 1.1612903225806452, 1.0, 1.456140350877193, 1.0, 1.0, 2.6666666666666665, 1.0, 1.0384615384615385, 1.0675675675675675, 1.0, 1.6513157894736843, 1.0, 3.3846153846153846, 1.0, 1.0, 2.0, 1.4, 1.0, 1.0, 1.0, 1.5, 1.1764705882352942, 1.0, 1.0, 1.2635983263598327, 1.0033130616320232, 1.0, 1.0, 1.0, 1.068946287056061, 1.0, 1.375, 1.0, 1.0358067299396032, 2.0, 1.0, 1.3076923076923077, 2.0, 1.6666666666666667, 1.074766355140187, 1.0, 2.8125, 1.0, 1.5, 2.5, 1.0, 1.0, 1.0, 1.6, 1.6666666666666667, 1.0, 1.0, 1.5, 1.0, 1.125, 1.0, 2.0, 1.0, 1.3333333333333333, 1.0, 1.0, 1.0, 1.0, 1.0, 1.0, 1.0, 1.0, 1.1187687687687689, 1.0, 1.0, 1.0, 1.0, 1.0, 1.1904761904761905, 1.5, 1.0, 1.047806524184477, 1.0, 1.4041826717883057, 1.0, 1.063662374821173, 1.0, 1.0, 2.142857142857143, 1.4444444444444444, 1.0, 1.0, 1.368421052631579, 1.044710806697108, 1.0, 4.0, 1.5154285714285713, 1.0, 1.0, 1.0, 2.0, 1.0035419825625473, 1.0, 1.625, 1.0, 1.0377358490566038, 1.0, 1.0, 1.0, 1.0, 1.0, 1.0, 1.0, 1.0, 1.5, 2.0, 1.0, 1.0, 1.0, 1.051123595505618, 1.0449616750794541, 1.0, 1.0, 1.3333333333333333, 1.0452127659574468, 1.0, 2.0, 1.0315541362530414, 1.0, 1.3478260869565217, 1.0, 1.0, 1.0, 1.5, 1.0465116279069768, 2.0, 1.2453600593912397, 1.0, 1.0, 1.4959949740851264, 1.0, 2.4, 1.0, 1.0, 2.0, 1.3523131672597866, 1.0, 1.0, 1.52, 1.0051891465824434, 1.0, 1.4, 2.0, 1.0, 1.1860357225701694, 2.0, 2.3333333333333335, 1.0, 1.1090909090909091, 1.0, 1.2852297255627505, 1.5, 1.0, 1.0, 1.0, 1.0, 1.0, 1.0, 2.0, 1.9615384615384615, 1.0, 1.0122370936902485, 1.0, 1.0107612215097455, 1.0, 1.0, 1.0, 1.0, 1.0, 1.0675675675675675, 1.1474093264248704, 2.0, 1.2048387096774194, 1.0, 1.454622850332028, 1.16, 2.0, 1.0084745762711864, 1.3539823008849559, 2.0, 1.0, 1.0, 1.0708729472774416, 1.0, 1.0, 1.0119402985074626, 1.0, 1.0]
origin-forest_43.39 	max: 31.0000	99th: 4.0000	95th: 2.4000	median: 1.0037	mean: 1.3091

...Done, result: results.csv

WORKLOAD-FINISHED | Type: QueryWorkload | Progress: 1/3 | Workload-time: 57.558917 | Model-update-time: 0.000000


WORKLOAD-START | Type: DataUpdateWorkload | Progress: 2/3
Going to run: ['python', '/home/kangping/code_copy/SAUCE/Naru/eval_model.py', '--model=naru', '--data_update=valueskew', '--dataset=forest', '--drift_test=js', '--end2end', '--update_size=100000', '--query_seed=0', '--eval_type=drift']
Torch device: cuda:1
GET-MODEL-PATH=./models/end2end/naru/origin-forest-16.5MB-model62.533-data19.148-200epochs-seed0.pt
GET-DATASET-PATH=./data/forest/end2end/forest.npy
ValueSample - START
ValueSample - END
load_npy_dataset_from_path - df.shape = (681012, 10)
Parsing... done, took 0.1s
Data updated!
Previous data size: (581012, 10), new data size: (100000, 10)
[1.0132790e-06 8.9406967e-07 6.5252781e-03 9.5367432e-07 2.3841858e-07
 5.9604645e-08 5.3644180e-07 5.1259995e-06 1.3709068e-06 1.7881393e-07]
Distance score: 0.0006535649299621582
SAUCE Drift detection: True
Detection latency: 0.0657s

DRIFT-DETECTED after 2-th workload
Going to run: ['python', '/home/kangping/code_copy/SAUCE/Naru/incremental_train.py', '--dataset=forest', '--end2end', '--model=naru', '--model_update=adapt', '--update_size=100000', '--epochs=0']
Torch device: cuda:1
GET-MODEL-PATH=./models/end2end/naru/origin-forest-16.5MB-model62.533-data19.148-200epochs-seed0.pt
update_size: 100000
AdaptTask - START
GET-DATASET-PATH=./data/forest/end2end/forest.npy
load_npy_dataset_from_path - df.shape = (681012, 10)
Parsing... done, took 0.1s
done, took 0.1s
dataset size: 681012
train data shape: torch.Size([100000, 10]), transfer data shape:torch.Size([20000, 10])
Training done; evaluating likelihood on full data:
Epoch None Iter 0, test loss 262.6148 nats / 378.8731 bits
Saved to: /home/kangping/code_copy/SAUCE/models/end2end/naru/origin-forest-16.5MB-model62.533-data19.148-200epochs-seed0.pt
AdaptTask - END

WORKLOAD-FINISHED | Type: DataUpdateWorkload | Progress: 2/3 | Workload-time: 2.314874 | Model-update-time: 4.772372


WORKLOAD-START | Type: QueryWorkload | Progress: 3/3
Going to run: ['python', '/home/kangping/code_copy/SAUCE/Naru/eval_model.py', '--dataset=forest', '--model=naru', '--end2end', '--query_seed=0', '--eval_type=estimate', '--num_workload=3', '--data_update=valueskew', '--model_update=adapt', '--random_seed=42']
Torch device: cuda:1
GET-MODEL-PATH=./models/end2end/naru/origin-forest-16.5MB-model62.533-data19.148-200epochs-seed0.pt
ckpts [PosixPath('/home/kangping/code_copy/SAUCE/models/end2end/naru/origin-forest-16.5MB-model62.533-data19.148-200epochs-seed0.pt')]
Validate Argument: DATASET="forest" is valid.
data size: 681012, total size: 681012, split index: [567510 681012]
Parsing... done, took 0.1s
Loading ckpt: /home/kangping/code_copy/SAUCE/models/end2end/naru/origin-forest-16.5MB-model62.533-data19.148-200epochs-seed0.pt
query_seed:0
origin-forest_43.39 	max: 134.0000	99th: 6.0039	95th: 3.0000	median: 1.0700	mean: 1.7178
ReportEsts: [3.0, 1.072289156626506, 1.0, 1.6585365853658536, 2.25, 2.0, 1.0158730158730158, 1.0, 1.4528985507246377, 1.0, 1.0533333333333332, 134.0, 1.0, 1.0, 2.126984126984127, 1.0987654320987654, 1.0, 2.0, 1.127659574468085, 1.1, 1.0, 2.0, 3.0, 1.0, 1.1493670886075948, 1.0, 1.1084140633503865, 2.0, 1.0, 1.4285714285714286, 1.3333333333333333, 1.0, 1.0, 1.0, 1.0, 5.0, 1.0, 2.0, 1.0, 2.6666666666666665, 3.0, 1.0, 1.7, 1.0, 1.3706293706293706, 1.0639097744360901, 1.0, 2.0, 2.0, 1.0, 4.0, 1.0358193955925634, 1.0, 1.0, 1.8, 1.089795918367347, 2.2941176470588234, 1.411764705882353, 1.0, 4.0, 1.0185347343841213, 5.0, 2.0, 1.0, 1.0, 1.2074074074074075, 1.0500062743129628, 1.1428571428571428, 5.0, 2.0, 1.0, 1.268140589569161, 1.0408379740121985, 1.5207100591715976, 1.0, 8.48768472906404, 1.0, 1.0, 1.0, 1.0, 1.0, 1.0, 2.0, 1.0003127263150964, 2.3333333333333335, 2.6923076923076925, 1.0, 1.0, 1.3333333333333333, 1.1799601451126667, 1.0, 3.5, 4.0, 1.301307078594466, 1.3125, 2.032258064516129, 1.2083333333333333, 1.0, 1.0, 2.0, 1.5, 1.0, 1.089383830455259, 1.8333333333333333, 2.0, 1.0, 1.0, 1.0, 1.1011399292405633, 1.5, 1.0, 1.0476190476190477, 1.0, 1.0, 1.0, 1.0, 2.0, 1.0, 1.0, 1.0, 1.0, 1.051983584131327, 1.0, 2.0, 2.0, 3.0, 1.0, 1.0822637106184365, 1.2857142857142858, 1.0, 2.0, 1.0, 2.0, 1.0, 1.1730516768110753, 1.054103558978197, 2.0, 2.5, 1.0, 1.0, 2.0, 1.1977932161830813, 1.04, 1.1232833298119587, 1.0, 1.0, 1.0, 1.0, 1.0238523629520806, 1.0, 1.3, 1.7142857142857142, 1.0714285714285714, 2.0, 1.0, 1.0, 1.0, 1.0, 2.0, 2.0, 1.0, 1.0, 3.0, 2.4615384615384617, 1.0, 1.045963892923843, 4.0, 1.0219238679135463, 1.0, 2.0, 8.0, 1.0378151260504203, 2.0, 1.0, 1.25, 1.0, 1.0553947591348054, 1.0370647697491575, 1.0, 1.0404447888291541, 1.0701754385964912, 1.475, 1.0, 3.0, 1.0, 1.0, 1.0, 4.0, 1.0, 1.0566164154103852, 1.0, 1.0, 1.3255813953488371, 1.0204793867063924, 1.0, 1.1680672268907564, 1.142898736056084, 2.0, 1.2777777777777777, 1.144736842105263, 1.0356995175740868, 1.0, 1.0, 2.0, 1.0, 2.5, 1.0, 1.0, 1.0, 2.0, 1.2456140350877194, 2.6666666666666665, 1.8048780487804879, 4.6, 1.0, 2.0, 1.1896551724137931, 1.0, 1.0, 1.0, 1.0, 3.0, 3.0, 1.0, 2.0, 1.4, 1.0, 1.0, 1.0293788756734776, 1.040604556733589, 1.2413793103448276, 1.0, 1.0679845583853667, 1.0, 3.0, 1.0, 1.0, 1.5714285714285714, 6.0, 1.69, 1.0, 3.0, 1.5, 1.034375, 3.4929516185172296, 1.0, 1.3333333333333333, 1.2857142857142858, 1.0, 6.0, 2.0, 1.0, 1.021978021978022, 3.6666666666666665, 1.1428571428571428, 1.0, 1.0, 1.1666666666666667, 2.0, 1.2317380352644836, 1.226321036889332, 1.0769230769230769, 1.0, 1.1877637130801688, 1.2718446601941749, 3.0, 1.0, 1.0350272485909917, 2.5, 2.0, 1.0, 1.8888888888888888, 1.0, 1.0, 1.0, 1.4615384615384615, 1.3333333333333333, 1.2984078068823832, 1.177914110429448, 1.0, 6.389848812095033, 1.0, 1.694915254237288, 1.0208574739281575, 1.0, 1.0, 1.5, 1.0378787878787878, 1.3333333333333333, 1.0414415961532457, 2.0, 20.0, 1.0, 2.625, 2.8745684695051783, 1.0, 1.605263157894737, 2.0, 1.0823529411764705, 1.0, 1.0, 1.7142857142857142, 3.6, 1.0, 1.0, 1.1156462585034013, 1.0, 3.0, 1.0, 1.0, 1.0769230769230769, 1.0, 1.3333333333333333, 1.0, 1.0, 1.1454545454545455, 1.5, 1.0, 1.5384615384615385, 1.0, 1.0, 2.0, 1.0, 1.0, 1.0, 1.8333333333333333, 1.0, 1.0, 1.0485705502612972, 3.0, 1.0, 1.0738564603810883, 3.0, 1.0, 1.0, 1.0, 1.3419071518193224, 1.0, 3.0, 4.5, 1.0, 1.4567901234567902, 3.3333333333333335, 1.1470588235294117, 1.019543973941368, 1.5, 1.0249836708033964, 1.1441441441441442, 2.0, 1.135135135135135, 1.0, 1.5, 15.0, 1.3888888888888888, 1.0, 2.0, 1.0, 2.0, 1.0, 1.1203007518796992, 1.625, 1.0618556701030928, 10.0, 1.0, 3.0, 1.6842105263157894, 1.4644268774703557, 1.1528721407672702, 3.0, 1.0342259103694182, 1.0, 1.1683293522551637, 1.8666666666666667, 1.209125475285171, 2.0, 2.3319755600814664, 2.0, 1.2564102564102564, 1.0626556300972427, 1.0, 1.0320910111892183, 1.0150480464367593, 1.2345941720588873, 1.0, 1.25, 2.0, 1.0163934426229508, 2.0, 2.0, 2.0, 1.0698151950718686, 2.0, 1.0011682242990654, 1.5, 2.0, 1.2307692307692308, 1.6666666666666667, 1.25, 1.0, 1.0, 4.25, 1.0, 1.0216867469879518, 2.0, 2.0, 1.0, 1.0, 1.005923000987167, 1.0, 1.5, 2.653416703885663, 1.0, 1.0, 1.0, 1.0, 1.1769035355239617, 1.375, 1.6666666666666667, 1.0, 1.0, 1.0368672046955245, 1.0600557562431285, 1.0, 2.6, 1.0, 6.0, 1.0, 1.209090909090909, 1.0087936523980392, 1.0, 1.5003150598613737, 5.0, 1.0, 1.0, 1.2874251497005988, 1.2666666666666666, 2.0, 2.0, 1.0341614906832297, 1.163887676414957, 1.2857142857142858, 1.0486202365308803, 1.3333333333333333, 1.0, 1.0, 1.0, 1.0021753415966101, 3.0, 1.0, 1.0562310030395137, 2.0, 1.0, 1.0634920634920635, 1.0, 1.0, 1.2388059701492538, 2.3333333333333335, 1.15, 1.4352941176470588, 1.02601908065915, 1.0, 2.0, 2.0, 1.0, 1.0, 1.0335311211261724, 1.0, 1.0, 1.0139186295503213, 1.0328947368421053, 1.0, 1.0, 1.0, 1.0, 1.25, 2.0, 1.5430932703659976, 1.0276076619360202, 1.3333333333333333, 2.3333333333333335, 1.3096774193548386, 1.0, 1.0, 1.0, 1.8695652173913044, 1.0, 1.0, 1.0, 1.4444444444444444, 1.1666666666666667, 1.0970836531082118, 1.0, 6.0, 1.0, 1.065934065934066, 1.0, 2.0, 1.0, 1.0, 1.0, 1.0935184173133676, 1.125, 2.0, 1.48, 1.0, 4.0, 2.0, 1.3, 1.0, 1.4437086092715232, 1.1283032718120805, 2.0, 1.5, 1.0, 1.2011661807580174, 2.0, 1.5833333333333333, 1.116504854368932, 1.0, 1.134676216054909, 1.0291666666666666, 1.2857142857142858, 1.0, 3.0, 1.0, 1.0, 1.0, 1.0, 1.165871121718377, 1.2272727272727273, 2.2857142857142856, 2.0, 2.0, 1.0855323020928116, 1.0, 5.0, 1.6666666666666667, 3.0, 1.3868255080588647, 2.0, 2.0, 1.6896551724137931, 2.0, 1.0022241186432435, 1.0, 1.0, 1.0558272208638957, 1.0, 1.0, 1.2442748091603053, 1.148796498905908, 3.5, 1.086021505376344, 6.537414965986395, 2.8, 2.0, 1.8333333333333333, 1.1388888888888888, 2.0, 1.7716535433070866, 1.0, 1.062922516900676, 1.0, 3.0, 1.0034188495571241, 1.5, 1.061084033407627, 1.0666666666666667, 1.0, 3.0, 2.5238095238095237, 1.0, 1.271186440677966, 1.1764705882352942, 1.3363636363636364, 1.0108611326609775, 1.0, 1.0, 1.0, 1.0377358490566038, 1.2857142857142858, 1.026516483719897, 1.2236602260298943, 1.0, 2.0, 2.0, 1.0, 1.0, 1.0, 1.0, 2.0, 1.0, 1.0, 1.0, 1.0, 2.306049822064057, 1.1843425814234017, 1.180327868852459, 1.0, 1.0, 1.1111111111111112, 1.0, 1.0, 1.0, 1.0, 1.0, 1.0, 2.0, 1.1756746186937819, 1.0, 3.25, 1.228391167192429, 1.0, 2.0, 1.0, 4.5, 1.5, 1.0, 1.0, 1.0, 1.0, 1.7142857142857142, 1.144578313253012, 1.067823850851816, 2.0, 1.0, 1.0, 1.0613134676782587, 2.0, 1.0, 1.0, 2.823529411764706, 1.0444241667467102, 1.0, 1.0, 1.3, 1.0016778523489933, 1.0, 1.0, 1.0, 1.0, 1.0, 1.1813850324488622, 2.0, 2.0, 1.0796774958501305, 1.0, 1.0, 1.069243156199678, 1.0, 1.1807015322274281, 1.0, 1.0, 2.0, 1.3515358361774743, 1.0, 2.0, 1.0, 1.1428571428571428, 1.0, 1.1558277395170429, 1.1493657916121967, 1.0, 2.0, 5.142857142857143, 1.0, 1.4, 3.6, 2.0, 1.0, 1.3364771151178918, 1.0, 1.0, 3.0, 1.1122448979591837, 1.5368421052631578, 1.0909090909090908, 1.0120274914089347, 1.0, 1.7453703703703705, 1.0612244897959184, 1.4102564102564104, 2.0, 4.0, 1.0, 2.0, 1.0, 1.0707070707070707, 1.0, 1.1130952380952381, 2.0, 2.0, 1.8, 2.0, 45.0, 1.0, 14.0, 1.0, 1.0, 1.2307692307692308, 1.0, 1.0, 2.0, 1.00792283844299, 1.2121212121212122, 2.0, 1.5555555555555556, 1.7586206896551724, 1.0, 1.1290322580645162, 1.0, 1.5, 2.0, 1.0, 2.0, 1.0856935366739289, 3.0, 1.0, 4.0, 1.0440251572327044, 1.005567716760255, 1.0, 1.0, 1.0349822355834928, 1.1934989267095983, 1.5298507462686568, 1.4285714285714286, 1.0, 1.0, 1.1152993348115299, 2.0, 1.1538461538461537, 1.0, 1.0, 4.0, 4.623529411764705, 1.0, 1.8, 2.0, 1.0, 1.0571428571428572, 4.0, 3.0, 3.0, 1.0, 1.2134804794114158, 2.7758620689655173, 1.1900165471594042, 1.0, 1.0, 3.0, 3.0, 1.0, 1.0, 1.0, 2.0, 3.0, 1.0, 2.0, 1.5, 1.2149253731343284, 1.0, 1.023738472173048, 1.0, 1.0, 1.3888888888888888, 1.0065638332786346, 3.0, 1.0, 2.0, 1.0, 1.0, 2.357142857142857, 1.7844036697247707, 4.0, 1.0, 1.0, 1.0, 1.0, 1.0, 1.0681511470985154, 1.0, 1.0, 1.0, 1.0, 1.3955307262569832, 1.0950369588173179, 1.0, 1.0, 1.0591133004926108, 1.5714285714285714, 2.0, 1.0784313725490196, 1.0, 1.0, 1.0, 1.0, 1.0, 1.2857142857142858, 2.0, 2.0, 1.255, 1.0424528301886793, 1.0, 2.0, 1.3333333333333333, 1.0, 1.1666666666666667, 1.0, 1.5, 1.0, 1.0241018048241093, 1.375, 2.0, 1.0, 1.1044776119402986, 1.071022024251423, 1.0, 4.0, 2.0, 1.4333333333333333, 1.0, 1.0823929786852946, 2.5681818181818183, 1.0230139788612342, 5.409090909090909, 1.3720180528691166, 1.0, 1.0738552437223043, 1.3333333333333333, 1.0, 1.0, 1.0, 2.0, 1.4, 1.0, 2.0, 1.0, 1.5151515151515151, 1.0, 1.0, 1.0, 1.6875, 3.0, 1.0, 2.0, 1.1828165374677002, 1.5714285714285714, 1.0, 2.0, 1.7799625468164795, 2.2589285714285716, 1.0, 1.411764705882353, 1.0, 1.0, 1.0, 2.0, 1.8, 1.0, 2.5, 1.0119004688063469, 2.0, 1.0, 1.5, 1.4351145038167938, 2.0, 1.3220958570268075, 1.0, 1.0, 2.0, 1, 1.060721062618596, 1.0, 2.0, 1.0, 1.0, 1.0, 1.0, 1.0, 1.0, 1.0, 1.0, 1.0, 1.0, 1.205437937510671, 1.0, 2.0, 1.0, 1.0, 1.0, 1.0175438596491229, 1.0, 1.0, 2.5, 1.0, 2.0, 1.0, 2.0, 1.0, 1.138036809815951, 1.024741250690194, 2.0, 1.3028720626631853, 2.0, 1.1544715447154472, 1.0, 1.3147730930157708, 1.0, 4.0, 1.493083003952569, 1.0, 1.0, 2.0, 1.5, 2.75, 1.0, 1.0127264471105588, 1.013006299552085, 1.0055555555555555, 3.0, 3.0, 2.0, 1.0, 1.0, 1.0, 2.0, 1.0, 1.4, 2.0, 1.0, 1.0, 1.0, 1.054402626333685, 1.0381355932203389, 1.0, 1.0, 1.0666666666666667, 1.0111358574610245, 1.0, 2.0, 1.0873185588387766, 1.2777777777777777, 1.2865853658536586, 1.0, 1.0, 1.0, 1.5, 3.8, 2.0, 1.055879987411267, 1.0, 1.0, 1.4936488835405803, 1, 1.175, 2.25, 1.5, 2.0, 1.2261904761904763, 2.0, 1.5, 1.0841911764705883, 1.0, 1.0, 1.3333333333333333, 1.0, 2.0, 1.1468446601941749, 3.0, 1.0, 1.0, 2.25, 1.7655786350148368, 1.0, 1.0782768584187024, 1.5, 1.0, 2.0, 1.0, 1.0, 1.0, 2.0, 2.0, 1.7, 1.0, 1.3785714285714286, 1.3333333333333333, 1.1712467154507291, 1.0, 1.0, 1.0, 1.0, 1.0, 1.2857142857142858, 1.0909090909090908, 1.0, 1.0, 2.0, 1.4529616724738676]
origin-forest_43.39 	max: 134.0000	99th: 6.0039	95th: 3.0000	median: 1.0700	mean: 1.7178

...Done, result: results.csv

WORKLOAD-FINISHED | Type: QueryWorkload | Progress: 3/3 | Workload-time: 60.745540 | Model-update-time: 0.000000


Experiment Summary: #data-update-times=1, #drift=1 | total-time=125.508738