Input arguments = Namespace(data_update='tupleskew', update_size=100000, dataset='forest', debug=False, drift_test='js', model_update='adapt', model='naru', end2end=False, query_seed=0, random_seed=42, num_workload=3)
JSON-passed parameters = {'data_updater': {'skew_ratio': '1e-2'}, 'random_seed': 21, 'naru': {'epochs': 0}}
MODEL-PATH=/home/kangping/code_copy/SAUCE/models/end2end/naru/origin-forest-16.5MB-model62.533-data19.148-200epochs-seed0.pt
DATASET-PATH=/home/kangping/code_copy/SAUCE/data/forest/end2end/forest.npy
Workloads: ['QueryWorkload', 'DataUpdateWorkload', 'QueryWorkload']

WORKLOAD-START | Type: QueryWorkload | Progress: 1/3
Going to run: ['python', '/home/kangping/code_copy/SAUCE/Naru/eval_model.py', '--dataset=forest', '--model=naru', '--query_seed=0', '--end2end', '--eval_type=first_estimate', '--num_workload=3', '--data_update=tupleskew', '--model_update=adapt', '--random_seed=42']
Torch device: cuda:1
GET-MODEL-PATH=./models/end2end/naru/origin-forest-16.5MB-model62.533-data19.148-200epochs-seed0.pt
ckpts [PosixPath('/home/kangping/code_copy/SAUCE/models/end2end/naru/origin-forest-16.5MB-model62.533-data19.148-200epochs-seed0.pt')]
Validate Argument: DATASET="forest" is valid.
load_csv_dataset - forest (581012, 10)
Parsing... done, took 0.0s
Loading ckpt: /home/kangping/code_copy/SAUCE/models/end2end/naru/origin-forest-16.5MB-model62.533-data19.148-200epochs-seed0.pt
query_seed:0
origin-forest_43.39 	max: 31.0000	99th: 4.0000	95th: 2.4721	median: 1.0065	mean: 1.3371
ReportEsts: [1.0, 1.0556183585801493, 1.0, 1.7352941176470589, 2.6666666666666665, 1.0, 1.3241379310344827, 1.0, 1.1217391304347826, 1.0, 1.0151515151515151, 3.0, 1.0, 1.0, 3.0, 1.0155268564719695, 1.0, 1.4285714285714286, 1.6603773584905661, 1.0, 1.0, 3.0, 1.8181818181818181, 1.0, 2.2, 1.0, 1.0598375054896794, 1.1818181818181819, 3.0, 1.1644295302013423, 1.0, 1.0051847051198963, 1.2727272727272727, 1.0, 1.6111111111111112, 1.0169561621174525, 1.100383631713555, 1.0, 1.1496881496881497, 1.0, 2.0, 1.0, 1.0625, 1.0, 1.113821138211382, 1.1401869158878504, 1.0, 2.0, 1.0, 1.0, 3.0, 1.0220191226096738, 1.0, 1.0, 2.5714285714285716, 1.080568720379147, 1.1927083333333333, 1.411764705882353, 1.0, 1.0, 1.030239099859353, 2.0, 1.0, 1.1616438356164382, 1.178343949044586, 1.0, 1.0170212765957447, 1.1782178217821782, 1.4016064257028114, 1.0, 2.0, 1.0, 1.2244897959183674, 1.05654417184374, 2.0, 1.5, 1.0, 1.0, 1.0, 1.0, 1.0, 2.0, 1.0033645944116794, 3.5, 1.6923076923076923, 1.0, 1.0, 1.3333333333333333, 1.0721391438290224, 1.0, 4.0, 1.391304347826087, 1.0, 1.0716674629718108, 2.0, 1.0, 1.0627753303964758, 1.2208067940552016, 1.0, 1.0, 2.0, 1.0, 1.0, 1.0, 1.096551724137931, 1.0, 1.0, 1.0, 1.0739299610894941, 1.0, 1.0289855072463767, 1.0, 1.0, 1.0505453578079276, 1.1073446327683616, 2.0, 1.0, 2.0, 1.0, 1.0, 1.0, 2.0, 3.0, 1.0, 1.2234777150031386, 1.1428571428571428, 1.0, 1.3333333333333333, 1.0, 1.0, 1.0, 1.0065876152832676, 1.1064314447729366, 2.0, 2.5, 1.0, 1.0, 2.0, 1.0506742950551695, 1.0952380952380953, 1.0302501454333914, 1.0, 1.0, 1.2, 1.0, 1.0023615732877016, 1.0, 1.1666666666666667, 1.8461538461538463, 1.3, 1.4, 1.0, 1.0, 1.0, 1.0, 2.0, 1.0, 1.0, 1.0, 2.3333333333333335, 2.909090909090909, 1.0, 1.1601556420233463, 4.0, 1.0260376502608302, 1.0, 2.0, 2.0, 1.0510204081632653, 1.0, 1.0, 1.0, 1.3434343434343434, 1.6111111111111112, 1.0, 1.0, 1.091254752851711, 1.0, 1.0312862108922365, 1.0, 2.5176470588235293, 1.0, 1.0, 1.0011770132493518, 1.0, 1.16147859922179, 1.0, 1.0, 2.15, 1.05053521524632, 1.0, 1.096774193548387, 1.9166666666666667, 1.0, 1.0, 1.0, 1.0, 1.8194444444444444, 1.1428571428571428, 1.1792853769872502, 1.147820593809223, 1.0, 1.0, 1.0, 2.0, 31.0, 1.1205673758865249, 1.0, 1.0, 1.0, 1.0, 1.2352941176470589, 1.0, 1.125, 1.0, 1.0, 1.0, 1.0325581395348837, 1.0, 1.0, 1.0, 1.2681675219334547, 3.0, 1.0, 1.108695652173913, 1.0, 1.0526315789473684, 1.0, 1.2628458498023716, 1.0, 1.0, 1.0, 1.8333333333333333, 2.0, 5.2, 1.0, 3.0, 1.5, 1.0172735124323833, 1.0110644792064098, 1.0, 2.0, 1.5, 1.0159030670200682, 1.1914893617021276, 1.1428571428571428, 1.0, 1.1482649842271293, 5.0, 1.1498287671232876, 1.0, 1.0, 1.1524390243902438, 1.0, 1.2142857142857142, 1.2368033028605132, 1.2727272727272727, 1.0, 1.0237580993520519, 1.046116504854369, 4.0, 1.0, 1.0889510029595528, 1.25, 2.0, 1.0, 1.875, 1.0, 1.0, 1.0, 1.3103448275862069, 1.3333333333333333, 1.435006435006435, 2.0, 1.0, 1.0592623993217465, 1.1111111111111112, 2.0, 1.16, 1.0, 1.5, 1.0, 1.0, 1.0, 1.0, 1.0, 1.0, 1.0, 5.967741935483871, 1.0, 1.25, 1.0, 1.0, 1.0, 1.0, 1.358161648177496, 1.2464788732394365, 1.0059568131049887, 1.2476635514018692, 1.0, 1.0616438356164384, 1.0, 1.0, 3.0, 1.0, 1.0696202531645569, 1.0, 1.0, 1.0, 1.2, 2.0, 1.0, 1.0, 1.0, 1.0, 1.0, 1.0, 1.0, 1.0, 1.2, 1.0, 1.0, 1.0384615384615385, 2.5, 1.0, 1.1310111599594184, 1.0, 1.0, 1.0, 1.0, 1.1020408163265305, 1.0, 3.0, 1.0, 1.6666666666666667, 1.2651162790697674, 1.0, 1.1704545454545454, 1.579268292682927, 2.0, 1.2995759541032676, 1.0471698113207548, 1.0, 1.206896551724138, 1.0, 1.1428571428571428, 3.3333333333333335, 1.5, 1.0, 1.0, 1.0, 1.0, 1.0, 1.1153846153846154, 11.0, 1.0617283950617284, 1.2, 1.0, 1.0, 1.0, 1.2015810276679841, 1.2, 1.5714285714285714, 1.4413505810129357, 1.0638466560955135, 1.0207804568527918, 1.0327879822008097, 1.4566037735849056, 1.0, 1.9541284403669725, 2.0, 1.0629881582262535, 1.0454269869291535, 1.0, 1.0051652257326626, 1.026142117539967, 1.056412038042298, 1.0, 1.25, 2.0, 1.0256410256410255, 1.0, 1.0, 1.0484581497797356, 1.0736842105263158, 1.0, 2.4285714285714284, 1.0, 1.092055668309655, 1.0, 10.0, 1.5555555555555556, 2.0, 1.0, 4.25, 1.0, 1.2011331444759208, 1.0, 1.0, 1.0, 1.0, 1.0296193503140993, 1.0, 2.0, 1.1979166666666667, 1.3380651945320714, 1.0678466076696165, 1.1144278606965174, 1.3157894736842106, 1.0442774195846543, 1.0117994100294985, 1.2452830188679245, 1.0, 1.0, 1.027747851277263, 1.049797190457639, 1.0, 2.75, 1.0, 1.0, 1.0, 1.0, 1.0, 1.0, 1.0, 1.0193362947478444, 1.6666666666666667, 1.3256606990622335, 1.0, 1.0, 1.0, 1.1936560934891485, 1.016054638992372, 1.2, 1.0290964777947933, 1.5555555555555556, 1.0, 1.0, 1.0, 1.00288192347807, 2.5, 1.0, 1.0775193798449612, 1.0, 3.1666666666666665, 1.0, 1.0, 1.0, 1.0210894261578793, 1.0, 1.0, 1.5, 1.0526315789473684, 1.41, 1.032496307237814, 3.1818181818181817, 1.0, 1.0, 1.5566666666666666, 1.25, 2.0, 1.058023106546855, 1.0, 1.3, 1.0, 1.0, 1.1, 1.0, 1.0, 1.4444444444444444, 1.0474786421713163, 1.0201435678584267, 1.2669322709163346, 1.024390243902439, 1.0, 1.0, 1.7142857142857142, 1.0, 1.1756624141315015, 1.6, 1.5, 1.5, 1.8726937269372694, 1.4866310160427807, 1.0, 1.001594099452772, 1.4, 1.0, 1.0030993170815121, 2.5, 1.013453650533224, 1.0, 1.0, 1.0, 1.1051835132986227, 1.0, 2.0, 1.32, 1.0, 2.0, 1.0, 1.6774193548387097, 1.0, 1.2516556291390728, 1.0201520345804145, 2.0, 1.5, 1.0, 1.0393586005830904, 2.0, 4.0, 1.0510204081632653, 1.0, 1.0084440626542137, 1.6153846153846154, 1.3888888888888888, 1.0, 2.4, 1.0, 2.0, 1.0001634788294915, 2.0, 4.0, 1.0737463126843658, 2.4, 1.0, 1.028302321084953, 1.0, 1.75, 1.0, 2.0, 1.0, 1.099250936329588, 1.0, 2.0, 1.4, 1.0060750600254604, 1.4736842105263157, 1.7590361445783131, 1.4666666666666666, 2.7037037037037037, 2.0, 1.5526315789473684, 1.1085899513776336, 1.0, 1.0, 1.1025641025641026, 1.4401408450704225, 1.8, 2.0, 1.6, 1.3820224719101124, 1.0, 1.9081632653061225, 1.0, 1.572139303482587, 1.0, 3.0, 1.009350878594553, 6.0, 1.023716004574156, 2.8, 1.0, 3.0, 1.4166666666666667, 1.5, 2.0, 1.0081109366823653, 1.0, 1.0, 1.0, 1.0, 1.0, 1.0196078431372548, 2.0, 1.3294117647058823, 1.0, 1.0, 2.0, 1.0, 1.0, 1.0, 1.0, 1.0, 1.5, 1.0, 1.0, 1.0, 1.079136690647482, 1.14, 2.0, 1.055, 1.0, 1.0, 1.75, 1.018925483338191, 1.5555555555555556, 1.0, 1.0, 1.0, 1.0, 1.0177114427860696, 1.0, 1.0, 1.0227703984819734, 1.0720242608036392, 1.1702127659574468, 2.0, 1.0, 1.0, 1.0, 1.542857142857143, 2.0, 1.0, 1.0, 1.9520766773162939, 2.0, 1.0661681395875822, 1.0, 1.0, 1.0187878787878788, 1.0, 1.0, 1.0, 2.4705882352941178, 1.0854269883615255, 1.0, 1.0, 1.3, 1.0273109243697478, 1.0, 1.0, 2.0, 1.0, 1.0, 1.106998459761263, 1.0, 2.0, 1.086575624838959, 1.0, 1.0, 1.0463529411764705, 1.0, 1.0081043434215524, 1.0, 1.0, 1.78099173553719, 1.0116472545757071, 1.5, 1.0307692307692307, 1.0, 1.0, 1.3333333333333333, 1.1048189720651531, 1.0, 1.0, 1.0, 1.0, 1.5, 1.0, 1.0, 1.5, 1.0879590093936806, 1.0, 1.0, 1.0, 1.5, 1.0, 1.2, 1.0575221238938053, 1.0, 1.0, 1.0, 1.0, 1.0, 1.0, 1.3, 1.0, 1.0, 1.0, 1.0, 1.0, 4.0, 1.1475682087781731, 1.1369863013698631, 1.0, 2.0, 1.5, 1.1416837782340863, 1.0, 1.0, 1.0, 2.0, 1.0, 1.0751558910403676, 1.065217391304348, 1.9411764705882353, 1.0557428052890847, 1.0, 1.0217391304347827, 1.0, 1.0869565217391304, 1.0, 2.0, 1.0, 1.0, 1.0, 1.0487433358720488, 2.6666666666666665, 1.0, 4.0, 1.0592592592592593, 1.0016130826565803, 1.0, 1.0, 1.0621542466644973, 1.01842598376015, 1.2835820895522387, 1.8, 1.0, 1.0, 1.0427369578945225, 1.0, 1.6, 1.0, 1.0, 1.0, 1.0961313012895662, 1.0, 1.0, 1.0714285714285714, 1.0, 1.0, 1.0, 1.2, 1.0, 1.073932196897146, 1.0193392425463337, 2.0, 1.0, 1.0, 3.0, 1.0, 1.0, 1.0, 1.0, 1.0, 2.0, 1.0, 2.0, 1.5, 1.2439024390243902, 1.0, 1.0815059105704985, 1.0, 1.0, 2.25, 1.1649325626204239, 3.0, 1.5, 1.0, 1.0, 1.0, 1.25, 1.8760757314974184, 1.0, 1.0, 1.0, 1.0, 1.0, 1.0, 1.0061728395061729, 1.0, 1.0, 1.0, 1.0, 1.4190093708165998, 1.090531561461794, 1.0, 1.0, 1.1523178807947019, 1.4, 2.0, 1.4036144578313252, 1.0, 1.0, 1.0, 1.0, 1.0, 1.2307692307692308, 2.0, 1.0, 1.3738601823708207, 1.0874453466583385, 1.2, 1.0, 1.0, 1.0, 1.0, 2.2, 1.0, 1.0, 1.0202702702702702, 1.0, 1.0, 1.2222222222222223, 2.0, 1.0, 1.0, 2.112727272727273, 1.0, 1.0, 2.0, 1.0, 1.08, 1.027027027027027, 1.0, 1.5723684210526316, 1.0, 3.6666666666666665, 1.0, 1.0, 1.0, 1.4, 1.0, 1.0, 1.0, 1.0, 1.1627906976744187, 1.0, 1.0, 1.0867249904906808, 1.052653005835256, 1.0, 1.0, 1.0, 1.0582477252715, 1.0, 1.272108843537415, 1.0, 1.0181190681622088, 2.0, 1.0, 1.3076923076923077, 2.0, 1.6666666666666667, 1.0600098376783078, 1.0, 3.0, 1.0, 1.0, 2.5, 1.0, 1.0, 1.0, 1.6, 1.6666666666666667, 1.0, 1.0, 1.5, 1.0, 1.0, 1.0, 1.3333333333333333, 1.0, 1.3333333333333333, 1.0, 1.0, 1.0, 1.0, 1.0, 1.0, 1.0, 1.0, 1.128978978978979, 2.0, 1.0, 1.0, 1.0, 1.0, 1.2380952380952381, 1.5, 1.0, 1.2453208556149733, 1.0, 1.2769953051643192, 1.0, 1.0697841726618704, 1.0, 1.0, 4.285714285714286, 1.0769230769230769, 1.0, 1.0, 1.368421052631579, 1.0564293251595398, 1.0, 2.0, 1.5062857142857142, 1.0, 1.0, 1.0, 2.0, 1.0064391194325972, 1.0, 2.6, 1.0, 1.0377358490566038, 1.0, 1.0, 1.0, 1.0, 1.0, 1.0, 1.0, 1.0, 1.5, 2.0, 1.0, 1.0, 1.0, 1.0307584269662922, 1.1153054834958405, 1.0, 1.0, 1.2307692307692308, 1.050531914893617, 1.0, 2.0, 1.104014598540146, 1.1111111111111112, 1.358695652173913, 1.0, 1.0, 1.0, 1.5, 1.3636363636363635, 1.0, 1.294811320754717, 1.0, 1.0, 1.4746864839758476, 1.0, 1.8461538461538463, 1.0, 1.0, 1.5, 1.2135231316725978, 1.0, 1.0, 1.1515151515151516, 1.004405430278212, 1.0, 1.4, 2.0, 1.0, 1.0933658083971236, 2.0, 1.75, 1.0, 1.9754098360655739, 1.0, 1.142769041011409, 1.5, 1.0, 1.0, 1.0, 1.0, 1.0, 1.0, 2.0, 1.9615384615384615, 1.0, 1.2260305697081983, 1.0, 1.0438531308053765, 1.0, 1.0, 1.0, 1.0, 1.0, 1.1756756756756757, 1.1562459208980551, 2.0, 1.1975806451612903, 1.0, 1.3931833007175474, 1.1153846153846154, 2.0, 1.0593220338983051, 1.3304347826086957, 2.0, 1.0, 1.0, 1.055366269165247, 1.0, 1.0, 1.0210843373493976, 2.0, 1.0]
origin-forest_43.39 	max: 31.0000	99th: 4.0000	95th: 2.4721	median: 1.0065	mean: 1.3371

...Done, result: results.csv

WORKLOAD-FINISHED | Type: QueryWorkload | Progress: 1/3 | Workload-time: 60.998669 | Model-update-time: 0.000000


WORKLOAD-START | Type: DataUpdateWorkload | Progress: 2/3
Going to run: ['python', '/home/kangping/code_copy/SAUCE/Naru/eval_model.py', '--model=naru', '--data_update=tupleskew', '--dataset=forest', '--drift_test=js', '--end2end', '--update_size=100000', '--query_seed=0', '--eval_type=drift']
Torch device: cuda:1
GET-MODEL-PATH=./models/end2end/naru/origin-forest-16.5MB-model62.533-data19.148-200epochs-seed0.pt
GET-DATASET-PATH=./data/forest/end2end/forest.npy
TupleSkewSample - START
0.01
TupleSkewSample - END
load_npy_dataset_from_path - df.shape = (681012, 10)
Parsing... done, took 0.1s
Data updated!
Previous data size: (581012, 10), new data size: (100000, 10)
[4.4107437e-06 2.5033951e-06 3.8146973e-06 1.4662743e-05 1.9073486e-05
 1.1324883e-06 8.2850456e-06 2.6583672e-05 1.2814999e-05 2.9206276e-06]
Distance score: 9.620189302950166e-06
SAUCE Drift detection: True
Detection latency: 0.0658s

DRIFT-DETECTED after 2-th workload
Going to run: ['python', '/home/kangping/code_copy/SAUCE/Naru/incremental_train.py', '--dataset=forest', '--end2end', '--model=naru', '--model_update=adapt', '--update_size=100000', '--epochs=0']
Torch device: cuda:1
GET-MODEL-PATH=./models/end2end/naru/origin-forest-16.5MB-model62.533-data19.148-200epochs-seed0.pt
update_size: 100000
AdaptTask - START
GET-DATASET-PATH=./data/forest/end2end/forest.npy
load_npy_dataset_from_path - df.shape = (681012, 10)
Parsing... done, took 0.1s
done, took 0.1s
dataset size: 681012
train data shape: torch.Size([100000, 10]), transfer data shape:torch.Size([20000, 10])
Training done; evaluating likelihood on full data:
Epoch None Iter 0, test loss 43.7654 nats / 63.1401 bits
Saved to: /home/kangping/code_copy/SAUCE/models/end2end/naru/origin-forest-16.5MB-model62.533-data19.148-200epochs-seed0.pt
AdaptTask - END

WORKLOAD-FINISHED | Type: DataUpdateWorkload | Progress: 2/3 | Workload-time: 2.234710 | Model-update-time: 4.596878


WORKLOAD-START | Type: QueryWorkload | Progress: 3/3
Going to run: ['python', '/home/kangping/code_copy/SAUCE/Naru/eval_model.py', '--dataset=forest', '--model=naru', '--end2end', '--query_seed=0', '--eval_type=estimate', '--num_workload=3', '--data_update=tupleskew', '--model_update=adapt', '--random_seed=42']
Torch device: cuda:1
GET-MODEL-PATH=./models/end2end/naru/origin-forest-16.5MB-model62.533-data19.148-200epochs-seed0.pt
ckpts [PosixPath('/home/kangping/code_copy/SAUCE/models/end2end/naru/origin-forest-16.5MB-model62.533-data19.148-200epochs-seed0.pt')]
Validate Argument: DATASET="forest" is valid.
data size: 681012, total size: 681012, split index: [567510 681012]
Parsing... done, took 0.1s
Loading ckpt: /home/kangping/code_copy/SAUCE/models/end2end/naru/origin-forest-16.5MB-model62.533-data19.148-200epochs-seed0.pt
query_seed:0
origin-forest_43.39 	max: 28.0000	99th: 22.0100	95th: 17.0000	median: 1.0307	mean: 2.6321
ReportEsts: [1.0, 1.0028312570781428, 1.0, 1.475, 2.0, 1.0, 1.2292263610315186, 1.0, 2.888888888888889, 1.0, 1.0120481927710843, 1.6904761904761905, 1.0, 1.0, 2.09375, 1.141025641025641, 3.0, 19.0, 1.8867924528301887, 2.9166666666666665, 1.0, 17.0, 1.0, 1.0, 1.0126582278481013, 1.0, 1.0215965139108365, 2.0, 1.0, 3.25, 2.0, 1.0, 1.0, 1.0, 1.0, 2.0, 1.0, 21.0, 1.0, 1.0, 2.0, 1.0, 1.5454545454545454, 1.0, 1.1358024691358024, 1.1411290322580645, 1.0, 2.0, 1.0, 1.0, 3.0, 1.0591558817848175, 1.0, 1.0, 2.0, 1.0228136882129277, 1.1001131221719458, 1.4705882352941178, 1.0, 19.0, 1.0778792871049874, 7.0, 17.0, 1.0, 1.0, 1.2524271844660195, 1.0532466720829947, 1.1428571428571428, 2.0, 17.0, 20.0, 1.5426356589147288, 1.015317646092563, 2.0, 1.0, 1.4617940199335548, 1.0, 1.0, 1.0, 1.0, 20.0, 1.0, 1.0, 1.010475716890436, 2.3333333333333335, 2.6, 1.0, 1.0, 1.3333333333333333, 1.0994783515910276, 1.0, 22.0, 15.0, 1.0795965009062969, 1.3181818181818181, 2.6470588235294117, 1.0, 1.0, 1.0, 19.0, 1.0, 1.0, 1.039044289044289, 1.8333333333333333, 2.0, 1.0, 1.0, 1.0, 1.0344096084854157, 1.5, 1.0, 1.1585365853658536, 2.0, 1.0, 1.0, 1.0, 1.0, 1.0, 1.0, 1.0, 1.0, 1.0105124835742445, 1.0, 1.0, 2.0, 3.0, 1.0, 1.132858837485172, 1.2857142857142858, 1.0, 15.0, 1.0, 1.0, 1.0, 1.2350709740577581, 1.0624207921787934, 2.0, 2.75, 1.0, 1.0, 2.0, 1.0556149732620321, 1.2222222222222223, 1.0230305564266053, 1.0, 1.0, 1.4, 1.0, 1.0055005797179604, 22.0, 1.236842105263158, 2.1, 1.1538461538461537, 7.333333333333333, 1.0, 1.0, 1.0, 1.0, 2.0, 1.0, 1.0, 1.0, 3.3333333333333335, 4.076923076923077, 1.0, 1.1120956109622913, 2.0, 1.0054002297970126, 1.0, 1.3333333333333333, 4.0, 1.1045655375552283, 1.0, 1.0, 4.8, 1.0, 1.0092709849998307, 1.0281491907107672, 1.0, 1.0067177116440336, 7.5, 1.1510190444370196, 1.0, 3.0, 1.0, 1.0, 1.0, 3.0, 1.0, 1.1461910318386397, 1.0, 1.0, 22.0, 1.0173440872810027, 1.0, 1.0347490347490347, 1.088572152183701, 2.0, 1.2148760330578512, 3.5656565656565657, 1.4317771227536369, 1.0, 1.0, 18.0, 1.0, 2.25, 1.0, 1.0, 1.0, 1.0, 1.3390092879256965, 2.3333333333333335, 1.5, 1.5333333333333334, 1.0, 18.0, 1.1724137931034482, 1.0, 1.0, 1.0, 1.0, 18.0, 10.5, 1.0, 1.6666666666666667, 3.1, 1.0, 1.0, 1.0276023630067224, 1.0452250028055212, 1.3703703703703705, 1.0, 1.0502793296089385, 1.0, 17.0, 1.0, 1.0, 1.5714285714285714, 18.0, 2.4761904761904763, 1.0, 3.0, 3.5, 1.050465516218941, 1.0244482621910929, 1.0, 2.0, 8.0, 1.0, 2.0, 1.108695652173913, 1.0, 1.180349932705249, 3.3333333333333335, 1.6352201257861636, 21.0, 1.0, 1.0264550264550265, 1.0, 1.024390243902439, 1.1693811074918568, 1.2857142857142858, 1.0, 1.0363984674329503, 1.1791383219954648, 2.0, 1.0, 1.012218002104974, 1.75, 1.3333333333333333, 1.0, 2.125, 1.0, 1.0, 1.0, 3.3076923076923075, 1.3333333333333333, 1.2378580323785804, 10.666666666666666, 1.0, 1.0241545893719808, 1.0, 1.3866666666666667, 1.0060827250608273, 1.0, 1.0, 1.5, 1.0311804008908685, 1.518716577540107, 1.0262822693576588, 1.5, 1.0456852791878173, 1.0, 1.6666666666666667, 2.1159420289855073, 1.0, 1.174074074074074, 28.0, 2.1396648044692737, 1.0, 1.0, 1.8823529411764706, 5.25, 1.0, 1.0, 1.1, 1.0, 3.0, 1.0, 1.0, 1.0833333333333333, 1.0, 1.6666666666666667, 1.0, 1.0, 1.08, 2.0, 1.0, 2.1666666666666665, 4.4, 1.0, 1.0, 1.0, 1.0, 1.0, 1.2222222222222223, 1.0, 1.0, 1.219452139119729, 2.5, 1.0, 1.0471793777018732, 23.0, 1.0, 1.0, 1.0, 1.0337443218689162, 1.0, 3.0, 14.0, 1.0, 1.206225680933852, 18.0, 1.0869565217391304, 1.5426829268292683, 2.0, 1.0395460797799174, 1.1031746031746033, 1.0, 1.0606060606060606, 1.0, 1.0, 10.0, 2.8333333333333335, 1.0, 1.0, 1.0, 1.0, 1.0, 1.0538461538461539, 2.2, 1.2098765432098766, 6.0, 1.0, 17.0, 1.6020408163265305, 1.3241758241758241, 1.0224137560759103, 3.0, 1.5139442231075697, 1.030612244897959, 1.0338276749601667, 2.1538461538461537, 1.707070707070707, 15.0, 1.2725598526703499, 2.0, 2.7333333333333334, 1.0623437763567496, 1.0, 1.0071578595387622, 1.009619588981198, 1.007774610343934, 1.0, 1.25, 2.0, 1.0337078651685394, 23.0, 2.0, 1.0, 1.1416122004357299, 22.0, 1.0669856459330143, 1.0, 1.0, 1.4027777777777777, 1.6666666666666667, 1.0, 1.0, 1.0, 4.25, 1.0, 1.2068145800316956, 1.0, 1.0, 1.0, 1.0, 1.024166288280107, 1.0, 2.5, 2.5444630872483223, 1.0, 1.1666666666666667, 1.0, 1.0, 1.0026187702124416, 3.6666666666666665, 1.1379310344827587, 1.0, 1.0, 1.0230714066181743, 1.062493879869176, 1.0, 6.0, 28.0, 2.0, 1.0, 2.142857142857143, 1.0175559468218123, 1.0, 1.4224030037546933, 1.33, 1.0, 1.0, 1.2, 1.1, 23.0, 2.0, 1.3017118402282453, 1.0232926334988348, 1.4, 1.0062893081761006, 1.037037037037037, 1.0, 1.0, 1.0, 1.017930808175511, 3.0, 1.0, 1.2554291623578075, 20.0, 1.0, 1.0049751243781095, 1.0, 1.0, 1.12, 2.3333333333333335, 1.3529411764705883, 1.2916666666666667, 1.0968, 1.0, 27.0, 2.0, 1.0, 1.0, 1.0268312455869661, 1.0, 1.0, 1.0665301944728762, 1.042622950819672, 1.0, 1.0, 1.0, 1.0, 1.2608695652173914, 20.0, 1.4499437570303713, 1.0202246778964867, 1.0, 2.0, 1.0042735042735043, 1.0, 1.0, 1.0, 1.9473684210526316, 1.0, 1.0, 1.0, 2.588235294117647, 1.380952380952381, 1.0882132132132132, 1.0, 4.6, 1.0, 1.0515463917525774, 1.0, 2.0, 1.0, 1.0, 1.0, 1.09358423017311, 1.2142857142857142, 2.0, 1.3125, 1.0, 22.0, 25.0, 2.230769230769231, 1.0, 1.009433962264151, 1.0717703349282297, 2.0, 1.5, 1.0, 1.1236979166666667, 17.0, 1.1111111111111112, 1.116504854368932, 1.0, 1.0710782689376366, 1.7548387096774194, 3.05, 1.0, 18.0, 1.0, 1.0, 1.0, 22.0, 1.2760663507109005, 1.1304347826086956, 2.0, 2.0, 1.0, 1.0655141037306641, 1.0, 15.0, 1.25, 17.0, 1.2101769911504425, 21.0, 1.0, 1.7511737089201878, 2.0, 1.0302421326883575, 1.0, 1.0, 1.2199000454338937, 2.0, 1.0, 1.2442748091603053, 1.4642857142857142, 23.0, 1.096774193548387, 1.3096590909090908, 2.0, 2.0, 1.3333333333333333, 1.1603773584905661, 1.0, 1.9734513274336283, 1.0, 1.1717791411042944, 1.0, 3.0, 1.0632281393819856, 2.3333333333333335, 1.0507287063935746, 1.1604938271604939, 1.0, 1.5, 3.1944444444444446, 1.0, 1.2142857142857142, 1.1176470588235294, 1.65, 1.0399467376830893, 1.0, 1.0, 1.0, 1.1478439425051334, 1.5, 1.8636363636363635, 1.1498995800620777, 1.0, 19.0, 2.0, 1.0, 1.0, 1.0, 1.0, 1.0, 1.5, 1.0, 1.0, 1.0, 1.0972972972972972, 1.0145022678443543, 1.5615079365079365, 1.0, 1.0, 1.1764705882352942, 2.0, 16.0, 18.0, 1.0, 1.0, 1.0, 1.0, 1.0125305623471883, 1.0, 8.5, 1.1114589855979962, 1.0, 1.0, 1.0, 2.0, 1.5, 1.0, 1.0, 1.0, 1.0, 2.2, 2.2389380530973453, 1.0317164179104477, 1.0, 1.0, 1.0, 1.002350216876631, 1.0, 1.0, 1.0, 3.55, 1.06852541585506, 1.0, 1.0, 1.4444444444444444, 1.0053285968028418, 1.0, 1.0, 1.0, 1.0, 1.0, 1.299671052631579, 1.0, 2.0, 1.0530050083472453, 1.0, 1.0, 1.0212981744421907, 1.0, 1.0116481602438494, 1.0, 1.0, 1.8518518518518519, 1.3269230769230769, 1.0, 1.0, 1.0, 1.1428571428571428, 1.0, 1.008697941643864, 1.1876073553076465, 1.0, 21.0, 1.8125, 1.0, 1.1666666666666667, 1.8, 1.0, 1.0, 1.0127662456401747, 1.0, 1.0, 11.0, 1.8656716417910448, 1.4042553191489362, 1.1123595505617978, 1.2372013651877134, 1.0, 1.7311320754716981, 1.325, 1.6296296296296295, 17.0, 3.0, 1.0, 1.0, 1.0, 1.2839506172839505, 1.0, 1.060931899641577, 1.0, 15.0, 1.0, 22.0, 1.1556603773584906, 1.0, 3.6, 1.0, 1.0, 1.390625, 1.0, 1.0, 1.0, 1.0662760893445624, 1.0648148148148149, 2.0, 1.5555555555555556, 1.2115384615384615, 1.0, 1.24, 1.0, 1.5, 20.0, 1.0, 24.0, 1.1860718171926006, 6.75, 1.0, 4.0, 1.0065359477124183, 1.0061812862737696, 1.0, 1.0, 1.0281803542673107, 1.0124272871496562, 1.0461538461538462, 1.2857142857142858, 19.0, 1.0, 1.0776439089692103, 14.5, 3.016949152542373, 1.0, 1.0, 4.0, 1.302325581395349, 1.0, 2.3142857142857145, 1.0, 1.0, 1.0909090909090908, 16.0, 3.0, 2.0, 1.0, 1.0326541008660215, 3.1206896551724137, 1.348676293622142, 1.0, 1.0, 3.0, 13.0, 1.0, 1.0, 1.0, 1.0, 3.0, 1.0, 2.0, 1.5, 1.417142857142857, 1.0, 1.0603933336905846, 1.0, 1.0, 1.5, 1.2127659574468086, 3.0, 1.5, 1.0, 1.0, 1.0, 1.15, 1.0338461538461539, 1.5, 1.0, 1.0, 1.0, 1.0, 1.0, 1.0341753343239228, 1.0, 1.0, 15.0, 1.0, 1.7362768496420047, 1.0954916577919773, 1.0, 1.0, 1.0297029702970297, 1.72, 2.0, 1.3786407766990292, 1.0, 1.0, 1.0, 1.0, 1.0, 2.0, 2.0, 1.0, 1.3511450381679388, 1.009697256385998, 1.0, 1.0, 1.297945205479452, 1.0, 1.4736842105263157, 1.0, 1.5, 1.0, 1.0370640651405747, 1.2916666666666667, 1.0, 1.0, 1.0673712021136064, 1.0107028184088476, 1.0, 1.5, 22.0, 1.2609819121447028, 1.0, 1.0719174956648718, 2.659090909090909, 1.214990798059227, 1.4761904761904763, 1.0859928541149397, 1.0, 1.173015873015873, 1.6666666666666667, 1.0, 1.0, 1.0, 2.0, 1.2727272727272727, 20.0, 15.0, 1.0, 20.0, 1.0, 1.0, 1.0, 1.7204301075268817, 3.0, 1.0, 21.0, 1.040249433106576, 1.5714285714285714, 1.0, 2.0, 1.1697303921568627, 2.4166666666666665, 1.0, 1.375, 1.0, 1.0, 1.0, 1.0, 1.5, 1.0, 2.7142857142857144, 2.5, 6.5, 1.0, 1.1111111111111112, 1.3986013986013985, 1.0, 1.2029613578909353, 1.0, 1.0, 1.0, 15.0, 1.0920810313075506, 1.0, 1.0, 1.0, 1.0, 1.0, 1.0, 1.0, 1.0, 1.0, 1.0, 1.0, 1.0, 1.183966065747614, 1.0, 1.0, 1.0, 1.0, 1.0, 1.1, 1.0, 1.0, 2.5, 1.0, 1.0, 1.0, 2.0, 1.0, 1.03125, 1.0308126875772377, 19.0, 1.0167364016736402, 2.0, 1.2231404958677685, 1.0, 1.1146039603960396, 1.0, 2.0, 1.4959390862944162, 1.0, 1.0, 18.0, 3.6666666666666665, 1.2609625668449198, 1.0, 1.007606457384027, 1.028928158871384, 1.2105263157894737, 22.0, 1.0, 16.0, 1.0, 1.0, 1.0, 23.0, 1.0, 1.2, 2.0, 1.0, 1.0, 1.0, 1.060798656913299, 1.1290322580645162, 1.0, 1.0, 2.3846153846153846, 1.2579787234042554, 1.0, 2.0, 1.0142144799896387, 1.1111111111111112, 1.5846560846560847, 1.0, 1.0, 1.0, 1.5, 1.4516129032258065, 2.0, 1.2355342563010294, 1.0, 1.0, 1.571738835346817, 18.0, 1.1823899371069182, 1.3692307692307693, 1.5, 2.0, 1.3015873015873016, 1.0, 1.5, 1.0681818181818181, 1.0, 1.0, 1.0088805847117657, 1.0, 2.0, 1.0549102428722281, 2.0, 1.0, 1.0, 2.25, 1.526027397260274, 1.0, 1.3063955044153064, 1.5, 1.0, 1.0, 1.0, 1.0, 1.0, 1.0, 2.0, 2.3666666666666667, 1.0, 1.055, 1.0, 1.0020409430931823, 1.0, 1.0, 1.0, 1.0, 1.0, 2.8333333333333335, 1.0909090909090908, 1.0, 1.0, 2.0, 1.0182481751824817]
origin-forest_43.39 	max: 28.0000	99th: 22.0100	95th: 17.0000	median: 1.0307	mean: 2.6321

...Done, result: results.csv

WORKLOAD-FINISHED | Type: QueryWorkload | Progress: 3/3 | Workload-time: 61.824514 | Model-update-time: 0.000000


Experiment Summary: #data-update-times=1, #drift=1 | total-time=129.734908