Input arguments = Namespace(data_update='tupleskew', update_size=100000, dataset='forest', debug=False, drift_test='js', model_update='adapt', model='naru', end2end=False, query_seed=0, random_seed=42, num_workload=3)
JSON-passed parameters = {'data_updater': {'skew_ratio': '1e-2'}, 'random_seed': 15, 'naru': {'epochs': 0}}
MODEL-PATH=/home/kangping/code_copy/SAUCE/models/end2end/naru/origin-forest-16.5MB-model62.533-data19.148-200epochs-seed0.pt
DATASET-PATH=/home/kangping/code_copy/SAUCE/data/forest/end2end/forest.npy
Workloads: ['QueryWorkload', 'DataUpdateWorkload', 'QueryWorkload']

WORKLOAD-START | Type: QueryWorkload | Progress: 1/3
Going to run: ['python', '/home/kangping/code_copy/SAUCE/Naru/eval_model.py', '--dataset=forest', '--model=naru', '--query_seed=0', '--end2end', '--eval_type=first_estimate', '--num_workload=3', '--data_update=tupleskew', '--model_update=adapt', '--random_seed=42']
Torch device: cuda:1
GET-MODEL-PATH=./models/end2end/naru/origin-forest-16.5MB-model62.533-data19.148-200epochs-seed0.pt
ckpts [PosixPath('/home/kangping/code_copy/SAUCE/models/end2end/naru/origin-forest-16.5MB-model62.533-data19.148-200epochs-seed0.pt')]
Validate Argument: DATASET="forest" is valid.
load_csv_dataset - forest (581012, 10)
Parsing... done, took 0.0s
Loading ckpt: /home/kangping/code_copy/SAUCE/models/end2end/naru/origin-forest-16.5MB-model62.533-data19.148-200epochs-seed0.pt
query_seed:0
origin-forest_43.39 	max: 31.0000	99th: 4.0025	95th: 2.5000	median: 1.0033	mean: 1.3544
ReportEsts: [1.0, 1.173832271762208, 1.0, 1.84375, 2.6666666666666665, 1.0, 1.1851851851851851, 1.0, 1.6995073891625616, 1.0, 1.0298507462686568, 3.0, 1.0, 1.0, 3.0, 1.0593337246844732, 1.0, 1.4285714285714286, 1.1041666666666667, 1.0, 1.0, 3.0, 1.8181818181818181, 1.2, 2.2, 1.0, 1.0326825354372826, 1.3, 3.0, 1.3861671469740633, 1.0, 1.0032341526520052, 2.8, 1.0, 1.6338028169014085, 1.0066170388751035, 1.1081777205408887, 1.0, 1.16008316008316, 1.0, 2.0, 1.0, 1.2142857142857142, 1.0, 1.4390243902439024, 1.094170403587444, 1.0, 2.0, 1.0, 1.0, 3.0, 1.0583520809898763, 1.0, 1.0, 6.0, 1.080568720379147, 1.034934497816594, 1.3235294117647058, 1.0, 1.0, 1.057679180887372, 10.0, 1.0, 1.1442922374429223, 1.2292993630573248, 1.0, 1.401759530791789, 1.5247524752475248, 1.4578313253012047, 1.0, 2.0, 1.0, 1.1940298507462686, 1.0721280404338212, 2.0, 1.5, 1.0, 1.0, 1.0, 1.0, 1.0, 2.0, 1.0020813659927923, 2.3333333333333335, 1.0, 1.0, 1.0, 1.3333333333333333, 1.0515414546542952, 1.0, 4.0, 1.2608695652173914, 1.0, 1.099264705882353, 1.0, 1.0, 1.0509911894273127, 1.0852534562211982, 1.0, 1.0, 1.0, 1.0, 1.0, 1.0, 1.0275862068965518, 1.0, 1.0, 1.0, 1.0222222222222221, 1.0, 1.0070921985815602, 1.0, 1.0, 1.015193719929096, 1.0103092783505154, 2.0, 1.0, 2.0, 1.0, 1.0, 1.0, 2.0, 3.0, 1.0, 1.1054613935969868, 1.2857142857142858, 1.0, 1.2222222222222223, 1.0, 1.0, 1.0, 1.134375, 1.0789517215303541, 2.0, 2.75, 1.0, 1.0, 2.0, 1.0441356763383736, 1.0793650793650793, 1.0363999002742459, 1.0, 1.0, 1.0, 1.0, 1.0111132860597718, 1.0, 1.1666666666666667, 1.6551724137931034, 1.1818181818181819, 1.3461538461538463, 1.0, 1.0, 1.0, 1.0, 2.0, 2.0, 1.0, 1.0, 3.0, 2.909090909090909, 1.0, 1.1579766536964982, 4.0, 1.0485824449988659, 1.0, 2.0, 2.0, 1.0880281690140845, 1.0, 1.0, 1.0, 1.3434343434343434, 1.7058823529411764, 1.0, 1.0, 1.2705314009661837, 1.0, 1.198314606741573, 1.0, 1.3717948717948718, 1.0, 1.0, 1.0455111701685906, 1.0, 1.1319681456200228, 1.0, 1.0, 2.0476190476190474, 1.0682643576748672, 1.0, 1.091743119266055, 2.090909090909091, 1.0, 1.0, 1.0, 1.0, 1.8055555555555556, 1.0, 1.1504914004914004, 1.1029690461149715, 1.0, 1.0, 1.0, 2.0, 31.0, 1.0283687943262412, 1.0, 1.0, 1.0, 1.0, 1.0, 1.0, 1.0, 1.0, 1.0, 1.0, 1.0, 1.0, 1.0, 1.0, 1.1971527892732992, 3.0, 1.0, 1.391304347826087, 1.0, 1.0596026490066226, 1.0, 1.0904436860068258, 1.0, 1.0, 1.0, 1.8333333333333333, 2.0, 1.1818181818181819, 1.0, 3.0, 1.0, 1.0304355833870522, 1.0164059519267454, 1.0, 1.3333333333333333, 1.5, 1.003419452887538, 1.3243243243243243, 1.1428571428571428, 1.0, 1.1321928460342146, 10.0, 1.1241438356164384, 1.0, 1.0, 1.0988372093023255, 1.0, 1.438235294117647, 1.2100403923831506, 1.2142857142857142, 1.0, 1.0417582417582418, 1.0995145631067962, 4.0, 1.0, 1.092732653732325, 1.25, 2.0, 1.0, 1.875, 1.0, 1.0, 1.0, 1.3571428571428572, 1.3333333333333333, 1.2080173347778982, 2.0, 1.0, 1.170481831279014, 1.2857142857142858, 2.0, 1.12, 1.0, 1.5, 1.0, 1.2222222222222223, 1.0, 1.0, 1.0, 1.0, 1.0, 1.2416107382550337, 1.0, 1.25, 1.0, 1.0, 1.0, 1.0, 1.5705950991831972, 1.6238532110091743, 1.0266469282013324, 1.5433526011560694, 1.0, 1.1439114391143912, 1.0, 1.0, 3.0, 1.0, 1.1266666666666667, 1.0, 1.0, 1.0, 1.125, 2.0, 1.0, 1.0909090909090908, 1.0, 1.0, 1.0, 1.0, 1.0, 1.0, 1.2, 1.0, 1.0, 1.099209486166008, 2.5, 1.0, 1.0838734767954368, 1.0, 1.0, 1.0, 1.0, 1.3977777777777778, 1.0, 3.0, 1.0, 1.3333333333333333, 1.12565445026178, 1.0, 1.1363636363636365, 1.5, 1.0, 1.1420345489443378, 1.009009009009009, 1.0, 1.09375, 1.5, 1.3333333333333333, 10.0, 1.5, 1.0, 1.0, 1.0, 1.0, 1.0, 1.1724137931034482, 1.8333333333333333, 1.1358024691358024, 1.0, 1.0, 1.0, 1.0, 1.5019762845849802, 1.1, 1.209090909090909, 1.4209055031791273, 1.0523135120173455, 1.0279187817258884, 1.0339641601071847, 1.1041666666666667, 1.0, 1.7793427230046948, 2.0, 1.1491024898668212, 1.016958219654416, 1.0, 1.0006729228096363, 1.0474033906385007, 1.0026997605051164, 1.0, 1.25, 1.0, 1.0256410256410255, 1.0, 1.0, 1.039301310043668, 2.3181818181818183, 1.0, 2.5757575757575757, 1.0, 1.1317608173076923, 1.0, 1.1111111111111112, 1.5555555555555556, 1.0, 1.0, 4.25, 1.0, 1.1821561338289963, 1.0, 1.0, 1.0, 1.0, 1.0070867511086634, 1.0, 2.0, 1.2073490813648293, 1.222397476340694, 1.0353982300884956, 1.10530679933665, 1.375, 1.0439568268442987, 1.0029585798816567, 7.333333333333333, 1.0, 1.0, 1.0293743855358128, 1.058230400806655, 1.0, 2.75, 1.0, 1.0, 1.0, 1.0, 1.0, 1.0, 1.0, 1.038328453553367, 1.6666666666666667, 1.369138959931799, 1.0, 1.0, 2.0, 1.009090909090909, 1.0011348756001746, 1.2, 1.0229709035222052, 1.3333333333333333, 1.0, 1.0, 1.0, 1.0222319811165395, 2.5, 1.0, 1.2799760191846523, 1.0, 2.111111111111111, 1.0, 1.0, 1.0, 1.0327264782988639, 1.0, 1.0, 1.0, 1.1111111111111112, 1.37, 1.0391432791728212, 3.1818181818181817, 1.0, 1.0, 1.0333333333333334, 1.25, 2.0, 1.1673940949935815, 1.0, 1.3, 1.0, 1.0, 1.1, 1.0, 1.0, 1.1111111111111112, 1.0103551374608035, 1.016096762459076, 1.1691176470588236, 1.048780487804878, 1.0, 1.0, 1.0909090909090908, 1.0, 1.0197361247410315, 1.2307692307692308, 3.0, 1.5, 1.1900369003690037, 1.4786096256684491, 1.0, 1.0139457584662075, 1.2, 1.0, 1.0193801340308335, 2.5, 1.0434782608695652, 1.0, 1.0, 1.0, 1.0933083690271614, 1.0714285714285714, 2.0, 1.24, 1.0, 2.0, 1.0, 1.4054054054054055, 1.0, 1.2119205298013245, 1.0057309116557926, 2.0, 1.5, 1.0, 1.021865889212828, 2.0, 20.0, 1.0404040404040404, 1.0, 1.0145260641721063, 1.1538461538461537, 1.3888888888888888, 1.0, 1.6666666666666667, 1.0, 2.0, 1.0032695765898316, 2.0, 4.0, 1.1634491634491635, 1.4, 1.0, 1.0361344070060858, 1.0, 2.3333333333333335, 1.0, 2.0, 1.0, 1.0280898876404494, 1.0, 2.0, 1.4, 1.0001761860524714, 1.3092105263157894, 1.4337349397590362, 1.4666666666666666, 2.7037037037037037, 2.0, 1.5263157894736843, 1.1085899513776336, 1.0, 1.0, 1.1025641025641026, 1.1924198250728864, 2.0, 2.0, 1.6, 1.3666666666666667, 1.0, 1.9684210526315788, 1.0, 1.3159203980099503, 1.0, 3.0, 1.0042087892539617, 6.0, 1.0149654452344254, 2.3333333333333335, 1.0, 3.0, 1.4166666666666667, 1.5, 2.0, 1.0036764705882353, 1.0, 1.0, 1.0, 1.0, 1.0, 1.0, 2.0, 1.118421052631579, 1.0, 1.0, 2.0, 1.0, 1.0, 1.0, 1.0, 1.0, 2.0, 1.0, 1.0, 1.0, 1.9933333333333334, 1.46, 2.0, 1.05, 1.0, 1.0, 1.4, 1.0139317983095308, 1.6470588235294117, 1.0, 1.0, 1.0, 1.0, 1.035600016200235, 1.0, 1.0, 1.0291169451073985, 1.0493237867939538, 1.0851063829787233, 2.0, 1.0, 1.0, 1.0, 1.542857142857143, 2.0, 1.0, 1.0, 1.302771855010661, 1.0, 1.044395116537181, 1.0, 1.0, 1.0056363636363637, 1.0, 1.0, 1.0, 2.3333333333333335, 1.033361553275219, 1.0, 1.0, 1.625, 1.19559902200489, 1.0, 1.0, 1.0, 1.0, 1.0, 1.110897189064305, 1.0, 2.0, 1.0741212429954152, 1.0, 1.0, 1.0614117647058823, 1.0, 1.0043240493450336, 1.0, 1.0, 1.4132231404958677, 1.032279534109817, 1.8181818181818181, 1.0461538461538462, 1.0, 1.0, 1.25, 1.1068741016318593, 1.0, 1.0, 1.0, 1.0, 1.6, 1.0, 1.0, 1.5, 1.1573783359497645, 1.0, 1.0, 1.0, 1.5, 1.0, 1.2, 1.0619469026548674, 1.0, 1.0, 1.0, 1.0, 1.0, 1.0, 1.5, 1.0, 1.0, 1.0, 1.0, 1.0, 4.0, 1.1315302491103203, 1.2671755725190839, 1.0, 2.0, 1.5, 1.0630975143403443, 1.0, 1.0, 1.0, 2.0, 1.0, 1.08584686774942, 1.065217391304348, 2.357142857142857, 1.0240667976424362, 1.0, 3.8333333333333335, 1.0, 1.08, 1.0, 2.0, 1.0, 1.0, 1.0, 1.01698670605613, 2.6666666666666665, 1.0, 4.0, 1.0296296296296297, 1.0289242407386807, 1.0, 1.0, 1.1368861024033439, 1.0098129408157006, 1.3582089552238805, 1.5, 1.0, 1.0, 1.046582526755639, 1.0, 2.6666666666666665, 1.0, 1.0, 1.6666666666666667, 1.1371629542790151, 1.0, 1.0, 1.0714285714285714, 1.0, 1.0, 1.0, 1.2, 1.0, 1.268552036199095, 1.0386784850926671, 2.0, 1.0, 1.0, 3.0, 1.0, 1.0, 1.0, 1.0, 1.0, 2.0, 1.0, 2.0, 1.5, 1.1979865771812082, 1.0, 1.0106868395773294, 1.0, 1.0, 1.0588235294117647, 1.0816955684007707, 3.0, 1.5, 1.0, 1.0, 1.0, 1.8214285714285714, 1.1225540679711636, 1.0, 1.0, 1.0, 1.0, 1.0, 1.0, 1.0166320166320166, 1.0, 1.0, 1.0, 1.0, 1.5340086830680173, 1.083471760797342, 1.0, 1.0, 1.10828025477707, 1.44, 2.0, 1.4759036144578312, 1.0, 1.0, 1.0, 1.0, 1.0, 1.4545454545454546, 2.0, 1.0, 1.3890577507598785, 1.0153083539874617, 1.2, 1.0, 1.0, 1.0, 1.0, 2.6, 1.0, 1.0, 1.1773879142300194, 1.0, 1.0, 2.0625, 1.3333333333333333, 1.8888888888888888, 1.0, 1.2053941908713692, 1.0, 1.0, 3.0, 1.0, 1.0, 1.114864864864865, 1.0, 1.5526315789473684, 1.0, 3.6666666666666665, 1.0, 1.0, 2.0, 1.4, 1.0, 1.0, 1.0, 1.5, 1.1494252873563218, 1.0, 1.0, 1.3249651324965133, 1.0345360101081005, 1.0, 1.0, 1.0, 1.0861168183152334, 1.0, 4.25, 1.0, 1.0660051768766177, 2.0, 1.0, 1.3076923076923077, 1.3333333333333333, 1.6666666666666667, 1.088539104771274, 1.0, 2.6470588235294117, 1.0, 1.0, 2.5, 1.0, 1.0, 1.0, 1.6, 1.6666666666666667, 1.0, 1.0, 1.5, 1.0, 1.125, 1.0, 2.0, 1.0, 1.3333333333333333, 1.0, 1.0, 1.0, 1.0, 1.0, 1.0, 1.0, 1.0, 1.1423423423423424, 2.0, 1.0, 1.0, 1.0, 1.0, 1.246031746031746, 1.5, 1.0, 1.1549907005579665, 1.0, 1.2437046521553563, 1.0, 1.063662374821173, 1.0, 1.0, 1.3043478260869565, 1.8571428571428572, 1.0, 1.0, 1.368421052631579, 1.0185026636225267, 1.0, 2.0, 1.441142857142857, 1.0, 1.0, 1.0, 2.0, 1.018760146713968, 1.0, 1.8571428571428572, 1.0, 1.018181818181818, 1.0, 1.0, 1.0, 1.0, 1.0, 1.0, 1.0, 1.0, 1.5, 2.0, 1.0, 1.0, 1.0, 1.0700842696629214, 1.1458985597996243, 1.0, 1.0, 1.3333333333333333, 1.047872340425532, 1.0, 2.0, 1.0001140510948905, 1.2, 1.1956521739130435, 1.0, 1.0, 1.0, 1.5, 3.4615384615384617, 1.0, 1.2525927155065129, 1.0, 1.0, 1.5009454774661204, 1.0, 1.0416666666666667, 1.0, 1.0, 1.5, 1.295373665480427, 1.0, 1.0, 1.6170212765957446, 1.027914917436328, 1.0, 1.5555555555555556, 2.0, 1.0, 1.123637207144514, 2.0, 1.75, 1.0, 1.1475409836065573, 1.0, 1.02626582278481, 1.5, 1.0, 1.0, 1.0, 1.0, 1.0, 1.0, 2.0, 2.04, 1.0, 1.1907332433648223, 1.0, 1.0125290170763508, 1.0, 1.0, 1.0, 1.0, 1.0, 1.0810810810810811, 1.1618572927597062, 2.0, 1.1951612903225806, 1.0, 1.3879772542648254, 1.1153846153846154, 2.0, 1.0508474576271187, 1.3909090909090909, 2.0, 1.0, 1.0, 1.0394295302013423, 1.0, 1.0, 1.0149700598802396, 2.0, 1.0]
origin-forest_43.39 	max: 31.0000	99th: 4.0025	95th: 2.5000	median: 1.0033	mean: 1.3544

...Done, result: results.csv

WORKLOAD-FINISHED | Type: QueryWorkload | Progress: 1/3 | Workload-time: 61.503273 | Model-update-time: 0.000000


WORKLOAD-START | Type: DataUpdateWorkload | Progress: 2/3
Going to run: ['python', '/home/kangping/code_copy/SAUCE/Naru/eval_model.py', '--model=naru', '--data_update=tupleskew', '--dataset=forest', '--drift_test=js', '--end2end', '--update_size=100000', '--query_seed=0', '--eval_type=drift']
Torch device: cuda:1
GET-MODEL-PATH=./models/end2end/naru/origin-forest-16.5MB-model62.533-data19.148-200epochs-seed0.pt
GET-DATASET-PATH=./data/forest/end2end/forest.npy
TupleSkewSample - START
0.01
TupleSkewSample - END
load_npy_dataset_from_path - df.shape = (681012, 10)
Parsing... done, took 0.1s
Data updated!
Previous data size: (581012, 10), new data size: (100000, 10)
[3.5762787e-07 4.1723251e-07 2.3841858e-07 1.1324883e-06 1.7881393e-06
 1.8477440e-06 2.9802322e-07 4.3511391e-06 8.9406967e-07 1.8477440e-06]
Distance score: 1.3172626722735004e-06
SAUCE Drift detection: True
Detection latency: 0.0662s

DRIFT-DETECTED after 2-th workload
Going to run: ['python', '/home/kangping/code_copy/SAUCE/Naru/incremental_train.py', '--dataset=forest', '--end2end', '--model=naru', '--model_update=adapt', '--update_size=100000', '--epochs=0']
Torch device: cuda:1
GET-MODEL-PATH=./models/end2end/naru/origin-forest-16.5MB-model62.533-data19.148-200epochs-seed0.pt
update_size: 100000
AdaptTask - START
GET-DATASET-PATH=./data/forest/end2end/forest.npy
load_npy_dataset_from_path - df.shape = (681012, 10)
Parsing... done, took 0.1s
done, took 0.1s
dataset size: 681012
train data shape: torch.Size([100000, 10]), transfer data shape:torch.Size([20000, 10])
Training done; evaluating likelihood on full data:
Epoch None Iter 0, test loss 42.7133 nats / 61.6223 bits
Saved to: /home/kangping/code_copy/SAUCE/models/end2end/naru/origin-forest-16.5MB-model62.533-data19.148-200epochs-seed0.pt
AdaptTask - END

WORKLOAD-FINISHED | Type: DataUpdateWorkload | Progress: 2/3 | Workload-time: 2.243970 | Model-update-time: 4.716931


WORKLOAD-START | Type: QueryWorkload | Progress: 3/3
Going to run: ['python', '/home/kangping/code_copy/SAUCE/Naru/eval_model.py', '--dataset=forest', '--model=naru', '--end2end', '--query_seed=0', '--eval_type=estimate', '--num_workload=3', '--data_update=tupleskew', '--model_update=adapt', '--random_seed=42']
Torch device: cuda:1
GET-MODEL-PATH=./models/end2end/naru/origin-forest-16.5MB-model62.533-data19.148-200epochs-seed0.pt
ckpts [PosixPath('/home/kangping/code_copy/SAUCE/models/end2end/naru/origin-forest-16.5MB-model62.533-data19.148-200epochs-seed0.pt')]
Validate Argument: DATASET="forest" is valid.
data size: 681012, total size: 681012, split index: [567510 681012]
Parsing... done, took 0.1s
Loading ckpt: /home/kangping/code_copy/SAUCE/models/end2end/naru/origin-forest-16.5MB-model62.533-data19.148-200epochs-seed0.pt
query_seed:0
origin-forest_43.39 	max: 30.0000	99th: 25.0000	95th: 18.0000	median: 1.0307	mean: 2.7640
ReportEsts: [1.0, 1.1973564266180492, 1.0, 1.7352941176470589, 2.0, 1.0, 1.5298245614035089, 1.0, 1.504201680672269, 1.0, 1.1492537313432836, 1.1351025331724969, 1.0, 1.0, 2.9523809523809526, 1.1125, 2.0, 29.0, 1.0392156862745099, 1.9230769230769231, 1.0, 15.0, 1.0, 1.0, 1.1356321839080459, 1.0, 1.0948097906222354, 2.0, 1.0, 1.5714285714285714, 2.0, 1.0, 1.0, 1.0, 1.0, 2.0, 1.0, 15.0, 1.0, 1.5, 2.0, 1.0, 1.2142857142857142, 1.0, 1.3701657458563536, 1.0076628352490422, 1.0, 2.0, 1.0, 1.0, 3.0, 1.0124948742070097, 1.0, 1.0, 3.0, 1.165938864628821, 1.1657546337157987, 1.588235294117647, 1.0, 24.0, 1.0102705048459424, 1.2, 16.0, 1.0, 1.0, 1.0901639344262295, 1.0800406555710838, 1.0, 2.0, 23.0, 21.0, 1.326241134751773, 1.0073551189653471, 1.0, 1.0, 1.2398753894080996, 1.0, 1.0, 1.0, 1.0, 17.0, 1.0, 2.0, 1.0029222773838975, 2.3333333333333335, 1.0833333333333333, 1.0, 1.0, 1.3333333333333333, 1.1061818545563669, 1.0, 16.0, 22.0, 1.124929520741039, 1.0350877192982457, 2.5185185185185186, 1.5416666666666667, 1.0, 1.0, 24.0, 1.0, 1.0, 1.0017435991557309, 1.8333333333333333, 2.0, 1.0, 1.0, 1.0, 1.0077117377603066, 1.5, 1.0, 1.0649350649350648, 1.0, 1.0, 1.0, 1.0, 1.0, 1.0, 1.0, 1.0, 1.0, 1.0065019505851756, 1.0, 1.0, 2.0, 3.0, 1.0, 1.4337722695584818, 1.2857142857142858, 1.0, 22.0, 1.0, 1.0, 1.0, 1.1424654404204273, 1.053828598410325, 2.0, 3.0, 1.0, 1.0, 2.0, 1.0175675675675675, 1.2222222222222223, 1.0440874309196542, 1.0, 1.0, 2.2, 1.0, 1.0155125320897034, 1.0, 1.4594594594594594, 1.6, 1.3076923076923077, 1.1883333333333332, 1.0, 1.0, 1.0, 1.0, 2.0, 1.0, 1.0, 1.0, 4.333333333333333, 2.4615384615384617, 1.0, 1.5888077858880778, 4.0, 1.0491892101087503, 1.0, 2.0, 3.0, 1.2033898305084745, 1.0, 1.0, 9.5, 1.0, 1.0303724494709758, 1.0322822822822824, 1.0, 1.0348320042447603, 1.2906976744186047, 1.0932126696832578, 1.0, 3.0, 1.0, 1.0, 1.0, 3.0, 1.0, 1.1933774834437085, 1.0, 1.0, 1.0, 1.0369313840354542, 1.0, 1.0859375, 1.1557971014492754, 18.0, 1.430232558139535, 1.018939393939394, 1.26718789835982, 1.0, 1.0, 13.0, 1.0, 2.5714285714285716, 1.0, 1.0, 1.0, 2.0, 1.1228157763354967, 2.3333333333333335, 4.8, 3.8333333333333335, 1.0, 20.0, 1.0147058823529411, 1.0, 1.0, 1.0, 1.0, 25.0, 2.2162162162162162, 1.0, 1.6666666666666667, 1.4, 1.0, 1.0, 1.065560583207642, 1.0743630938719302, 1.5405405405405406, 1.0, 1.0213478442863122, 1.0, 15.0, 1.0, 1.0, 1.5714285714285714, 18.0, 1.5961538461538463, 1.0, 3.0, 1.5, 1.0695172023219595, 1.0032067510548524, 1.0, 1.3333333333333333, 11.5, 1.0, 1.0, 1.5, 1.0, 1.144, 5.0, 1.302325581395349, 20.0, 1.0, 1.0659898477157361, 1.0, 1.325526932084309, 1.1948020982355747, 1.5555555555555556, 1.0, 1.0151006711409396, 1.0515021459227467, 4.0, 1.0, 1.0425810678021619, 6.666666666666667, 1.3333333333333333, 1.0, 2.125, 1.0, 1.0, 1.0, 1.6470588235294117, 1.3333333333333333, 1.070715249662618, 2.1144278606965172, 1.0, 1.0546666666666666, 1.0, 1.4722222222222223, 1.061611374407583, 1.0, 1.0, 1.5, 1.1267942583732058, 1.1598360655737705, 1.0255750450514256, 6.666666666666667, 1.0454545454545454, 1.0, 4.444444444444445, 2.208595387840671, 1.0, 1.3456221198156681, 15.0, 1.1485148514851484, 1.0, 1.0, 1.3333333333333333, 5.25, 1.0, 1.0, 1.075, 1.0, 3.0, 1.0, 1.0, 1.125, 1.0, 1.3333333333333333, 1.0, 1.0, 1.2413793103448276, 2.0, 1.0, 1.0833333333333333, 19.0, 1.0, 1.0, 1.0, 1.0, 1.0, 1.2222222222222223, 1.0, 1.0, 1.140024565713283, 2.5, 1.0, 1.121468765986472, 14.0, 1.0, 1.0, 1.0, 1.1064537591483699, 1.0, 3.0, 3.3333333333333335, 1.0, 1.3659574468085107, 24.0, 1.2840909090909092, 1.043859649122807, 2.0, 1.1632805219012115, 1.0155038759689923, 1.0, 1.5, 1.0, 1.0, 23.0, 16.0, 1.0, 1.0, 1.0, 1.0, 1.0, 1.4137931034482758, 1.375, 1.1568627450980393, 1.5, 1.0, 27.0, 1.51, 1.240418118466899, 1.0177166754384717, 3.0, 1.0712480170144518, 1.1666666666666667, 1.0148726075825918, 2.6923076923076925, 1.277027027027027, 25.0, 1.2113289760348585, 1.0, 1.6451612903225807, 1.0457016675550141, 1.0, 1.0009663241238143, 1.04635989010989, 1.028956943602183, 1.0, 1.25, 1.0, 1.15, 26.0, 2.0, 1.0, 1.0018939393939394, 23.0, 1.0265205091937766, 1.0, 1.0, 1.4305555555555556, 1.8333333333333333, 1.25, 1.0, 1.0, 4.25, 1.0, 1.154153354632588, 1.0, 1.0, 1.0, 1.0, 1.001499529073514, 1.0, 3.25, 2.7691250572606503, 1.0, 5.333333333333333, 1.0, 1.0, 1.002321778940484, 2.142857142857143, 2.019230769230769, 1.0, 1.0, 1.0283312385387262, 1.0447052849498066, 1.0, 2.2, 3.8181818181818183, 2.0, 1.0, 1.1984126984126984, 1.0106642911682362, 24.0, 1.762181818181818, 1.3289473684210527, 1.0, 1.0, 1.297979797979798, 1.1, 19.0, 2.0, 1.0956468424279584, 1.0020024875621891, 3.2857142857142856, 1.0591397849462365, 1.4736842105263157, 1.0, 1.0, 1.0, 1.0748027776465587, 3.0, 1.0, 1.3137508069722401, 18.0, 1.0, 1.0297029702970297, 1.0, 1.0, 1.0122699386503067, 2.3333333333333335, 1.6521739130434783, 1.2391304347826086, 1.0135849056603774, 1.0, 18.0, 2.0, 1.0, 1.0, 1.0478212882433446, 1.0, 1.0, 1.0132924335378324, 1.1751592356687899, 1.0, 1.0, 1.0, 1.0, 1.5689655172413792, 20.0, 1.2210059171597634, 1.0181939313185149, 1.0, 2.0, 1.275187969924812, 1.0, 1.0, 1.0, 1.7894736842105263, 1.0, 1.0, 1.0, 1.4444444444444444, 1.05, 1.0454492618853888, 1.0, 2.0, 1.0, 1.0198019801980198, 1.0, 2.0, 1.0, 1.0, 1.0, 1.091857239586746, 1.2142857142857142, 2.0, 1.24, 1.0, 10.5, 26.0, 1.6829268292682926, 1.0, 1.2122905027932962, 1.1072261072261071, 2.0, 1.5, 1.0, 1.0705128205128205, 23.0, 1.7, 1.3391304347826087, 1.0, 1.0393034746318297, 1.0486725663716814, 1.1904761904761905, 1.0, 29.0, 1.0, 1.0, 1.0, 25.0, 1.0601156069364162, 1.9166666666666667, 2.0, 2.0, 1.0, 1.0814117647058823, 1.0, 16.0, 1.6, 18.0, 1.0452517527087317, 18.0, 1.0, 1.4808510638297872, 2.0, 1.0276392287842382, 1.0, 1.0, 1.3507659799260434, 1.0, 1.0, 1.030674846625767, 25.0, 15.0, 1.086021505376344, 1.2992766726943943, 3.2, 2.0, 1.3333333333333333, 1.3679245283018868, 1.0, 1.5982905982905984, 1.0, 1.2100840336134453, 1.0, 2.4, 1.0800117693213025, 1.8, 1.076302924848786, 1.0851063829787233, 1.0, 3.0, 2.5194805194805197, 1.0, 1.607843137254902, 1.2352941176470589, 1.2189306358381502, 1.056664290805417, 1.0, 1.0, 1.0, 1.5376044568245126, 1.5, 1.0493623405851462, 1.2079172610556348, 1.0, 16.0, 2.0, 1.0, 1.0, 1.0, 1.0, 1.0, 1.5, 1.0, 1.0, 1.0, 1.1515151515151516, 1.0099335570028287, 1.234982332155477, 1.0, 1.0, 1.1764705882352942, 2.0, 22.0, 18.0, 1.0, 1.0, 1.0, 1.0, 1.0307919398578833, 1.0, 20.0, 1.0886392009987516, 1.0, 1.0, 1.0, 4.0, 1.5, 1.0, 1.0, 1.0, 1.0, 1.375, 1.1948717948717948, 1.013884603517433, 1.0, 1.0, 1.0, 1.0005173484169139, 1.0, 1.0, 1.0, 2.3333333333333335, 1.049974227634419, 1.0, 1.0, 1.1818181818181819, 1.128440366972477, 1.0, 1.0, 1.0, 1.0, 1.0, 1.0925129785853342, 1.0, 2.0, 1.066813671444322, 1.0, 1.0, 1.0644507498986624, 1.0, 1.0206163194444444, 1.0, 1.0, 23.0, 1.3631921824104234, 1.0, 1.0, 1.0, 1.1428571428571428, 1.0, 1.0105764891696751, 1.1817243813695852, 1.0, 20.0, 2.823529411764706, 1.0, 1.4, 2.8, 1.0, 1.0, 1.074887310476711, 1.0, 1.0, 15.0, 2.056603773584906, 1.2872340425531914, 1.7843137254901962, 1.1095890410958904, 1.0, 1.9423076923076923, 1.0196078431372548, 2.75, 25.0, 3.0, 1.0, 1.0, 1.0, 1.0471698113207548, 1.0, 1.170263788968825, 1.0, 18.0, 1.4, 15.0, 9.0, 1.0, 23.0, 1.0, 1.0, 1.078125, 1.0, 1.0, 1.0, 1.056691783279512, 1.0176991150442478, 2.0, 1.7692307692307692, 1.0, 1.0, 1.2666666666666666, 1.0, 1.5, 17.0, 1.0, 23.0, 1.020032310177706, 2.6, 1.0, 1.3333333333333333, 1.0512820512820513, 1.0145810350616336, 1.0, 1.0, 1.1136495083863505, 1.0181483429773803, 1.2412060301507537, 1.5, 22.0, 1.0, 2.0276162790697674, 1.7777777777777777, 4.0, 1.0, 1.0, 4.0, 1.0945945945945945, 1.0, 2.696969696969697, 1.0, 1.0, 1.0303030303030303, 11.0, 1.5, 2.0, 1.0, 1.068888888888889, 3.4035087719298245, 1.4138717030283294, 1.0, 1.0, 3.0, 20.0, 1.0, 1.0, 1.0, 1.0, 2.0, 1.0, 2.0, 1.5, 1.286549707602339, 1.0, 1.0169631287548593, 1.0, 1.0, 1.2, 1.049792531120332, 3.0, 1.5, 1.0, 1.0, 1.0, 1.7142857142857142, 1.1507936507936507, 3.0, 1.0, 1.0, 1.0, 1.0, 1.0, 3.8, 1.0, 1.0, 17.0, 1.0, 1.3261117445838084, 1.0975609756097562, 1.0, 1.0, 1.0, 1.0952380952380953, 2.0, 1.4378378378378378, 1.0, 1.0, 1.0, 1.0, 1.0, 1.6, 2.0, 1.0, 1.3907103825136613, 1.1018291018291018, 1.0, 16.0, 3.0, 1.0, 1.2173913043478262, 1.0, 1.5, 1.0, 1.0269835930784468, 1.0, 1.0, 1.0, 1.1234458259325044, 1.004750762249167, 1.0, 1.5, 21.0, 1.0059139784946236, 1.0, 1.0902961275626424, 1.8, 1.237187127532777, 1.9142857142857144, 1.067107629077832, 1.0, 1.1349693251533743, 1.3333333333333333, 1.0, 1.0, 1.0, 2.0, 1.1666666666666667, 28.0, 18.0, 1.0, 16.0, 1.0, 1.0, 1.0, 1.990566037735849, 3.0, 1.0, 28.0, 1.0751173708920188, 1.5098039215686274, 1.0, 1.0, 1.0278551532033426, 1.2526690391459074, 1.0, 1.4583333333333333, 1.0, 1.0, 1.0, 1.0, 1.8, 1.0, 5.2, 1.080220212347621, 15.0, 1.0, 1.1, 1.4642857142857142, 1.0, 1.141168040128986, 1.0, 1.0, 1.0, 21.0, 1.1032504780114722, 1.0, 1.0, 1.0, 1.0, 1.0, 1.0, 1.0, 1.0, 1.0, 1.0, 1.0, 1.0, 1.100047131410943, 1.0, 1.0, 1.0, 1.0, 1.0, 4.333333333333333, 1.0, 1.0, 2.5, 1.0, 1.0, 1.0, 2.0, 1.0, 1.1036414565826331, 1.0394598721252029, 23.0, 1.3333333333333333, 2.0, 1.264957264957265, 1.0, 1.4750462107208873, 1.0, 3.0, 1.4995034756703078, 1.0, 1.0, 15.0, 1.014354066985646, 20.0, 1.0, 1.0244797592395494, 1.0613621380394542, 1.0529411764705883, 2.3333333333333335, 1.0, 2.466666666666667, 1.0, 1.0, 1.0, 14.0, 1.0, 5.0, 2.0, 1.0, 1.0, 1.0, 1.068576909243496, 1.0795006570302235, 1.0, 1.0, 1.0666666666666667, 1.0453563714902807, 1.0, 2.0, 1.0250471054512378, 1.55, 1.2670807453416149, 1.0, 1.0, 1.0, 1.5, 2.8125, 2.0, 1.2555972110297466, 1.0, 1.0, 1.4784546805349184, 30.0, 1.017751479289941, 21.0, 1.5, 2.0, 1.353846153846154, 1.0, 1.5, 1.0370888733379986, 1.0, 1.0, 1.1796003717472119, 1.0, 2.0, 1.0391949152542372, 2.4, 1.0, 1.0, 2.0, 1.3723150357995226, 1.0, 1.1681462140992167, 1.5, 1.0, 1.0, 1.0, 1.0, 1.0, 1.0, 2.0, 2.206896551724138, 1.0, 1.1375968992248062, 1.0, 1.0155038066184168, 1.0, 1.0, 1.0, 1.0, 1.0, 6.0, 1.0588235294117647, 1.0, 1.0, 2.0, 1.132716049382716]
origin-forest_43.39 	max: 30.0000	99th: 25.0000	95th: 18.0000	median: 1.0307	mean: 2.7640

...Done, result: results.csv

WORKLOAD-FINISHED | Type: QueryWorkload | Progress: 3/3 | Workload-time: 62.156174 | Model-update-time: 0.000000


Experiment Summary: #data-update-times=1, #drift=1 | total-time=130.749268