Input arguments = Namespace(data_update='tupleskew', update_size=100000, dataset='forest', debug=False, drift_test='js', model_update='adapt', model='naru', end2end=False, query_seed=0, random_seed=42, num_workload=3)
JSON-passed parameters = {'data_updater': {'skew_ratio': '1e-2'}, 'random_seed': 5, 'naru': {'epochs': 0}}
MODEL-PATH=/home/kangping/code_copy/SAUCE/models/end2end/naru/origin-forest-16.5MB-model62.533-data19.148-200epochs-seed0.pt
DATASET-PATH=/home/kangping/code_copy/SAUCE/data/forest/end2end/forest.npy
Workloads: ['QueryWorkload', 'DataUpdateWorkload', 'QueryWorkload']

WORKLOAD-START | Type: QueryWorkload | Progress: 1/3
Going to run: ['python', '/home/kangping/code_copy/SAUCE/Naru/eval_model.py', '--dataset=forest', '--model=naru', '--query_seed=0', '--end2end', '--eval_type=first_estimate', '--num_workload=3', '--data_update=tupleskew', '--model_update=adapt', '--random_seed=42']
Torch device: cuda:1
GET-MODEL-PATH=./models/end2end/naru/origin-forest-16.5MB-model62.533-data19.148-200epochs-seed0.pt
ckpts [PosixPath('/home/kangping/code_copy/SAUCE/models/end2end/naru/origin-forest-16.5MB-model62.533-data19.148-200epochs-seed0.pt')]
Validate Argument: DATASET="forest" is valid.
load_csv_dataset - forest (581012, 10)
Parsing... done, took 0.0s
Loading ckpt: /home/kangping/code_copy/SAUCE/models/end2end/naru/origin-forest-16.5MB-model62.533-data19.148-200epochs-seed0.pt
query_seed:0
origin-forest_43.39 	max: 32.0000	99th: 4.0000	95th: 2.4721	median: 1.0036	mean: 1.3241
ReportEsts: [1.0, 1.2028035270178612, 1.0, 1.84375, 2.6666666666666665, 1.0, 1.234726688102894, 1.0, 1.4556962025316456, 1.0, 1.0, 3.0, 1.0, 1.0, 2.0, 1.0234297035515116, 1.0, 1.4285714285714286, 2.0384615384615383, 1.0, 1.0, 3.0, 1.5384615384615385, 1.4, 2.2, 1.0, 1.0636035589345234, 1.1818181818181819, 1.5, 1.0579268292682926, 1.0, 1.0064892926670992, 1.0714285714285714, 1.0, 1.6111111111111112, 1.0167198393004844, 1.1117571059431524, 1.0, 1.2733887733887734, 1.0, 2.0, 1.0, 1.0, 1.0, 2.0813008130081303, 1.1141552511415524, 1.0, 2.0, 1.0, 1.0, 3.0, 1.0196850393700787, 1.0, 1.0, 6.0, 1.080568720379147, 2.0146627565982405, 1.3823529411764706, 1.0, 1.0, 1.0377133105802048, 1.25, 1.0, 1.1579908675799087, 1.2229299363057324, 1.0, 1.2612137203166227, 1.2178217821782178, 1.3975903614457832, 1.0, 2.0, 1.0, 1.2244897959183674, 1.127829841002422, 4.0, 1.5, 1.0, 1.0, 1.0, 1.0, 1.0, 2.0, 1.0082098325271251, 2.3333333333333335, 1.5, 1.0, 1.0, 1.3333333333333333, 1.0181382819515115, 1.0, 4.0, 1.1521739130434783, 1.0, 1.069278547539417, 1.0, 1.0, 1.0961550069415102, 1.3821656050955413, 1.0, 1.0, 1.5, 1.0, 1.0, 1.0, 1.0740740740740742, 1.0, 1.0, 1.0, 1.0072992700729928, 1.0, 1.0211267605633803, 1.0, 1.0, 1.1825778678146366, 1.0204081632653061, 2.0, 1.0, 2.0, 1.0, 1.0, 1.0, 2.0, 3.0, 1.0, 1.3873195229127433, 1.1428571428571428, 1.0, 1.3333333333333333, 1.0, 1.0, 1.0, 1.163137364168292, 1.0777801383282581, 2.0, 2.625, 1.0, 1.0, 2.0, 1.0118512464241929, 1.0327868852459017, 1.0445233939998337, 1.0, 1.0, 1.4, 1.0, 1.0011062366461434, 1.0, 1.0666666666666667, 2.1818181818181817, 1.0833333333333333, 1.4, 1.0, 1.0, 1.0, 1.0, 4.0, 1.0, 1.0, 1.0, 3.3333333333333335, 2.909090909090909, 1.0, 1.172762645914397, 4.0, 1.0171467452937173, 1.0, 2.0, 3.0, 1.0282861896838602, 1.0, 1.0, 1.0, 1.3434343434343434, 1.7058823529411764, 1.0, 1.0, 1.0760456273764258, 1.0, 1.0820224719101124, 1.0, 1.0700934579439252, 1.0, 1.0, 1.0111049328779094, 1.0, 1.1414913957934991, 1.0, 1.0, 2.0476190476190474, 1.0388076378219837, 1.0, 1.017094017094017, 1.9166666666666667, 1.0, 1.0, 1.0, 1.0, 1.8472222222222223, 1.125, 1.1588553750966744, 1.1013897662665824, 1.0, 1.0, 1.0, 2.0, 32.0, 1.3404255319148937, 1.0, 1.0, 1.0, 1.0, 1.411764705882353, 1.0, 1.25, 1.0, 1.0, 1.0, 1.0287081339712918, 1.0, 1.0, 1.0, 1.0576063565634828, 3.0, 1.0, 1.3142857142857143, 1.0, 1.019108280254777, 1.0, 1.6511627906976745, 1.0, 1.0, 1.0, 1.8333333333333333, 2.0, 1.1923076923076923, 1.0, 3.0, 1.0, 1.0685670629804709, 1.0239094493195982, 1.0, 2.0, 1.0, 1.0212040893600909, 1.187878787878788, 1.1428571428571428, 1.0, 1.146456692913386, 5.0, 1.2251712328767124, 1.0, 1.0, 1.125, 1.0, 1.3970588235294117, 1.1874292185730464, 1.0714285714285714, 1.0, 1.0748299319727892, 1.0364077669902914, 4.0, 1.0, 1.1656801490737696, 1.25, 2.0, 1.0, 1.75, 1.0, 1.0, 1.0, 1.1515151515151516, 1.3333333333333333, 1.0752169720347156, 1.0, 1.0, 1.1047838005128658, 1.0, 2.0, 1.16, 1.0, 1.5, 1.0, 1.2222222222222223, 1.0, 1.5, 1.0, 1.0, 1.0, 1.0818713450292399, 1.0, 1.1111111111111112, 1.0, 1.0, 1.0, 1.0, 1.427071178529755, 1.112994350282486, 1.1258333333333332, 1.0524344569288389, 1.0, 1.0675850193715024, 1.0, 1.0, 3.0, 1.0, 1.0119760479041917, 1.0, 2.0, 1.0, 1.125, 2.0, 1.0, 1.0909090909090908, 1.0, 1.0, 1.0, 1.0, 1.0, 1.0, 1.3846153846153846, 1.0, 1.0, 1.0602363705680518, 2.5, 1.0, 1.0847171769590036, 1.0, 1.0, 1.0, 1.0, 1.1185185185185185, 1.0, 3.0, 1.0, 1.3333333333333333, 1.4976744186046511, 1.0, 1.1363636363636365, 1.4146341463414633, 2.0, 1.0952015355086373, 1.0990990990990992, 1.0, 1.1666666666666667, 1.0, 1.3333333333333333, 5.0, 1.5, 1.0, 1.0, 1.0, 1.0, 1.0, 1.0948275862068966, 1.1, 1.1851851851851851, 6.0, 1.0, 1.0, 1.0, 1.4683794466403162, 1.1, 1.5492957746478873, 1.4453518965139225, 1.0580731944895403, 1.0157043147208122, 1.04079705991436, 1.3924528301886792, 1.0, 1.0812182741116751, 1.0, 1.1186696900982616, 1.043180156564846, 1.0, 1.0238337024212987, 1.0082494168515674, 1.006908915999825, 1.0, 1.25, 1.0, 1.0, 1.0, 1.0, 1.0609212481426449, 1.2911392405063291, 1.0, 3.8636363636363638, 1.0, 1.0873267898383372, 1.0, 1.25, 1.75, 1.0, 1.0, 4.25, 1.0, 1.1977401129943503, 1.0, 1.0, 1.0, 1.0, 1.0171885134736718, 1.0, 2.0, 1.2234042553191489, 1.0078864353312302, 1.028023598820059, 1.154228855721393, 1.4102564102564104, 1.1053681473301749, 1.0412979351032448, 1.65, 1.0, 1.0, 1.0359073359073359, 1.0441139400050417, 1.0, 2.75, 1.0, 1.0, 1.0, 1.0, 1.0, 1.0, 1.0, 1.0273900447721886, 1.6666666666666667, 1.3231031543052003, 1.0, 1.0, 2.0, 1.0647803425167535, 1.0354958266791214, 1.2, 1.0413476263399695, 1.4736842105263157, 1.0, 1.0, 1.0, 1.052615688642477, 2.5, 1.0, 1.0605515587529977, 1.0, 2.923076923076923, 1.0, 1.0, 1.0, 1.0315467521118555, 1.0, 1.0, 1.5, 1.1111111111111112, 1.31, 1.032496307237814, 3.1818181818181817, 1.0, 1.0, 1.1633333333333333, 1.25, 2.0, 1.1044929396662388, 1.0, 1.1818181818181819, 1.0, 1.0, 1.2222222222222223, 1.0, 1.0, 1.2222222222222223, 1.0178518953864237, 1.0003866536265835, 1.0707070707070707, 1.0, 1.0, 1.0, 2.0, 1.0, 1.0014175117217314, 1.0666666666666667, 3.0, 1.5, 1.266355140186916, 1.4946524064171123, 1.0, 1.006603795994964, 1.2, 1.0, 1.0252186790824536, 2.5, 1.0041186161449753, 1.0, 1.0, 1.0, 1.0818948934314807, 1.0714285714285714, 2.0, 1.24, 1.0, 2.0, 1.0, 1.4444444444444444, 1.0, 1.185430463576159, 1.0494663886162905, 2.0, 1.5, 1.0, 1.0014598540145985, 2.0, 6.666666666666667, 1.0510204081632653, 1.0, 1.0227251663608223, 1.5789473684210527, 1.4705882352941178, 1.0, 1.0, 1.0, 1.0, 1.1269344141488578, 2.0, 4.0, 1.0970873786407767, 2.2, 1.0, 1.0346849726244407, 1.0, 2.0, 1.0, 2.0, 1.0, 1.0636704119850187, 1.0, 2.0, 1.4, 1.0008736844636459, 1.1644736842105263, 1.14010989010989, 1.2941176470588236, 2.7037037037037037, 2.0, 1.5789473684210527, 1.1085899513776336, 1.0, 1.0, 1.1282051282051282, 1.3308026030368763, 2.8, 2.0, 1.6, 1.3516483516483517, 1.0, 1.9278350515463918, 1.0, 1.4378109452736318, 1.0, 3.0, 1.0286470852782903, 6.0, 1.0014418535275693, 2.3333333333333335, 1.0, 3.0, 1.4166666666666667, 1.0, 2.0, 1.012718600953895, 1.0, 1.0, 1.0, 1.0, 1.0, 1.0196078431372548, 2.0, 1.2705882352941176, 1.0, 1.0, 2.0, 1.0, 1.0, 1.0, 1.0, 1.0, 1.0, 1.0, 1.0, 1.0, 1.4466666666666668, 1.1904761904761905, 1.0, 1.04, 1.0, 1.0, 1.1666666666666667, 1.0038817149767878, 1.5555555555555556, 1.0, 1.0, 1.0, 1.0, 1.0271802894016426, 1.0, 1.0, 1.0476190476190477, 1.0369496855345912, 1.127659574468085, 2.0, 1.0, 1.0, 1.0, 1.7419354838709677, 2.0, 1.0, 1.0, 1.2123015873015872, 2.0, 1.0544598834603316, 1.0, 1.0, 1.000212121212121, 1.0, 1.0, 1.0, 2.4705882352941178, 1.0301414328773475, 1.0, 1.0, 1.3, 1.0316455696202531, 1.0, 1.0, 2.0, 1.0, 1.0, 1.1686080092414324, 1.0, 2.0, 1.1176782401272196, 1.0, 1.0, 1.0503529411764705, 1.0, 1.0026663280853225, 1.0, 1.0, 1.0867768595041323, 1.0252911813643928, 2.0, 1.0923076923076922, 1.0, 1.0, 2.0, 1.1739754282127164, 1.0, 1.0, 1.0, 1.0, 1.8, 1.0, 1.0, 1.5, 1.0561224489795917, 1.0, 1.0, 1.0, 1.5, 1.0, 1.2, 1.075221238938053, 1.0, 1.0, 1.0, 1.0, 1.0, 1.0, 1.5, 1.0, 1.0, 1.0, 1.0, 1.0, 4.0, 1.1562752075919336, 1.66, 1.0, 2.0, 1.5, 1.0923379174852652, 1.0, 1.0, 1.0, 2.0, 1.0, 1.069888961463096, 1.0869565217391304, 1.2222222222222223, 1.2483139178418148, 1.0, 1.7037037037037037, 1.0, 1.04, 1.0, 2.0, 1.0, 1.0, 1.0, 1.0058436815193572, 4.0, 1.0, 4.0, 1.0296296296296297, 1.0002224941595284, 1.0, 1.0, 1.096405777628485, 1.003373198405397, 1.2462686567164178, 1.5, 1.0, 1.0, 1.0836865342163355, 1.0, 2.0, 1.0, 1.0, 1.5, 1.2309495896834701, 1.0, 1.0, 1.0666666666666667, 1.0, 1.0, 1.0, 1.1538461538461537, 1.0, 1.105263157894737, 1.0112812248186946, 2.0, 1.0, 1.0, 3.0, 1.0, 1.0, 1.0, 1.0, 1.0, 2.0, 1.0, 2.0, 1.5, 1.174342105263158, 1.0, 1.0510078808760048, 1.0, 1.0, 1.5, 1.1683926159387663, 3.0, 1.5, 1.0, 1.0, 1.0, 1.25, 1.066536203522505, 1.0, 1.0, 1.0, 1.0, 1.0, 1.0, 1.0735455543358947, 1.0, 1.0, 1.0, 1.0, 1.4804469273743017, 1.0843023255813953, 1.0, 1.0, 1.16, 1.48, 2.0, 1.4096385542168675, 1.0, 1.0, 1.0, 1.0, 1.0, 1.3333333333333333, 2.0, 1.0, 1.343465045592705, 1.1126378015657454, 1.2, 1.0, 1.0, 1.0, 1.0, 1.8, 1.0, 1.0, 1.5173841059602649, 1.0, 1.0, 1.03125, 1.25, 2.25, 1.0, 1.0859813084112149, 1.0, 1.0, 2.0, 1.0, 1.0740740740740742, 1.0472972972972974, 1.0, 1.513157894736842, 1.0, 3.3846153846153846, 1.0, 1.0, 1.0, 1.75, 1.0, 1.0, 1.0, 1.0, 1.2048192771084338, 1.0, 1.0, 1.2449600608596425, 1.0050210340616095, 1.0, 1.0, 1.0, 1.087012034047549, 1.0, 3.272727272727273, 1.0, 1.0811044003451251, 2.0, 1.0, 1.2307692307692308, 2.0, 1.6666666666666667, 1.0850959173635022, 1.0, 3.2142857142857144, 1.0, 1.0, 2.5, 1.0, 2.0, 1.0, 1.6, 1.6666666666666667, 1.0, 1.0, 1.5, 1.0, 1.125, 1.0, 2.0, 1.0, 2.0, 1.0, 1.0, 1.0, 1.0, 1.0, 1.0, 1.0, 1.0, 1.1417417417417417, 2.0, 1.0, 1.0, 1.0, 1.0, 1.2222222222222223, 1.5, 1.0, 1.143646408839779, 1.0, 1.2757148954332054, 1.0, 1.0583629893238433, 1.0, 1.0238095238095237, 1.4833333333333334, 1.4444444444444444, 1.0, 1.0, 1.368421052631579, 1.083767204495077, 1.0, 3.0, 1.4337142857142857, 1.0, 1.0, 1.0, 2.0, 1.0193354187570087, 1.0, 1.8571428571428572, 1.0, 1.0377358490566038, 1.0, 1.0, 1.0, 1.0, 1.0, 1.0, 1.0, 1.0, 1.5, 2.0, 1.0, 1.0, 1.0, 1.0785112359550562, 1.0586814563019948, 1.0, 1.0, 1.4545454545454546, 1.0398936170212767, 1.0, 2.0, 1.0664157542579076, 1.3888888888888888, 1.4528985507246377, 1.0, 1.0, 1.0, 1.5, 5.625, 1.0, 1.2639179573043113, 1.0, 1.0, 1.5338164251207729, 1.0, 1.2083333333333333, 1.0, 1.0, 1.2, 1.1850533807829182, 1.0, 1.0, 1.1343283582089552, 1.0115445144497024, 1.0, 1.2727272727272727, 1.5, 1.0, 1.0494157740993184, 2.0, 2.3333333333333335, 1.0, 1.3333333333333333, 1.0, 1.297872340425532, 1.5, 1.0, 1.0, 1.0, 1.0, 1.0, 1.0, 2.0, 2.04, 1.0, 1.09289843104872, 1.0, 1.030390586560305, 1.0, 1.0, 1.0, 1.0, 1.0, 1.0810810810810811, 1.1735559088500265, 2.0, 1.1556451612903227, 1.0, 1.445760704010831, 1.1153846153846154, 2.0, 1.0338983050847457, 1.3421052631578947, 2.0, 1.0, 1.0, 1.0290697674418605, 1.0, 1.0, 1.0117994100294985, 2.0, 1.0]
origin-forest_43.39 	max: 32.0000	99th: 4.0000	95th: 2.4721	median: 1.0036	mean: 1.3241

...Done, result: results.csv

WORKLOAD-FINISHED | Type: QueryWorkload | Progress: 1/3 | Workload-time: 59.430668 | Model-update-time: 0.000000


WORKLOAD-START | Type: DataUpdateWorkload | Progress: 2/3
Going to run: ['python', '/home/kangping/code_copy/SAUCE/Naru/eval_model.py', '--model=naru', '--data_update=tupleskew', '--dataset=forest', '--drift_test=js', '--end2end', '--update_size=100000', '--query_seed=0', '--eval_type=drift']
Torch device: cuda:1
GET-MODEL-PATH=./models/end2end/naru/origin-forest-16.5MB-model62.533-data19.148-200epochs-seed0.pt
GET-DATASET-PATH=./data/forest/end2end/forest.npy
TupleSkewSample - START
0.01
TupleSkewSample - END
load_npy_dataset_from_path - df.shape = (681012, 10)
Parsing... done, took 0.1s
Data updated!
Previous data size: (581012, 10), new data size: (100000, 10)
[1.01327896e-05 3.39746475e-06 3.03983688e-06 1.07288361e-06
 1.12056732e-05 5.96046448e-08 1.78813934e-07 5.36441803e-07
 1.13248825e-05 1.13248825e-06]
Distance score: 4.208087830193108e-06
SAUCE Drift detection: True
Detection latency: 0.0667s

DRIFT-DETECTED after 2-th workload
Going to run: ['python', '/home/kangping/code_copy/SAUCE/Naru/incremental_train.py', '--dataset=forest', '--end2end', '--model=naru', '--model_update=adapt', '--update_size=100000', '--epochs=0']
Torch device: cuda:1
GET-MODEL-PATH=./models/end2end/naru/origin-forest-16.5MB-model62.533-data19.148-200epochs-seed0.pt
update_size: 100000
AdaptTask - START
GET-DATASET-PATH=./data/forest/end2end/forest.npy
load_npy_dataset_from_path - df.shape = (681012, 10)
Parsing... done, took 0.1s
done, took 0.1s
dataset size: 681012
train data shape: torch.Size([100000, 10]), transfer data shape:torch.Size([20000, 10])
Training done; evaluating likelihood on full data:
Epoch None Iter 0, test loss 42.9322 nats / 61.9381 bits
Saved to: /home/kangping/code_copy/SAUCE/models/end2end/naru/origin-forest-16.5MB-model62.533-data19.148-200epochs-seed0.pt
AdaptTask - END

WORKLOAD-FINISHED | Type: DataUpdateWorkload | Progress: 2/3 | Workload-time: 2.248308 | Model-update-time: 4.640417


WORKLOAD-START | Type: QueryWorkload | Progress: 3/3
Going to run: ['python', '/home/kangping/code_copy/SAUCE/Naru/eval_model.py', '--dataset=forest', '--model=naru', '--end2end', '--query_seed=0', '--eval_type=estimate', '--num_workload=3', '--data_update=tupleskew', '--model_update=adapt', '--random_seed=42']
Torch device: cuda:1
GET-MODEL-PATH=./models/end2end/naru/origin-forest-16.5MB-model62.533-data19.148-200epochs-seed0.pt
ckpts [PosixPath('/home/kangping/code_copy/SAUCE/models/end2end/naru/origin-forest-16.5MB-model62.533-data19.148-200epochs-seed0.pt')]
Validate Argument: DATASET="forest" is valid.
data size: 681012, total size: 681012, split index: [567510 681012]
Parsing... done, took 0.1s
Loading ckpt: /home/kangping/code_copy/SAUCE/models/end2end/naru/origin-forest-16.5MB-model62.533-data19.148-200epochs-seed0.pt
query_seed:0
origin-forest_43.39 	max: 41.0000	99th: 24.0000	95th: 18.0000	median: 1.0497	mean: 2.8799
ReportEsts: [1.0, 1.053082191780822, 1.0, 2.53125, 2.6666666666666665, 30.0, 1.262857142857143, 1.0, 1.2857142857142858, 1.0, 1.0, 19.0, 1.0, 1.0, 2.126984126984127, 1.1265822784810127, 1.0, 12.0, 1.2857142857142858, 20.0, 1.0, 24.0, 1.0, 1.0, 1.0273684210526315, 1.0, 1.1086042215321725, 8.0, 1.0, 1.0, 1.3333333333333333, 1.0, 1.0, 1.0, 1.0, 2.0, 1.0, 16.0, 1.0, 2.0, 2.0, 1.0, 1.0588235294117647, 1.0, 1.670731707317073, 1.2530120481927711, 1.0, 2.0, 1.0, 1.0, 3.0, 1.0250615778271994, 1.0, 1.0, 6.0, 1.1858407079646018, 1.0234113712374582, 1.4705882352941178, 1.0, 17.0, 1.0279090372120496, 5.0, 24.0, 1.0, 1.0, 1.4555555555555555, 1.0773076923076923, 1.1428571428571428, 2.0, 18.0, 20.0, 1.0222222222222221, 1.0112752691046618, 1.470899470899471, 1.0, 1.221818181818182, 1.0, 1.0, 1.0, 1.0, 13.0, 1.0, 2.0, 1.020826147655416, 2.3333333333333335, 1.3461538461538463, 1.0, 1.0, 1.3333333333333333, 1.0245421055362425, 1.0, 7.0, 16.0, 1.2243962630001763, 1.3636363636363635, 2.2916666666666665, 1.0434782608695652, 1.0, 1.0, 21.0, 1.0, 1.0, 1.0016202821197102, 1.8333333333333333, 3.0, 1.0, 1.0, 1.0, 1.031700712309413, 1.5, 1.0, 1.0649350649350648, 1.0, 1.0, 1.0, 1.0, 1.0, 1.0, 1.0, 1.0, 1.0, 1.1477611940298507, 1.0, 1.0, 2.0, 3.0, 1.0, 1.352249134948097, 1.2857142857142858, 1.0, 11.5, 1.0, 1.0, 1.0, 1.1629559450497395, 1.0657983560338324, 2.0, 3.125, 1.0, 1.0, 2.0, 1.0616096866096867, 1.1388888888888888, 1.0093597443191795, 14.0, 1.0, 1.4, 1.0, 1.0044236739833692, 1.0, 1.1333333333333333, 1.5, 1.3846153846153846, 7.0, 1.0, 1.0, 1.0, 1.0, 4.0, 1.0, 1.0, 1.0, 4.0, 2.4615384615384617, 1.0, 1.4101899827288429, 4.0, 1.0255185271498486, 1.0, 2.0, 3.0, 1.0818713450292399, 1.0, 1.0, 6.166666666666667, 1.0, 1.0133290803341772, 1.0072358900144718, 1.0, 1.0125858522469755, 21.0, 1.0629795396419437, 1.0, 3.0, 1.0, 1.0, 1.0, 3.0, 1.0, 1.1263753536623704, 1.0, 1.0, 2.0, 1.0104458556482234, 1.0, 1.0398406374501992, 1.0641983695652173, 2.0, 1.4390243902439024, 2.477272727272727, 1.1573806360865828, 1.0, 1.0, 20.0, 1.0, 3.0, 1.0, 1.0, 1.0, 2.0, 1.2686567164179106, 2.3333333333333335, 1.7083333333333333, 41.0, 1.0, 16.0, 1.1029411764705883, 1.0, 1.0, 1.0, 1.0, 21.0, 22.0, 1.0, 1.25, 1.4, 1.0, 1.0, 1.0728822055137845, 1.033845119354477, 1.3703703703703705, 1.0, 1.0011091744572969, 1.0, 15.5, 1.0, 1.0, 1.5714285714285714, 21.0, 3.25, 1.0, 3.0, 1.5, 1.0, 1.072554220627243, 1.0, 1.3333333333333333, 3.0, 1.0, 1.0, 1.55, 1.0, 1.1805006587615283, 2.5, 3.875, 24.0, 5.666666666666667, 1.0518134715025906, 1.0, 1.1823529411764706, 1.2267065271549575, 1.1666666666666667, 1.0, 1.0085910652920962, 1.1418918918918919, 2.0, 1.0, 1.05941893158388, 9.5, 1.3333333333333333, 1.0, 2.125, 1.0, 1.0, 1.0, 1.0, 1.3333333333333333, 1.172741679873217, 1.7986111111111112, 1.0, 1.1312910284463895, 1.0, 1.3733333333333333, 1.0337995337995338, 1.0, 1.0, 1.5, 1.1517241379310346, 1.328502415458937, 1.0167209962242911, 1.5, 1.311046511627907, 1.0, 1.6666666666666667, 2.120470127326151, 1.0, 1.276470588235294, 14.0, 1.141732283464567, 1.0, 1.0, 1.6842105263157894, 10.5, 1.0, 1.0, 1.3170731707317074, 1.0, 3.0, 1.0, 1.0, 1.0833333333333333, 1.0, 2.6, 1.0, 1.0, 1.1481481481481481, 2.0, 1.0, 1.0833333333333333, 23.0, 1.0, 1.0, 1.0, 1.0, 1.0, 1.2857142857142858, 1.0, 1.0, 1.172786943409615, 2.5, 1.0, 1.093812375249501, 18.0, 1.0, 1.0, 1.0, 1.4921116504854368, 1.0, 3.0, 18.0, 1.0, 1.2992125984251968, 2.142857142857143, 1.2954545454545454, 1.0338983050847457, 1.0, 1.0799194089993285, 1.1531531531531531, 1.0, 1.0857142857142856, 1.0, 1.0, 3.3333333333333335, 27.0, 1.0, 1.0, 1.0, 1.0, 1.0, 1.2241379310344827, 1.0909090909090908, 1.04, 6.0, 1.0, 17.0, 1.511111111111111, 1.3992805755395683, 1.0245693894987757, 3.0, 1.0387611013331715, 1.0606060606060606, 1.0425223483933317, 1.3076923076923077, 1.6334519572953736, 17.0, 1.1608527131782946, 1.0, 1.0272108843537415, 1.033220991815118, 1.0, 1.0040377556371263, 1.0489324702927254, 1.0011177763702075, 1.0, 1.25, 1.0, 1.2067039106145252, 19.0, 2.0, 2.0, 1.078756476683938, 21.0, 1.3414634146341464, 1.0, 1.0, 1.105263157894737, 1.5, 1.5, 1.0, 1.0, 4.25, 1.0, 1.1174603174603175, 1.0, 1.0, 1.0, 1.0, 1.0109035615828708, 1.0, 1.2380952380952381, 2.767776777677768, 1.0, 1.1666666666666667, 1.0, 1.0, 1.0179099708570454, 2.6363636363636362, 1.5614035087719298, 1.0, 1.0, 1.0295600836374073, 1.0423595073133178, 1.0, 6.0, 20.0, 2.0, 1.0, 1.7826086956521738, 1.0076244997213637, 1.0, 1.567404426559356, 5.066666666666666, 1.0, 1.0, 1.036697247706422, 1.5172413793103448, 19.0, 2.0, 1.07541567695962, 1.0245720454428622, 1.4, 1.1323741007194246, 1.5555555555555556, 1.0, 1.0, 1.0, 1.059675564006855, 3.0, 1.0, 1.2258064516129032, 20.0, 1.0, 1.0394088669950738, 1.0, 1.0, 1.1476510067114094, 2.3333333333333335, 1.411764705882353, 1.2184300341296928, 1.0634028892455858, 1.0, 13.0, 2.0, 1.0, 1.0, 1.0556223986880922, 1.0, 1.0, 1.1282633371169126, 1.1233766233766234, 1.0, 1.0, 1.0, 1.0, 1.4224137931034482, 13.0, 1.3600702576112411, 1.0349318575826563, 1.0, 11.666666666666666, 1.0468085106382978, 1.0, 1.0, 1.0, 1.135135135135135, 1.0, 1.0, 1.0, 1.4444444444444444, 1.1904761904761905, 1.04297783763928, 1.0, 2.3617021276595747, 1.0, 1.1414141414141414, 1.0, 2.0, 1.0, 1.0, 1.0, 1.1006284471203498, 1.2142857142857142, 2.0, 1.36, 1.0, 15.0, 21.0, 1.4444444444444444, 1.0, 1.1405405405405404, 1.118018018018018, 2.0, 1.5, 1.0, 1.0732323232323233, 18.0, 1.5384615384615385, 1.0970873786407767, 1.0, 1.0192371791819437, 1.7115384615384615, 1.9523809523809523, 1.0, 19.0, 1.0, 1.0, 1.0, 17.0, 1.0680507497116494, 11.5, 2.3333333333333335, 2.0, 1.0, 1.1133395522388059, 1.0, 25.0, 1.2, 16.0, 1.1738066095471236, 27.0, 1.0, 1.2190812720848057, 2.0, 1.0382180289783105, 1.0, 1.0, 1.0798217179902756, 1.0, 1.0, 1.1280487804878048, 6.333333333333333, 4.25, 1.294871794871795, 1.3504847129008204, 2.2, 2.0, 1.3333333333333333, 1.1603773584905661, 1.0, 1.8017241379310345, 1.0, 1.0769230769230769, 1.0, 3.0, 1.065846886156287, 1.8, 1.04435155222363, 1.1111111111111112, 1.0, 1.5, 8.380952380952381, 1.0, 1.5490196078431373, 1.2352941176470589, 1.006805293005671, 1.2239837398373983, 1.0, 1.0, 1.0, 1.0641821946169772, 1.5, 1.0329489291598024, 1.19332482217764, 1.0, 21.0, 2.0, 1.0, 1.0, 1.0, 1.0, 1.0, 1.5, 1.0, 1.0, 1.0, 1.6950354609929077, 1.0370543359800717, 1.3251879699248121, 1.0, 1.0, 1.0526315789473684, 2.0, 8.5, 18.0, 1.0, 1.0, 1.0, 1.0, 1.0042697390715012, 1.0, 27.0, 1.0990712074303406, 1.0, 1.0, 1.0, 5.0, 1.5, 1.0, 1.0, 1.0, 1.0, 2.75, 1.040560388656649, 1.0415365396627108, 1.0, 1.0, 1.0, 1.003112149452141, 1.0, 1.0, 1.0, 2.8947368421052633, 1.0551760420882235, 1.0, 1.0, 1.3, 1.144901610017889, 1.0, 1.0, 2.0, 1.0, 1.0, 1.158606948653024, 1.0, 2.0, 1.0577083333333333, 1.0, 1.0, 1.0547717842323652, 1.0, 1.009794424712087, 1.0, 1.0, 17.0, 1.293015332197615, 1.0, 1.0, 1.0, 1.1428571428571428, 1.0, 1.0144242137621187, 1.155321375982401, 1.0, 18.0, 1.09375, 1.0, 1.1666666666666667, 1.0, 1.0, 1.0, 1.0820263752571757, 1.0, 1.0, 18.0, 1.7868852459016393, 1.6421052631578947, 11.5, 1.0016339869281046, 1.0, 1.8262910798122065, 1.2830188679245282, 1.6923076923076923, 17.0, 2.0, 1.0, 1.0, 1.0, 1.3209876543209877, 18.0, 1.126092384519351, 1.0, 19.0, 2.3333333333333335, 18.0, 6.0, 1.0, 20.0, 1.0, 1.0, 1.2575757575757576, 1.0, 1.0, 1.0, 1.098811544991511, 1.1616161616161615, 2.0, 1.6666666666666667, 7.666666666666667, 6.5, 1.2, 1.0, 1.5, 23.0, 21.0, 16.0, 1.1117948717948718, 9.333333333333334, 1.0, 4.0, 1.237037037037037, 1.013055079092815, 1.0, 1.0, 1.0239621064363333, 1.0156002115282918, 1.2035928143712575, 1.5, 21.0, 1.0, 1.1600324939073923, 1.1183972589702103, 3.2962962962962963, 1.0, 1.0, 4.0, 1.2372994652406417, 1.0, 1.588235294117647, 1.0, 1.0, 1.4444444444444444, 22.0, 3.0, 2.0, 1.0, 1.0512898177596042, 3.189655172413793, 1.0456229735988884, 1.0, 1.0, 3.0, 18.0, 1.0, 1.0, 1.0, 1.0, 2.0, 1.0, 2.0, 1.5, 1.1074626865671642, 1.5, 1.0739450459141744, 1.0, 1.0, 1.5555555555555556, 1.041607898448519, 3.0, 1.5, 1.0, 1.0, 1.0, 2.2142857142857144, 1.1678141135972462, 3.0, 1.0, 1.0, 17.0, 1.0, 1.0, 1.2119205298013245, 1.0, 1.0, 14.0, 1.0, 1.5324519230769231, 1.1868590960881125, 1.0, 1.0, 1.0804597701149425, 1.72, 2.0, 1.3592233009708738, 1.0, 1.0, 14.0, 1.0, 1.0, 1.1428571428571428, 2.0, 1.0, 1.55, 1.0990328293148073, 2.1666666666666665, 1.0, 9.666666666666666, 1.0, 1.4827586206896552, 16.0, 1.5, 1.0, 1.0149855694516392, 1.7222222222222223, 1.0, 1.0, 1.14156236512732, 1.0983457277280315, 1.0, 1.5, 9.0, 1.0898876404494382, 1.0, 1.0620577027762657, 1.5076923076923077, 1.1897219882055603, 1.8095238095238095, 1.0504816955684009, 1.0, 1.1912479740680713, 1.6666666666666667, 1.0, 1.0, 1.0, 4.25, 1.2727272727272727, 16.0, 20.0, 1.0, 27.0, 1.0, 1.0, 1.0, 1.7837837837837838, 3.0, 1.0, 12.0, 1.1295306001188354, 1.4259259259259258, 1.0, 2.0, 1.2656641604010026, 1.0943025540275049, 1.0, 1.6, 1.0, 1.0, 1.0, 1.0, 1.8, 1.0, 1.6875, 1.2488479262672811, 14.0, 1.0, 1.1111111111111112, 1.444015444015444, 1.0, 1.1653971708378672, 1.0, 1.0, 1.0, 18.0, 1.103846153846154, 1.0, 1.0, 1.0, 1.0, 1.0, 1.0, 1.0, 1.0, 1.0, 18.0, 1.0, 1.0, 1.2077855117298273, 1.0, 1.0, 1.0, 1.0, 1.0, 1.08, 1.0, 1.0, 2.5, 1.0, 1.0, 1.0, 2.0, 1.0, 1.1586021505376345, 1.0262570226369856, 15.0, 1.15695067264574, 1.5, 1.439252336448598, 1.0, 1.1632530120481928, 1.0, 2.0, 1.5074092999489013, 1.0, 1.0, 19.0, 1.312958435207824, 2.3636363636363638, 1.0, 1.0018165685439873, 1.0368949816886073, 1.0654761904761905, 3.4, 1.0, 11.5, 1.0, 1.0, 1.0, 20.0, 19.0, 1.2, 2.0, 1.0, 1.0, 1.0, 1.0579904773531925, 1.0593406593406594, 1.0, 1.0, 1.1428571428571428, 1.1555555555555554, 1.0, 2.0, 1.1073546019198193, 1.1666666666666667, 1.8804347826086956, 1.0, 1.0, 1.0, 1.2, 1.25, 2.0, 1.2699384294098586, 1.0, 1.0, 1.552044352044352, 17.0, 1.0360360360360361, 1.1744186046511629, 1.5, 2.0, 1.2839116719242902, 1.0, 1.5, 1.7894736842105263, 1.0, 1.0, 1.0832669741725138, 1.0, 2.0, 1.047673098751419, 3.0, 1.0, 1.0, 2.25, 1.3702770780856424, 1.0, 1.3647316538882803, 1.5, 1.0, 1.0, 1.0, 1.0, 1.0, 1.0, 2.0, 2.2666666666666666, 1.0, 1.0616872290763588, 1.0, 1.0174932945401645, 1.0, 1.0, 1.0, 1.0, 1.0, 25.0, 1.0285714285714285, 1.0, 1.0, 2.0, 1.3854166666666667]
origin-forest_43.39 	max: 41.0000	99th: 24.0000	95th: 18.0000	median: 1.0497	mean: 2.8799

...Done, result: results.csv

WORKLOAD-FINISHED | Type: QueryWorkload | Progress: 3/3 | Workload-time: 61.817637 | Model-update-time: 0.000000


Experiment Summary: #data-update-times=1, #drift=1 | total-time=128.251958