Input arguments = Namespace(data_update='tupleskew', update_size=100000, dataset='forest', debug=False, drift_test='js', model_update='adapt', model='naru', end2end=False, query_seed=0, random_seed=42, num_workload=3)
JSON-passed parameters = {'data_updater': {'skew_ratio': '1e-2'}, 'random_seed': 72, 'naru': {'epochs': 0}}
MODEL-PATH=/home/kangping/code_copy/SAUCE/models/end2end/naru/origin-forest-16.5MB-model62.533-data19.148-200epochs-seed0.pt
DATASET-PATH=/home/kangping/code_copy/SAUCE/data/forest/end2end/forest.npy
Workloads: ['QueryWorkload', 'DataUpdateWorkload', 'QueryWorkload']

WORKLOAD-START | Type: QueryWorkload | Progress: 1/3
Going to run: ['python', '/home/kangping/code_copy/SAUCE/Naru/eval_model.py', '--dataset=forest', '--model=naru', '--query_seed=0', '--end2end', '--eval_type=first_estimate', '--num_workload=3', '--data_update=tupleskew', '--model_update=adapt', '--random_seed=42']
Torch device: cuda:1
GET-MODEL-PATH=./models/end2end/naru/origin-forest-16.5MB-model62.533-data19.148-200epochs-seed0.pt
ckpts [PosixPath('/home/kangping/code_copy/SAUCE/models/end2end/naru/origin-forest-16.5MB-model62.533-data19.148-200epochs-seed0.pt')]
Validate Argument: DATASET="forest" is valid.
load_csv_dataset - forest (581012, 10)
Parsing... done, took 0.0s
Loading ckpt: /home/kangping/code_copy/SAUCE/models/end2end/naru/origin-forest-16.5MB-model62.533-data19.148-200epochs-seed0.pt
query_seed:0
origin-forest_43.39 	max: 31.0000	99th: 4.0000	95th: 2.7525	median: 1.0032	mean: 1.3381
ReportEsts: [1.0, 1.197671269970214, 1.0, 1.6388888888888888, 2.6666666666666665, 1.0, 1.443609022556391, 1.0, 1.3269230769230769, 1.0, 1.0149253731343284, 3.0, 1.0, 1.0, 3.0, 1.0747285001467566, 1.0, 1.4285714285714286, 1.2926829268292683, 1.0, 1.0, 3.0, 2.2222222222222223, 1.2, 2.2, 1.0, 1.0660702945967586, 1.3, 3.0, 1.0087209302325582, 1.0, 1.0032341526520052, 2.3333333333333335, 1.0, 1.7313432835820894, 1.033794162826421, 1.0616903146206045, 1.0, 1.2692307692307692, 1.0, 2.0, 1.0, 1.1764705882352942, 1.0, 1.0975609756097562, 1.0844444444444445, 1.0, 2.0, 1.0, 1.0, 3.0, 1.0569460067491563, 1.0, 1.0, 4.5, 1.080568720379147, 1.2289803220035778, 1.1764705882352942, 1.0, 1.0, 1.0716723549488054, 3.3333333333333335, 1.0, 1.1461187214611872, 1.1847133757961783, 1.0, 1.4183976261127595, 1.3663366336633664, 1.4738955823293172, 1.0, 2.0, 1.0, 1.1940298507462686, 1.0889754659366115, 2.0, 1.5, 1.0, 1.0, 1.0, 1.0, 1.0, 2.0, 1.0018308311973636, 3.5, 1.1818181818181819, 1.0, 1.0, 1.3333333333333333, 1.1200134093194771, 1.0, 4.0, 1.391304347826087, 1.0, 1.2823698041089346, 1.0, 1.0, 1.0319940899016877, 1.0397350993377483, 1.0, 1.0, 2.0, 1.0, 1.0, 1.0, 1.0275862068965518, 1.0, 1.0, 1.0, 1.018450184501845, 1.0, 1.091549295774648, 1.0, 1.0, 1.4625925925925927, 1.0769230769230769, 2.0, 1.0, 2.0, 1.0, 1.0, 1.0, 2.0, 3.0, 1.0, 1.056366047745358, 1.0, 1.0, 1.2222222222222223, 1.0, 1.0, 1.0, 1.0572523655527608, 1.0351175497064091, 2.0, 3.0, 1.0, 1.0, 2.0, 1.0670208418471598, 1.0, 1.028255630349871, 1.0, 1.0, 1.6666666666666667, 1.0, 1.0031099963262773, 1.0, 1.1666666666666667, 1.7777777777777777, 1.1818181818181819, 1.4, 1.0, 1.0, 1.0, 1.0, 4.0, 2.0, 1.0, 1.0, 3.0, 2.909090909090909, 1.0, 1.1618677042801557, 4.0, 1.0184622363347697, 1.0, 2.0, 3.0, 1.0145631067961165, 1.0, 1.0, 1.0, 1.2912621359223302, 1.7058823529411764, 1.0, 1.0, 1.5551330798479088, 1.0, 1.1297752808988764, 1.0, 1.1401869158878504, 1.0, 1.0, 1.007435062356025, 1.0, 1.1358447488584476, 1.0, 1.0, 1.8695652173913044, 1.0435863257799738, 1.0, 1.0336134453781514, 1.7692307692307692, 1.0, 1.0, 1.0, 1.0, 1.7916666666666667, 1.0, 1.165525824517735, 1.052747946936197, 1.0, 1.0, 1.0, 2.0, 31.0, 1.2127659574468086, 1.0, 1.0, 1.0, 1.0, 1.088235294117647, 1.0, 1.0, 1.0, 1.0, 1.0, 1.0, 1.0, 1.0, 1.0, 1.2264525740771395, 3.0, 1.0, 1.1304347826086956, 1.0, 1.0596026490066226, 1.0, 1.2863849765258215, 1.0, 1.0, 1.0, 1.8333333333333333, 1.0, 2.736842105263158, 1.0, 3.0, 1.5, 1.0095030448838433, 1.0287422103522827, 1.0, 1.25, 1.0, 1.003407800075729, 1.1395348837209303, 1.1428571428571428, 1.0, 1.1286821705426358, 5.0, 1.1695205479452055, 1.0, 1.0, 1.1183431952662721, 1.0, 1.1564625850340136, 1.1301535974130963, 1.0, 1.0, 1.2741935483870968, 1.046116504854369, 4.0, 1.0, 1.0277321056669955, 1.25, 1.3333333333333333, 1.0, 1.75, 1.0, 1.0, 1.0, 1.3571428571428572, 1.3333333333333333, 1.1327463596342702, 1.0, 1.0, 1.1371858492076197, 1.0, 2.0, 1.12, 1.0, 1.5, 1.0, 1.3333333333333333, 1.0, 1.0, 1.0, 1.0, 1.0, 1.6371681415929205, 1.0, 1.25, 1.0, 1.0, 1.0, 1.0, 1.0606435643564356, 1.4463276836158192, 1.2127468581687613, 1.155844155844156, 1.0, 1.0896309314586994, 1.0, 1.0, 3.0, 1.0, 1.017751479289941, 1.0, 1.0, 1.0, 1.2, 2.0, 1.0, 1.0909090909090908, 1.0, 1.0, 1.0, 1.0, 1.0, 1.0, 1.0588235294117647, 1.0, 1.0, 1.1513144276547298, 2.5, 1.0, 1.0932269874476988, 1.0, 1.0, 1.0, 1.0, 1.0814814814814815, 1.0, 3.0, 1.0, 1.3333333333333333, 1.3534883720930233, 1.0, 1.1363636363636365, 1.2682926829268293, 1.0, 1.2472168905950096, 1.0810810810810811, 1.0, 1.25, 1.0, 1.3333333333333333, 10.0, 3.0, 1.0, 1.0, 1.0, 1.0, 1.0, 1.1724137931034482, 1.0909090909090908, 1.0987654320987654, 3.3333333333333335, 1.0, 1.0, 2.0, 1.3557312252964426, 1.2, 1.1363636363636365, 1.4179456259592196, 1.055380771722032, 1.0080901015228427, 1.0208002645502645, 1.2867924528301886, 1.0, 3.1323529411764706, 2.0, 1.3404255319148937, 1.0597549884983684, 1.0, 1.00399223663522, 1.0147067190077943, 1.0092500108568203, 1.0, 1.25, 1.0, 1.0126582278481013, 1.0, 1.0, 1.0546528803545052, 1.1862745098039216, 1.0, 2.9310344827586206, 1.0, 1.040182270091135, 1.0, 1.4285714285714286, 1.75, 1.0, 1.0, 4.25, 1.0, 1.1876750700280112, 1.0, 1.0, 1.0, 1.0, 1.009302869847585, 1.0, 2.0, 1.216931216931217, 1.5102523659305993, 1.0206489675516224, 1.0829187396351576, 1.3480392156862746, 1.0411071135966943, 1.008849557522124, 1.0303030303030303, 1.0, 1.0, 1.0261264491454525, 1.0443889359946834, 1.0, 2.75, 1.0, 1.0, 1.0, 1.0, 1.0, 1.0, 1.0, 1.0282024248813917, 1.6666666666666667, 1.3682864450127876, 1.0, 1.0, 2.0, 1.0932721712538227, 1.0411743319396474, 1.2, 1.0336906584992342, 1.4, 1.0, 1.0, 1.0, 1.0550859087665367, 2.5, 1.0, 1.0810110174983798, 1.0, 2.923076923076923, 1.0, 1.0, 1.0, 1.0086658898922225, 1.0, 1.0, 1.5, 1.1111111111111112, 1.32, 1.0280649926144756, 3.1818181818181817, 1.0, 1.0, 1.0344827586206897, 1.25, 2.0, 1.107573812580231, 1.0, 1.3, 1.0, 1.0, 1.2222222222222223, 1.0, 1.0, 3.5555555555555554, 1.0020974974685375, 1.00029564940529, 1.4324324324324325, 1.048780487804878, 1.0, 1.0, 1.5, 1.0, 1.0645385954730122, 1.0, 3.0, 1.5, 1.0461254612546125, 1.4893048128342246, 2.0, 1.0378649309927073, 1.4, 2.0, 1.0303327331422667, 2.5, 1.0190319934372436, 1.0, 1.0, 1.0, 1.120380107209726, 1.0, 2.0, 1.12, 1.0, 2.0, 1.0, 1.4444444444444444, 1.0, 1.1655629139072847, 1.0303906957716022, 2.0, 1.5, 1.0, 1.0029154518950438, 2.0, 6.666666666666667, 1.0510204081632653, 1.0, 1.0036248300860897, 1.0333333333333334, 1.4705882352941178, 1.0, 2.5, 1.0, 2.0, 1.1021621621621622, 2.0, 4.0, 1.2429941002949854, 1.25, 1.0, 1.0214838391044285, 1.0, 2.0, 1.0, 2.0, 1.0, 1.0243445692883895, 1.0, 3.0, 1.4, 1.0026296666546224, 1.0526315789473684, 1.5036144578313253, 1.375, 2.7037037037037037, 2.0, 1.394736842105263, 1.1085899513776336, 1.0, 1.0, 1.141025641025641, 2.6790393013100435, 2.2, 2.0, 1.6, 1.3516483516483517, 1.0, 1.8888888888888888, 1.0, 1.5223880597014925, 1.0, 3.0, 1.0016044032374969, 6.0, 1.0197384776015512, 2.8, 1.0, 3.0, 1.4166666666666667, 1.5, 2.0, 1.0028780743066457, 1.0, 1.0, 1.0, 1.0, 1.0, 1.0, 2.0, 1.6941176470588235, 1.0, 1.0, 2.0, 1.0, 1.0, 1.0, 1.0, 1.0, 1.0, 1.0, 1.0, 1.0, 1.25, 1.38, 1.0, 1.0266666666666666, 1.0, 1.0, 1.4, 1.002669108478803, 1.6470588235294117, 1.0, 1.0, 1.0, 1.0, 1.032225263981228, 1.0, 1.0, 1.0450799806107611, 1.0090978013646703, 1.127659574468085, 2.0, 1.0, 1.0, 1.0, 1.8620689655172413, 2.0, 1.0, 1.0, 1.0965630114566285, 2.0, 1.0268441728502837, 1.0, 1.0, 1.0080808080808081, 1.0, 1.0, 1.0, 2.4705882352941178, 1.0783980582524273, 1.0, 1.0, 1.625, 1.2044334975369457, 1.0, 1.0, 2.0, 1.0, 1.0, 1.0821621101270698, 1.0, 2.0, 1.0713922764227641, 1.0, 1.0, 1.01456194795894, 1.0, 1.0058249968342408, 1.0, 1.0, 1.0319829424307037, 1.0419556171983357, 1.8, 1.0307692307692307, 1.0, 1.0, 1.25, 1.1714541387024608, 1.0, 1.0, 1.0, 1.0, 1.5, 1.0, 1.0, 1.5, 1.0083102493074791, 1.0, 1.0, 1.0, 1.5, 1.0, 1.125, 1.0707964601769913, 1.0, 1.0, 1.0, 1.0, 1.0, 1.0, 1.6, 1.0, 1.0, 1.0, 1.0, 1.0, 4.0, 1.1659074733096086, 1.281853281853282, 1.0, 2.0, 1.5, 1.0392523364485982, 1.0, 1.0, 1.0, 2.0, 1.0, 1.06640625, 1.0543478260869565, 1.064516129032258, 1.0778189518263632, 1.0, 1.6521739130434783, 1.0, 1.0, 1.0, 2.0, 1.0, 1.0, 1.0, 1.0539609644087256, 4.0, 1.0, 4.0, 1.0222222222222221, 1.0144064968294582, 1.0, 1.0, 1.059396299902629, 1.0386384544618215, 1.2761194029850746, 1.8, 1.0, 1.0, 1.0849559086790284, 1.0, 1.6, 1.0, 1.0, 1.5, 1.0128956623681125, 1.0, 1.0, 1.0, 1.0, 1.0, 1.0, 1.2, 1.0, 1.2587836632780454, 1.0138888888888888, 2.0, 1.0, 1.0, 3.0, 1.0, 1.0, 1.0, 1.0, 1.0, 2.0, 1.0, 2.0, 1.5, 1.174342105263158, 1.0, 1.0317690563262305, 1.0, 1.0, 1.3846153846153846, 1.0535645472061657, 3.0, 1.5, 1.0, 1.0, 1.0, 1.6785714285714286, 1.0813492063492063, 3.0, 1.0, 1.0, 1.0, 1.0, 1.0, 1.0607375271149675, 1.0, 1.0, 1.0, 1.0, 1.4866760168302946, 1.1125415282392026, 1.0, 1.0, 1.1153846153846154, 1.52, 2.0, 1.4578313253012047, 1.0, 1.0, 1.0, 1.0, 1.0, 1.3333333333333333, 2.0, 1.0, 1.3525835866261398, 1.0151603498542274, 1.2, 1.0, 1.0, 1.0, 1.0, 2.2, 1.0, 1.0, 1.341887417218543, 1.0, 1.0, 1.8181818181818181, 1.25, 1.6111111111111112, 1.0, 1.0819366852886405, 1.0, 1.0, 1.5, 1.0, 1.0384615384615385, 1.010135135135135, 1.0, 1.5723684210526316, 1.0, 4.0, 1.0, 1.0, 2.0, 1.4, 1.0, 1.0, 1.0, 1.0, 1.2195121951219512, 1.0, 1.0, 1.2857867376695828, 1.0044070876874147, 1.0, 1.0, 1.0, 1.063457587320223, 1.0, 2.106951871657754, 1.0, 1.0651423641069888, 2.0, 1.0, 1.2307692307692308, 1.3333333333333333, 1.6666666666666667, 1.0727988194786031, 1.0, 2.8125, 1.0, 1.0, 2.5, 1.0, 1.0, 1.0, 1.6, 1.6666666666666667, 1.0, 1.0, 1.5, 1.0, 1.375, 1.0, 2.0, 1.0, 1.3333333333333333, 1.0, 1.0, 1.0, 1.0, 1.0, 1.0, 1.0, 1.0, 1.1062062062062061, 2.0, 1.0, 1.0, 1.0, 1.0, 1.2777777777777777, 1.5, 1.0, 1.3422190201729107, 1.0, 1.3341869398207427, 1.0, 1.077536231884058, 1.0, 1.048780487804878, 4.615384615384615, 1.8571428571428572, 1.0, 1.0, 1.368421052631579, 1.0797041906327034, 1.0, 2.0, 1.4605714285714286, 1.0, 1.0, 1.0, 2.0, 1.060793889306286, 1.0, 2.6, 1.0, 1.0576923076923077, 1.0, 1.0, 1.0, 1.0, 1.0, 1.0, 1.0, 1.0, 1.5, 2.0, 1.0, 1.0, 1.0, 1.052808988764045, 1.0044726719742374, 1.0, 1.0, 1.2307692307692308, 1.0372340425531914, 1.0, 2.0, 1.0535279805352797, 1.0, 2.1449275362318843, 1.0, 1.0, 1.0, 1.5, 3.0, 2.0, 1.2537369207772795, 1.0, 1.0, 1.483644859813084, 1.0, 1.2916666666666667, 1.0, 1.0, 1.5, 1.195729537366548, 1.0, 1.0, 1.8095238095238095, 1.01357228802614, 1.0, 1.4, 2.0, 1.0, 1.0085826954302946, 2.0, 1.75, 1.0, 1.2540983606557377, 1.0, 1.250077089115017, 1.5, 1.0, 1.0, 1.0, 1.0, 1.0, 1.0, 2.0, 1.9615384615384615, 1.0, 1.0660491341119613, 1.0, 1.006766370506213, 1.0, 1.0, 1.0, 1.0, 1.0, 1.0675675675675675, 1.1707639439598203, 2.0, 1.2016129032258065, 1.0, 1.419574609504819, 1.2083333333333333, 2.0, 1.0254237288135593, 1.457142857142857, 2.0, 1.0, 1.0, 1.0562659846547315, 1.0, 1.0, 1.0089285714285714, 2.0, 1.0]
origin-forest_43.39 	max: 31.0000	99th: 4.0000	95th: 2.7525	median: 1.0032	mean: 1.3381

...Done, result: results.csv

WORKLOAD-FINISHED | Type: QueryWorkload | Progress: 1/3 | Workload-time: 60.834945 | Model-update-time: 0.000000


WORKLOAD-START | Type: DataUpdateWorkload | Progress: 2/3
Going to run: ['python', '/home/kangping/code_copy/SAUCE/Naru/eval_model.py', '--model=naru', '--data_update=tupleskew', '--dataset=forest', '--drift_test=js', '--end2end', '--update_size=100000', '--query_seed=0', '--eval_type=drift']
Torch device: cuda:1
GET-MODEL-PATH=./models/end2end/naru/origin-forest-16.5MB-model62.533-data19.148-200epochs-seed0.pt
GET-DATASET-PATH=./data/forest/end2end/forest.npy
TupleSkewSample - START
0.01
TupleSkewSample - END
load_npy_dataset_from_path - df.shape = (681012, 10)
Parsing... done, took 0.1s
Data updated!
Previous data size: (581012, 10), new data size: (100000, 10)
[1.7821789e-05 8.9406967e-07 9.6559525e-06 1.1384487e-05 2.4437904e-06
 6.9737434e-06 7.0333481e-06 2.4378300e-05 1.1920929e-06 1.9669533e-06]
Distance score: 8.374452590942383e-06
SAUCE Drift detection: True
Detection latency: 0.0656s

DRIFT-DETECTED after 2-th workload
Going to run: ['python', '/home/kangping/code_copy/SAUCE/Naru/incremental_train.py', '--dataset=forest', '--end2end', '--model=naru', '--model_update=adapt', '--update_size=100000', '--epochs=0']
Torch device: cuda:1
GET-MODEL-PATH=./models/end2end/naru/origin-forest-16.5MB-model62.533-data19.148-200epochs-seed0.pt
update_size: 100000
AdaptTask - START
GET-DATASET-PATH=./data/forest/end2end/forest.npy
load_npy_dataset_from_path - df.shape = (681012, 10)
Parsing... done, took 0.1s
done, took 0.1s
dataset size: 681012
train data shape: torch.Size([100000, 10]), transfer data shape:torch.Size([20000, 10])
Training done; evaluating likelihood on full data:
Epoch None Iter 0, test loss 43.7495 nats / 63.1172 bits
Saved to: /home/kangping/code_copy/SAUCE/models/end2end/naru/origin-forest-16.5MB-model62.533-data19.148-200epochs-seed0.pt
AdaptTask - END

WORKLOAD-FINISHED | Type: DataUpdateWorkload | Progress: 2/3 | Workload-time: 2.245306 | Model-update-time: 4.898461


WORKLOAD-START | Type: QueryWorkload | Progress: 3/3
Going to run: ['python', '/home/kangping/code_copy/SAUCE/Naru/eval_model.py', '--dataset=forest', '--model=naru', '--end2end', '--query_seed=0', '--eval_type=estimate', '--num_workload=3', '--data_update=tupleskew', '--model_update=adapt', '--random_seed=42']
Torch device: cuda:1
GET-MODEL-PATH=./models/end2end/naru/origin-forest-16.5MB-model62.533-data19.148-200epochs-seed0.pt
ckpts [PosixPath('/home/kangping/code_copy/SAUCE/models/end2end/naru/origin-forest-16.5MB-model62.533-data19.148-200epochs-seed0.pt')]
Validate Argument: DATASET="forest" is valid.
data size: 681012, total size: 681012, split index: [567510 681012]
Parsing... done, took 0.1s
Loading ckpt: /home/kangping/code_copy/SAUCE/models/end2end/naru/origin-forest-16.5MB-model62.533-data19.148-200epochs-seed0.pt
query_seed:0
origin-forest_43.39 	max: 49.0000	99th: 25.0000	95th: 18.0000	median: 1.0355	mean: 2.9184
ReportEsts: [1.0, 1.0427516517683637, 1.0, 1.8918918918918919, 2.0, 1.0, 1.3203342618384402, 1.0, 1.481060606060606, 1.0, 1.1940298507462686, 7.25, 1.0, 1.0, 2.126984126984127, 1.3, 1.0, 17.0, 1.6226415094339623, 2.7333333333333334, 1.0, 21.0, 1.0, 1.0, 1.0262008733624455, 1.0, 1.0541893498529504, 2.0, 1.0, 1.7142857142857142, 2.0, 1.0, 1.0, 1.0, 1.0, 2.0, 1.0, 18.0, 1.0, 3.0, 2.0, 1.0, 1.0588235294117647, 1.0, 2.711267605633803, 1.0354330708661417, 1.0, 2.0, 1.0, 1.0, 3.0, 1.0226996351844346, 1.0, 1.0, 3.6, 1.0850202429149798, 1.028765690376569, 1.7352941176470589, 1.0, 23.0, 1.006628242074928, 10.0, 16.0, 1.0, 1.0, 1.9655172413793103, 1.0487789566200012, 1.1428571428571428, 2.0, 19.0, 19.0, 1.65625, 1.0129702862533105, 1.153225806451613, 1.0, 1.2786259541984732, 1.0, 1.0, 1.0, 1.0, 18.0, 1.0, 2.0, 1.002797847303369, 3.5, 1.1578947368421053, 1.0, 1.0, 1.3333333333333333, 1.0377940804452315, 1.0, 6.0, 16.0, 1.097165674913874, 1.4107142857142858, 1.9642857142857142, 1.0434782608695652, 1.0, 1.0, 15.0, 1.0, 1.0, 1.0275941362460477, 1.8333333333333333, 2.0, 1.0, 1.0, 1.0, 1.0062771880000903, 1.5, 1.0, 1.077922077922078, 1.0, 1.0, 1.0, 1.0, 1.0, 1.0, 1.0, 1.0, 1.0, 1.0784313725490196, 1.0, 1.0, 2.0, 3.0, 1.0, 1.2821917808219179, 1.2857142857142858, 1.0, 25.0, 1.0, 1.0, 1.0, 1.0707984119982354, 1.1316112121084005, 2.0, 2.625, 1.0, 1.0, 2.0, 1.111962071480671, 1.2222222222222223, 1.033341055295187, 1.0, 1.0, 2.0, 1.0, 1.03672732775483, 1.0, 1.1333333333333333, 1.4545454545454546, 1.4615384615384615, 4.5, 1.0, 1.0, 1.0, 1.0, 4.0, 2.0, 1.0, 1.0, 3.6666666666666665, 3.769230769230769, 1.0, 1.0355555555555556, 2.0, 1.0180193821926105, 1.0, 1.3333333333333333, 2.0, 1.061493411420205, 1.0, 1.0, 9.0, 1.0, 1.014468874242869, 1.0199704142011834, 1.0, 1.0718913373818497, 2.3684210526315788, 1.065094652939223, 1.0, 3.0, 1.0, 1.0, 1.0, 3.0, 1.0, 1.1077940939164113, 1.0, 1.0, 3.2, 1.0134591635793198, 1.0, 1.0390625, 1.0635467248042811, 2.0, 1.196078431372549, 1.0803571428571428, 1.1082518688901668, 1.0, 1.0, 24.0, 1.0, 2.5714285714285716, 1.0, 1.0, 1.0, 2.0, 1.4, 2.3333333333333335, 3.5, 4.6, 1.0, 26.0, 1.1724137931034482, 1.0, 1.0, 1.0, 1.0, 23.0, 6.0, 1.0, 1.6666666666666667, 1.5555555555555556, 1.0, 1.0, 1.0828512396694214, 1.0246871052933746, 1.3703703703703705, 1.0, 1.0070027327737654, 1.0, 18.0, 1.0, 1.0, 1.5714285714285714, 25.0, 1.9230769230769231, 1.0, 3.0, 2.0, 1.0112211221122112, 1.0011639087090733, 1.0, 2.0, 23.0, 1.0, 2.0, 1.131578947368421, 1.0, 1.0918774966711051, 3.3333333333333335, 1.3878326996197718, 14.0, 1.0, 1.0151515151515151, 1.0, 1.2270742358078603, 1.1033151680290645, 3.2, 1.0, 1.10062893081761, 1.0167364016736402, 4.0, 1.0, 1.0599552359636173, 3.0, 2.0, 1.0, 2.125, 1.0, 1.0, 1.0, 1.0789473684210527, 1.3333333333333333, 1.360518292682927, 1.1903409090909092, 1.0, 1.7049180327868851, 1.0, 1.2911392405063291, 1.0375854214123006, 1.0, 1.0, 6.75, 1.0488798370672099, 1.3236714975845412, 1.015477609266313, 1.5, 14.0, 1.0, 1.0714285714285714, 2.2151162790697674, 1.0, 1.168458781362007, 9.0, 1.9724137931034482, 1.0, 1.0, 1.6, 11.5, 1.0, 1.0, 1.1879699248120301, 1.0, 3.0, 1.0, 1.0, 1.0416666666666667, 1.0, 1.3333333333333333, 1.0, 1.0, 1.0185185185185186, 13.5, 1.0, 1.0833333333333333, 24.0, 1.0, 14.0, 1.0, 1.0, 1.0, 1.5, 1.0, 1.0, 1.117042775345234, 2.5, 1.0, 1.0219444004853089, 18.0, 1.0, 1.0, 1.0, 1.8381389252948885, 1.0, 3.0, 18.0, 1.0, 1.6232558139534883, 16.0, 1.1470588235294117, 1.0614525139664805, 1.0, 1.105165741208144, 1.3157894736842106, 1.0, 1.5, 1.3333333333333333, 1.0, 2.0, 14.0, 1.0, 1.0, 1.0, 1.0, 1.0, 1.1843971631205674, 1.1, 1.02020202020202, 6.0, 1.0, 14.0, 2.0, 1.4785714285714286, 1.0146101937855232, 3.0, 1.0984901277584205, 1.1666666666666667, 1.001571376767799, 1.1538461538461537, 1.2972027972027973, 9.0, 1.6369863013698631, 1.0, 2.0, 1.016835118192012, 1.0, 1.0106806128461991, 1.0351714299768804, 1.0400943396226414, 1.0, 1.25, 2.0, 1.0751445086705202, 20.0, 1.0, 2.0, 1.027831094049904, 19.0, 1.0, 1.0, 1.0, 1.037037037037037, 2.6363636363636362, 1.0, 1.0, 1.0, 9.25, 1.0, 1.119142176330421, 1.0, 1.0, 1.0, 1.0, 1.015029861472505, 1.0, 9.2, 2.6718602455146363, 1.0, 1.1666666666666667, 1.0, 1.0, 1.0066812107990182, 2.076923076923077, 30.333333333333332, 1.0, 1.0, 1.0323129600393661, 1.0537745002910925, 1.0, 2.2, 23.0, 2.0, 1.0, 1.02803738317757, 1.019191996529107, 1.0, 1.588598901098901, 19.6, 1.0, 1.0, 1.1988950276243093, 1.1, 24.0, 2.0, 1.0656565656565657, 1.0202146939913566, 1.4, 1.1368876080691643, 1.12, 1.0, 1.0, 1.0, 1.0207079275803566, 3.0, 1.0, 1.3569926393270242, 20.0, 1.0, 1.3958333333333333, 1.0, 1.0, 1.0867052023121386, 2.3333333333333335, 1.2941176470588236, 1.0705521472392638, 1.0347277032359905, 1.0, 21.0, 2.0, 1.0, 1.0, 1.0173013053216962, 1.0, 1.0, 1.0387755102040817, 1.1079136690647482, 1.0, 1.0, 1.0, 1.0, 1.3879310344827587, 22.0, 1.0398069963811822, 1.0224303627543705, 1.0, 2.0, 1.1944444444444444, 1.0, 1.0, 1.0, 2.526315789473684, 1.0, 1.0, 1.0, 1.4444444444444444, 1.0952380952380953, 1.0208285119185374, 1.0, 25.0, 1.0, 1.118279569892473, 1.0, 2.0, 1.0, 1.0, 1.0, 1.0966441178414825, 1.2142857142857142, 2.0, 1.48, 1.0, 20.0, 19.0, 1.4054054054054055, 1.3333333333333333, 1.004524886877828, 1.0030405507870552, 2.0, 1.5, 1.0, 1.1128133704735377, 22.0, 1.2, 1.116504854368932, 1.0, 1.041899895860453, 1.2871794871794873, 1.25, 1.0, 16.0, 1.0, 1.0, 25.0, 19.0, 1.2064676616915422, 1.2105263157894737, 2.1666666666666665, 2.0, 1.0, 1.0730717185385656, 1.0, 27.0, 5.0, 21.0, 1.094751192910702, 21.0, 1.0, 1.3236514522821576, 2.0, 1.0226571504566007, 1.0, 1.0, 1.415426997245179, 1.0, 1.0, 1.251908396946565, 9.0, 14.0, 1.0625, 1.5170454545454546, 2.0, 2.0, 1.3333333333333333, 1.3523809523809525, 1.0, 1.6120689655172413, 1.0, 1.2112676056338028, 1.0, 2.4, 1.3959348983724593, 1.8, 1.0428556420264907, 1.3043478260869565, 1.0, 1.5, 2.823529411764706, 1.0, 1.2428571428571429, 1.1176470588235294, 1.025, 1.0912162162162162, 1.0, 1.0, 1.0, 1.1952941176470588, 1.5, 1.2019322830533554, 1.194454852004496, 1.0, 14.0, 2.0, 1.0, 1.0, 1.0, 1.0, 1.0, 1.0, 1.0, 1.0, 1.0, 1.14, 1.0110894251242015, 1.5525812619502868, 1.0, 1.0, 1.1764705882352942, 2.0, 21.0, 20.0, 1.0, 1.0, 1.0, 1.0, 1.001719690455718, 1.0, 24.0, 1.129994036970781, 1.0, 1.0, 1.0, 2.5, 1.5, 1.0, 1.0, 1.0, 1.0, 1.5714285714285714, 27.0, 1.1075233022636484, 1.0, 1.0, 1.0, 1.0023076194494434, 1.0, 1.0, 1.0, 2.210526315789474, 1.012123205601109, 1.0, 1.0, 1.1818181818181819, 1.2, 1.0, 1.0, 1.0, 1.0, 1.0, 1.1175095361141874, 1.0, 2.0, 1.0569806560134567, 1.0, 1.0, 1.0889544688026982, 1.0, 1.018112798264642, 1.0, 1.0, 2.75, 1.2963604852686308, 1.0, 1.0, 1.0, 1.1428571428571428, 1.0, 1.0160454022663423, 1.163920732249178, 1.0, 11.0, 2.6666666666666665, 1.0, 1.1666666666666667, 1.6666666666666667, 1.0, 1.0, 1.1138353166461497, 1.0, 1.0, 19.0, 3.4634146341463414, 1.2604166666666667, 3.588235294117647, 1.0910543130990416, 1.0, 1.7641509433962264, 1.5918367346938775, 3.522727272727273, 12.0, 1.3333333333333333, 1.0, 1.0, 1.0, 1.2962962962962963, 1.0, 1.2326139088729018, 1.0, 22.0, 2.3333333333333335, 18.0, 2.8607594936708862, 1.0, 19.0, 1.0, 1.0, 1.2878787878787878, 1.0, 1.0, 1.0, 1.1265370884569614, 1.1919191919191918, 2.0, 1.4444444444444444, 1.8, 1.0, 1.3235294117647058, 1.0, 1.2, 25.0, 1.0, 20.0, 1.0436037191407503, 1.7023809523809523, 1.0, 1.3333333333333333, 1.1283783783783783, 1.0104166666666667, 1.0, 1.0, 1.1620962827544181, 1.0496662216288384, 1.2196531791907514, 1.5, 14.0, 1.0, 1.0281233098972418, 3.625, 14.5, 1.0, 1.0, 2.0, 1.393939393939394, 1.0, 1.588235294117647, 1.0, 1.0, 1.0606060606060606, 22.0, 1.5, 2.0, 1.0, 1.051848833655903, 2.7758620689655173, 1.4393592677345537, 1.0, 1.0, 3.0, 18.0, 1.0, 11.0, 1.0, 1.0, 3.0, 1.0, 2.0, 1.5, 1.163265306122449, 1.5, 1.0033173918900713, 1.0, 1.0, 1.0588235294117647, 1.1610954490535643, 3.0, 1.5, 1.0, 1.0, 1.0, 1.2830188679245282, 1.142721217887726, 3.0, 1.0, 1.0, 1.0, 1.0, 1.0, 1.4987834549878345, 1.0, 1.0, 19.0, 1.0, 1.4481185860889396, 1.0871104815864023, 1.0, 1.0, 1.161137440758294, 1.72, 2.0, 1.6428571428571428, 1.0, 1.0, 1.0, 1.0, 1.0, 1.2307692307692308, 2.0, 1.0, 1.4697406340057637, 1.0013702042850026, 1.0, 1.0, 1.5844155844155845, 1.0, 2.7, 1.0, 1.5, 1.0, 1.0296807161793522, 1.9444444444444444, 1.0, 1.0, 1.1420528367258553, 1.0278914094458906, 1.0, 1.5, 14.0, 1.2855670103092784, 1.0, 1.0527845916235123, 1.6779661016949152, 1.1944025473437239, 1.703125, 1.03305335669829, 1.0, 1.0338504936530324, 1.6666666666666667, 1.0, 1.0, 1.0, 2.0, 1.5555555555555556, 22.0, 18.0, 1.0, 17.0, 1.0, 1.0, 1.0, 1.0982658959537572, 3.0, 1.0, 23.0, 1.0550029256875366, 1.7647058823529411, 1.0, 2.0, 1.1643916913946588, 1.2126260412099956, 1.0, 1.6, 1.0, 1.0, 1.0, 1.0, 4.6, 1.0, 1.46875, 12.0, 22.0, 1.0, 1.4285714285714286, 1.366412213740458, 1.0, 1.109517144856543, 1.0, 1.0, 1.0, 13.0, 1.0825335892514396, 1.0, 26.0, 1.0, 1.0, 1.0, 1.0, 1.0, 1.0, 1.0, 1.0, 1.0, 1.0, 1.2170360229314623, 1.0, 1.0, 1.0, 1.0, 1.0, 1.9166666666666667, 1.0, 1.0, 5.0, 1.0, 1.0, 1.0, 2.0, 1.0, 1.2267441860465116, 1.0330572662277908, 26.0, 1.3716814159292035, 2.0, 1.0740740740740742, 1.0, 1.5401598781880472, 1.0, 4.0, 1.5671641791044777, 1.0, 1.0, 13.0, 49.0, 12.5, 1.0, 1.0287080752205597, 1.0056441138268981, 1.0056497175141244, 1.5555555555555556, 1.0, 26.0, 1.0, 1.0, 1.0, 20.0, 1.0, 5.8, 2.0, 1.0, 1.0, 1.0, 1.0614634146341464, 1.040015243902439, 1.0, 1.0, 1.2307692307692308, 1.1779448621553885, 1.0, 2.0, 1.0027452536879011, 1.0, 1.5373961218836565, 1.0, 1.0, 1.0, 1.5, 2.8125, 2.0, 1.2134024179620035, 1.0, 1.0, 1.482114467408585, 21.0, 1.0824468085106382, 5.5, 1.5, 2.0, 1.3544303797468353, 1.0, 1.5, 1.0120365912373617, 1.0, 1.0, 1.9615384615384615, 1.0, 2.0, 1.04389721627409, 2.4, 1.0, 1.0, 2.4444444444444446, 1.3227383863080684, 1.0, 1.0101740294511379, 1.5, 1.0, 1.0, 1.0, 1.0, 1.0, 1.0, 2.0, 1.6451612903225807, 1.0, 1.1344873501997337, 1.0, 1.0514195347444464, 1.0, 1.0, 1.0, 1.0, 1.0, 2.4054054054054053, 1.0588235294117647, 1.0, 1.0, 2.0, 1.0298507462686568]
origin-forest_43.39 	max: 49.0000	99th: 25.0000	95th: 18.0000	median: 1.0355	mean: 2.9184

...Done, result: results.csv

WORKLOAD-FINISHED | Type: QueryWorkload | Progress: 3/3 | Workload-time: 62.372940 | Model-update-time: 0.000000


Experiment Summary: #data-update-times=1, #drift=1 | total-time=130.530012