Input arguments = Namespace(data_update='valueskew', update_size=100000, dataset='forest', debug=False, drift_test='js', model_update='adapt', model='naru', end2end=False, query_seed=0, random_seed=42, num_workload=3)
JSON-passed parameters = {'data_updater': {'skew_ratio': '1e-2'}, 'random_seed': 32, 'naru': {'epochs': 0}}
MODEL-PATH=/home/kangping/code_copy/SAUCE/models/end2end/naru/origin-forest-16.5MB-model62.533-data19.148-200epochs-seed0.pt
DATASET-PATH=/home/kangping/code_copy/SAUCE/data/forest/end2end/forest.npy
Workloads: ['QueryWorkload', 'DataUpdateWorkload', 'QueryWorkload']

WORKLOAD-START | Type: QueryWorkload | Progress: 1/3
Going to run: ['python', '/home/kangping/code_copy/SAUCE/Naru/eval_model.py', '--dataset=forest', '--model=naru', '--query_seed=0', '--end2end', '--eval_type=first_estimate', '--num_workload=3', '--data_update=valueskew', '--model_update=adapt', '--random_seed=42']
Torch device: cuda:1
GET-MODEL-PATH=./models/end2end/naru/origin-forest-16.5MB-model62.533-data19.148-200epochs-seed0.pt
ckpts [PosixPath('/home/kangping/code_copy/SAUCE/models/end2end/naru/origin-forest-16.5MB-model62.533-data19.148-200epochs-seed0.pt')]
Validate Argument: DATASET="forest" is valid.
load_csv_dataset - forest (581012, 10)
Parsing... done, took 0.0s
Loading ckpt: /home/kangping/code_copy/SAUCE/models/end2end/naru/origin-forest-16.5MB-model62.533-data19.148-200epochs-seed0.pt
query_seed:0
origin-forest_43.39 	max: 31.0000	99th: 4.0000	95th: 2.6271	median: 1.0012	mean: 1.3407
ReportEsts: [1.0, 1.1716029843997287, 1.0, 1.5945945945945945, 2.6666666666666665, 1.0, 1.3568904593639577, 1.0, 1.5825688073394495, 1.0, 1.0, 3.0, 1.0, 1.0, 3.0, 1.005556088454699, 1.0, 1.4285714285714286, 1.4722222222222223, 1.0, 1.0, 3.0, 1.8181818181818181, 1.4, 2.2, 1.0, 1.047673314339981, 1.3, 3.0, 1.297196261682243, 1.0, 1.0137254901960784, 1.5555555555555556, 1.0, 1.6111111111111112, 1.0091575091575091, 1.140490390987409, 1.0, 1.2422037422037422, 1.0, 2.0, 1.0, 1.5454545454545454, 1.0, 1.4227642276422765, 1.094170403587444, 1.0, 2.0, 1.0, 1.0, 3.0, 1.0534308211473566, 1.0, 1.0, 3.0, 1.085308056872038, 1.396341463414634, 1.0, 1.0, 1.0, 1.0131399317406142, 2.0, 1.0, 1.1625570776255707, 1.197452229299363, 1.0, 1.064587973273942, 1.3663366336633664, 1.465863453815261, 1.0, 2.0, 1.0, 1.2903225806451613, 1.0190586501000316, 4.0, 1.5, 1.0, 1.0, 1.0, 1.0, 1.0, 2.0, 1.0168243751084045, 3.5, 2.076923076923077, 1.0, 1.0, 1.3333333333333333, 1.1326548937443879, 1.0, 4.0, 1.1521739130434783, 1.0, 1.0560040363269425, 1.0, 1.0, 1.0282543457335371, 1.0148619957537155, 1.0, 1.0, 1.0, 1.0, 1.0, 1.0, 1.1153846153846154, 1.0, 1.0, 1.0, 1.0415094339622641, 1.0, 1.0070422535211268, 1.0, 1.0, 1.13193213471765, 1.1395348837209303, 2.0, 1.0, 2.0, 1.0, 1.0, 1.0, 2.0, 3.0, 1.0, 1.0384615384615385, 1.0, 1.0, 1.3333333333333333, 1.0, 1.0, 1.0, 1.0287087235091177, 1.0741289669936716, 2.0, 2.625, 1.0, 1.0, 2.0, 1.0298324478953822, 1.0317460317460319, 1.0402019446522064, 1.0, 1.0, 1.6, 1.0, 1.0047168322083235, 1.0, 1.0666666666666667, 2.0869565217391304, 1.0769230769230769, 1.4, 1.0, 1.0, 1.0, 1.0, 2.0, 1.0, 1.0, 1.0, 3.3333333333333335, 2.909090909090909, 1.0, 1.1670038910505836, 2.0, 1.0454524835563619, 1.0, 1.3333333333333333, 2.0, 1.0369127516778522, 1.0, 1.0, 1.0, 1.3571428571428572, 1.8125, 1.0, 1.0, 1.5843373493975903, 1.0, 1.04438202247191, 1.0, 1.009433962264151, 1.0, 1.0, 1.0372229724362538, 1.0, 1.1534003091190108, 1.0, 1.0, 2.388888888888889, 1.0343395814087473, 1.0, 1.2592592592592593, 1.6428571428571428, 1.0, 1.0, 1.0, 1.0, 1.7916666666666667, 1.0, 1.1907183725365544, 1.1380290587492103, 1.0, 1.0, 1.0, 2.0, 31.0, 1.1631205673758864, 1.0, 1.0, 1.0, 1.0, 1.0, 1.0, 1.0, 1.0, 1.0, 1.0, 1.0093896713615023, 1.0, 1.0, 1.0, 1.2244661479887435, 3.0, 1.0, 1.065217391304348, 1.0, 1.0738255033557047, 1.0, 1.2678571428571428, 1.0, 1.0, 1.0, 1.8333333333333333, 2.0, 2.5, 1.0, 3.0, 1.5, 1.057908669755129, 1.0321760142439274, 1.0, 2.0, 1.5, 1.0124952669443392, 1.187878787878788, 1.1428571428571428, 1.0, 1.1500789889415481, 2.5, 1.1267123287671232, 1.0, 1.0, 1.1454545454545455, 1.0, 1.7346938775510203, 1.1881019830028328, 1.0769230769230769, 1.0, 1.0084388185654007, 1.0436893203883495, 4.0, 1.0, 1.0185329909567935, 1.25, 2.0, 1.0, 1.875, 1.0, 1.0, 1.0, 1.3103448275862069, 1.3333333333333333, 1.2224215246636772, 1.0, 1.0, 1.0869217224267649, 1.2857142857142858, 2.0, 1.16, 1.0, 1.5, 1.0, 1.2222222222222223, 1.0, 1.5, 1.0, 1.0, 1.0, 2.371794871794872, 1.0, 1.1111111111111112, 1.0, 1.0, 1.0, 1.0, 1.8042105263157895, 1.0993788819875776, 1.0808, 1.0553359683794465, 1.0, 1.0118319053447573, 1.0, 1.0, 3.0, 1.0, 1.0118343195266273, 1.0, 1.0, 1.0, 1.125, 2.0, 1.0, 1.0909090909090908, 1.0, 1.0, 1.0, 1.0, 1.0, 1.0, 1.125, 1.0, 1.0, 1.1245450869389406, 2.5, 1.0, 1.0956624295636221, 1.0, 1.0, 1.0, 1.0, 1.7555555555555555, 1.0, 3.0, 1.0, 1.0, 1.572093023255814, 1.0, 1.1363636363636365, 1.4024390243902438, 1.0, 1.1480828558836491, 1.135135135135135, 1.0, 1.206896551724138, 1.0, 1.3333333333333333, 10.0, 1.5, 1.0, 1.0, 1.0, 1.0, 1.0, 1.103448275862069, 2.3636363636363638, 1.123456790123457, 6.0, 1.0, 1.0, 1.0, 1.2509881422924902, 1.2, 1.746031746031746, 1.418548563911423, 1.0682808036341498, 1.036960659898477, 1.010375752814873, 1.090566037735849, 1.0, 1.016431924882629, 1.0, 1.1711419297727943, 1.0320440806719093, 1.0, 1.017300822722577, 1.0441486032883882, 1.0151561210752595, 1.0, 1.25, 1.0, 1.0126582278481013, 1.0, 1.0, 1.0377906976744187, 3.923076923076923, 1.0, 2.9310344827586206, 1.0, 1.13006300630063, 1.0, 10.0, 1.75, 1.0, 1.0, 4.25, 1.0, 1.188785046728972, 1.0, 1.0, 1.0, 1.0, 1.0117446958255745, 1.0, 2.0, 1.220159151193634, 1.124868559411146, 1.051622418879056, 1.283167495854063, 1.3414634146341464, 1.0853132903501586, 1.0412979351032448, 1.9411764705882353, 1.0, 1.0, 1.0378106566096121, 1.0407452391319294, 1.0, 2.2, 1.0, 1.0, 1.0, 1.0, 1.0, 1.0, 1.0, 1.039158231220032, 1.6666666666666667, 1.381926683716965, 1.0, 1.0, 1.0, 1.0104895104895104, 1.014738833115088, 1.2, 1.0214395099540583, 1.1666666666666667, 1.0, 1.0, 1.0, 1.010259538598048, 2.5, 1.0, 1.1905781584582442, 1.0, 3.4545454545454546, 1.0, 1.0, 1.0, 1.02475968540635, 1.0, 1.0, 1.0, 1.0526315789473684, 1.34, 1.0398818316100442, 3.1818181818181817, 1.0, 1.0, 1.1, 1.25, 2.0, 1.1560975609756097, 1.0, 1.3, 1.0, 1.0, 1.2222222222222223, 1.0, 1.0, 4.0, 1.025233091608702, 1.026862040742088, 1.353191489361702, 1.048780487804878, 1.0, 1.0, 1.5, 1.0, 1.0604078072184058, 1.3714285714285714, 3.0, 1.5, 1.092741935483871, 1.4732620320855614, 1.0, 1.0002375466185238, 1.8, 1.0, 1.0185491002461138, 2.5, 1.0370795734208367, 1.0, 1.0, 1.0, 1.0795352535330478, 1.0714285714285714, 2.0, 1.24, 1.0, 2.0, 1.0, 1.5294117647058822, 1.0, 1.218543046357616, 1.0690387679235263, 2.0, 1.5, 1.0, 1.0132939438700148, 2.0, 1.4285714285714286, 1.0404040404040404, 1.0, 1.0520344735537506, 1.223809523809524, 1.3888888888888888, 1.0, 1.4, 1.0, 1.0, 1.0364557789766224, 2.0, 4.0, 1.2951289398280803, 2.0, 1.0, 1.0290508043562385, 1.0, 2.3333333333333335, 1.0, 2.0, 1.0, 1.046816479400749, 1.0, 2.0, 1.4, 1.0030766759047274, 1.5657894736842106, 1.41156462585034, 1.1, 2.7037037037037037, 1.0, 1.4473684210526316, 1.1085899513776336, 1.0, 1.0, 1.064102564102564, 1.2257742257742257, 3.0, 2.0, 1.6, 1.3516483516483517, 1.0, 1.8514851485148516, 1.0, 1.1019900497512438, 1.0, 3.0, 1.0187961263468317, 6.0, 1.0230696564411077, 2.3333333333333335, 1.0, 3.0, 1.4166666666666667, 1.0, 2.0, 1.0173010380622838, 1.0, 1.0, 1.0, 1.0, 1.0, 1.0, 2.0, 2.2941176470588234, 1.0, 1.0, 2.0, 1.0, 1.0, 1.0, 1.0, 1.0, 1.5, 1.0, 1.0, 1.0, 1.3157894736842106, 1.26, 2.0, 1.005, 1.0, 1.0, 1.1666666666666667, 1.0022200151895777, 2.0, 1.0, 1.0, 1.0, 1.0, 1.0050840829096597, 1.0, 1.0, 1.0578999018645732, 1.095514950166113, 1.127659574468085, 2.0, 1.0, 1.0, 1.0, 1.6363636363636365, 2.0, 1.0, 1.0, 1.2469387755102042, 2.0, 1.060879368658399, 1.0, 1.0, 1.0147497463125634, 1.0, 1.0, 1.0, 2.625, 1.0196073031696637, 1.0, 1.0, 1.4444444444444444, 1.1113636363636363, 1.0, 1.0, 2.0, 1.0, 1.0, 1.1417982287254524, 1.0, 2.0, 1.0260848944747452, 1.0, 1.0, 1.0577401692384272, 1.0, 1.0039410119501653, 1.0, 1.0, 1.03862660944206, 1.0455906821963394, 1.4, 1.015625, 1.0, 1.0, 4.0, 1.0663897034864778, 1.0, 1.0, 1.0, 1.0, 1.7, 1.0, 1.0, 1.5, 1.2279518072289157, 1.0, 1.0, 1.0, 1.5, 1.0, 1.2, 1.0619469026548674, 1.0, 1.0, 1.0, 1.0, 1.0, 1.0, 1.7, 1.0, 1.0, 1.0, 1.0, 1.0, 4.0, 1.15288256227758, 1.053968253968254, 1.0, 2.0, 1.5, 1.0671785028790788, 1.0, 1.0, 1.0, 2.0, 1.0, 1.050336646361013, 1.065217391304348, 2.75, 1.0228585782466717, 1.0, 2.0652173913043477, 1.0, 1.24, 1.0, 1.5, 1.0, 1.0, 1.0, 1.08596214511041, 4.0, 1.0, 4.0, 1.0222222222222221, 1.0165758148848594, 1.0, 1.0, 1.1170431211498972, 1.0254523152407238, 1.2238805970149254, 1.8, 1.0, 1.0, 1.0112472963229993, 1.0, 2.0, 1.0, 1.0, 1.0, 1.1699882766705745, 1.0, 1.0, 1.0, 1.0, 1.0, 1.0, 1.1538461538461537, 1.0, 1.1169322709163347, 1.0579710144927537, 2.0, 1.0, 1.0, 3.0, 1.0, 1.0, 1.0, 1.0, 1.0, 2.0, 1.0, 2.0, 1.5, 1.174342105263158, 1.0, 1.0508770834633872, 1.0, 1.0, 2.0, 1.10613810741688, 3.0, 1.0, 1.0, 1.0, 1.0, 1.1785714285714286, 1.2357798165137615, 3.0, 1.0, 1.0, 1.0, 1.0, 1.0, 1.0899795501022496, 1.0, 1.0, 1.0, 1.0, 1.424731182795699, 1.1162790697674418, 1.0, 1.0, 1.0116279069767442, 1.44, 2.0, 1.4156626506024097, 1.0, 1.0, 1.0, 1.0, 1.0, 1.1428571428571428, 2.0, 1.0, 1.3829787234042554, 1.0736971939562134, 1.2, 1.0, 1.0, 1.0, 1.0, 2.2, 1.0, 1.0, 1.4161781946072685, 1.0, 1.0, 1.03125, 1.25, 1.8055555555555556, 1.0, 4.062937062937063, 1.0, 1.0, 3.0, 1.0, 1.0, 1.1655405405405406, 1.0, 1.5394736842105263, 1.0, 3.142857142857143, 1.0, 1.0, 2.0, 1.5555555555555556, 1.0, 1.0, 1.0, 1.0, 1.1111111111111112, 1.0, 1.0, 1.1966527196652719, 1.0031664178766906, 1.0, 1.0, 1.0, 1.1508658643968301, 1.0, 1.9572192513368984, 1.0, 1.0155306298533218, 2.0, 1.0, 1.3846153846153846, 2.0, 1.6666666666666667, 1.0664043285784555, 1.0, 2.0454545454545454, 1.0, 1.0, 5.0, 1.0, 1.0, 1.0, 1.6, 1.6666666666666667, 1.0, 1.0, 1.5, 1.0, 1.5, 1.0, 4.0, 1.0, 2.0, 1.0, 1.0, 1.0, 1.0, 1.0, 1.0, 1.0, 1.0, 1.2274774774774775, 1.0, 1.0, 1.0, 1.0, 1.0, 1.2857142857142858, 1.5, 1.0, 1.0920281359906214, 1.0, 1.263764404609475, 1.0, 1.0690150970524803, 1.0, 1.0238095238095237, 1.0333333333333334, 1.1818181818181819, 1.0, 1.0, 1.3157894736842106, 1.078101217656012, 1.0, 5.0, 1.444, 1.0, 1.0, 1.0, 2.0, 1.0130222658025017, 1.0, 2.1666666666666665, 1.0, 1.0185185185185186, 1.0, 1.0, 1.0, 1.0, 1.0, 1.0, 1.0, 1.0, 1.5, 2.0, 1.0, 1.0, 1.0, 1.0509831460674157, 1.0384649789784417, 1.0, 1.0, 1.4545454545454546, 1.0664893617021276, 1.0, 2.0, 1.0295107632093934, 1.0555555555555556, 1.4891304347826086, 1.0, 1.0, 1.0, 1.5, 3.0, 1.0, 1.2570774354704413, 1.0, 1.0, 1.4620107444359172, 1.0, 1.6, 1.0, 1.0, 1.5, 1.2846975088967971, 1.0, 1.0, 1.3103448275862069, 1.0148774489485755, 1.0, 1.5555555555555556, 1.5, 1.0, 1.146601716539086, 2.0, 2.3333333333333335, 1.0, 1.401639344262295, 1.0, 1.2038236201048411, 1.5, 1.0, 1.0, 1.0, 1.0, 1.0, 1.0, 2.0, 2.04, 1.0, 1.0748016622591614, 1.0, 1.0107291369075961, 1.0, 1.0, 1.0, 1.0, 1.0, 1.1756756756756757, 1.1635360567450415, 2.0, 1.2274193548387098, 1.0, 1.3900097624471202, 1.0740740740740742, 2.0, 1.0423728813559323, 1.3304347826086957, 2.0, 1.0, 1.0, 1.0690250215703192, 1.0, 1.0, 1.0058997050147493, 1.0, 1.0]
origin-forest_43.39 	max: 31.0000	99th: 4.0000	95th: 2.6271	median: 1.0012	mean: 1.3407

...Done, result: results.csv

WORKLOAD-FINISHED | Type: QueryWorkload | Progress: 1/3 | Workload-time: 61.905101 | Model-update-time: 0.000000


WORKLOAD-START | Type: DataUpdateWorkload | Progress: 2/3
Going to run: ['python', '/home/kangping/code_copy/SAUCE/Naru/eval_model.py', '--model=naru', '--data_update=valueskew', '--dataset=forest', '--drift_test=js', '--end2end', '--update_size=100000', '--query_seed=0', '--eval_type=drift']
Torch device: cuda:1
GET-MODEL-PATH=./models/end2end/naru/origin-forest-16.5MB-model62.533-data19.148-200epochs-seed0.pt
GET-DATASET-PATH=./data/forest/end2end/forest.npy
ValueSample - START
ValueSample - END
load_npy_dataset_from_path - df.shape = (681012, 10)
Parsing... done, took 0.1s
Data updated!
Previous data size: (581012, 10), new data size: (100000, 10)
[2.3841858e-07 1.7881393e-07 1.1920929e-07 7.1525574e-07 0.0000000e+00
 1.4779568e-02 2.9802322e-07 1.5497208e-06 3.5762787e-07 3.5762787e-07]
Distance score: 0.0014783382648602128
SAUCE Drift detection: True
Detection latency: 0.0684s

DRIFT-DETECTED after 2-th workload
Going to run: ['python', '/home/kangping/code_copy/SAUCE/Naru/incremental_train.py', '--dataset=forest', '--end2end', '--model=naru', '--model_update=adapt', '--update_size=100000', '--epochs=0']
Torch device: cuda:1
GET-MODEL-PATH=./models/end2end/naru/origin-forest-16.5MB-model62.533-data19.148-200epochs-seed0.pt
update_size: 100000
AdaptTask - START
GET-DATASET-PATH=./data/forest/end2end/forest.npy
load_npy_dataset_from_path - df.shape = (681012, 10)
Parsing... done, took 0.1s
done, took 0.1s
dataset size: 681012
train data shape: torch.Size([100000, 10]), transfer data shape:torch.Size([20000, 10])
Training done; evaluating likelihood on full data:
Epoch None Iter 0, test loss 41.8973 nats / 60.4451 bits
Saved to: /home/kangping/code_copy/SAUCE/models/end2end/naru/origin-forest-16.5MB-model62.533-data19.148-200epochs-seed0.pt
AdaptTask - END

WORKLOAD-FINISHED | Type: DataUpdateWorkload | Progress: 2/3 | Workload-time: 2.329171 | Model-update-time: 4.697912


WORKLOAD-START | Type: QueryWorkload | Progress: 3/3
Going to run: ['python', '/home/kangping/code_copy/SAUCE/Naru/eval_model.py', '--dataset=forest', '--model=naru', '--end2end', '--query_seed=0', '--eval_type=estimate', '--num_workload=3', '--data_update=valueskew', '--model_update=adapt', '--random_seed=42']
Torch device: cuda:1
GET-MODEL-PATH=./models/end2end/naru/origin-forest-16.5MB-model62.533-data19.148-200epochs-seed0.pt
ckpts [PosixPath('/home/kangping/code_copy/SAUCE/models/end2end/naru/origin-forest-16.5MB-model62.533-data19.148-200epochs-seed0.pt')]
Validate Argument: DATASET="forest" is valid.
data size: 681012, total size: 681012, split index: [567510 681012]
Parsing... done, took 0.1s
Loading ckpt: /home/kangping/code_copy/SAUCE/models/end2end/naru/origin-forest-16.5MB-model62.533-data19.148-200epochs-seed0.pt
query_seed:0
origin-forest_43.39 	max: 190.4737	99th: 14.0700	95th: 3.0000	median: 1.0487	mean: 2.5631
ReportEsts: [2.0, 1.073462649607924, 1.0, 1.5945945945945945, 2.6666666666666665, 1.0, 1.3495440729483283, 1.0, 1.7969924812030076, 1.0, 1.0506329113924051, 2.4375, 1.0, 2.0, 2.4444444444444446, 1.3, 1.0, 2.0, 1.5121951219512195, 190.47368421052633, 1.0, 1.0, 1.0, 1.0, 1.0911062906724511, 1.0, 1.2453653217011995, 3.0, 1.0, 2.0, 3.0, 1.0, 1.0, 1.0, 1.0, 2.0, 1.0, 2.0, 1.0, 2.0, 2.0, 1.0, 1.3571428571428572, 1.0, 1.3732394366197183, 1.1383399209486167, 1.0, 2.0, 1.0, 1.0, 3.0, 1.0061571633924293, 1.0, 1.0, 4.2, 1.2701421800947867, 1.0507466464186281, 1.7647058823529411, 1.0, 4.0, 1.0027960296379141, 2.0, 2.0, 1.0, 1.0, 1.1637931034482758, 1.071967758444217, 1.25, 3.0, 1.0, 2.0, 1.5918367346938775, 1.0305065198385386, 1.8175182481751824, 1.0, 2.451388888888889, 1.0, 1.0, 1.0, 1.0, 2.0, 1.0, 2.0, 1.0065060953570137, 2.3333333333333335, 2.0, 1.0, 1.0, 1.3333333333333333, 1.0265799446891324, 1.0, 2.4871794871794872, 2.0, 1.0170237745817434, 1.1176470588235294, 2.607142857142857, 2.64, 1.0, 1.0, 2.0, 1.0, 1.0, 1.145001667963972, 1.2222222222222223, 2.0, 1.0, 1.0, 1.0, 1.0651858002906374, 1.2, 1.0, 1.146341463414634, 1.0, 1.0, 1.0, 1.0, 1.0, 1.0, 3.0, 1.0, 1.0, 1.0419485791610283, 1.0, 1.0, 2.0, 3.0, 1.0, 1.1888466413181242, 1.125, 1.0, 1.5, 1.0, 1.0, 1.0, 1.1233680680320997, 1.0521078662270371, 2.0, 2.875, 2.0, 1.0, 2.0, 1.2468328565590518, 1.1343283582089552, 1.024948947882447, 1.0, 1.0, 1.6, 1.0, 1.008235326072195, 1.0, 1.1612903225806452, 1.7941176470588236, 1.2307692307692308, 1.0740740740740742, 1.0, 1.0, 1.0, 1.0, 5.0, 1.0, 2.0, 1.0, 3.6666666666666665, 3.1538461538461537, 3.0, 8.363636363636363, 2.0, 1.0475233753187543, 1.0, 1.3333333333333333, 2.0, 1.0526315789473684, 1.0, 1.0, 1.25, 1.0, 1.022099558276141, 1.0285926476049017, 1.0, 1.4292421193829645, 1.5, 1.31055900621118, 1.0, 3.0, 1.0, 1.0, 1.0, 4.0, 1.0, 1.2171804641496362, 2.0, 2.0, 2.4, 1.0081129708494272, 1.0, 1.0559701492537314, 1.1266134999588917, 3.0, 1.4333333333333333, 5.0, 1.0380199381230664, 1.0, 1.0, 3.0, 3.0, 2.75, 1.0, 1.0, 1.0, 2.0, 5.564705882352941, 3.6666666666666665, 1.0, 2.5, 2.0, 1.0, 1.0, 1.0, 1.0, 1.0, 1.0, 2.0, 3.0, 1.0, 2.0, 1.6666666666666667, 1.0, 1.0, 1.0652595304759853, 1.047143019425196, 1.0, 1.0, 1.0108782170336958, 1.0, 1.125, 2.0, 1.0, 1.8571428571428572, 179.6, 1.3076923076923077, 1.0, 3.0, 1.5, 2.6557911908646004, 1.021200281816435, 1.0, 2.0, 2.0, 1.0, 1.5, 1.375, 1.0, 1.0178571428571428, 3.3333333333333335, 1.1388888888888888, 190.0, 1.0, 1.0317460317460319, 1.0, 2.513846153846154, 1.279875840662183, 1.1333333333333333, 1.0, 1.2747747747747749, 1.2912621359223302, 3.0, 1.0, 1.2456428806313713, 1.434782608695652, 2.0, 1.0, 1.7, 1.0, 1.0, 1.0, 1.2941176470588236, 1.3333333333333333, 1.3252773375594296, 4.033112582781457, 1.0, 1.0, 1.0, 1.7627118644067796, 1.0498261877172654, 1.0, 1.0, 1.5, 1.167919799498747, 1.2300884955752212, 1.080667484508194, 1.0, 1.180232558139535, 1.0, 1.0666666666666667, 2.3395669291338583, 1.0, 1.111913357400722, 2.0, 1.4827586206896552, 1.0, 1.0, 2.380952380952381, 8.0, 1.0, 2.0, 1.0833333333333333, 1.0, 3.0, 1.0, 1.0, 1.04, 1.0, 1.6666666666666667, 1.0, 1.0, 1.1090909090909091, 2.0, 1.0, 1.3076923076923077, 2.0, 1.0, 1.0, 1.0, 1.0, 1.0, 1.5, 1.0, 1.0, 1.0110294117647058, 2.5, 1.0, 1.0710768220617204, 3.0, 1.0, 1.0, 1.0, 1.2748148148148148, 1.0, 3.0, 5.0, 1.0, 1.1767441860465115, 1.0263157894736843, 1.1584158415841583, 1.6, 1.0, 1.0584016393442623, 1.015748031496063, 1.0, 1.1290322580645162, 1.0, 1.0, 11.0, 134.0, 1.0, 1.0, 1.0, 1.0, 1.0, 1.0714285714285714, 14.0, 1.0510204081632653, 1.0, 1.0, 1.0, 2.1904761904761907, 1.2591943957968477, 1.1456436398206806, 3.0, 1.012270437185113, 1.2023809523809523, 1.002764423076923, 1.4666666666666666, 1.182108626198083, 2.0, 3.458064516129032, 1.0, 77.042194092827, 1.1704762464377, 1.0, 1.0111240054783637, 1.0412328600897949, 1.2383289182264299, 1.0, 1.25, 2.0, 1.644808743169399, 1.0, 4.0, 2.0, 1.1884765625, 2.0, 1.125, 1.0, 1.0, 1.105263157894737, 2.2, 1.5, 1.0, 1.0, 4.75, 2.0, 1.20926517571885, 1.0, 1.0, 1.0, 1.0, 1.0077920458795662, 1.0, 2.6, 2.309642372114079, 1.0, 1.1666666666666667, 1.0, 1.0, 1.0157323838701664, 91.49242424242425, 1.7402597402597402, 1.0, 1.0, 1.0275794541226388, 1.056051577610628, 1.0, 2.0, 1.1538461538461537, 3.0, 1.0, 1.7432432432432432, 1.028652107458356, 1.0, 1.3564223268325488, 1.6888888888888889, 1.0, 1.0, 1.015075376884422, 1.3103448275862069, 3.0, 2.0, 1.1610644257703082, 1.0158428310559788, 1.4, 1.206738131699847, 1.6923076923076923, 1.0, 1.0, 1.0, 1.0564840091439731, 3.0, 1.0, 1.0545062061521857, 1.0, 1.0, 1.0808080808080809, 1.0, 2.0, 1.2537313432835822, 1.4, 1.2941176470588236, 1.1683501683501682, 1.0496124031007752, 1.0, 1.0, 2.0, 1.0, 1.0, 1.0070939417567888, 1.0, 1.0, 1.0694444444444444, 1.0064308681672025, 1.0, 1.0, 1.0, 2.0, 1.4827586206896552, 1.0, 1.3142559833506764, 1.0286502962346373, 1.6666666666666667, 2.3333333333333335, 1.3617021276595744, 1.0, 1.0, 1.0, 1.736842105263158, 1.0, 1.0, 1.0, 1.5, 1.3333333333333333, 1.0074661689220719, 1.0, 2.5, 1.0, 1.1428571428571428, 2.0, 1.0, 1.0, 1.0, 1.0, 1.2989176434378928, 1.2142857142857142, 2.0, 1.1333333333333333, 1.0, 2.0, 40.0, 1.6153846153846154, 1.3333333333333333, 1.0606060606060606, 1.2691466083150984, 2.0, 1.5, 1.0, 1.0273794002607561, 21.0, 1.2, 1.1217391304347826, 1.0, 1.1497054825555053, 1.0829694323144106, 1.4761904761904763, 1.0, 2.0, 1.0, 2.0, 1.0, 3.0, 1.152744630071599, 13.5, 2.0, 2.0, 1.0, 1.1344195519348268, 1.0, 2.0, 1.6666666666666667, 2.0, 1.172752808988764, 79.66666666666667, 1.0, 1.6532663316582914, 2.0, 1.0138659068586244, 1.0, 3.0, 1.719056974459725, 1.0, 1.0, 1.0580645161290323, 3.0, 1.0, 1.041237113402062, 1.0126050420168067, 2.0714285714285716, 2.0, 1.3333333333333333, 1.355140186915888, 1.0, 1.8016528925619835, 1.0, 1.1258992805755397, 1.0, 2.6, 1.0356309613669115, 1.8, 1.1241660489251297, 1.1195652173913044, 1.0, 1.5, 1.337837837837838, 1.0, 1.5686274509803921, 1.0588235294117647, 4.076923076923077, 1.0036423841059603, 1.0, 1.0, 1.0, 1.1548974943052392, 1.5, 1.0840182648401826, 1.0298318568070872, 1.0, 1.0, 2.0, 1.0, 1.0, 1.0, 1.0, 1.0, 1.5, 1.0, 1.0, 1.0, 1.1125827814569536, 1.0223582168293326, 1.7007042253521127, 2.0, 1.0, 1.2941176470588236, 1.5, 2.0, 2.0, 1.0, 1.0, 1.0, 1.0, 1.007384635947472, 1.0, 2.0, 1.0968921389396709, 1.0, 1.0, 1.0, 3.5, 1.5, 1.0, 1.0, 1.0, 1.0, 2.3333333333333335, 1.2172284644194757, 1.0386952350495682, 2.0, 1.0, 1.0, 1.0384804492404833, 1.0, 1.0, 1.0, 2.5789473684210527, 1.1142921449471077, 1.0, 1.0, 1.4, 1.0344234079173837, 1.0, 1.0, 3.0, 1.0, 1.0, 1.0464887870355213, 1.0, 2.0, 1.1286297640653358, 1.0, 1.0, 1.0233567589913186, 1.0, 1.0012989824637368, 1.0, 1.0, 1.5, 1.50355871886121, 1.0, 1.0, 1.0, 1.2857142857142858, 2.0, 1.0192992087229773, 1.0052381466681066, 1.0, 3.0, 1.0810810810810811, 1.0, 1.6, 5.6, 1.0, 1.0, 1.05027669051154, 1.0, 1.0, 1.0, 1.9027777777777777, 1.3571428571428572, 1.134453781512605, 1.1635434412265757, 1.0, 1.7168949771689497, 1.3, 2.4545454545454546, 1.0, 3.0, 1.0, 1.0, 1.0, 1.0096153846153846, 1.0, 1.1700507614213198, 1.0, 2.0, 1.1666666666666667, 3.0, 1.6296296296296295, 2.0, 2.25, 1.0, 1.0, 1.0298507462686568, 2.0, 2.0, 1.0, 1.0693721817551163, 1.1818181818181819, 2.0, 1.0769230769230769, 1.0816326530612246, 1.0, 1.0714285714285714, 1.0, 1.5, 2.0, 2.0, 1.0, 1.0144381669805398, 1.233644859813084, 1.0, 4.0, 1.8972602739726028, 1.043078073167313, 1.0, 1.0, 1.093069873997709, 1.0083030617540218, 1.2967741935483872, 1.2857142857142858, 2.0, 1.0, 2.3157894736842106, 4.0, 1.3333333333333333, 1.0, 1.0, 6.0, 4.577405857740586, 1.0, 1.7878787878787878, 1.0, 1.0, 1.0909090909090908, 2.0, 3.0, 2.0, 1.0, 1.0478863268608414, 3.310344827586207, 1.364494806421152, 1.0, 1.0, 4.0, 2.0, 1.0, 1.0, 1.0, 1.0, 2.0, 1.0, 2.0, 2.0, 1.0317919075144508, 1.0, 1.0367785325856782, 1.0, 1.0, 1.05, 1.2978805394990367, 3.0, 1.5, 1.0, 1.0, 1.0, 1.542857142857143, 1.3987635239567233, 3.0, 1.0, 1.0, 1.0, 1.0, 1.0, 1.0587337909992371, 1.0, 1.0, 2.0, 1.0, 1.8060747663551402, 1.1130136986301369, 1.0, 1.0, 1.1473684210526316, 1.4666666666666666, 2.0, 1.3636363636363635, 1.0, 1.0, 1.0, 1.0, 1.0, 1.2142857142857142, 2.0, 1.0, 1.3827493261455526, 1.112271186440678, 1.4166666666666667, 1.0, 106.45549738219896, 1.0, 1.7826086956521738, 1.0, 1.5, 2.0, 1.0112971179299803, 1.0, 1.0, 1.0, 1.1358407079646018, 1.0598896181384247, 1.0, 3.0, 1.0, 1.0232558139534884, 1.0, 1.2046939477303988, 1.1666666666666667, 1.676558384547849, 1.2976190476190477, 1.0376321094752277, 1.0, 1.0027586206896553, 1.25, 1.0, 1.0, 1.0, 1.0, 1.4545454545454546, 3.0, 1.0, 1.0, 5.277777777777778, 1.0, 1.0, 1.0, 3.3333333333333335, 5.0, 1.0, 2.0, 1.0831973898858076, 1.7169811320754718, 1.0, 2.0, 1.2579804560260586, 1.0449339207048458, 1.0, 1.411764705882353, 1.0, 2.0, 1.0, 1.0, 1.8, 1.0, 1.8181818181818181, 1.1683089214380826, 1.0, 1.0, 1.0909090909090908, 1.4477611940298507, 1.0, 1.1304798066965827, 1.0, 1.0, 1.0, 3.0, 1.051948051948052, 1.0, 1.0, 1.0, 2.0, 1.0, 1.0, 1.0, 2.0, 1.0, 1.0, 1.0, 1.0, 1.1705294492876888, 2.0, 1.0, 1.0, 2.0, 1.0, 1.2777777777777777, 1.0, 1.0, 3.0, 2.0, 1.0, 1.0, 2.0, 1.0, 2.1824324324324325, 1.3182654308533994, 1.0, 1.0708154506437768, 2.0, 1.5, 1.0, 1.2561046511627907, 1.0, 3.0, 1.497323600973236, 1.0, 1.0, 8.0, 1.3125, 1.0, 1.0, 1.014135345631609, 1.0962785052038946, 1.1973684210526316, 1.6666666666666667, 1.0, 1.0, 1.0, 1.0, 1.0, 1.0, 1.0, 1.2, 2.0, 1.0, 1.0, 1.0, 1.055852644087938, 1.225, 1.0, 1.0, 1.1428571428571428, 1.028888888888889, 2.0, 2.0, 1.0543872136663648, 1.1578947368421053, 1.4963768115942029, 1.0, 1.0, 1.0, 1.75, 2.380952380952381, 2.0, 1.2467628430682618, 1.0, 1.0, 1.7651715039577835, 3.0, 1.0406504065040652, 1.0, 2.0, 2.0, 1.294478527607362, 1.0, 1.5, 1.1938168846611177, 1.0, 1.0, 1.0506893132589603, 1.0, 2.0, 1.1962025316455696, 1.0714285714285714, 1.0, 1.0, 2.0, 1.2553699284009547, 1.0, 1.5087025316455696, 3.0, 1.0, 1.0, 1.0, 1.0, 1.0, 1.0, 2.0, 1.9333333333333333, 1.0, 1.1843596524367208, 1.0, 1.0022366961314104, 1.0, 1.0, 1.0, 1.0, 1.0, 1.5, 1.0588235294117647, 1.0, 1.0, 2.0, 1.1123188405797102]
origin-forest_43.39 	max: 190.4737	99th: 14.0700	95th: 3.0000	median: 1.0487	mean: 2.5631

...Done, result: results.csv

WORKLOAD-FINISHED | Type: QueryWorkload | Progress: 3/3 | Workload-time: 59.252030 | Model-update-time: 0.000000


Experiment Summary: #data-update-times=1, #drift=1 | total-time=128.369526