Input arguments = Namespace(data_update='sample', update_size=100000, dataset='forest', debug=False, drift_test='js', model_update='adapt', model='naru', end2end=False, query_seed=0, random_seed=42, num_workload=3)
JSON-passed parameters = {'data_updater': {'skew_ratio': '1e-2'}, 'random_seed': 82, 'naru': {'epochs': 0}}
MODEL-PATH=/home/kangping/code_copy/SAUCE/models/end2end/naru/origin-forest-16.5MB-model62.533-data19.148-200epochs-seed0.pt
DATASET-PATH=/home/kangping/code_copy/SAUCE/data/forest/end2end/forest.npy
Workloads: ['QueryWorkload', 'DataUpdateWorkload', 'QueryWorkload']

WORKLOAD-START | Type: QueryWorkload | Progress: 1/3
Going to run: ['python', '/home/kangping/code_copy/SAUCE/Naru/eval_model.py', '--dataset=forest', '--model=naru', '--query_seed=0', '--end2end', '--eval_type=first_estimate', '--num_workload=3', '--data_update=sample', '--model_update=adapt', '--random_seed=42']
Torch device: cuda:1
GET-MODEL-PATH=./models/end2end/naru/origin-forest-16.5MB-model62.533-data19.148-200epochs-seed0.pt
ckpts [PosixPath('/home/kangping/code_copy/SAUCE/models/end2end/naru/origin-forest-16.5MB-model62.533-data19.148-200epochs-seed0.pt')]
Validate Argument: DATASET="forest" is valid.
load_csv_dataset - forest (581012, 10)
Parsing... done, took 0.0s
Loading ckpt: /home/kangping/code_copy/SAUCE/models/end2end/naru/origin-forest-16.5MB-model62.533-data19.148-200epochs-seed0.pt
query_seed:0
origin-forest_43.39 	max: 33.0000	99th: 4.0496	95th: 2.6250	median: 1.0027	mean: 1.3802
ReportEsts: [1.0, 1.1526113497626045, 1.0, 1.7352941176470589, 2.6666666666666665, 1.0, 1.3963636363636365, 1.0, 1.2921348314606742, 1.0, 1.0298507462686568, 3.0, 1.0, 1.0, 6.0, 1.0046443051971987, 1.0, 1.4285714285714286, 1.5660377358490567, 1.0, 1.0, 3.0, 1.6666666666666667, 1.2, 2.2, 1.0, 1.0232410229230158, 1.1818181818181819, 3.0, 1.2146974063400577, 1.0, 1.0084525357607281, 1.3571428571428572, 1.0, 1.7058823529411764, 1.0196147938083422, 1.113915857605178, 1.0, 1.1746361746361746, 1.0, 2.0, 1.0, 1.3076923076923077, 1.0, 2.065040650406504, 1.0892857142857142, 1.0, 2.0, 1.0, 1.0, 3.0, 1.0315523059617548, 1.0, 1.0, 4.5, 1.085308056872038, 1.2037845705967978, 1.2941176470588236, 1.0, 1.0, 1.0056632915737087, 3.3333333333333335, 1.0, 1.1433789954337898, 1.1401273885350318, 1.0, 1.2612137203166227, 1.4851485148514851, 1.5301204819277108, 1.0, 2.0, 1.0, 1.1650485436893203, 1.1208802779825209, 2.0, 1.5, 1.0, 1.0, 1.0, 1.0, 1.0, 1.0, 1.011486056775039, 3.5, 1.7307692307692308, 1.0, 1.0, 1.3333333333333333, 1.0020353187668363, 1.0, 4.0, 1.326086956521739, 1.0, 1.0160194174757282, 2.0, 1.0, 1.0165198237885462, 1.0489977728285078, 1.0, 1.0, 2.0, 1.0, 1.0, 1.0, 1.0211267605633803, 1.0, 1.0, 1.0, 1.0739299610894941, 1.0, 1.091549295774648, 1.0, 1.0, 1.1714624740433106, 1.065217391304348, 2.0, 1.0, 2.0, 1.0, 1.0, 1.0, 2.0, 3.0, 1.0, 1.1123666038920277, 1.1428571428571428, 1.0, 1.3333333333333333, 1.0, 1.0, 1.0, 1.0525811474428075, 1.0949423247559893, 2.0, 2.625, 1.0, 1.0, 2.0, 1.0224765018389865, 1.0161290322580645, 1.0109075043630018, 1.0, 1.0, 1.0, 1.0, 1.0092568621384235, 1.0, 1.0333333333333334, 1.6551724137931034, 1.0, 1.4, 1.0, 1.0, 1.0, 1.0, 4.0, 2.0, 1.0, 1.0, 3.3333333333333335, 2.909090909090909, 1.0, 1.173852140077821, 4.0, 1.0068042640054433, 1.0, 2.0, 1.0, 1.0164473684210527, 1.0, 1.0, 1.0, 1.3434343434343434, 1.6111111111111112, 1.0, 1.0, 1.4106463878326996, 1.0, 1.905781584582441, 1.0, 3.1470588235294117, 1.0, 1.0, 1.0242910477400906, 1.0, 1.1436781609195403, 1.0, 1.0, 2.388888888888889, 1.0379274941937542, 1.0, 1.1121495327102804, 2.090909090909091, 1.0, 1.0, 1.0, 1.0, 1.7916666666666667, 1.0, 1.16806984720923, 1.1775110549589387, 1.0, 1.0, 1.0, 2.0, 31.0, 1.0930232558139534, 1.0, 1.0, 1.0, 1.0, 1.4705882352941178, 1.0, 1.0, 1.0, 1.0, 1.0, 1.013953488372093, 1.0, 1.0, 1.0, 1.205595100148982, 3.0, 1.0, 1.0, 1.0, 1.1267605633802817, 1.0, 1.0373376623376624, 1.0, 1.0, 1.0, 1.8333333333333333, 1.0, 1.6774193548387097, 1.0, 3.0, 2.0, 1.0497373194070925, 1.0075034973928525, 1.0, 1.3333333333333333, 1.5, 1.045058689890193, 1.1842900302114803, 1.1428571428571428, 1.0, 1.1357254290171608, 5.0, 1.1592465753424657, 1.0, 1.0, 1.1183431952662721, 1.0, 1.3147058823529412, 1.143714207799291, 1.0714285714285714, 1.0, 1.1232227488151658, 1.058252427184466, 4.0, 1.0, 1.0389674449194344, 1.25, 2.0, 1.0, 1.875, 1.0, 1.0, 1.0, 1.1875, 1.3333333333333333, 1.2364723467862482, 1.0, 1.0, 1.1253401632783737, 1.1111111111111112, 2.0, 1.16, 1.0, 1.5, 1.0, 1.1111111111111112, 1.0, 1.0, 1.0, 1.0, 1.0, 1.2847222222222223, 1.0, 1.25, 1.0, 1.0, 1.0, 1.0, 1.8195329087048833, 1.4858757062146892, 1.0125832716506291, 1.4751381215469612, 1.0, 1.062553556126821, 1.0, 1.0, 3.0, 1.0, 1.05625, 1.0, 2.0, 1.0, 1.0, 2.0, 1.0, 1.0909090909090908, 1.0, 1.0, 1.0, 1.0, 1.0, 1.0, 1.2857142857142858, 1.0, 1.0, 1.0541172240201366, 2.5, 1.0, 1.161330647961664, 1.0, 1.0, 1.0, 1.0, 1.06973058637084, 1.0, 3.0, 1.0, 1.6666666666666667, 1.2279069767441861, 1.0, 1.1363636363636365, 1.4024390243902438, 1.0, 1.1456813819577736, 1.018348623853211, 1.0, 1.1290322580645162, 1.0, 1.1428571428571428, 1.25, 1.5, 1.0, 1.0, 1.0, 1.0, 1.0, 1.0545454545454545, 1.5714285714285714, 1.0864197530864197, 1.3333333333333333, 1.0, 1.0, 1.0, 1.274703557312253, 1.2, 1.3363636363636364, 1.4067638675729006, 1.0496019877605485, 1.0096763959390862, 1.0336871714161338, 1.0415094339622641, 1.0, 1.0093896713615023, 2.0, 1.101276359600444, 1.020025321421566, 1.0, 1.023087369850611, 1.056010695795642, 1.0765622964346202, 1.0, 1.25, 1.0, 1.0126582278481013, 1.0, 1.5, 1.0288184438040346, 1.3725490196078431, 1.0, 2.236842105263158, 1.0, 1.0618832816464618, 1.0, 5.0, 1.75, 2.0, 1.0, 4.25, 1.0, 1.1865671641791045, 1.0, 1.0, 1.0, 1.0, 1.002217327033999, 1.0, 2.0, 1.1917098445595855, 1.069440539780714, 1.056047197640118, 1.1861525704809286, 1.4550264550264551, 1.0937555658461868, 1.0235988200589972, 33.0, 1.0, 1.0, 1.0301895848332134, 1.0373536219263468, 1.0, 2.75, 1.0, 1.0, 1.0, 1.0, 1.0, 1.0, 1.0, 1.0090532850491465, 1.6666666666666667, 1.3537936913895994, 1.0, 1.0, 2.0, 1.0356643356643356, 1.0033173286774335, 1.2, 1.0444104134762635, 1.3333333333333333, 1.0, 1.0, 1.0, 1.0418565076576825, 2.5, 1.0, 1.1684652278177459, 1.0, 2.533333333333333, 1.0, 1.0, 1.0, 1.0199825225750072, 1.0, 1.0, 1.0, 1.1111111111111112, 1.36, 1.0214180206794683, 3.5, 1.0, 1.0, 1.2820512820512822, 1.25, 2.0, 1.0865211810012836, 1.0, 1.3, 1.0, 1.0, 1.2222222222222223, 1.0, 1.0, 3.111111111111111, 1.0084431181308684, 1.0083212077118953, 1.2373540856031129, 1.0, 1.0, 1.0, 1.7142857142857142, 1.0, 1.0040344564387744, 1.0434782608695652, 1.5, 1.5, 1.330258302583026, 1.5240641711229947, 1.0, 1.0179822790222581, 1.2, 1.0, 1.0091520259112072, 2.5, 1.0275635767022149, 1.0, 1.0, 1.0, 1.0798045602605864, 1.0714285714285714, 2.0, 1.12, 1.0, 2.0, 1.0, 1.5294117647058822, 1.0, 1.2847682119205297, 1.0687881710061073, 2.0, 1.5, 1.0, 1.014792899408284, 2.0, 20.0, 1.0510204081632653, 1.0, 1.0019430522263384, 1.4, 1.3888888888888888, 1.0, 1.4, 1.0, 1.0, 1.0794070937003706, 2.0, 4.0, 1.1146732429099877, 1.8, 1.0, 1.0365190437300469, 1.0, 2.0, 1.0, 2.0, 1.0, 1.054307116104869, 1.0, 2.0, 1.4, 1.0064156296344058, 1.1578947368421053, 1.0892388451443569, 1.375, 2.7037037037037037, 1.0, 1.5526315789473684, 1.1085899513776336, 1.0, 1.0, 1.0512820512820513, 1.1776691116544418, 3.0, 2.0, 1.6, 1.3516483516483517, 1.0, 2.0549450549450547, 1.0, 1.2189054726368158, 1.0, 3.0, 1.0027286573267473, 6.0, 1.0299806095560085, 2.0, 1.0, 3.0, 1.4166666666666667, 1.5, 2.0, 1.0143903715332288, 1.0, 1.0, 1.0, 1.0, 1.0, 1.0, 2.0, 4.0476190476190474, 1.0, 1.0, 2.0, 1.0, 1.0, 1.0, 1.0, 1.0, 1.0, 1.0, 1.0, 1.0, 1.0533333333333332, 1.3513513513513513, 2.0, 1.0383333333333333, 1.0, 1.0, 1.1666666666666667, 1.0099970853978433, 1.6470588235294117, 1.0, 1.0, 1.0, 1.0, 1.0161341599109839, 1.0, 1.0, 1.0395371263259403, 1.1140202702702702, 1.1914893617021276, 2.0, 1.0, 1.0, 1.0, 1.4210526315789473, 2.0, 1.0, 1.0, 1.6036745406824147, 1.5, 1.0913941080955696, 1.0, 1.0, 1.0146060606060605, 1.0, 1.0, 1.0, 2.625, 1.070984351045674, 1.0, 1.0, 1.4444444444444444, 1.0715746421267893, 1.0, 1.0, 2.0, 1.0, 1.0, 1.3124759337697343, 1.0, 2.0, 1.0026084894474745, 1.0, 1.0, 1.0449411764705883, 1.0, 1.0117766240344435, 1.0, 1.0, 1.4070247933884297, 1.0302828618968387, 1.3333333333333333, 1.0, 1.0, 1.0, 1.3333333333333333, 1.1111016805296214, 1.0, 1.0, 1.0, 1.0, 1.2, 1.0, 1.0, 1.5, 1.0019661816751868, 1.0, 1.0, 1.0, 1.5, 1.0, 1.2, 1.0265486725663717, 1.0, 1.0, 1.0, 1.0, 1.0, 1.0, 1.3, 1.0, 1.0, 1.0, 1.0, 1.0, 4.0, 1.1388849347568208, 1.40084388185654, 1.0, 2.0, 1.5, 1.1487603305785123, 1.0, 1.0, 1.0, 2.0, 1.0, 1.0844091360476664, 1.065217391304348, 1.9411764705882353, 1.0729907773386034, 1.0, 1.1304347826086956, 1.0, 1.0869565217391304, 1.0, 2.0, 1.0, 1.0, 1.0, 1.0218923933209647, 4.0, 1.0, 1.0, 1.0546875, 1.0045820295037997, 1.0, 1.0, 1.0569948186528497, 1.0150260656240417, 1.2761194029850746, 1.5, 1.0, 1.0, 1.0566702654254343, 1.0, 1.6, 1.0, 1.0, 1.5, 1.1066822977725674, 1.0, 1.0, 1.0, 1.0, 1.0, 1.0, 1.25, 1.0, 1.1655074014624576, 1.024576954069299, 2.0, 1.0, 1.0, 3.0, 1.0, 1.0, 1.0, 1.0, 1.0, 2.0, 1.0, 2.0, 1.5, 1.2482517482517483, 1.0, 1.0006930418597284, 1.0, 1.0, 1.0555555555555556, 1.2346820809248555, 3.0, 1.5, 1.0, 1.0, 1.0, 1.7857142857142858, 1.0871559633027523, 3.0, 1.0, 1.0, 1.0, 1.0, 1.0, 1.0102249488752557, 1.0, 1.0, 1.0, 1.0, 1.3503184713375795, 1.1150332225913622, 1.0, 1.0, 1.0116279069767442, 1.44, 2.0, 1.4397590361445782, 1.0, 1.0, 1.0, 1.0, 1.0, 1.1428571428571428, 2.0, 1.0, 1.3617021276595744, 1.1017244106945103, 1.2, 1.0, 1.0, 1.0, 1.0, 2.4, 1.0, 1.0, 1.2003311258278146, 1.0, 1.0, 11.0, 2.0, 1.3611111111111112, 1.0, 3.227777777777778, 1.0, 1.0, 3.0, 1.0, 1.0384615384615385, 1.037162162162162, 1.0, 1.631578947368421, 1.0, 3.3846153846153846, 1.0, 1.0, 2.0, 1.4, 1.0, 1.0, 1.0, 1.0, 1.2048192771084338, 1.0, 1.0, 1.2785596551286929, 1.0056543176369477, 1.0, 1.0, 1.0, 1.1156295861461696, 1.0, 2.3974358974358974, 1.0, 1.0138050043140638, 2.0, 1.0, 1.3076923076923077, 1.3333333333333333, 1.6666666666666667, 1.087063453025086, 1.0, 1.9565217391304348, 1.0, 1.0, 2.5, 1.0, 1.0, 1.0, 1.6, 1.6666666666666667, 1.0, 1.0, 1.5, 1.0, 1.25, 1.0, 4.0, 1.0, 2.0, 1.0, 1.0, 1.0, 1.0, 1.0, 1.0, 1.0, 1.0, 1.137087087087087, 1.0, 1.0, 1.0, 1.0, 1.0, 1.246031746031746, 1.5, 1.0, 1.0241891148982958, 1.0, 1.2757148954332054, 1.0, 1.0576102418207682, 1.0, 1.1025641025641026, 2.4, 2.1666666666666665, 1.0, 1.0, 1.3157894736842106, 1.0224189077469241, 1.0, 3.0, 1.4657142857142857, 1.0, 1.0, 1.0, 2.0, 1.0039308268901612, 1.0, 2.1666666666666665, 1.0, 1.0377358490566038, 1.0, 1.0, 1.0, 1.0, 1.0, 1.0, 1.0, 1.0, 1.5, 2.0, 1.0, 1.0, 1.0, 1.0644662921348316, 1.0682274247491639, 1.0, 1.0, 1.4545454545454546, 1.0585106382978724, 1.0, 2.0, 1.0089371332131487, 1.0555555555555556, 1.5579710144927537, 1.0, 1.0, 1.0, 1.5, 3.2142857142857144, 2.0, 1.2438722966014417, 1.0, 1.0, 1.5442607003891051, 1.0, 1.0, 1.0, 1.0, 1.5, 1.298932384341637, 1.0, 1.0, 1.7674418604651163, 1.0010575492114717, 1.0, 1.4, 1.5, 1.0, 1.2274414289028068, 2.0, 2.3333333333333335, 1.0, 1.4754098360655739, 1.0, 1.0962072155411655, 1.5, 1.0, 1.0, 1.0, 1.0, 1.0, 1.0, 2.0, 1.9615384615384615, 1.0, 1.4185423365487675, 1.0, 1.0079030113744276, 1.0, 1.0, 1.0, 1.0, 1.0, 1.0810810810810811, 1.1643007360672977, 2.0, 1.1919354838709677, 1.0, 1.368631848766421, 1.16, 2.0, 1.0254237288135593, 1.3421052631578947, 2.0, 1.0, 1.0, 1.0368200836820083, 1.0, 1.0, 1.0117994100294985, 2.0, 1.0]
origin-forest_43.39 	max: 33.0000	99th: 4.0496	95th: 2.6250	median: 1.0027	mean: 1.3802

...Done, result: results.csv

WORKLOAD-FINISHED | Type: QueryWorkload | Progress: 1/3 | Workload-time: 61.927687 | Model-update-time: 0.000000


WORKLOAD-START | Type: DataUpdateWorkload | Progress: 2/3
Going to run: ['python', '/home/kangping/code_copy/SAUCE/Naru/eval_model.py', '--model=naru', '--data_update=sample', '--dataset=forest', '--drift_test=js', '--end2end', '--update_size=100000', '--query_seed=0', '--eval_type=drift']
Torch device: cuda:1
GET-MODEL-PATH=./models/end2end/naru/origin-forest-16.5MB-model62.533-data19.148-200epochs-seed0.pt
GET-DATASET-PATH=./data/forest/end2end/forest.npy
Sample - START
Sample - END
load_npy_dataset_from_path - df.shape = (681012, 10)
Parsing... done, took 0.1s
Data updated!
Previous data size: (581012, 10), new data size: (100000, 10)
[3.5762787e-07 5.9604645e-08 4.7683716e-07 3.5762787e-07 2.9802322e-07
 2.9802322e-07 7.7486038e-07 1.8477440e-06 2.9802322e-07 2.3841858e-07]
Distance score: 5.006789933759137e-07
SAUCE Drift detection: False
Detection latency: 0.0662s

WORKLOAD-FINISHED | Type: DataUpdateWorkload | Progress: 2/3 | Workload-time: 2.271817 | Model-update-time: 0.000000


WORKLOAD-START | Type: QueryWorkload | Progress: 3/3
Going to run: ['python', '/home/kangping/code_copy/SAUCE/Naru/eval_model.py', '--dataset=forest', '--model=naru', '--end2end', '--query_seed=0', '--eval_type=estimate', '--num_workload=3', '--data_update=sample', '--model_update=adapt', '--random_seed=42']
Torch device: cuda:1
GET-MODEL-PATH=./models/end2end/naru/origin-forest-16.5MB-model62.533-data19.148-200epochs-seed0.pt
ckpts [PosixPath('/home/kangping/code_copy/SAUCE/models/end2end/naru/origin-forest-16.5MB-model62.533-data19.148-200epochs-seed0.pt')]
Validate Argument: DATASET="forest" is valid.
data size: 681012, total size: 681012, split index: [567510 681012]
Parsing... done, took 0.1s
Loading ckpt: /home/kangping/code_copy/SAUCE/models/end2end/naru/origin-forest-16.5MB-model62.533-data19.148-200epochs-seed0.pt
query_seed:0
origin-forest_43.39 	max: 13.0000	99th: 4.4820	95th: 3.0000	median: 1.0741	mean: 1.4664
ReportEsts: [1.0, 1.0840852370896525, 1.0, 1.5227272727272727, 2.0, 1.0, 1.3575757575757577, 1.0, 2.1016042780748663, 1.0, 1.0384615384615385, 1.4705882352941178, 1.0, 1.5, 2.3174603174603177, 1.2839506172839505, 1.0, 2.0, 1.2692307692307692, 1.1176470588235294, 1.0, 2.0, 1.0, 1.0, 1.0666666666666667, 1.0, 1.1132177681473456, 3.0, 1.0, 1.3333333333333333, 1.0, 1.0, 1.0, 1.0, 2.0, 3.0, 1.0, 2.0, 1.0, 1.5, 3.0, 1.0, 1.5833333333333333, 1.0, 1.5214285714285714, 1.0766283524904214, 1.0, 3.0, 2.0, 1.0, 3.0, 1.0684401509143777, 1.0, 1.0, 3.3333333333333335, 1.0938775510204082, 1.0528846153846154, 1.6341463414634145, 1.0, 2.0, 1.0238853503184713, 13.0, 2.0, 1.0, 1.0, 1.6585365853658536, 1.0254714670585354, 1.0, 2.0, 2.0, 2.0, 1.7394366197183098, 1.0428463783937725, 1.6544715447154472, 1.0, 1.3828996282527881, 2.0, 1.0, 2.0, 1.0, 2.0, 1.0, 2.0, 1.0007569399878231, 3.0, 1.375, 1.0, 2.0, 1.3333333333333333, 1.002466091245376, 1.0, 2.0, 3.0, 1.2071265578374584, 1.037037037037037, 2.2758620689655173, 1.2083333333333333, 1.0, 1.0, 2.0, 1.0, 1.0, 1.0341377280753383, 1.375, 2.0, 1.0, 1.0, 1.0, 1.0007237161791922, 1.75, 1.0, 1.0731707317073171, 1.0, 1.0, 1.0, 1.0, 1.0, 1.0, 1.0, 1.0, 3.0, 1.0377867746288798, 1.0, 1.0, 2.0, 5.0, 2.0, 1.3543758967001436, 1.0, 2.0, 1.0402877697841726, 1.0, 1.0, 1.0, 1.0364910833934646, 1.05891757460919, 1.5, 2.090909090909091, 1.0, 1.0, 2.0, 1.0024356297842727, 1.1304347826086956, 1.0056433810439365, 2.0, 1.0, 1.125, 1.0, 1.0111436855148286, 1.0, 1.0588235294117647, 1.8064516129032258, 1.2142857142857142, 1.2222222222222223, 1.0, 1.0, 1.0, 2.0, 2.5, 1.0, 1.0, 1.0, 3.0, 2.6923076923076925, 2.0, 1.1394769613947695, 2.5, 1.043120753551575, 1.0, 2.0, 2.0, 1.002770083102493, 1.0, 2.0, 3.0, 3.0, 1.0440380915200358, 1.0389563974267333, 1.0, 1.039300255330895, 1.0476190476190477, 1.0426658361881034, 1.0, 3.0, 1.0, 1.0, 1.0, 4.0, 1.0, 1.1549342105263158, 2.0, 1.0, 1.2, 1.010433918516065, 1.0, 1.0919540229885059, 1.0249881675665755, 2.0, 1.1746031746031746, 4.481481481481482, 1.0779024600776868, 1.0, 1.0, 3.0, 1.0, 3.142857142857143, 1.0, 2.0, 2.0, 1.5, 1.1251384274640088, 2.6666666666666665, 1.1666666666666667, 2.5, 1.0, 2.0, 1.0303030303030303, 2.0, 1.0, 1.0, 2.0, 3.0, 1.0, 1.0, 2.3333333333333335, 1.7, 1.0, 1.0, 1.149313962873285, 1.049090909090909, 1.121212121212121, 1.0, 1.1314447762995143, 1.0, 2.0, 1.0, 1.0, 1.7142857142857142, 1.1428571428571428, 3.875, 2.0, 1.5, 1.5, 1.1919191919191918, 1.002603961177306, 1.0, 1.25, 1.3333333333333333, 1.0, 1.0, 1.44, 1.0, 1.1438172043010753, 3.3333333333333335, 1.073972602739726, 2.0, 1.0, 1.1573604060913705, 1.0, 1.2238805970149254, 1.1382658959537573, 2.8333333333333335, 1.0, 1.1176470588235294, 1.051440329218107, 3.0, 1.0, 1.044050799006514, 2.2857142857142856, 1.3333333333333333, 1.0, 1.8888888888888888, 1.0, 1.0, 1.0, 1.4193548387096775, 1.25, 1.1622239146991622, 1.0431778929188256, 1.0, 2.1666666666666665, 2.0, 1.4647887323943662, 1.0835266821345708, 1.0, 1.0, 1.75, 1.010615711252654, 1.261467889908257, 1.018517795054108, 1.5, 1.3272727272727274, 1.0, 1.5, 2.099804305283757, 1.0, 1.0684039087947883, 2.0, 1.0059171597633136, 1.0, 1.0, 1.48, 5.0, 1.0, 1.0, 1.0866666666666667, 1.0, 4.0, 1.0, 1.0, 1.0384615384615385, 1.0, 1.25, 1.0, 2.0, 1.1666666666666667, 2.0, 1.0, 1.2307692307692308, 2.0, 1.0, 1.0, 1.0, 1.0, 1.0, 1.0, 1.0, 1.0, 1.0432920299831727, 3.0, 1.0, 1.0742257905947894, 2.0, 1.0, 1.0, 1.0, 1.201988812927284, 1.5, 3.0, 2.0, 1.0, 1.3373983739837398, 2.0, 1.2395833333333333, 1.625668449197861, 1.0, 1.4064801178203241, 1.0895522388059702, 1.0, 1.1944444444444444, 1.0, 1.0, 10.0, 1.6666666666666667, 1.0, 1.0, 1.0, 1.0, 1.0, 1.2695035460992907, 1.8333333333333333, 1.09375, 6.0, 1.0, 2.0, 2.125, 1.253833049403748, 1.0173508643432627, 4.0, 1.0162409232365146, 1.03125, 1.019877300613497, 4.0, 1.674922600619195, 2.0, 1.1963562753036436, 1.0, 1.1666666666666667, 1.0368124268539207, 1.0, 1.0048332880973756, 1.0088544951724807, 1.0276685705808175, 1.0, 1.75, 1.0, 1.0164835164835164, 2.0, 3.0, 3.0, 1.095435684647303, 1.1666666666666667, 1.0, 1.0, 1.0, 1.2911392405063291, 1.3333333333333333, 1.2, 2.0, 2.0, 5.25, 1.0, 1.1817453963170537, 1.0, 3.0, 1.0, 1.0, 1.013295239527336, 1.0, 1.5, 2.921645445641528, 1.0, 1.0, 1.0, 1.0, 1.0055807902748854, 1.3448275862068966, 2.3823529411764706, 1.0, 1.0, 1.0276282521817144, 1.0569807259563644, 1.0, 3.5, 1.375, 3.0, 1.0, 1.4, 1.0208558072635743, 2.0, 1.7214443625644804, 1.435483870967742, 1.0, 1.0, 1.160427807486631, 1.2413793103448276, 2.0, 2.0, 1.0936058009228742, 1.0156966490299824, 1.1666666666666667, 1.0543766578249336, 1.375, 1.0, 1.0, 1.0, 1.0, 3.0, 2.0, 1.1114922813036021, 2.0, 2.0, 1.1398963730569949, 1.0, 2.0, 1.0817610062893082, 1.75, 1.0476190476190477, 1.4052287581699345, 1.059328649492584, 1.0, 2.0, 2.0, 1.0, 2.0, 1.0595408703702056, 1.0, 1.0, 1.0585729499467518, 1.0065573770491802, 2.0, 1.0, 1.0, 1.0, 1.4224137931034482, 3.0, 1.33253873659118, 1.018020313808293, 1.3333333333333333, 2.3333333333333335, 1.0873362445414847, 2.0, 1.0, 1.0, 1.5789473684210527, 1.0, 1.0, 1.0, 1.7222222222222223, 1.1304347826086956, 1.1522018455787875, 2.0, 1.5, 1.0, 1.075268817204301, 1.0, 2.0, 1.0, 1.0, 1.0, 1.0798155490810313, 1.0625, 2.0, 1.3703703703703705, 1.0, 1.5, 2.0, 1.5853658536585367, 1.0, 1.1783783783783783, 1.0509222378822232, 2.0, 1.5, 2.0, 1.0949197860962567, 2.0, 1.6, 1.0964912280701755, 2.0, 1.016351606805293, 1.1830985915492958, 1.380952380952381, 1.0, 2.0, 2.0, 1.0, 1.0, 2.0, 1.1381345926800472, 1.5, 1.8333333333333333, 2.0, 1.0, 1.0587962962962962, 1.0, 2.0, 1.25, 3.0, 1.058614564831261, 2.0, 1.0, 1.5458515283842795, 2.0, 1.0105812616119614, 1.0, 1.0, 1.0456012913640031, 1.0, 1.0, 1.0584415584415585, 2.0, 4.0, 1.065217391304348, 1.4468937875751502, 2.1666666666666665, 3.0, 1.6666666666666667, 1.4074074074074074, 1.0, 1.9043478260869566, 1.0, 1.0240112994350283, 1.0, 2.8, 1.0643431945811381, 1.8, 1.0473751911268596, 1.2386363636363635, 1.0, 2.0, 4.533333333333333, 1.0, 1.4067796610169492, 1.1764705882352942, 1.721311475409836, 1.0467289719626167, 1.0, 1.0, 1.0, 1.04989604989605, 1.2857142857142858, 1.0144024730099999, 1.1344463971880492, 1.0, 2.0, 3.0, 2.0, 1.0, 1.0, 1.0, 1.0, 1.5, 1.0, 1.0, 1.0, 1.8628571428571428, 1.0056423723965782, 1.3810375670840787, 1.0, 1.0, 1.411764705882353, 1.0, 2.0, 2.0, 2.0, 1.0, 2.0, 1.0, 1.0349749438396405, 1.0, 2.0, 1.1496556042579837, 1.0, 1.0, 1.0, 5.5, 1.5, 1.0, 1.0, 1.0, 1.0, 4.0, 1.3243243243243243, 1.0489113284947933, 1.0, 1.0, 1.0, 1.0018526816489728, 1.0, 1.0, 1.0, 2.3157894736842106, 1.0486512635046417, 1.0, 2.0, 1.3636363636363635, 1.2230088495575222, 1.0, 1.0, 3.0, 1.0, 1.0, 1.0900407591914034, 2.0, 3.0, 1.0637886597938144, 1.0, 1.0, 1.007921998781231, 1.0, 1.0141288990327137, 1.0, 1.0, 1.5, 1.356896551724138, 2.0, 1.0, 1.0, 1.2857142857142858, 1.0, 1.008444236176195, 1.1502932033347464, 1.0, 2.0, 2.8536585365853657, 2.0, 1.4, 6.0, 1.0, 1.0, 1.0955845034681102, 1.0, 1.0, 2.0, 2.574468085106383, 1.5326086956521738, 1.392156862745098, 1.2200704225352113, 2.0, 1.8064516129032258, 1.0416666666666667, 1.3888888888888888, 2.0, 3.0, 1.0, 1.0, 2.0, 1.1170212765957446, 1.0, 1.1539408866995073, 1.0, 2.0, 1.75, 3.0, 1.2, 1.0, 1.0, 1.0, 2.0, 1.1940298507462686, 1.0, 1.0, 1.0, 1.0606694560669456, 1.079646017699115, 2.0, 1.4, 1.3773584905660377, 1.0, 1.0333333333333334, 1.0, 1.5, 2.0, 1.0, 2.0, 1.0652533951639616, 2.533333333333333, 1.0, 4.0, 1.0855263157894737, 1.0041373406886056, 1.0, 1.0, 1.0524282560706402, 1.0174695606140816, 1.414012738853503, 1.4285714285714286, 2.0, 1.0, 1.221254355400697, 1.5813953488372092, 3.0, 1.0, 1.0, 1.0, 1.0529988370161156, 1.0, 1.6857142857142857, 1.0, 1.0, 1.1142857142857143, 4.0, 1.5, 2.0, 2.0, 1.0452866467641553, 3.2241379310344827, 1.129822732012513, 2.0, 1.0, 4.0, 2.0, 1.0, 1.0, 1.0, 1.0, 1.5, 1.0, 2.0, 1.5, 1.1714285714285715, 1.0, 1.018038712292673, 1.0, 2.0, 1.6923076923076923, 1.0196470196470195, 3.0, 1.5, 3.0, 1.0, 2.0, 1.2571428571428571, 1.0729253981559095, 4.0, 2.0, 1.0, 1.0, 1.0, 1.0, 3.0, 1.0, 1.0, 3.0, 1.0, 1.4327146171693736, 1.0978107344632768, 1.0, 1.0, 1.0292682926829269, 1.1578947368421053, 2.0, 1.4461538461538461, 1.0, 1.0, 1.0, 1.0, 2.0, 1.3333333333333333, 2.0, 1.0, 1.2722513089005236, 1.0435506596644037, 1.1666666666666667, 1.0, 1.08, 1.0, 1.4782608695652173, 1.0, 1.5, 1.0, 1.0730480104239752, 1.0434782608695652, 1.0, 1.0, 1.13010989010989, 1.1582604430638437, 1.0, 1.5, 2.0, 1.0709342560553634, 1.0, 1.0275516593613025, 2.4081632653061225, 1.1993486458690434, 4.375, 1.0082138040946427, 1.0, 1.09375, 1.6666666666666667, 1.0, 1.0, 1.0, 1.5, 1.6, 2.0, 2.0, 1.0, 2.0, 1.0, 1.0, 2.0, 1.67, 3.0, 2.0, 2.0, 1.06158357771261, 1.6851851851851851, 1.0, 3.0, 1.819811320754717, 1.1323755525658274, 1.0, 1.411764705882353, 2.0, 1.0, 1.0, 2.0, 2.0, 1.0, 1.0, 1.550251256281407, 1.5, 1.0, 1.2222222222222223, 1.36996336996337, 2.0, 1.1336842105263158, 1.0, 1.0, 1.0, 2.0, 1.0779467680608366, 1.0, 1.0, 1.0, 1.0, 2.0, 1.0, 1.0, 1.0, 1.0, 1.0, 1.0, 1.0, 1.1418809259417442, 1.5, 1.0, 1.0, 1.0, 2.0, 1.0642201834862386, 1.0, 2.0, 3.0, 1.0, 1.0, 1.0, 2.0, 1.0, 1.4277929155313351, 1.040447350555615, 2.0, 1.258974358974359, 1.3333333333333333, 1.1008403361344539, 1.0, 1.1593453919035315, 1.0, 3.0, 1.429530201342282, 1.0, 1.0, 2.0, 1.3157894736842106, 1.0681818181818181, 1.0, 1.0093302750101545, 1.0039226806559856, 1.0, 1.5833333333333333, 1.0, 1.3333333333333333, 2.0, 1.0, 1.0, 2.0, 2.0, 2.0, 2.0, 1.0, 1.0, 1.0, 1.0693862902261035, 1.2244897959183674, 1.0, 1.0, 1.4615384615384615, 1.0868544600938967, 1.0, 2.0, 1.0219990280252713, 1.1666666666666667, 1.308411214953271, 2.0, 1.0, 1.0, 1.6, 1.7241379310344827, 1.0, 1.267280280782179, 1.0, 1.0, 1.5287972508591066, 2.0, 1.2197452229299364, 3.0, 1.5, 5.0, 1.290519877675841, 2.0, 1.0, 1.0125, 1.0, 1.0, 1.195192941534405, 1.0, 2.0, 1.0201698513800426, 1.6666666666666667, 1.0, 1.0, 1.8, 1.295, 1.0, 1.379410215903107, 1.5, 1.0, 1.0, 2.0, 2.0, 1.0, 1.0, 3.0, 1.8387096774193548, 1.0, 1.081824062095731, 1.0, 1.0199701177070806, 2.0, 1.0, 1.0, 1.0, 1.0, 1.1818181818181819, 1.3636363636363635, 1.0, 1.0, 2.0, 1.039855072463768]
origin-forest_43.39 	max: 13.0000	99th: 4.4820	95th: 3.0000	median: 1.0741	mean: 1.4664

...Done, result: results.csv

WORKLOAD-FINISHED | Type: QueryWorkload | Progress: 3/3 | Workload-time: 61.131462 | Model-update-time: 0.000000


Experiment Summary: #data-update-times=1, #drift=0 | total-time=125.468509