Input arguments = Namespace(data_update='sample', update_size=100000, dataset='forest', debug=False, drift_test='js', model_update='adapt', model='naru', end2end=False, query_seed=0, random_seed=42, num_workload=3)
JSON-passed parameters = {'data_updater': {'skew_ratio': '1e-2'}, 'random_seed': 98, 'naru': {'epochs': 0}}
MODEL-PATH=/home/kangping/code_copy/SAUCE/models/end2end/naru/origin-forest-16.5MB-model62.533-data19.148-200epochs-seed0.pt
DATASET-PATH=/home/kangping/code_copy/SAUCE/data/forest/end2end/forest.npy
Workloads: ['QueryWorkload', 'DataUpdateWorkload', 'QueryWorkload']

WORKLOAD-START | Type: QueryWorkload | Progress: 1/3
Going to run: ['python', '/home/kangping/code_copy/SAUCE/Naru/eval_model.py', '--dataset=forest', '--model=naru', '--query_seed=0', '--end2end', '--eval_type=first_estimate', '--num_workload=3', '--data_update=sample', '--model_update=adapt', '--random_seed=42']
Torch device: cuda:1
GET-MODEL-PATH=./models/end2end/naru/origin-forest-16.5MB-model62.533-data19.148-200epochs-seed0.pt
ckpts [PosixPath('/home/kangping/code_copy/SAUCE/models/end2end/naru/origin-forest-16.5MB-model62.533-data19.148-200epochs-seed0.pt')]
Validate Argument: DATASET="forest" is valid.
load_csv_dataset - forest (581012, 10)
Parsing... done, took 0.0s
Loading ckpt: /home/kangping/code_copy/SAUCE/models/end2end/naru/origin-forest-16.5MB-model62.533-data19.148-200epochs-seed0.pt
query_seed:0
origin-forest_43.39 	max: 31.0000	99th: 4.0025	95th: 2.6685	median: 1.0034	mean: 1.3631
ReportEsts: [1.0, 1.0214786344110331, 1.0, 1.84375, 2.6666666666666665, 1.0, 1.4014598540145986, 1.0, 1.6995073891625616, 1.0, 1.0151515151515151, 3.0, 1.0, 1.0, 3.0, 1.0144408570589962, 1.0, 1.4285714285714286, 1.6037735849056605, 1.0, 1.0, 3.0, 1.5384615384615385, 1.0, 2.2, 1.0, 1.0309179259892134, 1.3, 3.0, 1.0894819466248038, 1.0, 1.0025856496444732, 1.2727272727272727, 1.0, 1.681159420289855, 1.0050218598605696, 1.074953154278576, 1.0, 1.1735966735966736, 1.0, 2.0, 1.0, 1.1333333333333333, 1.0, 2.0, 1.1348837209302325, 1.0, 2.0, 1.0, 1.0, 3.0, 1.034251968503937, 1.0, 1.0, 18.0, 1.085308056872038, 1.1921397379912664, 1.3823529411764706, 1.0, 1.0, 1.0044368600682594, 1.4, 1.0, 1.1388127853881278, 1.178343949044586, 1.0, 1.0505494505494506, 1.3465346534653466, 1.429718875502008, 1.0, 2.0, 1.0, 1.1940298507462686, 1.1277245445930293, 2.0, 1.5, 1.0, 1.0, 1.0, 1.0, 1.0, 1.0, 1.0007907730288537, 3.5, 1.8571428571428572, 1.0, 1.0, 1.3333333333333333, 1.0296917090691409, 1.0, 4.0, 1.1956521739130435, 1.0, 1.0998423541776143, 2.0, 1.0, 1.0634809088779573, 1.0912951167728238, 1.0, 1.0, 1.0, 1.0, 1.0, 1.0, 1.0211267605633803, 1.0, 1.0, 1.0, 1.037593984962406, 1.0, 1.0215827338129497, 1.0, 1.0, 1.0703975690048113, 1.2024539877300613, 2.0, 1.0, 2.0, 1.0, 1.0, 1.0, 2.0, 3.0, 1.0, 1.0425392670157068, 1.1428571428571428, 1.0, 1.3333333333333333, 1.0, 1.0, 1.0, 1.0010779734099893, 1.0957043436525078, 2.0, 2.5, 1.0, 1.0, 2.0, 1.051491622394769, 1.0161290322580645, 1.0035444727075602, 1.0, 1.0, 1.8, 1.0, 1.0163920969381635, 1.0, 1.0333333333333334, 1.92, 1.0769230769230769, 1.3461538461538463, 1.0, 1.0, 1.0, 1.0, 4.0, 1.0, 1.0, 1.0, 3.3333333333333335, 2.909090909090909, 1.0, 1.1483268482490272, 4.0, 1.0429575867543661, 1.0, 1.3333333333333333, 5.0, 1.0842105263157895, 1.0, 1.0, 1.0, 1.316831683168317, 1.6111111111111112, 1.0, 1.0, 1.467680608365019, 1.0, 1.3050561797752809, 1.0, 3.5081967213114753, 1.0, 1.0, 1.0319803002621335, 1.0, 1.1534003091190108, 1.0, 1.0, 2.388888888888889, 1.0039723861313588, 1.0, 1.1497584541062802, 1.9166666666666667, 1.0, 1.0, 1.0, 1.0, 1.7777777777777777, 1.0, 1.1513754418318733, 1.2100442198357548, 1.0, 1.0, 1.0, 2.0, 31.0, 1.2411347517730495, 1.0, 1.0, 1.0, 1.0, 1.2352941176470589, 1.0, 1.125, 1.0, 1.0, 1.0, 1.0141509433962264, 1.0, 1.0, 1.0, 1.1620592617116372, 3.0, 1.0, 1.108695652173913, 1.0, 1.0126582278481013, 1.0, 1.0998278829604131, 1.0, 1.0, 1.0, 1.8333333333333333, 1.0, 1.2115384615384615, 1.0, 3.0, 1.5, 1.0439427158650931, 1.0471830090296324, 1.0, 1.3333333333333333, 1.0, 1.0165511932255582, 1.1264367816091954, 1.1428571428571428, 1.0, 1.1629392971246006, 2.5, 1.1806506849315068, 1.0, 1.0, 1.173913043478261, 1.0, 1.3735294117647059, 1.2013749641936409, 1.75, 1.0, 1.010548523206751, 1.0073349633251834, 4.0, 1.0, 1.004439329168037, 1.25, 1.3333333333333333, 1.0, 1.875, 1.0, 1.0, 1.0, 1.4615384615384615, 1.3333333333333333, 1.2236173393124066, 1.0, 1.0, 1.115934262236513, 1.5, 2.0, 1.16, 1.0, 1.5, 1.0, 1.2222222222222223, 1.0, 1.0, 1.0, 1.0, 1.0, 1.330935251798561, 1.0, 1.4285714285714286, 1.0, 1.0, 1.0, 1.0, 1.8483080513418904, 1.231638418079096, 1.0662983425414365, 1.1125, 1.0, 1.0299003322259137, 1.0, 1.0, 3.0, 1.0, 1.049689440993789, 1.0, 2.0, 1.0, 1.173913043478261, 2.0, 1.0, 1.0909090909090908, 1.0, 1.0, 1.0, 1.0, 1.0, 1.0, 1.2857142857142858, 1.0, 1.0, 1.1444444444444444, 2.5, 1.0, 1.1423691761169559, 1.0, 1.0, 1.0, 1.0, 1.1903703703703703, 1.0, 3.0, 1.0, 1.6666666666666667, 1.5255813953488373, 1.0, 1.125, 1.298780487804878, 1.0, 1.0061799922750096, 1.027027027027027, 1.0, 1.1290322580645162, 1.0, 1.1428571428571428, 1.6666666666666667, 1.5, 1.0, 1.0, 1.0, 1.0, 1.0, 1.2155172413793103, 1.5714285714285714, 1.123456790123457, 1.5, 1.0, 1.0, 1.0, 1.1462450592885376, 1.3, 1.264367816091954, 1.4164656873492656, 1.0693825887206414, 1.0061865482233503, 1.0333065541942827, 1.211320754716981, 1.0, 1.2566371681415929, 1.0, 1.173913043478261, 1.0752420692237736, 1.0, 1.002182576175587, 1.0510610456847016, 1.0280974508186043, 1.0, 1.25, 1.0, 1.0256410256410255, 1.0, 1.0, 1.0515463917525774, 1.7156862745098038, 1.0, 3.5416666666666665, 1.0, 1.031917808219178, 1.0, 1.4285714285714286, 1.75, 1.0, 1.0, 4.25, 1.0, 1.1799628942486085, 1.0, 1.0, 1.0, 1.0, 1.0139748130078912, 1.0, 2.0, 1.2073490813648293, 1.0557868442964196, 1.051622418879056, 1.114842454394693, 1.3157894736842106, 1.0592740355501729, 1.0029498525073746, 8.25, 1.0, 1.0, 1.032518760823552, 1.0404473268098173, 1.0, 2.75, 1.0, 1.0, 1.0, 1.0, 1.0, 1.0, 1.0, 1.0260389268805892, 1.6666666666666667, 1.3682864450127876, 1.0, 1.0, 2.0, 1.0991544965411222, 1.032493577898959, 1.2, 1.0290964777947933, 1.8666666666666667, 1.0, 1.0, 1.0, 1.0845364220233848, 2.5, 1.0, 1.2684410646387834, 1.0, 3.1666666666666665, 1.0, 1.0, 1.0, 1.0249781532187592, 1.0, 1.0, 1.0, 1.1111111111111112, 1.31, 1.0258493353028064, 3.1818181818181817, 1.0, 1.0, 1.0433333333333332, 1.25, 2.0, 1.155584082156611, 1.0, 1.4444444444444444, 1.0, 1.0, 1.2222222222222223, 1.0, 1.0, 1.8888888888888888, 1.0603857339660188, 1.0039105129137869, 1.2, 1.024390243902439, 1.0, 1.0, 1.5, 1.0, 1.060516846581616, 1.0909090909090908, 3.0, 1.5, 1.4114583333333333, 1.4866310160427807, 2.0, 1.0570761349939735, 1.0, 2.0, 1.0254211103889876, 2.5, 1.0237899917965545, 1.0, 1.0, 1.0, 1.1014003949832003, 1.0714285714285714, 2.0, 1.0416666666666667, 1.0, 2.0, 1.0, 1.4857142857142858, 1.0, 1.1986754966887416, 1.068086847257532, 2.0, 1.0, 1.0, 1.0670553935860059, 2.0, 10.0, 1.0404040404040404, 1.0, 1.0274100143381188, 1.0294117647058822, 1.4705882352941178, 1.0, 1.2, 1.0, 1.0, 1.3268980477223427, 2.0, 4.0, 1.0647820965842167, 2.6, 1.0, 1.0363363056852029, 1.0, 2.0, 1.0, 2.0, 1.0, 1.097378277153558, 1.0, 1.0, 1.4, 1.0089854229289894, 1.4342105263157894, 2.2074468085106385, 1.2941176470588236, 2.7037037037037037, 2.0, 1.5, 1.1085899513776336, 1.0, 1.0, 1.1025641025641026, 1.9538216560509554, 1.6, 2.0, 1.3333333333333333, 1.3516483516483517, 1.0, 1.87, 1.0, 1.1691542288557213, 1.0, 3.0, 1.006551742452408, 6.0, 1.0192570820453049, 2.0, 1.0, 3.0, 1.4166666666666667, 1.5, 2.0, 1.0293563156477241, 1.0, 1.0, 1.0, 1.0, 1.0, 1.0196078431372548, 2.0, 8.5, 1.0, 1.0, 2.0, 1.0, 1.0, 1.0, 1.0, 1.0, 1.5, 1.0, 1.0, 1.0, 1.171875, 1.14, 2.0, 1.06, 1.0, 1.0, 1.4, 1.0285728164772174, 1.5555555555555556, 1.0, 1.0, 1.0, 1.0, 1.0391774363976265, 1.0, 1.0, 1.0605017215937038, 1.3431771894093687, 1.1914893617021276, 2.0, 1.0, 1.0, 1.0, 1.8620689655172413, 2.0, 1.0, 1.0, 1.1528301886792454, 2.0, 1.0492863514719002, 1.0, 1.0, 1.0033232323232324, 1.0, 1.0, 1.0, 2.8, 1.0872225049919737, 1.0, 1.0, 1.4444444444444444, 1.1983640081799591, 1.0, 1.0, 2.0, 1.0, 1.0, 1.014102810935695, 1.0, 2.0, 1.0129714148450637, 1.0, 1.0, 1.0609411764705883, 1.0, 1.0129162973280992, 1.0, 1.0, 1.4028925619834711, 1.0013311148086523, 2.25, 1.0461538461538462, 1.0, 1.0, 4.0, 1.1111016805296214, 1.0, 1.0, 1.0, 1.0, 1.7, 1.0, 1.0, 1.5, 1.0705882352941176, 1.0, 1.0, 1.0, 1.5, 1.0, 1.2, 1.0619469026548674, 1.0, 1.0, 1.0, 1.0, 1.0, 1.0, 1.3, 1.0, 1.0, 1.0, 1.0, 1.0, 4.0, 1.1350415183867142, 1.060702875399361, 1.0, 2.0, 1.5, 1.071290944123314, 1.0, 1.0, 1.0, 2.0, 1.0, 1.0403302635757383, 1.0869565217391304, 3.0, 1.5110510805500983, 1.0, 1.3142857142857143, 1.0, 1.2, 1.0, 1.5, 1.0, 1.0, 1.0, 1.1064684612294093, 8.0, 1.0, 2.0, 1.0296296296296297, 1.0101791077984204, 1.0, 1.0, 1.0883627875958652, 1.0248390064397424, 1.2462686567164178, 1.5, 1.0, 1.0, 1.0168189067710598, 1.0, 1.3333333333333333, 1.0, 1.0, 1.3333333333333333, 1.1723329425556859, 1.0, 1.0, 1.0714285714285714, 1.0, 1.0, 1.0, 1.2, 1.0, 1.1671125378990548, 1.0758560901603815, 2.0, 1.0, 1.0, 3.0, 1.0, 1.0, 1.0, 1.0, 1.0, 2.0, 1.0, 2.0, 1.5, 1.2268041237113403, 1.0, 1.0395825907884837, 1.0, 1.0, 3.0, 1.0442655935613683, 3.0, 1.5, 1.0, 1.0, 1.0, 1.8571428571428572, 1.0697247706422017, 3.0, 1.0, 1.0, 1.0, 1.0, 1.0, 1.028391167192429, 1.0, 1.0, 1.0, 1.0, 1.407702523240372, 1.0867940199335548, 1.0, 1.0, 1.0344827586206897, 1.44, 2.0, 1.5120481927710843, 1.0, 1.0, 1.0, 1.0, 1.0, 1.6, 2.0, 1.0, 1.4103343465045592, 1.061889718552556, 1.2, 1.0, 1.0, 1.0, 1.0, 2.2, 1.0, 1.0, 1.1490066225165563, 1.0, 1.0, 1.3636363636363635, 4.0, 2.1176470588235294, 1.0, 3.157608695652174, 1.0, 1.0, 3.0, 1.0, 1.037037037037037, 1.0608108108108107, 1.0, 1.5723684210526316, 1.0, 3.3846153846153846, 1.0, 1.0, 2.0, 1.5555555555555556, 1.0, 1.0, 1.0, 1.0, 1.1111111111111112, 1.0, 1.0, 1.1407379231647015, 1.0011760980684852, 1.0, 1.0, 1.0, 1.136160845318462, 1.0, 2.0802139037433154, 1.0, 1.0362381363244175, 2.0, 1.0, 1.3846153846153846, 2.0, 1.6666666666666667, 1.0782095425479588, 1.0, 2.3684210526315788, 1.0, 1.0, 2.5, 1.0, 1.0, 1.0, 1.6, 1.6666666666666667, 1.0, 1.0, 1.5, 1.0, 1.0, 1.0, 2.0, 1.0, 2.0, 1.0, 1.0, 1.0, 1.0, 1.0, 1.0, 1.0, 1.0, 1.0902902902902902, 1.0, 1.0, 1.0, 1.0, 1.0, 1.253968253968254, 1.5, 1.0, 1.0920281359906214, 1.0, 1.323943661971831, 1.0, 1.0667144906743184, 1.0, 1.0232558139534884, 1.1833333333333333, 6.5, 1.0, 1.0, 1.263157894736842, 1.1279575084500242, 1.0, 3.0, 1.4485714285714286, 1.0, 1.0, 1.0, 2.0, 1.0015817741840287, 1.0, 2.6, 1.0, 1.0377358490566038, 1.0, 1.0, 1.0, 1.0, 1.0, 1.0, 1.0, 1.0, 1.5, 2.0, 1.0, 1.0, 1.0, 1.052808988764045, 1.0144020037570445, 1.0, 1.0, 1.3333333333333333, 1.050531914893617, 1.0, 2.0, 1.1023798661800486, 1.0, 1.6268115942028984, 1.0, 1.0, 1.0, 1.5, 2.6470588235294117, 1.0, 1.2605936625892373, 1.0, 1.0, 1.4712696941612604, 1.0, 2.4, 1.0, 1.0, 1.2, 1.2633451957295374, 1.0, 1.0, 1.7272727272727273, 1.0386296922633154, 1.0, 1.2727272727272727, 2.0, 1.0, 1.1210855949895615, 2.0, 2.3333333333333335, 1.0, 1.2377049180327868, 1.0, 1.1230342275670675, 1.5, 1.0, 1.0, 1.0, 1.0, 1.0, 1.0, 2.0, 1.9615384615384615, 1.0, 1.0075557234605212, 1.0, 1.0193360437942185, 1.0, 1.0, 1.0, 1.0, 1.0, 1.1081081081081081, 1.1494939008564755, 2.0, 1.1870967741935483, 1.0, 1.3449307304785894, 1.16, 2.0, 1.0508474576271187, 1.3660714285714286, 2.0, 1.0, 1.0, 1.0616966580976863, 1.0, 1.0, 1.0059347181008902, 1.0, 1.0]
origin-forest_43.39 	max: 31.0000	99th: 4.0025	95th: 2.6685	median: 1.0034	mean: 1.3631

...Done, result: results.csv

WORKLOAD-FINISHED | Type: QueryWorkload | Progress: 1/3 | Workload-time: 60.121653 | Model-update-time: 0.000000


WORKLOAD-START | Type: DataUpdateWorkload | Progress: 2/3
Going to run: ['python', '/home/kangping/code_copy/SAUCE/Naru/eval_model.py', '--model=naru', '--data_update=sample', '--dataset=forest', '--drift_test=js', '--end2end', '--update_size=100000', '--query_seed=0', '--eval_type=drift']
Torch device: cuda:1
GET-MODEL-PATH=./models/end2end/naru/origin-forest-16.5MB-model62.533-data19.148-200epochs-seed0.pt
GET-DATASET-PATH=./data/forest/end2end/forest.npy
Sample - START
Sample - END
load_npy_dataset_from_path - df.shape = (681012, 10)
Parsing... done, took 0.1s
Data updated!
Previous data size: (581012, 10), new data size: (100000, 10)
[0.0000000e+00 1.1920929e-07 4.1723251e-07 7.7486038e-07 2.3841858e-07
 4.7683716e-07 1.1920929e-07 2.8014183e-06 1.1920929e-07 1.7881393e-07]
Distance score: 5.245208853921213e-07
SAUCE Drift detection: False
Detection latency: 0.0652s

WORKLOAD-FINISHED | Type: DataUpdateWorkload | Progress: 2/3 | Workload-time: 2.195560 | Model-update-time: 0.000000


WORKLOAD-START | Type: QueryWorkload | Progress: 3/3
Going to run: ['python', '/home/kangping/code_copy/SAUCE/Naru/eval_model.py', '--dataset=forest', '--model=naru', '--end2end', '--query_seed=0', '--eval_type=estimate', '--num_workload=3', '--data_update=sample', '--model_update=adapt', '--random_seed=42']
Torch device: cuda:1
GET-MODEL-PATH=./models/end2end/naru/origin-forest-16.5MB-model62.533-data19.148-200epochs-seed0.pt
ckpts [PosixPath('/home/kangping/code_copy/SAUCE/models/end2end/naru/origin-forest-16.5MB-model62.533-data19.148-200epochs-seed0.pt')]
Validate Argument: DATASET="forest" is valid.
data size: 681012, total size: 681012, split index: [567510 681012]
Parsing... done, took 0.1s
Loading ckpt: /home/kangping/code_copy/SAUCE/models/end2end/naru/origin-forest-16.5MB-model62.533-data19.148-200epochs-seed0.pt
query_seed:0
origin-forest_43.39 	max: 13.0000	99th: 5.0000	95th: 3.0000	median: 1.0614	mean: 1.4809
ReportEsts: [1.0, 1.0467895483086895, 1.0, 2.0, 2.25, 1.0, 1.3765060240963856, 1.0, 4.636363636363637, 2.0, 1.025974025974026, 2.0, 1.0, 1.0, 2.4761904761904763, 1.3164556962025316, 1.0, 2.0, 1.5, 2.0, 1.0, 2.0, 1.0, 1.0, 1.0342612419700214, 1.0, 1.0094093047569264, 2.0, 1.0, 1.3333333333333333, 1.3333333333333333, 1.0, 1.0, 1.0, 1.0, 2.0, 1.0, 2.0, 1.0, 2.0, 3.0, 1.0, 1.8, 1.0, 1.8493150684931507, 1.033210332103321, 1.0, 2.0, 1.0, 1.0, 3.0, 1.026502614285029, 1.0, 1.0, 3.8, 1.1265822784810127, 1.0590582601755787, 1.3243243243243243, 1.0, 2.0, 1.0425407925407926, 13.0, 2.0, 1.0, 1.0, 1.8970588235294117, 1.0951202032705714, 1.0, 2.0, 2.0, 2.0, 1.5, 1.061089739909284, 1.6830985915492958, 1.0, 1.0787671232876712, 2.0, 1.0, 1.0, 1.0, 2.0, 1.0, 2.0, 1.0009224332471298, 3.0, 1.16, 1.0, 1.0, 1.25, 1.0423181599871925, 1.0, 6.2, 2.0, 1.1327964499958911, 1.0566037735849056, 1.9142857142857144, 1.1666666666666667, 1.0, 2.0, 3.0, 1.0, 1.0, 1.0019142419601839, 1.8333333333333333, 2.0, 1.0, 1.0, 1.0, 1.004135281277645, 2.0, 1.0, 1.0813953488372092, 1.0, 1.0, 1.0, 1.0, 1.0, 2.0, 1.0, 1.0, 1.0, 1.040595399188092, 1.0, 1.0, 2.0, 3.0, 1.0, 1.350253807106599, 1.1, 2.0, 4.0, 1.0, 1.0, 2.0, 1.1398447456841618, 1.0452455038259065, 2.0, 1.8333333333333333, 1.0, 1.0, 2.0, 1.0540727902946274, 1.0285714285714285, 1.0567503322290228, 1.0, 1.0, 1.0, 1.0, 1.0044257124152596, 1.0, 1.0, 1.896551724137931, 1.0, 1.3055555555555556, 1.0, 1.0, 1.0, 1.0, 2.0, 2.0, 1.0, 1.0, 3.6666666666666665, 3.3846153846153846, 1.0, 1.2259985984583042, 5.0, 1.0323368616959405, 1.0, 2.5, 4.0, 1.1094224924012157, 1.0, 1.0, 1.0, 1.0, 1.0027985012322755, 1.0043572984749456, 1.0, 1.0011318085357228, 1.017094017094017, 1.0615863141524107, 1.0, 3.0, 1.0, 1.0, 2.0, 3.0, 1.0, 1.1352180936995153, 1.0, 1.0, 4.666666666666667, 1.0248639204354546, 1.0, 1.0300751879699248, 1.0725505981913839, 2.0, 1.4521739130434783, 1.0, 1.069678103060008, 1.0, 1.0, 2.0, 1.0, 3.0, 1.0, 1.0, 1.0, 2.0, 1.0302013422818792, 2.6666666666666665, 1.6666666666666667, 1.8823529411764706, 2.0, 2.0, 1.0147058823529411, 1.0, 1.0, 1.0, 1.0, 2.0, 3.0, 1.0, 1.6666666666666667, 2.0, 1.0, 1.0, 1.0053508329126704, 1.0540448674371177, 1.121212121212121, 1.0, 1.170357751277683, 1.0, 1.6, 1.0, 1.0, 1.8571428571428572, 1.0, 2.36, 1.0, 3.0, 1.0, 1.069560865757538, 1.0272880665619364, 1.0, 1.0, 2.5, 2.0, 1.0, 2.0952380952380953, 1.0, 1.1007957559681698, 1.7142857142857142, 1.2, 2.0, 1.0, 1.16580310880829, 1.0, 1.04177545691906, 1.1371824480369515, 1.1428571428571428, 1.5, 1.056092843326886, 1.0081632653061225, 2.5, 2.0, 1.0031320119670906, 1.125, 2.5, 1.0, 2.125, 2.0, 1.0, 2.0, 1.3125, 1.0, 1.3152257077276206, 1.151851851851852, 2.0, 1.2006498781478472, 1.0, 1.5522388059701493, 1.0290023201856149, 3.0, 1.0, 2.0, 1.1044083526682134, 1.3045454545454545, 1.035575761429389, 1.5, 1.025, 1.0, 3.3333333333333335, 2.7515030060120242, 1.0, 1.1114864864864864, 2.0, 1.852760736196319, 2.0, 1.0, 1.5416666666666667, 7.2, 1.0, 1.0, 1.0935251798561152, 1.0, 6.0, 1.0, 1.0, 1.0384615384615385, 1.0, 1.6666666666666667, 1.0, 2.0, 1.2692307692307692, 2.0, 1.0, 1.2307692307692308, 2.0, 2.0, 1.0, 1.0, 2.0, 1.0, 1.0526315789473684, 1.0, 1.0, 1.1539142755933405, 3.0, 1.0, 1.0184609002281684, 2.0, 1.0, 2.0, 1.0, 1.1637055837563453, 1.5, 4.0, 2.0, 1.0, 1.5737704918032787, 2.0, 1.2083333333333333, 1.5135135135135136, 1.0, 1.2495036399735275, 1.0317460317460319, 1.0, 1.1714285714285715, 1.0, 1.4285714285714286, 11.0, 2.0, 1.0, 1.0, 1.0, 2.0, 1.0, 1.0354609929078014, 1.6923076923076923, 1.1304347826086956, 5.444444444444445, 2.0, 2.0, 1.6210526315789473, 1.2632478632478632, 1.020776236153934, 3.0, 1.0586974443528443, 1.0824742268041236, 1.020372885541425, 2.142857142857143, 1.360759493670886, 3.0, 1.0363636363636364, 1.0, 1.236842105263158, 1.0336195870637677, 1.0, 1.0076654761158803, 1.0440332307990408, 1.0525867496204127, 1.0, 1.25, 2.0, 1.0213903743315509, 2.0, 3.0, 2.0, 1.0712809917355373, 1.25, 1.15625, 1.0, 2.0, 1.3376623376623376, 1.1428571428571428, 1.0, 1.0, 1.0, 5.5, 1.0, 1.1888, 2.0, 1.0, 1.0, 1.0, 1.0069277745301675, 1.0, 1.2916666666666667, 2.6626506024096384, 1.0, 1.1666666666666667, 1.0, 1.0, 1.0074445898085755, 1.4285714285714286, 2.138888888888889, 1.0, 1.0, 1.02979378270237, 1.0476013460635467, 2.0, 2.6, 1.5, 3.0, 1.0, 1.2135922330097086, 1.0030037610116869, 1.0, 1.5623342175066313, 1.0120481927710843, 2.0, 1.0, 1.0885416666666667, 1.3103448275862069, 2.0, 2.0, 1.141427618412275, 1.0123094368149175, 1.1666666666666667, 1.0340314136125655, 1.5238095238095237, 1.0, 2.0, 2.0, 1.1179691155825924, 1.5, 1.0, 1.2358909321496512, 3.0, 1.0, 1.0193236714975846, 2.0, 1.0, 1.1125827814569536, 2.3333333333333335, 1.2105263157894737, 1.389261744966443, 1.0388802488335926, 1.0, 2.0, 2.0, 1.0, 1.0, 1.036289865189128, 1.0, 2.0, 1.0248962655601659, 1.0, 2.0, 1.0, 1.0, 2.0, 1.608695652173913, 2.0, 1.1716814159292035, 1.0385369322573663, 1.6666666666666667, 2.3333333333333335, 1.164835164835165, 2.0, 1.0, 1.0, 1.8888888888888888, 1.0, 3.0, 1.0, 1.5555555555555556, 1.4705882352941178, 1.0091089571411889, 1.0, 3.0, 1.0, 1.0957446808510638, 1.0, 1.0, 1.0, 1.0, 1.0, 1.0731342305339509, 1.125, 2.0, 1.1481481481481481, 1.0, 2.0, 2.0, 1.5945945945945945, 1.0, 1.2685714285714285, 1.0440687517610594, 2.0, 1.0, 1.0, 1.1033623910336239, 2.0, 2.5, 1.0, 2.0, 1.0261649086128797, 1.1401869158878504, 1.5714285714285714, 1.0, 2.0, 1.0, 2.0, 2.0, 2.0, 1.1484560570071258, 5.0, 1.5714285714285714, 3.0, 1.0, 1.0562471184877824, 1.0, 2.0, 7.0, 3.0, 1.112701252236136, 3.0, 3.0, 1.8157894736842106, 2.0, 1.0182586195457461, 1.0, 1.0, 1.0050524679362611, 1.0, 1.0, 1.0723684210526316, 1.5, 2.7142857142857144, 1.075268817204301, 1.1524736415247365, 2.0, 4.0, 1.3333333333333333, 1.3457943925233644, 1.0, 1.963302752293578, 2.0, 1.0661764705882353, 1.0, 2.6, 1.2487644151565074, 1.6, 1.0533846553628272, 1.0588235294117647, 1.0, 1.5, 2.1538461538461537, 2.0, 1.396551724137931, 1.0526315789473684, 1.0526315789473684, 1.171417565485362, 1.0, 1.0, 1.0, 1.0896860986547086, 1.2857142857142858, 1.051006711409396, 1.1734343981230824, 1.0, 2.0, 2.0, 1.0, 1.0, 1.0, 1.0, 1.0, 1.0, 1.0, 2.0, 1.0, 1.05, 1.0527194020256176, 1.5039370078740157, 1.0, 1.0, 1.1764705882352942, 2.0, 2.0, 2.0, 1.0, 1.0, 1.0, 1.0, 1.0015708031148691, 1.0, 1.4, 1.1347560975609756, 1.0, 1.0, 1.0, 3.0, 2.0, 1.0, 1.0, 1.0, 1.0, 2.4, 1.3031674208144797, 1.0374484290701365, 1.0, 1.0, 1.0, 1.006436027952722, 1.0, 1.0, 1.0, 3.1176470588235294, 1.0161256299074182, 1.0, 1.0, 1.3636363636363635, 1.2083333333333333, 1.0, 1.0, 1.0, 1.0, 1.0, 1.1892973552832447, 1.0, 2.0, 1.0404380791912384, 1.0, 1.0, 1.0064542154094394, 1.0, 1.0049848287819678, 1.0, 1.0, 1.8, 1.3321616871704745, 1.0, 1.0, 2.0, 1.5714285714285714, 1.0, 1.0176980244947484, 1.12783151919982, 1.0, 2.5, 1.4230769230769231, 1.0, 1.6, 3.2857142857142856, 1.0, 1.0, 1.0756729304215338, 1.0, 1.0, 2.0, 1.9130434782608696, 1.446808510638298, 1.1451612903225807, 1.1131147540983606, 1.0, 1.7857142857142858, 1.0869565217391304, 4.2727272727272725, 2.0, 2.0, 1.0, 1.0, 2.0, 1.0909090909090908, 1.0, 1.1127098321342925, 1.0, 2.3333333333333335, 1.8, 2.0, 1.3943661971830985, 1.0, 1.380952380952381, 1.0, 1.0, 1.2878787878787878, 1.0, 1.0, 1.0, 1.0771799628942487, 1.054054054054054, 2.0, 1.5555555555555556, 2.12, 1.0, 1.0333333333333334, 1.0, 1.75, 2.0, 1.0, 2.0, 1.0271652285075104, 2.370967741935484, 1.0, 5.0, 1.0408163265306123, 1.0108493932905067, 1.0, 1.0, 1.1091652072387623, 1.0094911679409437, 1.3506493506493507, 1.5, 2.0, 1.0, 1.2326051779935274, 3.5, 4.0, 1.0, 1.0, 3.0, 1.12763309076982, 1.0, 2.0, 1.0, 1.0, 1.121212121212121, 1.5, 2.0, 2.0, 1.0, 1.0345334685598377, 3.43859649122807, 1.4124312075105212, 1.0, 1.0, 4.0, 2.0, 1.0, 1.0, 1.0, 1.0, 3.0, 1.0, 2.0, 1.5, 1.2732732732732732, 1.0, 1.0865473958069367, 1.0, 1.0, 1.2777777777777777, 1.033377395902181, 4.0, 1.0, 1.0, 1.0, 1.0, 1.4411764705882353, 1.2062745098039216, 4.0, 1.0, 1.0, 1.0, 1.0, 2.0, 1.2578750667378538, 1.0, 1.0, 3.0, 1.0, 1.3559693318729464, 1.0970282849982098, 1.0, 1.0, 1.0097560975609756, 1.4482758620689655, 2.0, 1.3618090452261307, 2.0, 1.0, 2.0, 2.0, 2.0, 1.25, 1.0, 1.0, 1.2775, 1.0602675672165216, 1.25, 1.0, 1.1020408163265305, 1.0, 1.2, 1.0, 1.5, 1.0, 1.0146307824206955, 1.0476190476190477, 1.0, 1.0, 1.1036113499570077, 1.0884181441399954, 1.0, 1.5, 2.0, 1.063768115942029, 1.0, 1.016315741500319, 1.3148148148148149, 1.179915611814346, 1.2708333333333333, 1.029276658296074, 1.0, 1.1097744360902255, 1.3333333333333333, 1.0, 1.0, 1.0, 2.0, 1.5454545454545454, 2.0, 2.0, 1.0, 2.0, 1.0, 2.0, 1.0, 1.1041666666666667, 3.0, 1.0, 2.0, 1.0563616071428572, 1.7450980392156863, 1.0, 1.0, 1.4291044776119404, 1.723608445297505, 2.0, 1.263157894736842, 1.0, 1.0, 1.0, 1.0, 1.8, 1.0, 1.0816326530612246, 1.0, 2.0, 1.0, 1.2, 1.450381679389313, 1.0, 1.098490048043926, 1.0, 1.0, 1.0, 2.0, 1.0471698113207548, 2.0, 2.0, 1.0, 1.0, 1.0, 1.0, 1.0, 1.0, 1.0, 1.0, 1.0, 1.0, 1.1487022119933512, 1.0, 1.0, 1.0, 1.0, 1.0, 1.217616580310881, 1.0, 2.0, 3.0, 1.0, 1.0, 1.0, 2.0, 1.0, 1.0193370165745856, 1.0362089222772102, 2.0, 1.3681318681318682, 1.5, 1.7105263157894737, 1.0, 1.141966562765656, 1.0, 3.0, 1.4346357935359382, 1.0, 1.0, 2.0, 2.0, 2.0, 1.0, 1.0130085734193706, 1.0615773407396287, 1.0538922155688624, 2.0, 1.0, 2.0, 2.0, 1.0, 1.0, 2.0, 1.0, 2.0, 3.0, 1.0, 1.0, 1.0, 1.061268620855358, 1.13314447592068, 2.0, 1.0, 1.5384615384615385, 1.0787037037037037, 1.0, 3.0, 1.0389298353842658, 1.2777777777777777, 1.9096573208722742, 1.0, 1.0, 1.0, 1.2, 3.4, 2.0, 1.247576750907617, 1.0, 1.0, 1.4987201939916477, 2.4, 1.0816901408450703, 1.152230971128609, 1.5, 3.0, 1.191304347826087, 1.0, 1.5, 1.0426251691474966, 1.0, 2.0, 1.029178782713326, 2.0, 2.0, 1.006335797254488, 2.1666666666666665, 1.0, 1.0, 2.0, 1.7237851662404091, 3.0, 1.0159644072232399, 1.5, 2.0, 2.0, 1.0, 2.0, 1.0, 1.0, 3.0, 1.9666666666666666, 1.0, 1.0797227036395147, 1.3333333333333333, 1.01994125266826, 1.0, 2.0, 2.0, 1.0, 3.0, 3.0, 1.2352941176470589, 2.0, 1.0, 2.0, 1.103846153846154]
origin-forest_43.39 	max: 13.0000	99th: 5.0000	95th: 3.0000	median: 1.0614	mean: 1.4809

...Done, result: results.csv

WORKLOAD-FINISHED | Type: QueryWorkload | Progress: 3/3 | Workload-time: 61.258730 | Model-update-time: 0.000000


Experiment Summary: #data-update-times=1, #drift=0 | total-time=123.720400