Input arguments = Namespace(data_update='sample', update_size=100000, dataset='forest', debug=False, drift_test='js', model_update='adapt', model='naru', end2end=False, query_seed=0, random_seed=42, num_workload=3)
JSON-passed parameters = {'data_updater': {'skew_ratio': '1e-2'}, 'random_seed': 89, 'naru': {'epochs': 0}}
MODEL-PATH=/home/kangping/code_copy/SAUCE/models/end2end/naru/origin-forest-16.5MB-model62.533-data19.148-200epochs-seed0.pt
DATASET-PATH=/home/kangping/code_copy/SAUCE/data/forest/end2end/forest.npy
Workloads: ['QueryWorkload', 'DataUpdateWorkload', 'QueryWorkload']

WORKLOAD-START | Type: QueryWorkload | Progress: 1/3
Going to run: ['python', '/home/kangping/code_copy/SAUCE/Naru/eval_model.py', '--dataset=forest', '--model=naru', '--query_seed=0', '--end2end', '--eval_type=first_estimate', '--num_workload=3', '--data_update=sample', '--model_update=adapt', '--random_seed=42']
Torch device: cuda:1
GET-MODEL-PATH=./models/end2end/naru/origin-forest-16.5MB-model62.533-data19.148-200epochs-seed0.pt
ckpts [PosixPath('/home/kangping/code_copy/SAUCE/models/end2end/naru/origin-forest-16.5MB-model62.533-data19.148-200epochs-seed0.pt')]
Validate Argument: DATASET="forest" is valid.
load_csv_dataset - forest (581012, 10)
Parsing... done, took 0.0s
Loading ckpt: /home/kangping/code_copy/SAUCE/models/end2end/naru/origin-forest-16.5MB-model62.533-data19.148-200epochs-seed0.pt
query_seed:0
origin-forest_43.39 	max: 31.0000	99th: 4.0000	95th: 2.5000	median: 1.0057	mean: 1.3336
ReportEsts: [1.0, 1.1127044025157233, 1.0, 1.7878787878787878, 2.6666666666666665, 1.0, 1.5546558704453441, 1.0, 2.0783132530120483, 1.0, 1.0298507462686568, 3.0, 1.0, 1.0, 3.0, 1.0176254769592017, 1.0, 1.4285714285714286, 2.0384615384615383, 1.0, 1.0, 3.0, 1.5384615384615385, 1.4, 2.2, 1.0, 1.0541374320893282, 1.1818181818181819, 3.0, 1.043609022556391, 1.0, 1.0032341526520052, 1.4, 1.0, 1.5675675675675675, 1.0141793690180787, 1.1189856957087125, 1.0, 1.340956340956341, 1.0, 2.0, 1.0, 1.0625, 1.0, 2.0, 1.1141552511415524, 1.0, 2.0, 1.0, 1.0, 3.0, 1.0580708661417322, 1.0, 1.0, 2.25, 1.080568720379147, 1.166383701188455, 1.411764705882353, 1.0, 1.0, 1.0109215017064845, 1.4285714285714286, 1.0, 1.1488584474885846, 1.1592356687898089, 1.0, 1.2256410256410257, 1.3762376237623761, 1.4136546184738956, 1.0, 2.0, 1.0, 1.3043478260869565, 1.1643676950615984, 4.0, 1.5, 1.0, 1.0, 1.0, 1.0, 1.0, 2.0, 1.0008479639229895, 2.3333333333333335, 1.625, 1.0, 1.0, 1.3333333333333333, 1.0054474708171206, 1.0, 4.0, 1.1521739130434783, 1.0, 1.0684022460439, 1.0, 1.0, 1.0926762114537445, 1.2951167728237791, 1.0, 1.0, 1.5, 1.0, 1.0, 1.0, 1.0275862068965518, 1.0, 1.0, 1.0, 1.0534351145038168, 1.0, 1.0142857142857142, 1.0, 1.0, 1.1963041502574978, 1.0261780104712042, 2.0, 1.0, 2.0, 1.0, 1.0, 1.0, 2.0, 3.0, 1.0, 1.1381042059008162, 1.1428571428571428, 1.0, 1.2222222222222223, 1.0, 1.0, 1.0, 1.2059800664451827, 1.0579757160070442, 2.0, 2.5, 1.0, 1.0, 2.0, 1.0245198201879853, 1.0677966101694916, 1.028338735145018, 1.0, 1.0, 1.4, 1.0, 1.0078740157480315, 1.0, 1.0, 1.92, 1.0769230769230769, 1.4, 1.0, 1.0, 1.0, 1.0, 4.0, 1.0, 1.0, 1.0, 2.6666666666666665, 2.909090909090909, 1.0, 1.1582879377431907, 4.0, 1.0301655704241324, 1.0, 1.3333333333333333, 3.0, 1.1175406871609403, 1.0, 1.0, 1.0, 1.33, 1.7058823529411764, 1.0, 1.0, 1.182509505703422, 1.0, 1.1134831460674157, 1.0, 1.0490196078431373, 1.0, 1.0, 1.0033362459289856, 1.0, 1.113390525923163, 1.0, 1.0, 2.388888888888889, 1.010391057160418, 1.0, 1.1018518518518519, 1.7692307692307692, 1.0, 1.0, 1.0, 1.0, 1.7777777777777777, 1.0, 1.2006410256410256, 1.1711939355653822, 1.0, 1.0, 1.0, 2.0, 31.0, 1.2907801418439717, 1.0, 1.0, 1.0, 1.0, 1.2058823529411764, 1.0, 1.125, 1.0, 1.0, 1.0, 1.038647342995169, 1.0, 1.0, 1.0, 1.2726369806323456, 3.0, 1.0, 1.2432432432432432, 1.0, 1.0457516339869282, 1.0, 1.1767955801104972, 1.0, 1.0, 1.0, 1.8333333333333333, 2.0, 1.5757575757575757, 1.0, 3.0, 2.0, 1.008411313216276, 1.018186442833524, 1.0, 1.0, 1.0, 1.001896813353566, 1.101123595505618, 1.1428571428571428, 1.0, 1.123456790123457, 10.0, 1.1532534246575343, 1.0, 1.0, 1.0988372093023255, 1.0, 1.238235294117647, 1.1375101708706266, 1.2727272727272727, 1.0, 1.1074766355140186, 1.0098039215686274, 4.0, 1.0, 1.0747561109284227, 1.25, 2.0, 1.0, 1.75, 1.0, 1.0, 1.0, 1.3103448275862069, 1.0, 1.1373682420945257, 2.0, 1.0, 1.0946854490155276, 1.2222222222222223, 2.0, 1.16, 1.0, 1.5, 1.0, 1.0, 1.0, 1.5, 1.0, 1.0, 1.0, 3.0833333333333335, 1.0, 1.25, 1.0, 1.0, 1.0, 1.0, 1.111543450064851, 1.1581920903954803, 1.0251665433012582, 1.1235955056179776, 1.0, 1.1236973266878114, 1.0, 1.0, 3.0, 1.0, 1.111842105263158, 1.0, 2.0, 1.0, 1.2857142857142858, 2.0, 1.0, 1.0909090909090908, 1.0, 1.0, 1.0, 1.0, 1.0, 1.0, 1.2, 1.0, 1.0, 1.1594746716697937, 2.5, 1.0, 1.043429427180831, 1.0, 1.0, 1.0, 1.0, 1.5022222222222221, 1.0, 3.0, 1.0, 1.3333333333333333, 1.3767441860465117, 1.0, 1.1590909090909092, 1.5060975609756098, 1.0, 1.1452975047984646, 1.0776699029126213, 1.0, 1.0606060606060606, 1.0, 1.3333333333333333, 10.0, 1.5, 1.0, 1.0, 1.0, 1.0, 1.0, 1.0517241379310345, 1.2727272727272727, 1.123456790123457, 6.0, 1.0, 1.0, 1.0, 1.3814229249011858, 1.2, 1.190909090909091, 1.4389388292041219, 1.055185493570173, 1.0153870558375635, 1.039885464039077, 1.5245283018867926, 1.0, 1.0923076923076922, 1.0, 1.033257747543462, 1.0414861177981063, 1.0, 1.0089926957287754, 1.033026113671275, 1.0549355104876883, 1.0, 1.25, 2.0, 1.019108280254777, 1.0, 1.5, 1.0640834575260805, 1.9509803921568627, 1.0, 3.5416666666666665, 1.0, 1.075374732334047, 1.0, 2.0, 1.5555555555555556, 2.0, 1.0, 4.25, 1.0, 1.1843575418994414, 1.0, 1.0, 1.0, 1.0, 1.004337447601304, 1.0, 2.0, 1.2266666666666666, 1.8159831756046267, 1.075221238938053, 1.1413764510779436, 1.3095238095238095, 1.0414277063370498, 1.0117994100294985, 1.0606060606060606, 1.0, 1.0, 1.0253421549191488, 1.0538992139697962, 1.0, 2.75, 1.0, 1.0, 1.0, 1.0, 1.0, 1.0, 1.0, 1.0135100025980774, 1.6666666666666667, 1.3844842284739982, 1.0, 1.0, 2.0, 1.1322248614410135, 1.0235598975397628, 1.2, 1.0367534456355283, 2.0, 1.0, 1.0, 1.0, 1.028462425207224, 2.5, 1.0, 1.0321782178217822, 1.0, 2.7142857142857144, 1.0, 1.0, 1.0, 1.039659190212642, 1.0, 1.0, 1.0, 1.1111111111111112, 1.39, 1.0302806499261448, 3.1818181818181817, 1.0, 1.0, 1.3233333333333333, 1.25, 2.0, 1.0729139922978177, 1.0, 1.3, 1.0, 1.0, 1.2222222222222223, 1.0, 1.0, 2.25, 1.0068308989172299, 1.026123135685704, 1.1383647798742138, 1.0, 1.0, 1.0, 1.3333333333333333, 1.0, 1.0333660451422964, 1.3333333333333333, 3.0, 1.5, 1.2044444444444444, 1.532085561497326, 1.0, 1.0713827588664275, 1.8, 1.0, 1.018435329861111, 2.5, 1.0397046759639048, 1.0, 1.0, 1.0, 1.0838954576931956, 1.0714285714285714, 2.0, 1.24, 1.0, 2.0, 1.0, 1.7333333333333334, 1.0, 1.1986754966887416, 1.021302708862979, 2.0, 1.5, 1.0, 1.0058309037900874, 2.0, 1.8181818181818181, 1.0510204081632653, 1.0, 1.014662437698233, 1.206896551724138, 1.3888888888888888, 1.0, 2.0, 1.0, 2.0, 1.2627993393889347, 2.0, 4.0, 1.2107142857142856, 2.0, 1.0, 1.0243130709123591, 1.0, 1.75, 1.0, 2.0, 1.0, 1.0056179775280898, 1.0, 2.0, 1.4, 1.0038266126439, 1.118421052631579, 1.6819277108433734, 1.2222222222222223, 2.7037037037037037, 2.0, 1.5263157894736843, 1.1085899513776336, 1.0, 1.0, 1.0769230769230769, 1.2728215767634854, 2.8, 2.0, 1.6, 1.3516483516483517, 1.0, 2.010752688172043, 1.0, 1.2039800995024876, 1.0, 4.0, 1.0009318152666802, 6.0, 1.0435042012628648, 2.0, 1.0, 3.0, 1.4166666666666667, 1.5, 2.0, 1.0178428761651133, 1.0, 1.0, 1.0, 1.0, 1.0, 1.0, 2.0, 1.2318840579710144, 1.0, 1.0, 2.0, 1.0, 1.0, 1.0, 1.0, 1.0, 1.0, 1.0, 1.0, 1.0, 1.9733333333333334, 1.1, 2.0, 1.0466666666666666, 1.0, 1.0, 1.4, 1.0089866899834838, 1.6470588235294117, 1.0, 1.0, 1.0, 1.0, 1.0039261876717707, 1.0, 1.0, 1.047110247693055, 1.2490530303030303, 1.1702127659574468, 2.0, 1.0, 1.0, 1.0, 1.4210526315789473, 2.0, 1.0, 1.0, 1.4902439024390244, 2.0, 1.0558797127468582, 1.0, 1.0, 1.0100288725425182, 1.0, 1.0, 1.0, 2.210526315789474, 1.0073185330286212, 1.0, 1.0, 1.4444444444444444, 1.0607375271149675, 1.0, 1.0, 2.0, 1.0, 1.0, 1.15320562187139, 1.0, 2.0, 1.0451053283767038, 1.0, 1.0, 1.0091764705882353, 1.0, 1.0022793465873117, 1.0, 1.0, 1.1833740831295843, 1.0099833610648918, 4.0, 1.0461538461538462, 1.0, 1.0, 2.0, 1.117742486338798, 1.0, 1.0, 1.0, 1.0, 1.7, 1.0, 1.0, 1.5, 1.0227629513343799, 1.0, 1.0, 1.0, 1.5, 1.0, 1.2, 1.0619469026548674, 1.0, 1.0, 1.0, 1.0, 1.0, 1.0, 1.0, 1.0, 1.0, 1.0, 1.0, 1.0, 4.0, 1.1609252669039145, 1.070967741935484, 1.0, 2.0, 1.5, 1.1075697211155378, 1.0, 1.0, 1.0, 2.0, 1.0, 1.0446428571428572, 1.076086956521739, 3.0, 1.0287328094302555, 1.0, 1.15, 1.0, 1.04, 1.0, 2.0, 1.0, 1.0, 1.0, 1.0447647951441579, 4.0, 1.0, 2.0, 1.0148148148148148, 1.0075091778840806, 1.0, 1.0, 1.0765171503957784, 1.0076663600122662, 1.2164179104477613, 1.5, 1.0, 1.0, 1.0669637035427082, 1.0, 2.0, 1.0, 1.0, 1.3333333333333333, 1.1242672919109027, 1.0, 1.0, 1.0666666666666667, 1.0, 1.0, 1.0, 1.2, 1.0, 1.154984840378099, 1.0600322320709106, 2.0, 1.0, 1.0, 3.0, 1.0, 1.0, 1.0, 1.0, 1.0, 2.0, 1.0, 2.0, 1.5, 1.202020202020202, 1.0, 1.0968442542840389, 1.0, 1.0, 1.8, 1.4620423892100192, 3.0, 1.0, 1.0, 1.0, 1.0, 1.5714285714285714, 1.0531400966183575, 1.5, 1.0, 1.0, 1.0, 1.0, 1.0, 1.1101021566401816, 1.0, 1.0, 1.0, 1.0, 1.4825174825174825, 1.098421926910299, 1.0, 1.0, 1.0804597701149425, 1.48, 2.0, 1.4337349397590362, 1.0, 1.0, 1.0, 1.0, 1.0, 1.3333333333333333, 2.0, 1.0, 1.331306990881459, 1.1748994830557151, 1.2, 1.0, 1.0, 1.0, 1.0, 2.0, 1.0, 1.0, 1.2301324503311257, 1.0, 1.0, 1.1, 2.0, 1.3611111111111112, 1.0, 1.0660550458715596, 1.0, 1.0, 1.5, 1.0, 1.037037037037037, 1.2027027027027026, 1.0, 1.5986842105263157, 1.0, 3.3846153846153846, 1.0, 1.0, 1.0, 1.4, 1.0, 1.0, 1.0, 1.0, 1.1235955056179776, 1.0, 1.0, 1.300367693673133, 1.021667345184783, 1.0, 1.0, 1.0, 1.081171118285882, 1.0, 1.4010695187165776, 1.0, 1.04702329594478, 2.0, 1.0, 1.3846153846153846, 1.3333333333333333, 1.6666666666666667, 1.074766355140187, 1.0, 2.8125, 1.0, 1.0, 2.5, 1.0, 1.0, 1.0, 1.6, 1.6666666666666667, 1.0, 1.0, 1.5, 1.0, 1.5, 1.0, 4.0, 1.0, 1.3333333333333333, 1.0, 1.0, 1.0, 1.0, 1.0, 1.0, 1.0, 1.0, 1.191091091091091, 2.0, 1.0, 1.0, 1.0, 1.0, 1.2380952380952381, 1.0, 1.0, 1.1658322903629537, 1.0, 1.342296201451131, 1.0, 1.0697841726618704, 1.0, 1.0, 1.935483870967742, 1.2307692307692308, 1.0, 1.0, 1.4736842105263157, 1.0487354716416422, 1.0, 2.0, 1.4662857142857142, 1.0, 1.0, 1.0, 2.0, 1.0165732160774361, 1.0, 3.25, 1.0, 1.0784313725490196, 1.0, 1.0, 1.0, 1.0, 1.0, 1.0, 1.0, 1.0, 1.5, 2.0, 1.0, 1.0, 1.0, 1.0515449438202247, 1.0454423472582521, 1.0, 1.0, 1.3333333333333333, 1.0398936170212767, 1.0, 2.0, 1.0521593673965937, 1.0588235294117647, 1.434782608695652, 1.0, 1.0, 1.0, 1.5, 4.5, 1.0, 1.269124075319435, 1.0, 1.0, 1.4834137984737579, 1.0, 1.5833333333333333, 1.0, 1.0, 1.2, 1.3238434163701067, 1.0, 1.5, 1.3818181818181818, 1.0120509483382978, 1.0, 1.1666666666666667, 1.5, 1.0, 1.0802598005103223, 2.0, 2.3333333333333335, 1.0, 1.209016393442623, 1.0, 1.0034034653465347, 1.5, 1.0, 1.0, 1.0, 1.0, 1.0, 1.0, 2.0, 2.04, 1.0, 1.1743566992014196, 1.5, 1.0123895118383959, 1.0, 1.0, 1.0, 1.0, 1.0, 1.0945945945945945, 1.1553410721272988, 2.0, 1.1048387096774193, 1.0, 1.4226477935054123, 1.16, 2.0, 1.0593220338983051, 1.3660714285714286, 2.0, 1.0, 1.0, 1.05267629566695, 1.0, 1.0, 1.018018018018018, 1.0, 1.0]
origin-forest_43.39 	max: 31.0000	99th: 4.0000	95th: 2.5000	median: 1.0057	mean: 1.3336

...Done, result: results.csv

WORKLOAD-FINISHED | Type: QueryWorkload | Progress: 1/3 | Workload-time: 58.227636 | Model-update-time: 0.000000


WORKLOAD-START | Type: DataUpdateWorkload | Progress: 2/3
Going to run: ['python', '/home/kangping/code_copy/SAUCE/Naru/eval_model.py', '--model=naru', '--data_update=sample', '--dataset=forest', '--drift_test=js', '--end2end', '--update_size=100000', '--query_seed=0', '--eval_type=drift']
Torch device: cuda:1
GET-MODEL-PATH=./models/end2end/naru/origin-forest-16.5MB-model62.533-data19.148-200epochs-seed0.pt
GET-DATASET-PATH=./data/forest/end2end/forest.npy
Sample - START
Sample - END
load_npy_dataset_from_path - df.shape = (681012, 10)
Parsing... done, took 0.1s
Data updated!
Previous data size: (581012, 10), new data size: (100000, 10)
[2.9802322e-07 5.9604645e-08 5.9604645e-08 5.9604645e-07 5.9604645e-08
 2.3841858e-07 2.3841858e-07 1.5497208e-06 1.1920929e-07 3.5762787e-07]
Distance score: 3.5762786865234375e-07
SAUCE Drift detection: False
Detection latency: 0.0659s

WORKLOAD-FINISHED | Type: DataUpdateWorkload | Progress: 2/3 | Workload-time: 2.279137 | Model-update-time: 0.000000


WORKLOAD-START | Type: QueryWorkload | Progress: 3/3
Going to run: ['python', '/home/kangping/code_copy/SAUCE/Naru/eval_model.py', '--dataset=forest', '--model=naru', '--end2end', '--query_seed=0', '--eval_type=estimate', '--num_workload=3', '--data_update=sample', '--model_update=adapt', '--random_seed=42']
Torch device: cuda:1
GET-MODEL-PATH=./models/end2end/naru/origin-forest-16.5MB-model62.533-data19.148-200epochs-seed0.pt
ckpts [PosixPath('/home/kangping/code_copy/SAUCE/models/end2end/naru/origin-forest-16.5MB-model62.533-data19.148-200epochs-seed0.pt')]
Validate Argument: DATASET="forest" is valid.
data size: 681012, total size: 681012, split index: [567510 681012]
Parsing... done, took 0.1s
Loading ckpt: /home/kangping/code_copy/SAUCE/models/end2end/naru/origin-forest-16.5MB-model62.533-data19.148-200epochs-seed0.pt
query_seed:0
origin-forest_43.39 	max: 14.0000	99th: 5.0000	95th: 3.0000	median: 1.0821	mean: 1.5000
ReportEsts: [1.0, 1.090891472868217, 1.0, 1.697674418604651, 2.5, 1.0, 1.25, 1.0, 1.3797909407665505, 1.0, 1.025974025974026, 2.0, 1.0, 1.0, 2.507936507936508, 1.3076923076923077, 2.0, 3.0, 1.044776119402985, 1.6666666666666667, 1.0, 2.3333333333333335, 1.0, 1.0, 1.0590809628008753, 1.0, 1.3696319018404908, 3.0, 2.0, 1.5, 2.0, 2.0, 1.0, 1.0, 1.0, 2.0, 1.0, 2.0, 1.0, 1.4, 2.0, 1.0, 2.0, 1.0, 1.4589041095890412, 1.1328125, 1.0, 3.0, 1.0, 1.0, 5.0, 1.0191810239640784, 1.0, 1.0, 11.0, 1.1074380165289257, 1.4129709108249882, 1.3157894736842106, 1.0, 2.0, 1.009860191317145, 1.5, 2.0, 1.0, 1.0, 1.146551724137931, 1.0577889447236182, 1.4285714285714286, 3.0, 2.0, 3.0, 2.08, 1.0199533983131501, 1.2777777777777777, 1.0, 1.5197132616487454, 1.0, 1.0, 1.0, 1.0, 3.0, 1.0, 2.0, 1.0033470733718055, 2.3333333333333335, 2.033333333333333, 1.0, 1.0, 1.25, 1.1054242996376997, 1.0, 1.5, 2.0, 1.039458525345622, 1.1764705882352942, 2.8636363636363638, 1.32, 1.0, 1.0, 2.0, 1.25, 1.0, 1.0126811594202898, 1.5714285714285714, 1.5, 1.0, 1.0, 1.0, 1.0277219306918701, 1.75, 1.0, 1.0238095238095237, 2.0, 1.0, 1.0, 1.0, 1.0, 2.0, 1.0, 1.0, 1.0, 1.0377867746288798, 2.0, 1.0, 2.0, 3.0, 1.0, 1.0134264232008592, 1.2857142857142858, 1.0, 3.3333333333333335, 1.0, 2.0, 1.0, 1.196106557377049, 1.043700749100107, 2.0, 2.4, 2.0, 1.0, 4.0, 1.0386086956521738, 1.0138888888888888, 1.0023286818949426, 1.0, 1.0, 1.2, 2.0, 1.0093604338106918, 1.0, 1.0294117647058822, 2.103448275862069, 1.2307692307692308, 1.0948616600790513, 1.0, 1.0, 1.0, 1.0, 2.0, 1.0, 1.0, 1.0, 2.0, 2.6923076923076925, 1.0, 1.3734265734265734, 5.0, 1.062828833672568, 1.0, 2.0, 1.5, 1.0112201963534362, 1.0, 2.0, 1.2, 1.0, 1.0046115166915393, 1.0035676061362826, 1.0, 1.0897564535254949, 1.1700680272108843, 1.1578374455732947, 1.0, 3.0, 1.0, 1.0, 3.0, 4.0, 1.0, 1.151788644568428, 1.0, 1.0, 4.0, 1.0060077631177735, 1.0, 1.0901960784313725, 1.0257021375982673, 2.0, 1.25, 1.7007299270072993, 1.236990903876096, 1.0, 1.0, 2.0, 2.0, 2.75, 1.0, 1.0, 1.0, 1.0, 3.0, 2.3333333333333335, 1.5, 1.2692307692307692, 1.0, 3.0, 1.046875, 1.0, 1.0, 2.0, 1.0, 2.0, 1.3493975903614457, 1.0, 2.5, 1.7777777777777777, 1.0, 1.0, 1.0042665583096302, 1.0411744853189335, 1.1875, 1.0, 1.1049640534063676, 1.0, 1.6666666666666667, 1.0, 1.0, 2.0, 3.0, 1.5238095238095237, 2.0, 3.0, 1.0, 1.070732508485711, 1.0101301532345963, 1.0, 2.5, 2.0, 1.0, 1.5, 2.0, 1.0, 1.1044973544973544, 5.0, 1.3, 2.0, 1.3333333333333333, 1.1565656565656566, 1.0, 1.4449877750611246, 1.152336448598131, 1.0666666666666667, 1.0, 1.052930056710775, 1.0346938775510204, 2.5, 2.0, 1.0260983852797596, 1.7777777777777777, 1.6666666666666667, 1.0, 1.5454545454545454, 2.0, 1.0, 1.0, 1.7407407407407407, 1.0, 1.1188019129121571, 1.475, 1.0, 1.138967468175389, 1.0, 1.4794520547945205, 1.0754716981132075, 1.0, 1.0, 1.75, 1.2360742705570291, 1.2217194570135748, 1.0333722305573416, 1.0, 4.0, 2.0, 1.1428571428571428, 2.4158316633266534, 2.0, 1.0158227848101267, 2.0, 1.206896551724138, 1.0, 2.0, 1.36, 5.75, 1.0, 1.0, 1.0921985815602837, 1.0, 3.0, 1.0, 1.0, 1.04, 1.0, 1.6666666666666667, 1.0, 1.0, 1.1071428571428572, 2.0, 1.0, 1.1538461538461537, 3.0, 2.0, 2.0, 1.0, 1.0, 1.0, 1.2777777777777777, 1.0, 1.0, 1.1170103092783505, 2.5, 1.0, 1.0384085611358338, 2.0, 1.0, 1.0, 2.0, 1.3873056994818653, 1.0, 4.0, 2.0, 1.0, 1.5062240663900415, 2.375, 1.2040816326530612, 1.2475247524752475, 2.0, 1.1771296753995717, 1.182608695652174, 1.0, 1.1714285714285715, 1.0, 1.2857142857142858, 13.0, 1.0238095238095237, 1.0, 1.0, 1.0, 1.0, 1.0, 1.051094890510949, 14.0, 1.1326530612244898, 8.0, 1.0, 2.0, 1.4811320754716981, 1.372852233676976, 1.0224805924229958, 3.0, 1.0399490582478719, 1.03, 1.022429219267067, 3.9285714285714284, 1.4215686274509804, 2.0, 1.1802884615384615, 2.0, 1.25, 1.013545168306892, 1.0, 1.005188421627526, 1.0445017265697194, 1.043323705843146, 1.0, 1.5, 1.0, 1.021505376344086, 2.0, 2.0, 2.0, 1.0500510725229826, 1.1428571428571428, 2.0, 1.0, 1.0, 1.28, 1.4285714285714286, 1.25, 1.0, 1.0, 5.5, 1.0, 1.194422310756972, 1.0, 1.0, 1.0, 1.0, 1.0061914510825734, 1.0, 1.2142857142857142, 2.8096126924871676, 1.0, 1.3333333333333333, 1.0, 1.0, 1.0045886093236172, 1.0, 1.5192307692307692, 1.0, 1.0, 1.0322322691763548, 1.048624014708471, 1.0, 2.0, 1.5, 2.0, 2.0, 1.233644859813084, 1.0101120733571065, 1.0, 1.4943467336683418, 1.3968253968253967, 1.0, 1.0, 1.0454545454545454, 1.3333333333333333, 2.0, 2.0, 1.0230582524271845, 1.016825220119421, 1.1666666666666667, 1.0660377358490567, 1.2, 1.0, 1.0, 2.0, 1.020778230514452, 3.0, 2.0, 1.1502958579881657, 2.0, 1.0, 1.145, 1.0, 1.0, 1.0239520958083832, 1.75, 1.0952380952380953, 1.0723684210526316, 1.104878048780488, 1.0, 3.0, 2.0, 2.0, 1.0, 1.013536321325673, 1.0, 1.0, 1.0672268907563025, 1.006472491909385, 1.0, 1.0, 1.0, 1.0, 1.4173913043478261, 2.0, 1.1253661394258934, 1.020199134409648, 1.0, 2.0, 1.359918200408998, 1.0, 1.0, 1.0, 1.0, 1.0, 1.0, 2.0, 1.9444444444444444, 1.0833333333333333, 1.144561403508772, 1.0, 1.6, 1.0, 1.0888888888888888, 1.0, 1.0, 1.0, 1.0, 1.0, 1.0963992557732298, 1.1333333333333333, 2.0, 1.1, 1.0, 2.0, 3.0, 1.6176470588235294, 1.0, 1.1166666666666667, 1.2372881355932204, 2.0, 1.5, 2.0, 1.1006802721088436, 2.0, 1.56, 1.0956521739130434, 1.0, 1.02612046817014, 1.596026490066225, 1.2857142857142858, 1.0, 2.0, 1.0, 1.0, 1.0, 2.0, 1.1449101796407186, 7.0, 1.1818181818181819, 2.0, 1.0, 1.0339366515837105, 1.0, 2.0, 1.4, 2.0, 1.123931623931624, 2.0, 1.0, 1.6440677966101696, 3.0, 1.0246342046329655, 1.0, 1.0, 1.2119944211994422, 1.0, 1.0, 1.0723684210526316, 4.0, 2.0, 1.2, 1.0371428571428571, 3.0, 2.0, 1.5, 1.2735849056603774, 1.0, 1.7950819672131149, 2.0, 1.5350877192982457, 1.0, 3.25, 1.1770735155513667, 1.5, 1.0566859636695245, 1.25, 1.0, 3.0, 4.181818181818182, 1.0, 1.4385964912280702, 1.05, 1.1180124223602483, 1.080771979985704, 1.0, 1.0, 1.0, 1.2217484008528785, 1.0, 1.0567660742377079, 1.0993524199045672, 1.0, 2.0, 2.0, 1.0, 1.0, 2.0, 1.0, 1.0, 2.0, 1.0, 1.0, 1.0, 1.6464088397790055, 1.0227131345572384, 1.539714867617108, 1.0, 1.0, 1.2222222222222223, 2.0, 3.0, 2.0, 2.0, 1.0, 1.0, 1.0, 1.0308916452141352, 1.0, 1.5, 1.120099564405725, 1.0, 2.0, 1.0, 5.0, 1.5, 1.0, 1.0, 1.0, 1.0, 1.5, 8.0, 1.034450063211125, 1.0, 1.0, 1.0, 1.0389332412721701, 2.0, 1.0, 1.0, 2.130434782608696, 1.0735068533821566, 1.0, 2.0, 1.4, 1.050877192982456, 1.0, 2.0, 2.0, 2.0, 2.0, 1.1499301503821184, 1.0, 2.0, 1.1204354728963484, 2.0, 1.0, 1.0076705692369803, 1.0, 1.006376999567661, 2.0, 1.0, 5.0, 1.3175675675675675, 1.0, 1.0, 1.0, 1.1428571428571428, 1.0, 1.016452864384221, 1.1330162972733742, 1.0, 3.0, 1.2432432432432432, 1.0, 1.1666666666666667, 2.1666666666666665, 1.0, 1.0, 1.0877679356278316, 1.0, 2.0, 2.0, 1.112781954887218, 1.5625, 4.0, 1.145484949832776, 1.0, 1.8428571428571427, 1.0, 1.5161290322580645, 2.0, 1.3333333333333333, 1.0, 1.0, 1.0, 1.1170212765957446, 1.0, 1.0834298957126303, 1.0, 2.0, 2.3333333333333335, 2.0, 1.6666666666666667, 1.0, 2.0, 1.0, 1.0, 1.253968253968254, 2.0, 1.0, 1.0, 1.1666666666666667, 1.0086206896551724, 2.0, 1.4, 1.018181818181818, 1.5, 1.1481481481481481, 1.0, 1.5, 2.0, 1.0, 2.0, 1.0707406177349719, 1.0, 1.0, 8.0, 1.0254777070063694, 1.0347483006132052, 1.0, 1.0, 1.0797857344234565, 1.004704652378463, 1.2981366459627328, 1.5, 2.0, 1.0, 1.1176470588235294, 1.1557465091299677, 1.0476190476190477, 1.0, 1.0, 5.0, 1.0167081928770336, 1.0, 2.0625, 2.0, 1.0, 1.0, 2.0, 3.0, 2.0, 1.0, 1.0683078175067393, 3.2413793103448274, 1.3560391043834752, 1.0, 1.0, 5.0, 3.0, 1.0, 1.0, 1.0, 1.0, 3.0, 1.0, 2.0, 1.5, 1.2606060606060605, 1.0, 1.0605778358917408, 2.0, 2.0, 1.1111111111111112, 1.2061043649491303, 4.0, 1.0, 1.0, 1.0, 1.0, 1.1, 1.113240418118467, 4.0, 1.0, 1.0, 1.0, 1.0, 2.0, 1.0681546432841769, 1.0, 2.0, 2.0, 1.0, 1.369047619047619, 1.123292595255212, 1.0, 1.0, 1.015, 1.5172413793103448, 2.0, 1.4414893617021276, 2.0, 1.0, 1.0, 2.0, 2.0, 1.2, 2.0, 3.0, 1.3447368421052632, 1.1311046911542166, 1.3333333333333333, 1.0, 1.125, 1.0, 1.5217391304347827, 1.0, 1.5, 1.0, 1.002509269315756, 1.0454545454545454, 2.0, 1.0, 1.1345811051693404, 1.06374531835206, 1.0, 1.5, 4.0, 1.0338345864661653, 1.0, 1.0043297853148114, 1.803921568627451, 1.1663912756113681, 1.8585858585858586, 1.0285836438038234, 1.0, 1.094814814814815, 1.3333333333333333, 1.0, 1.0, 1.0, 2.0, 1.3636363636363635, 2.0, 2.0, 1.0, 1.2380952380952381, 1.0, 1.0, 1.0, 1.25, 3.0, 2.0, 2.0, 1.0754604872251932, 1.7843137254901962, 1.0, 2.0, 1.100229095074456, 2.0, 3.0, 1.5625, 2.0, 1.0, 1.0, 1.0, 2.0, 1.0, 1.6666666666666667, 1.027363184079602, 1.3333333333333333, 1.0, 1.3, 1.1020408163265305, 1.0, 1.0857142857142856, 3.0, 1.0, 3.0, 2.0, 1.0246212121212122, 1.0, 1.0, 1.0, 1.0, 1.0, 1.0, 1.0, 1.0, 1.0, 1.0, 1.0, 1.0, 1.077601260701052, 4.0, 1.0, 1.0, 1.0, 1.0, 1.875, 1.0, 1.0, 3.0, 1.0, 1.0, 1.0, 4.0, 2.0, 1.0593471810089021, 1.0342764389469443, 5.0, 1.159144893111639, 1.3333333333333333, 1.054263565891473, 1.0, 1.0306983883346124, 1.0, 2.0, 1.4275291828793775, 2.0, 2.0, 2.0, 1.2621848739495798, 1.75, 1.0, 1.0039771942156457, 1.1008589276418532, 1.047337278106509, 3.0, 1.0, 2.0, 1.0, 1.0, 1.0, 3.0, 1.0, 1.4, 2.0, 2.0, 1.0, 1.0, 1.0591915303176132, 1.0455486542443064, 1.0, 1.0, 1.5714285714285714, 1.0504587155963303, 1.0, 2.0, 1.0050988925335325, 1.0, 1.1701492537313434, 1.0, 1.0, 1.0, 1.5, 1.6896551724137931, 2.0, 1.2388918113273715, 1.0, 1.0, 1.5115113759479957, 2.0, 1.3146853146853146, 2.0, 2.0, 2.0, 1.2553191489361701, 1.0, 1.0, 1.1395663956639566, 1.0, 1.0, 1.497917751171265, 1.0, 2.0, 1.0031914893617022, 1.3333333333333333, 2.0, 1.0, 1.8, 1.403061224489796, 1.0, 1.1807356443503572, 1.5, 1.0, 2.0, 1.0, 1.0, 1.0, 2.0, 2.0, 1.7741935483870968, 1.0, 1.0596727622714148, 1.3333333333333333, 1.0114969246173653, 1.0, 2.0, 1.0, 1.0, 1.0, 1.0, 1.2121212121212122, 1.0, 1.0, 2.0, 1.204946996466431]
origin-forest_43.39 	max: 14.0000	99th: 5.0000	95th: 3.0000	median: 1.0821	mean: 1.5000

...Done, result: results.csv

WORKLOAD-FINISHED | Type: QueryWorkload | Progress: 3/3 | Workload-time: 63.341484 | Model-update-time: 0.000000


Experiment Summary: #data-update-times=1, #drift=0 | total-time=124.036293