Input arguments = Namespace(data_update='sample', update_size=100000, dataset='forest', debug=False, drift_test='js', model_update='adapt', model='naru', end2end=False, query_seed=0, random_seed=42, num_workload=3)
JSON-passed parameters = {'data_updater': {'skew_ratio': '1e-2'}, 'random_seed': 6, 'naru': {'epochs': 0}}
MODEL-PATH=/home/kangping/code_copy/SAUCE/models/end2end/naru/origin-forest-16.5MB-model62.533-data19.148-200epochs-seed0.pt
DATASET-PATH=/home/kangping/code_copy/SAUCE/data/forest/end2end/forest.npy
Workloads: ['QueryWorkload', 'DataUpdateWorkload', 'QueryWorkload']

WORKLOAD-START | Type: QueryWorkload | Progress: 1/3
Going to run: ['python', '/home/kangping/code_copy/SAUCE/Naru/eval_model.py', '--dataset=forest', '--model=naru', '--query_seed=0', '--end2end', '--eval_type=first_estimate', '--num_workload=3', '--data_update=sample', '--model_update=adapt', '--random_seed=42']
Torch device: cuda:1
GET-MODEL-PATH=./models/end2end/naru/origin-forest-16.5MB-model62.533-data19.148-200epochs-seed0.pt
ckpts [PosixPath('/home/kangping/code_copy/SAUCE/models/end2end/naru/origin-forest-16.5MB-model62.533-data19.148-200epochs-seed0.pt')]
Validate Argument: DATASET="forest" is valid.
load_csv_dataset - forest (581012, 10)
Parsing... done, took 0.0s
Loading ckpt: /home/kangping/code_copy/SAUCE/models/end2end/naru/origin-forest-16.5MB-model62.533-data19.148-200epochs-seed0.pt
query_seed:0
origin-forest_43.39 	max: 31.0000	99th: 4.0000	95th: 2.6012	median: 1.0019	mean: 1.3385
ReportEsts: [1.0, 1.038262910798122, 1.0, 1.6857142857142857, 2.6666666666666665, 1.0, 1.381294964028777, 1.0, 3.3173076923076925, 1.0, 1.0, 3.0, 1.0, 1.0, 6.0, 1.0304570063212655, 1.0, 1.4285714285714286, 1.2264150943396226, 1.0, 1.0, 3.0, 1.4285714285714286, 1.6, 2.2, 1.0, 1.069584487534626, 1.0833333333333333, 1.5, 1.8072916666666667, 1.0, 1.001937984496124, 1.0, 1.0, 1.6111111111111112, 1.0134113198629329, 1.1435215946843853, 1.0, 1.186070686070686, 1.0, 2.0, 1.0, 1.0625, 1.0, 1.5365853658536586, 1.1730769230769231, 1.0, 2.0, 1.0, 1.0, 3.0, 1.0181102362204724, 1.0, 1.0, 2.5714285714285716, 1.080568720379147, 1.0585516178736518, 1.0588235294117647, 1.0, 1.0, 1.033617747440273, 1.6666666666666667, 1.0, 1.1461187214611872, 1.1464968152866242, 1.0, 1.1353919239904988, 1.4851485148514851, 1.4056224899598393, 1.0, 2.0, 1.0, 1.25, 1.1128777508686953, 4.0, 1.5, 1.0, 1.0, 1.0, 1.0, 1.0, 2.0, 1.0034689433213204, 2.3333333333333335, 1.7333333333333334, 1.0, 1.0, 1.3333333333333333, 1.0799161927566596, 1.0, 4.0, 1.2608695652173914, 1.0, 1.3155248271527342, 1.0, 1.0, 1.0417400881057268, 1.262734584450402, 1.0, 1.0, 2.0, 1.0, 1.0, 1.0, 1.0551724137931036, 1.0, 1.0, 1.0, 1.037593984962406, 1.0, 1.0211267605633803, 1.0, 1.0, 1.0189921499113699, 1.010204081632653, 2.0, 1.0, 2.0, 1.0, 1.0, 1.0, 2.0, 3.0, 1.0, 1.0062774639045826, 1.1428571428571428, 1.0, 1.2222222222222223, 1.0, 1.0, 1.0, 1.4813697657913414, 1.0557983581916985, 2.0, 2.625, 1.0, 1.0, 2.0, 1.051491622394769, 1.0158730158730158, 1.0229369234604837, 1.0, 1.0, 1.2, 1.0, 1.019952212583161, 1.0, 1.1666666666666667, 1.92, 1.0833333333333333, 1.3461538461538463, 1.0, 1.0, 1.0, 1.0, 4.0, 1.0, 1.0, 1.0, 3.0, 2.909090909090909, 1.0, 1.1486381322957198, 4.0, 1.0392379224313903, 1.0, 2.0, 2.0, 1.0711974110032363, 1.0, 1.0, 1.0, 1.316831683168317, 1.7058823529411764, 1.0, 1.0, 1.02734375, 1.0, 1.6292134831460674, 1.0, 1.0046948356807512, 1.0, 1.0, 1.0185082214631822, 1.0, 1.2314356435643565, 1.0, 1.0, 2.0476190476190474, 1.0390460509903707, 1.0, 1.0303030303030303, 1.7692307692307692, 1.0, 1.0, 1.0, 1.0, 1.8194444444444444, 1.125, 1.1914758269720103, 1.1626658243840808, 1.0, 1.0, 1.0, 2.0, 31.0, 1.165289256198347, 1.0, 1.0, 1.0, 1.0, 1.2941176470588236, 1.0, 1.125, 1.0, 1.0, 1.0, 1.0093023255813953, 1.0, 1.0, 1.0, 1.2706505545439497, 3.0, 1.0, 1.069767441860465, 1.0, 1.095890410958904, 1.0, 1.2264875239923225, 1.0, 1.0, 1.0, 1.8333333333333333, 2.0, 1.4857142857142858, 1.0, 3.0, 2.0, 1.0362407198752874, 1.0169146636143966, 1.0, 4.0, 1.5, 1.0257478227943961, 1.3424657534246576, 1.1428571428571428, 1.0, 1.123456790123457, 2.5, 1.1275684931506849, 1.0, 1.0, 1.1317365269461077, 1.0, 1.0591900311526479, 1.1993136974549614, 1.5, 1.0, 1.0042372881355932, 1.0048543689320388, 4.0, 1.0, 1.001921915325902, 1.25, 2.0, 1.0, 1.875, 1.0, 1.0, 1.0, 1.4074074074074074, 1.3333333333333333, 1.1390134529147982, 2.0, 1.0, 1.2636795792454738, 1.125, 2.0, 1.16, 1.0, 1.5, 1.0, 1.0, 1.0, 1.0, 1.0, 1.0, 1.0, 1.121212121212121, 1.0, 1.25, 1.0, 1.0, 1.0, 1.0, 1.167574931880109, 2.0113636363636362, 1.1861281826163301, 1.0187265917602997, 1.0, 1.1116091438816673, 1.0, 1.0, 3.0, 1.0, 1.0180722891566265, 1.0, 2.0, 1.0, 1.2272727272727273, 2.0, 1.0, 1.0909090909090908, 1.0, 1.0, 1.0, 1.0, 1.0, 1.0, 2.0, 1.0, 1.0, 1.0402094632504209, 2.5, 1.0, 1.0575512269162661, 1.0, 1.0, 1.0, 1.0, 1.0977777777777777, 1.0, 3.0, 1.0, 1.6666666666666667, 1.018957345971564, 1.0, 1.1136363636363635, 1.3719512195121952, 1.0, 1.3476007677543187, 1.0360360360360361, 1.0, 1.25, 1.0, 1.1428571428571428, 10.0, 3.0, 1.0, 1.0, 1.0, 1.0, 1.0, 1.1551724137931034, 1.8333333333333333, 1.037037037037037, 6.0, 1.0, 1.0, 1.0, 1.3557312252964426, 1.2, 1.0, 1.3934444200833151, 1.0786362776621903, 1.008801408225316, 1.0436825912026237, 1.7207547169811321, 1.0, 1.0023529411764707, 1.0, 1.2713004484304933, 1.062581358440771, 1.0, 1.0034375652216616, 1.0123456790123457, 1.072002431927737, 1.0, 1.25, 1.0, 1.0062893081761006, 1.0, 1.0, 1.0785498489425982, 1.7586206896551724, 1.0, 2.0238095238095237, 1.0, 1.1135254988913525, 1.0, 10.0, 1.75, 1.0, 1.0, 4.25, 1.0, 1.2045454545454546, 1.0, 1.0, 1.0, 1.0, 1.0000144925435863, 1.0, 2.0, 1.2073490813648293, 1.540080971659919, 1.0486725663716814, 1.154228855721393, 1.4102564102564104, 1.046664054429523, 1.0117994100294985, 1.303030303030303, 1.0, 1.0, 1.0272068148644444, 1.057955404817013, 1.0, 2.2, 1.0, 1.0, 1.0, 1.0, 1.0, 1.0, 1.0, 1.0225425950196592, 1.6666666666666667, 1.4560954816709293, 1.0, 1.0, 2.0, 1.050698016164585, 1.0256984240687679, 1.2, 1.0398162327718223, 1.4, 1.0, 1.0, 1.0, 1.092880276664654, 2.5, 1.0, 1.0113908872901678, 1.0, 3.8, 1.0, 1.0, 1.0, 1.034925720943781, 1.0, 1.0, 1.0, 1.1111111111111112, 1.25, 1.035450516986706, 3.1818181818181817, 1.0, 1.0, 2.6315789473684212, 1.25, 2.0, 1.0919127086007703, 1.0, 1.3, 1.0, 1.0, 1.1, 2.0, 1.0, 1.3333333333333333, 1.000144373059987, 1.0018335667999134, 1.2669322709163346, 1.0731707317073171, 1.0, 1.0, 1.0, 1.0, 1.0307491004252536, 1.2307692307692308, 1.5, 1.5, 1.1586715867158672, 1.4893048128342246, 1.0, 1.0412380929757465, 1.25, 1.0, 1.0206906103836606, 2.5, 1.0075471698113208, 1.0, 1.0, 1.0, 1.085857549565262, 1.0, 2.0, 1.16, 1.0, 2.0, 1.0, 1.5757575757575757, 1.0, 1.2317880794701987, 1.0132050333086602, 2.0, 1.5, 1.0, 1.065597667638484, 2.0, 2.9, 1.0510204081632653, 1.0, 1.0399977381109458, 1.1229946524064172, 1.3888888888888888, 1.0, 1.25, 1.0, 1.0, 1.0102991662579697, 2.0, 4.0, 1.0495356037151702, 2.8, 1.0, 1.0257241518652536, 1.0, 2.0, 1.0, 2.0, 1.0, 1.046816479400749, 1.0, 1.0, 1.4, 1.0104551045510455, 1.25, 1.8120481927710843, 1.2222222222222223, 2.7037037037037037, 2.0, 1.6842105263157894, 1.1085899513776336, 1.0, 1.0, 1.1153846153846154, 1.278125, 1.8, 2.0, 1.6, 1.3516483516483517, 1.0, 1.7476635514018692, 1.0, 1.1318407960199004, 1.0, 3.0, 1.0164036791437294, 6.0, 1.0301794859046387, 2.8, 1.0, 3.0, 1.3076923076923077, 1.5, 2.0, 1.00130821559393, 1.0, 1.0, 1.0, 1.0, 1.0, 1.0196078431372548, 2.0, 2.1794871794871793, 1.0, 1.0, 2.0, 1.0, 1.0, 1.0, 1.0, 1.0, 1.0, 1.0, 1.0, 1.0, 1.4423076923076923, 1.02, 2.0, 1.035, 1.0, 1.0, 1.1666666666666667, 1.0458855532886429, 1.75, 1.0, 1.0, 1.0, 1.0, 1.0020377772552709, 1.0, 1.0, 1.042049299178347, 1.2486732373009857, 1.1063829787234043, 2.0, 1.0, 1.0, 1.0, 1.6363636363636365, 1.0, 1.0, 1.0, 1.3282608695652174, 2.0, 1.072976054732041, 1.0, 1.0, 1.0278686868686868, 1.0, 1.0, 1.0, 2.3333333333333335, 1.014874779573675, 1.0, 1.0, 1.4444444444444444, 1.0224948875255624, 1.0, 1.0, 2.0, 1.0, 1.0, 1.0176332288401253, 1.0, 2.0, 1.0345927379784101, 1.0, 1.0, 1.063031515757879, 1.0, 1.0144358617196403, 1.0, 1.0, 1.0684326710816776, 1.0306156405990017, 1.6, 1.015625, 1.0, 1.0, 4.0, 1.109782977280434, 1.0, 1.0, 1.0, 1.0, 1.2, 1.0, 1.0, 1.5, 1.115586690017513, 1.0, 1.0, 1.0, 1.5, 1.0, 1.2, 1.0619469026548674, 1.0, 1.0, 1.0, 1.0, 1.0, 1.0, 1.6, 1.0, 1.0, 1.0, 1.0, 1.0, 4.0, 1.1449110320284697, 1.3019607843137255, 1.0, 2.0, 1.5, 1.053030303030303, 1.0, 1.0, 1.0, 2.0, 1.0, 1.076569175156096, 1.0869565217391304, 2.75, 1.1429273084479372, 1.0, 3.3043478260869565, 1.0, 1.12, 1.0, 2.0, 1.0, 1.0, 1.0, 1.0188679245283019, 4.0, 1.0, 4.0, 1.0, 1.000723629279154, 1.0, 1.0, 1.048169556840077, 1.0012266176019626, 1.3582089552238805, 1.5, 1.0, 1.0, 1.0402517773115234, 1.0, 2.0, 1.0, 1.0, 1.3333333333333333, 1.1301289566236812, 1.0, 1.0, 1.0, 1.0, 1.0, 1.0, 1.2, 1.0, 1.1180667023363653, 1.0116841257050766, 2.0, 1.0, 1.0, 3.0, 1.0, 1.0, 1.0, 1.0, 1.0, 2.0, 1.0, 2.0, 1.5, 1.2526315789473683, 1.0, 1.0391358024691357, 1.0, 1.0, 1.8, 1.0867052023121386, 3.0, 1.5, 1.0, 1.0, 1.0, 1.4285714285714286, 1.428440366972477, 3.0, 1.0, 1.0, 1.0, 1.0, 1.0, 1.0607375271149675, 1.0, 1.0, 1.0, 1.0, 1.497175141242938, 1.1000830564784052, 1.0, 1.0, 1.0875, 1.48, 2.0, 1.3373493975903614, 1.0, 1.0, 1.0, 1.0, 1.0, 1.4545454545454546, 2.0, 1.0, 1.4346504559270516, 1.0067948532600839, 1.2, 1.0, 1.0, 1.0, 1.0, 2.6, 1.0, 1.0, 1.1746688741721854, 1.0, 1.0, 1.1515151515151516, 4.0, 1.1666666666666667, 1.0, 1.3132530120481927, 1.0, 1.0, 2.3333333333333335, 1.0, 1.08, 1.0202702702702702, 1.0, 1.618421052631579, 1.0, 3.6666666666666665, 1.0, 1.0, 1.0, 1.4, 1.0, 1.0, 1.0, 1.0, 1.1627906976744187, 1.0, 1.0, 1.2552301255230125, 1.0005880490342425, 1.0, 1.0, 1.0, 1.1190196653947755, 1.0, 1.481283422459893, 1.0, 1.000862812769629, 2.0, 1.0, 1.3846153846153846, 1.3333333333333333, 1.6666666666666667, 1.0767338908017707, 1.0, 2.6470588235294117, 1.0, 1.5, 2.5, 1.0, 1.0, 1.0, 1.3333333333333333, 1.6666666666666667, 1.0, 1.0, 1.5, 1.0, 1.625, 1.0, 1.0, 1.0, 2.0, 1.0, 1.0, 1.0, 1.0, 1.0, 1.0, 1.0, 1.0, 1.1161161161161162, 1.0, 1.0, 1.0, 1.0, 1.0, 1.2380952380952381, 1.5, 1.0, 1.006977992485239, 1.0, 1.193768672641912, 1.0, 1.062902072909221, 1.0, 1.0238095238095237, 1.3636363636363635, 1.8571428571428572, 1.0, 1.0, 1.3157894736842106, 1.0152598029746958, 1.0, 3.0, 1.453142857142857, 1.0, 1.0, 1.0, 2.0, 1.0053709496547247, 1.0, 2.6, 1.0, 1.0377358490566038, 1.0, 1.0, 1.0, 1.0, 1.0, 1.0, 1.0, 1.0, 1.5, 2.0, 1.0, 1.0, 1.0, 1.055758426966292, 1.0162805259862242, 1.0, 1.0, 1.3333333333333333, 1.0292553191489362, 1.0, 2.0, 1.0608272506082725, 1.125, 1.15, 1.0, 1.0, 1.0, 1.5, 1.875, 2.0, 1.2544140251755225, 1.0, 1.0, 1.5525672371638142, 1.0, 1.4166666666666667, 1.0, 1.0, 1.5, 1.1921708185053381, 1.0, 1.0, 1.4615384615384615, 1.0207896740912856, 1.0, 1.4, 1.5, 1.0, 1.1024124333101368, 2.0, 2.3333333333333335, 1.0, 1.029535864978903, 1.0, 1.3194572926302806, 1.5, 1.0, 1.0, 1.0, 1.0, 1.0, 1.0, 2.0, 2.04, 1.0, 1.1628258405742349, 1.0, 1.00485746888184, 1.0, 1.0, 1.0, 1.0, 1.0, 1.1216216216216217, 1.1643007360672977, 2.0, 1.189516129032258, 1.0, 1.4982462293931953, 1.2608695652173914, 2.0, 1.0423728813559323, 1.3783783783783783, 2.0, 1.0, 1.0, 1.0368200836820083, 1.0, 1.0, 1.043076923076923, 2.0, 1.0]
origin-forest_43.39 	max: 31.0000	99th: 4.0000	95th: 2.6012	median: 1.0019	mean: 1.3385

...Done, result: results.csv

WORKLOAD-FINISHED | Type: QueryWorkload | Progress: 1/3 | Workload-time: 62.094278 | Model-update-time: 0.000000


WORKLOAD-START | Type: DataUpdateWorkload | Progress: 2/3
Going to run: ['python', '/home/kangping/code_copy/SAUCE/Naru/eval_model.py', '--model=naru', '--data_update=sample', '--dataset=forest', '--drift_test=js', '--end2end', '--update_size=100000', '--query_seed=0', '--eval_type=drift']
Torch device: cuda:1
GET-MODEL-PATH=./models/end2end/naru/origin-forest-16.5MB-model62.533-data19.148-200epochs-seed0.pt
GET-DATASET-PATH=./data/forest/end2end/forest.npy
Sample - START
Sample - END
load_npy_dataset_from_path - df.shape = (681012, 10)
Parsing... done, took 0.1s
Data updated!
Previous data size: (581012, 10), new data size: (100000, 10)
[1.2516975e-06 1.1920929e-07 0.0000000e+00 3.5762787e-07 2.9802322e-07
 2.3841858e-07 1.7881393e-07 9.5367432e-07 4.1723251e-07 5.9604645e-07]
Distance score: 4.410743770222325e-07
SAUCE Drift detection: False
Detection latency: 0.0659s

WORKLOAD-FINISHED | Type: DataUpdateWorkload | Progress: 2/3 | Workload-time: 2.319024 | Model-update-time: 0.000000


WORKLOAD-START | Type: QueryWorkload | Progress: 3/3
Going to run: ['python', '/home/kangping/code_copy/SAUCE/Naru/eval_model.py', '--dataset=forest', '--model=naru', '--end2end', '--query_seed=0', '--eval_type=estimate', '--num_workload=3', '--data_update=sample', '--model_update=adapt', '--random_seed=42']
Torch device: cuda:1
GET-MODEL-PATH=./models/end2end/naru/origin-forest-16.5MB-model62.533-data19.148-200epochs-seed0.pt
ckpts [PosixPath('/home/kangping/code_copy/SAUCE/models/end2end/naru/origin-forest-16.5MB-model62.533-data19.148-200epochs-seed0.pt')]
Validate Argument: DATASET="forest" is valid.
data size: 681012, total size: 681012, split index: [567510 681012]
Parsing... done, took 0.1s
Loading ckpt: /home/kangping/code_copy/SAUCE/models/end2end/naru/origin-forest-16.5MB-model62.533-data19.148-200epochs-seed0.pt
query_seed:0
origin-forest_43.39 	max: 28.3333	99th: 5.0000	95th: 3.0000	median: 1.1035	mean: 1.5135
ReportEsts: [1.0, 1.1855055747789311, 1.0, 1.8108108108108107, 2.25, 1.0, 1.5205479452054795, 1.0, 1.961352657004831, 1.0, 1.0512820512820513, 1.6470588235294117, 1.0, 1.0, 2.6507936507936507, 1.3164556962025316, 1.0, 2.0, 1.5873015873015872, 1.1428571428571428, 2.0, 2.0, 1.0, 2.0, 1.0086021505376344, 1.0, 1.0646780950117354, 2.5, 1.0, 1.8571428571428572, 2.0, 1.0, 1.0, 1.0, 2.0, 2.0, 1.0, 5.0, 1.0, 2.0, 2.0, 1.0, 1.4666666666666666, 1.0, 1.1958041958041958, 1.1225296442687747, 1.0, 2.0, 2.0, 1.0, 3.0, 1.1049360497204426, 1.0, 1.0, 3.3333333333333335, 1.1218487394957983, 1.4066455696202531, 1.0434782608695652, 1.0, 2.0, 1.0330807344797435, 11.0, 2.0, 1.0, 1.0, 1.0990990990990992, 1.0974476439790577, 1.1428571428571428, 2.0, 2.0, 2.0, 1.1748878923766817, 1.0591664192283048, 1.9666666666666666, 1.0, 1.0105633802816902, 1.0, 3.0, 1.0, 1.0, 3.0, 2.0, 2.0, 1.0065032847379656, 3.0, 1.0714285714285714, 1.0, 1.0, 1.3333333333333333, 1.1811264872593576, 1.0, 4.5, 2.0, 1.042962534355562, 1.0769230769230769, 2.782608695652174, 1.2173913043478262, 1.0, 1.0, 2.0, 1.25, 1.0, 1.0038774352184603, 1.5714285714285714, 3.0, 1.0, 1.0, 1.0, 1.0270213492292743, 1.5, 1.0, 1.0465116279069768, 1.0, 1.0, 1.0, 2.0, 1.0, 3.0, 1.0, 1.0, 1.0, 1.0710306406685237, 1.0, 1.0, 3.0, 3.0, 1.0, 1.1746116764863417, 1.2857142857142858, 1.0, 2.0, 2.0, 1.0, 2.0, 1.1098925946862634, 1.0376145189718957, 2.0, 1.9090909090909092, 1.0, 2.0, 2.0, 1.064755838641189, 1.0289855072463767, 1.0078331311112698, 1.0, 1.0, 1.6, 1.0, 1.0032555000674854, 1.0, 1.1515151515151516, 2.260869565217391, 1.3076923076923077, 1.0, 1.0, 1.0, 1.0, 1.0, 5.0, 2.0, 1.0, 1.0, 3.0, 2.769230769230769, 2.0, 1.0423553719008265, 5.0, 1.0249932502796313, 2.0, 1.6666666666666667, 2.0, 1.0416068866571018, 1.0, 2.0, 1.25, 1.0, 1.0451133065416387, 1.0420230568984752, 1.0, 1.008046108194476, 1.1296296296296295, 1.3455696202531646, 1.0, 3.0, 1.0, 1.0, 1.0, 3.0, 2.0, 1.1737891737891737, 1.0, 1.0, 2.0, 1.0517184942716857, 1.0, 1.0739299610894941, 1.196980589503954, 3.0, 1.6097560975609757, 1.0, 1.062231305941222, 1.0, 1.0, 2.0, 1.0, 3.142857142857143, 1.0, 2.0, 2.0, 2.0, 1.4, 3.3333333333333335, 1.3243243243243243, 1.3636363636363635, 1.0, 2.0, 1.0588235294117647, 2.0, 1.0, 1.0, 1.0, 2.0, 12.0, 1.0, 1.6666666666666667, 1.8888888888888888, 1.0, 2.0, 1.0367037411526794, 1.0599451929664307, 1.0909090909090908, 1.0, 1.0237738137026517, 1.0, 2.0, 1.0, 1.0, 1.5714285714285714, 3.0, 1.3103448275862069, 1.0, 3.0, 2.0, 1.0267900633219678, 1.051564677562397, 1.0, 2.0, 1.6, 1.0, 1.0, 2.0, 1.0, 1.1436170212765957, 2.2, 1.3896103896103895, 2.0, 1.0, 1.1237113402061856, 1.0, 1.1201117318435754, 1.2374028578591125, 1.0, 1.5, 1.0107913669064748, 1.0081799591002045, 2.0, 1.0, 1.067022371992886, 1.3333333333333333, 2.0, 2.0, 1.8888888888888888, 1.0, 1.0, 1.0, 1.1891891891891893, 1.3333333333333333, 1.2427628237684103, 1.256578947368421, 1.0, 1.168848167539267, 1.0, 1.3037974683544304, 1.026097271648873, 2.0, 1.0, 1.5, 1.1376344086021506, 1.1842105263157894, 1.0234974437105857, 1.5, 1.0909090909090908, 1.0, 2.4285714285714284, 2.3982125124131084, 1.0, 1.2889610389610389, 2.0, 1.393939393939394, 1.0, 1.0, 1.6818181818181819, 2.6, 1.0, 1.0, 1.147887323943662, 1.0, 4.0, 1.0, 1.0, 1.0, 1.0, 1.25, 1.0, 1.0, 1.1428571428571428, 2.0, 1.0, 1.0769230769230769, 3.0, 1.0, 1.0, 1.0, 1.0, 1.0, 1.4375, 1.0, 1.0, 1.0390538180663598, 3.0, 1.0, 1.0408854994174346, 2.0, 3.0, 1.0, 1.0, 1.6081946222791292, 1.5, 3.0, 2.0, 1.0, 1.2834008097165992, 1.6666666666666667, 1.18, 1.6611111111111112, 2.0, 1.2772506852203247, 1.188034188034188, 1.0, 1.0, 1.0, 1.4285714285714286, 2.2, 1.25, 1.0, 1.0, 3.0, 1.0, 1.0, 1.1481481481481481, 2.923076923076923, 1.13, 7.0, 1.0, 2.0, 1.9036144578313252, 1.2619439868204283, 1.0148239654107474, 3.0, 1.0952588397589487, 1.074468085106383, 1.0272426064547797, 2.933333333333333, 1.5833333333333333, 2.0, 1.7241379310344827, 1.0, 1.0, 1.0691236529291424, 1.0, 1.0131013609329693, 1.027789913111014, 1.0244101196429234, 1.0, 1.75, 1.0, 1.0, 2.0, 2.0, 2.0, 1.0716448032290615, 2.0, 5.0, 1.0, 2.0, 1.4230769230769231, 1.4285714285714286, 1.5, 1.0, 1.0, 4.75, 2.0, 1.2063745019920318, 2.0, 1.0, 1.0, 1.0, 1.002496181215305, 1.0, 1.5333333333333334, 2.899422521655438, 2.0, 1.1666666666666667, 1.0, 1.0, 1.0151902923331495, 1.3548387096774193, 1.829268292682927, 2.0, 1.0, 1.030800442641092, 1.049436967865971, 1.0, 2.1666666666666665, 1.5, 2.0, 1.0, 1.375, 1.0192721681189134, 2.0, 1.7066858375269591, 28.333333333333332, 1.0, 1.0, 1.0932642487046633, 1.3333333333333333, 2.0, 2.0, 1.103058510638298, 1.0358492020661476, 1.4, 1.0465425531914894, 1.5238095238095237, 1.0, 1.0, 1.0, 1.0156532926713047, 3.0, 1.0, 1.2208513263417644, 3.0, 1.0, 1.0631067961165048, 1.0, 1.0, 1.049689440993789, 1.75, 1.2222222222222223, 1.5067114093959733, 1.1039279869067102, 2.0, 2.0, 2.0, 1.0, 1.0, 1.0379890412871253, 1.0, 1.0, 1.033297529538131, 1.0298013245033113, 1.0, 1.0, 1.0, 1.0, 1.5913043478260869, 2.0, 1.5196021064950263, 1.0227940190833649, 1.6666666666666667, 2.0, 1.5024630541871922, 1.0, 3.0, 1.0, 1.0, 1.0, 1.0, 1.0, 1.7647058823529411, 1.2272727272727273, 1.068837439643432, 1.0, 2.5, 1.0, 1.030612244897959, 2.0, 2.0, 2.0, 1.0, 1.0, 1.0699631254718736, 1.0588235294117647, 2.0, 1.0625, 1.0, 2.0, 2.0, 1.4634146341463414, 1.6666666666666667, 1.25, 1.225644699140401, 2.0, 1.5, 1.0, 1.0293040293040292, 2.0, 2.269230769230769, 1.0521739130434782, 1.0, 1.0301015050752538, 1.1566820276497696, 1.5714285714285714, 1.0, 3.0, 1.0, 1.0, 1.0, 2.0, 1.1646634615384615, 6.25, 2.0, 2.0, 1.0, 1.072550831792976, 1.0, 3.0, 1.4, 3.0, 1.3690671031096564, 4.0, 1.0, 1.724890829694323, 2.0, 1.029793502494957, 1.0, 1.0, 1.1818181818181819, 1.0, 1.0, 1.0512820512820513, 1.2, 2.0, 1.1704545454545454, 1.1067588325652842, 1.6666666666666667, 3.0, 1.5, 1.320754716981132, 2.0, 1.7983870967741935, 2.0, 1.018181818181818, 1.0, 2.6, 1.0570641524436997, 1.2857142857142858, 1.0660636686858045, 1.216867469879518, 1.0, 6.0, 3.642857142857143, 1.0, 1.4385964912280702, 1.0526315789473684, 1.2053941908713692, 1.018481182795699, 1.0, 1.0, 1.0, 1.069327731092437, 1.5, 1.121593291404612, 1.1820632638389648, 1.0, 2.0, 2.0, 1.0, 1.0, 2.0, 1.0, 1.0, 1.0, 1.0, 1.0, 1.0, 1.9580838323353293, 1.1335578002244668, 1.3243243243243243, 1.0, 1.0, 1.4705882352941178, 2.0, 2.0, 2.0, 1.0, 1.0, 1.0, 1.0, 1.026317540590897, 1.0, 1.3333333333333333, 1.1324340895156346, 1.0, 1.0, 1.0, 2.0, 1.5, 1.0, 3.0, 1.0, 1.0, 1.5714285714285714, 1.3213728549141965, 1.0594315245478036, 1.0, 1.0, 1.0, 1.012480881003365, 1.0, 1.0, 1.0, 2.789473684210526, 1.063388272557327, 1.0, 1.0, 1.3636363636363635, 1.0323159784560143, 1.0, 1.0, 1.0, 1.0, 1.0, 1.1278720868099799, 1.0, 2.0, 1.0090964220739842, 1.0, 1.0, 1.018152480839048, 2.0, 1.0190146931719966, 1.0, 1.0, 4.0, 1.3025210084033614, 1.0, 1.0, 1.0, 1.2857142857142858, 2.0, 1.0095360558647681, 1.1260846221791163, 1.0, 2.0, 6.8, 1.0, 1.6666666666666667, 1.5, 2.0, 2.0, 1.0597586604298013, 1.0, 1.0, 2.0, 2.015625, 1.5, 1.1941176470588235, 1.1221122112211221, 1.0, 1.776190476190476, 1.148936170212766, 1.6, 2.0, 3.0, 1.0, 1.0, 1.0, 1.1368421052631579, 3.0, 1.1221556886227544, 1.0, 2.0, 1.8, 2.0, 1.3655913978494623, 1.0, 1.375, 1.0, 1.0, 1.2, 1.0, 2.0, 1.0, 1.2358450404427417, 1.0168067226890756, 2.0, 1.2727272727272727, 1.3658536585365855, 2.0, 1.0333333333333334, 1.0, 1.75, 2.0, 2.0, 2.0, 1.029073482428115, 1.5, 1.0, 4.0, 1.099337748344371, 1.0023226051097311, 1.0, 1.0, 1.187731196054254, 1.0217679851340589, 1.367741935483871, 1.5, 3.0, 1.0, 1.0956274440099538, 3.4014598540145986, 2.0, 1.0, 1.0, 2.0, 1.4, 1.0, 1.4651162790697674, 1.0, 2.0, 1.0833333333333333, 3.0, 4.0, 2.0, 3.0, 1.0372219700408534, 3.2542372881355934, 1.4754098360655739, 2.0, 2.0, 4.0, 2.0, 1.0, 1.0, 1.0, 1.0, 3.0, 1.0, 2.0, 2.0, 1.1964809384164223, 1.5, 1.0899563613081498, 1.0, 1.0, 1.3125, 1.0264567983924984, 3.0, 1.5, 1.0, 1.0, 1.0, 2.0625, 1.090677966101695, 3.0, 1.0, 1.0, 1.0, 2.0, 1.0, 1.2777777777777777, 1.0, 1.0, 2.0, 1.0, 1.4158075601374571, 1.1340901028733594, 1.0, 1.0, 1.0769230769230769, 1.5357142857142858, 2.0, 1.4322916666666667, 1.0, 1.0, 1.0, 1.0, 1.0, 1.5714285714285714, 2.0, 1.0, 1.4304123711340206, 1.1125881714595767, 1.1666666666666667, 1.0, 1.087962962962963, 2.0, 2.0, 2.0, 1.5, 2.0, 1.0078451981006362, 1.3333333333333333, 1.0, 1.0, 1.1102327624066755, 1.0988448716954802, 1.0, 2.0, 2.0, 1.1947115384615385, 1.0, 1.0286252692031586, 2.5, 1.2589301581659855, 1.391304347826087, 1.0523266451180093, 1.0, 1.1074626865671642, 1.6666666666666667, 1.0, 1.0, 1.0, 1.0, 1.6, 2.0, 2.0, 1.5, 1.8064516129032258, 1.0, 2.0, 1.0, 1.125, 4.0, 1.0, 3.0, 1.0455856895556839, 1.6862745098039216, 2.0, 2.0, 1.0031266284523188, 1.046697564082852, 3.0, 1.3333333333333333, 1.0, 2.0, 2.0, 1.0, 2.0, 2.0, 1.380952380952381, 1.160261058738216, 2.0, 2.0, 1.0909090909090908, 1.5685483870967742, 1.0, 1.1189811584089324, 1.0, 1.0, 1.0, 2.0, 1.1111111111111112, 1.0, 1.0, 1.0, 1.0, 1.0, 1.0, 1.0, 1.0, 1.0, 1.0, 1.0, 2.0, 1.171129617766389, 1.0, 1.0, 1.0, 1.0, 1.0, 1.1481481481481481, 1.0, 1.0, 2.5, 1.0, 2.0, 1.0, 2.0, 1.0, 1.3415977961432506, 1.0267020023557125, 2.0, 1.2164948453608246, 1.3333333333333333, 1.1282051282051282, 1.0, 1.3109875735775016, 1.0, 3.0, 1.4692195831313621, 1.0, 1.0, 2.0, 2.0, 1.78125, 1.0, 1.0209022446264449, 1.0897360100763438, 1.0, 2.0, 1.0, 3.0, 1.0, 1.0, 1.0, 2.0, 1.0, 1.2, 2.0, 1.0, 1.0, 1.0, 1.068028846153846, 1.3333333333333333, 1.0, 1.0, 1.2, 1.0496613995485327, 1.0, 2.0, 1.0125715790166525, 1.1666666666666667, 1.2789968652037618, 1.0, 1.0, 2.0, 1.2, 2.5789473684210527, 2.0, 1.2438835770528684, 1.0, 1.0, 1.490169674117964, 2.0, 1.2891156462585034, 2.0, 1.5, 2.0, 1.322085889570552, 1.0, 1.5, 1.263157894736842, 1.0, 1.0, 1.156965469627283, 1.0, 3.0, 1.0317124735729386, 1.6666666666666667, 1.0, 1.0, 2.25, 1.2366412213740459, 1.0, 1.2467737687648144, 1.5, 2.0, 1.0, 1.0, 2.0, 1.0, 1.0, 3.0, 1.9666666666666666, 1.0, 1.1650521609538003, 1.0, 1.0035828809946077, 1.0, 2.0, 1.0, 2.0, 1.0, 1.1304347826086956, 1.2647058823529411, 1.0, 1.0, 3.0, 1.176056338028169]
origin-forest_43.39 	max: 28.3333	99th: 5.0000	95th: 3.0000	median: 1.1035	mean: 1.5135

...Done, result: results.csv

WORKLOAD-FINISHED | Type: QueryWorkload | Progress: 3/3 | Workload-time: 59.464208 | Model-update-time: 0.000000


Experiment Summary: #data-update-times=1, #drift=0 | total-time=124.028147