Input arguments = Namespace(data_update='tupleskew', update_size=100000, dataset='forest', debug=False, drift_test='js', model_update='adapt', model='naru', end2end=False, query_seed=0, random_seed=42, num_workload=3)
JSON-passed parameters = {'data_updater': {'skew_ratio': '1e-2'}, 'random_seed': 36, 'naru': {'epochs': 0}}
MODEL-PATH=/home/kangping/code_copy/SAUCE/models/end2end/naru/origin-forest-16.5MB-model62.533-data19.148-200epochs-seed0.pt
DATASET-PATH=/home/kangping/code_copy/SAUCE/data/forest/end2end/forest.npy
Workloads: ['QueryWorkload', 'DataUpdateWorkload', 'QueryWorkload']

WORKLOAD-START | Type: QueryWorkload | Progress: 1/3
Going to run: ['python', '/home/kangping/code_copy/SAUCE/Naru/eval_model.py', '--dataset=forest', '--model=naru', '--query_seed=0', '--end2end', '--eval_type=first_estimate', '--num_workload=3', '--data_update=tupleskew', '--model_update=adapt', '--random_seed=42']
Torch device: cuda:1
GET-MODEL-PATH=./models/end2end/naru/origin-forest-16.5MB-model62.533-data19.148-200epochs-seed0.pt
ckpts [PosixPath('/home/kangping/code_copy/SAUCE/models/end2end/naru/origin-forest-16.5MB-model62.533-data19.148-200epochs-seed0.pt')]
Validate Argument: DATASET="forest" is valid.
load_csv_dataset - forest (581012, 10)
Parsing... done, took 0.0s
Loading ckpt: /home/kangping/code_copy/SAUCE/models/end2end/naru/origin-forest-16.5MB-model62.533-data19.148-200epochs-seed0.pt
query_seed:0
origin-forest_43.39 	max: 31.0000	99th: 4.0000	95th: 2.6685	median: 1.0041	mean: 1.3488
ReportEsts: [1.0, 1.0139844108207245, 1.0, 1.6388888888888888, 2.6666666666666665, 1.0, 1.5238095238095237, 1.0, 1.0434782608695652, 1.0, 1.0307692307692307, 3.0, 1.0, 1.0, 2.0, 1.0179336659818021, 1.0, 1.4285714285714286, 1.2325581395348837, 1.0, 1.0, 3.0, 1.8181818181818181, 1.2, 2.2, 1.0, 1.062462164988168, 1.1818181818181819, 3.0, 1.1121794871794872, 1.0, 1.0091086532205595, 1.75, 1.0, 1.7575757575757576, 1.0072078459175233, 1.0682805710738672, 1.0, 1.2276507276507276, 1.0, 2.0, 1.0, 1.0625, 1.0, 1.1869918699186992, 1.1296296296296295, 1.0, 2.0, 1.0, 1.0, 3.0, 1.0069460067491565, 1.0, 1.0, 9.0, 1.085308056872038, 1.4585987261146496, 1.4411764705882353, 1.0, 1.0, 1.005490734385724, 2.5, 1.0, 1.182648401826484, 1.178343949044586, 1.0, 1.4617737003058104, 1.3465346534653466, 1.3333333333333333, 1.0, 2.0, 1.0, 1.263157894736842, 1.1079288196272508, 4.0, 1.5, 1.0, 1.0, 1.0, 1.0, 1.0, 2.0, 1.0005591978403394, 2.3333333333333335, 1.0, 1.0, 1.0, 1.3333333333333333, 1.057647410954804, 1.0, 4.0, 1.2826086956521738, 1.0, 1.1186531266702298, 1.0, 1.0, 1.0208555849120242, 1.2975206611570247, 1.0, 1.0, 2.0, 1.0, 1.0, 1.0, 1.0283687943262412, 1.0, 1.0, 1.0, 1.0415094339622641, 1.0, 1.0985915492957747, 1.0, 1.0, 1.1253918495297806, 1.1597633136094674, 2.0, 1.0, 2.0, 1.0, 1.0, 1.0, 2.0, 3.0, 1.0, 1.2567482736974263, 1.1428571428571428, 1.0, 1.2222222222222223, 1.0, 1.0, 1.0, 1.049001130795326, 1.0406381766381767, 2.0, 2.5, 1.0, 1.0, 2.0, 1.0412750306497753, 1.0476190476190477, 1.0184077121249897, 1.0, 1.0, 1.8, 1.0, 1.0012691877829625, 1.0, 1.0333333333333334, 1.8461538461538463, 1.0, 1.3461538461538463, 1.0, 1.0, 1.0, 1.0, 4.0, 1.0, 1.0, 1.0, 2.6666666666666665, 2.909090909090909, 1.0, 1.148171206225681, 4.0, 1.0491267861193014, 1.0, 2.0, 6.0, 1.0528109028960817, 1.0, 1.0, 1.0, 1.33, 1.7058823529411764, 1.0, 1.0, 1.301980198019802, 1.0, 1.0366919044845662, 1.0, 2.0980392156862746, 1.0, 1.0, 1.038922869171499, 1.0, 1.1558567279767666, 1.0, 1.0, 1.72, 1.0338569074048334, 1.0, 1.1226415094339623, 1.9166666666666667, 1.0, 1.0, 1.0, 1.0, 1.7777777777777777, 1.125, 1.177617101540396, 1.1740366392924826, 1.0, 1.0, 1.0, 2.0, 31.0, 1.0851063829787233, 1.0, 1.0, 1.0, 1.0, 1.0, 1.0, 1.25, 1.0, 1.0, 1.0, 1.0046511627906978, 1.0, 1.0, 1.0, 1.174474424764112, 3.0, 1.0, 1.1219512195121952, 1.0, 1.0, 1.0, 1.8101983002832862, 1.0, 1.0, 1.0, 1.8333333333333333, 2.0, 1.0769230769230769, 1.0, 3.0, 2.0, 1.0277539648521217, 1.0539234388910086, 1.0, 1.3333333333333333, 1.0, 1.012873911397198, 1.3424657534246576, 1.1428571428571428, 1.0, 1.1482649842271293, 3.3333333333333335, 1.2191780821917808, 1.0, 1.0, 1.125, 1.0, 1.0828025477707006, 1.0967573221757323, 1.1428571428571428, 1.0, 1.0972222222222223, 1.0485436893203883, 4.0, 1.0, 1.051846980160035, 1.25, 2.0, 1.0, 1.75, 1.0, 1.0, 1.0, 1.1875, 1.3333333333333333, 1.2020926756352766, 1.0, 1.0, 1.0650712341924125, 1.4444444444444444, 2.0, 1.16, 1.0, 1.5, 1.0, 1.2222222222222223, 1.0, 1.5, 1.0, 1.0, 1.0, 3.135593220338983, 1.0, 1.1111111111111112, 1.0, 1.0, 1.0, 1.0, 1.017502917152859, 1.3828125, 1.2304189435336976, 1.0987654320987654, 1.0, 1.0129032258064516, 1.0, 1.0, 3.0, 1.0, 1.0696202531645569, 1.0, 1.0, 1.0, 1.2, 2.0, 1.0, 1.0909090909090908, 1.0, 1.0, 1.0, 1.0, 1.0, 1.0, 1.0, 1.0, 1.0, 1.1670262495505215, 2.5, 1.0, 1.053420687917349, 1.0, 1.0, 1.0, 1.0, 1.337037037037037, 1.0, 3.0, 1.0, 1.6666666666666667, 1.0883720930232559, 1.0, 1.125, 1.1951219512195121, 1.0, 1.1618042226487524, 1.009009009009009, 1.0, 1.09375, 1.0, 1.1428571428571428, 10.0, 1.5, 1.0, 1.0, 1.0, 1.0, 1.0, 1.3189655172413792, 2.8181818181818183, 1.1604938271604939, 3.0, 1.0, 1.0, 1.0, 1.1304347826086956, 1.2, 1.2727272727272727, 1.4103814952861216, 1.0649890284327, 1.0293464467005076, 1.0481833616298812, 1.3358490566037735, 1.0, 1.1544715447154472, 1.0, 1.0791190864600326, 1.0384190160309563, 1.0, 1.0094855801889706, 1.0414462081128748, 1.0604073478959481, 1.0, 1.25, 1.0, 1.032258064516129, 1.0, 1.0, 1.0672645739910314, 2.4313725490196076, 1.0, 2.9310344827586206, 1.0, 1.0901591895803184, 1.0, 2.5, 1.75, 1.0, 1.0, 4.25, 1.0, 1.1954887218045114, 1.0, 1.0, 1.0, 1.0, 1.0226912303063538, 1.0, 2.0, 1.2105263157894737, 1.1103327495621715, 1.107669616519174, 1.0675787728026533, 1.3033175355450237, 1.0655077832793076, 1.0, 1.2452830188679245, 1.0, 1.0, 1.0276248384162399, 1.0456264179480717, 1.0, 2.75, 1.0, 1.0, 1.0, 1.0, 1.0, 1.0, 1.0, 1.029287598944591, 1.6666666666666667, 1.4245524296675192, 1.0, 1.0, 2.0, 1.0214285714285714, 1.0041199158485274, 1.2, 1.0352220520673814, 1.75, 1.0, 1.0, 1.0, 1.020694955261569, 2.5, 1.0, 1.0719794344473008, 1.0, 5.428571428571429, 1.0, 1.0, 1.0, 1.0249053306146227, 1.0, 1.0, 1.0, 1.1111111111111112, 1.18, 1.0302806499261448, 3.1818181818181817, 1.0, 1.0, 1.1866666666666668, 1.25, 2.0, 1.1222079589216944, 1.0, 1.3, 1.0, 1.0, 1.1, 1.0, 1.0, 3.111111111111111, 1.0399309464835247, 1.0156875227355402, 1.1118881118881119, 1.0975609756097562, 1.0, 1.0, 1.5, 1.0, 1.0327118089630356, 1.0666666666666667, 3.0, 1.5, 1.1338912133891212, 1.4946524064171123, 2.0, 1.0325438867377723, 1.2, 1.0, 1.004161763132556, 2.5, 1.0264150943396226, 1.0, 1.0, 1.0, 1.097989176434379, 1.1428571428571428, 2.0, 1.04, 1.0, 2.0, 1.0, 1.4857142857142858, 1.0, 1.2119205298013245, 1.065477302447226, 2.0, 1.5, 1.0, 1.0349854227405249, 2.0, 20.0, 1.0510204081632653, 1.0, 1.0635324505098402, 1.0952380952380953, 1.4705882352941178, 1.0, 1.2, 1.0, 1.0, 1.04136014386137, 2.0, 4.0, 1.0706671930517173, 1.2, 1.0, 1.0207276615578647, 1.0, 2.8, 1.0, 2.0, 1.0, 1.0898876404494382, 1.0, 1.0, 1.4, 1.008537205902545, 1.0789473684210527, 1.6433734939759037, 1.5714285714285714, 2.7037037037037037, 1.0, 1.4473684210526316, 1.1085899513776336, 1.0, 1.0, 1.0897435897435896, 1.1970731707317073, 2.0, 2.0, 1.6, 1.3516483516483517, 1.0, 1.9684210526315788, 1.0, 1.0075187969924813, 1.0, 4.0, 1.0001055436818913, 6.0, 1.0182766302146617, 2.0, 1.0, 3.0, 1.4166666666666667, 1.5, 2.0, 1.0075876504447934, 1.0, 1.0, 1.0, 1.0, 1.0, 1.04, 2.0, 1.776470588235294, 1.0, 1.0, 2.0, 1.0, 1.0, 1.0, 1.0, 1.0, 1.0, 1.0, 1.0, 1.0, 1.7133333333333334, 1.1904761904761905, 2.0, 1.0183333333333333, 1.0, 1.0, 1.1666666666666667, 1.0245506655008259, 1.8666666666666667, 1.0, 1.0, 1.0, 1.0, 1.0248907771854583, 1.0, 1.0, 1.0845070422535212, 1.249431387414708, 1.1702127659574468, 2.0, 1.0, 1.0, 1.0, 2.0, 2.0, 1.0, 1.0, 1.0795053003533568, 2.0, 1.0502232142857142, 1.0, 1.0, 1.0355858585858586, 1.0, 1.0, 1.0, 2.8, 1.1156476933739115, 1.0, 1.0, 1.4444444444444444, 1.1247443762781186, 1.0, 1.0, 2.0, 1.0, 1.0, 1.1419426261070467, 1.0, 2.0, 1.0603469952225295, 1.0, 1.0, 1.045767716535433, 1.0, 1.0039255413448145, 1.0, 1.0, 1.4008264462809918, 1.0029950083194676, 1.1764705882352942, 1.0317460317460319, 1.0, 1.0, 4.0, 1.1325374167315512, 1.0, 1.0, 1.0, 1.0, 1.3, 1.0, 1.0, 1.5, 1.4290521592821088, 1.0, 1.0, 1.0, 1.5, 1.0, 1.2, 1.084070796460177, 1.0, 1.0, 1.0, 1.0, 1.0, 1.0, 1.6, 1.0, 1.0, 1.0, 1.0, 1.0, 4.0, 1.155326215895611, 1.3833333333333333, 1.0, 2.0, 1.5, 1.0671785028790788, 1.0, 1.0, 1.0, 2.0, 1.0, 1.054732775273664, 1.0869565217391304, 1.9411764705882353, 1.1972949132608057, 1.0, 2.760869565217391, 1.0, 1.12, 1.0, 1.5, 1.0, 1.0, 1.0, 1.038070109310215, 4.0, 1.0, 2.0, 1.0305343511450382, 1.0040605184113918, 1.0, 1.0, 1.0840252407837927, 1.019932536031892, 1.2462686567164178, 1.5, 1.0, 1.0, 1.038479558371188, 1.0, 2.0, 1.0, 1.0, 1.5, 1.1524032825322392, 1.0, 1.0, 1.25, 1.0, 1.0, 1.0, 1.1538461538461537, 1.0, 1.0477973961120028, 1.0977443609022557, 2.0, 1.0, 1.0, 3.0, 1.0, 1.0, 1.0, 1.0, 1.0, 2.0, 1.0, 2.0, 1.5, 1.2482517482517483, 1.0, 1.0570274444576453, 1.0, 1.0, 1.3846153846153846, 1.4362235067437379, 3.0, 1.5, 1.0, 1.0, 1.0, 1.5357142857142858, 1.0263653483992468, 3.0, 1.0, 1.0, 1.0, 1.0, 1.0, 1.0550161812297734, 1.0, 1.0, 1.0, 1.0, 1.446111869031378, 1.1058970099667773, 1.0, 1.0, 1.0609756097560976, 1.56, 2.0, 1.391566265060241, 1.0, 1.0, 1.0, 1.0, 1.0, 1.3333333333333333, 2.0, 1.0, 1.3069908814589666, 1.0010061808250683, 1.2, 1.0, 1.0, 1.0, 1.0, 2.8, 1.0, 1.0, 1.0422778257118206, 1.0, 1.0, 1.03125, 1.25, 1.6363636363636365, 1.0, 1.3966346153846154, 1.0, 1.0, 1.5, 1.0, 1.037037037037037, 1.0439189189189189, 1.0, 1.5, 1.0, 3.3846153846153846, 1.0, 1.0, 1.0, 1.2727272727272727, 1.0, 1.0, 1.0, 1.0, 1.1494252873563218, 1.0, 1.0, 1.2553569164447826, 1.0104209515974223, 1.0, 1.0, 1.0, 1.030921631934253, 1.0, 1.0747126436781609, 1.0, 1.0422778257118206, 2.0, 1.0, 1.1538461538461537, 1.3333333333333333, 1.6666666666666667, 1.075258239055583, 1.0, 4.5, 1.0, 1.0, 2.5, 1.0, 1.0, 1.0, 1.6, 1.6666666666666667, 1.0, 1.0, 3.0, 1.0, 1.5, 1.0, 2.0, 1.0, 1.3333333333333333, 1.0, 1.0, 1.0, 1.0, 1.0, 1.0, 1.0, 1.0, 1.194094094094094, 2.0, 1.0, 1.0, 1.0, 1.0, 1.253968253968254, 1.5, 1.0, 1.2428285523682454, 1.0, 1.2701664532650447, 1.0, 1.0644237652111668, 1.0, 1.0465116279069768, 1.3636363636363635, 1.625, 1.0, 1.0, 1.2105263157894737, 1.0138888888888888, 1.0, 4.0, 1.4257142857142857, 1.0, 1.0, 1.0, 2.0, 1.002797615534439, 1.0, 1.8571428571428572, 1.0, 1.1, 1.0, 1.0, 1.0, 1.0, 1.0, 1.0, 1.0, 1.0, 1.5, 2.0, 1.0, 1.0, 1.0, 1.0617977528089888, 1.1136953215851149, 1.0, 1.0, 1.3333333333333333, 1.0319148936170213, 1.0, 2.0, 1.046217484686978, 1.2222222222222223, 1.25, 1.0, 1.0, 1.0, 1.5, 2.3684210526315788, 1.0, 1.2680581219553166, 1.0, 1.0, 1.474229995356756, 1.0, 1.0833333333333333, 1.0, 1.0, 1.2, 1.302491103202847, 1.0, 1.0, 1.2881355932203389, 1.0176388442483957, 1.0, 1.1666666666666667, 1.5, 1.0, 1.250637903038738, 2.0, 2.3333333333333335, 1.0, 1.1147540983606556, 1.0, 1.0292938637064446, 1.5, 1.0, 1.0, 1.0, 1.0, 1.0, 1.0, 2.0, 2.04, 1.0, 1.0247773906310491, 1.0, 1.0058017099776777, 1.0, 1.0, 1.0, 1.0, 1.0, 1.0675675675675675, 1.1570010449320793, 2.0, 1.221774193548387, 1.0, 1.4329084199932909, 1.1153846153846154, 2.0, 1.0508474576271187, 1.4036697247706422, 2.0, 1.0, 1.0, 1.0598802395209581, 1.0, 1.0, 1.0241691842900302, 2.0, 1.0]
origin-forest_43.39 	max: 31.0000	99th: 4.0000	95th: 2.6685	median: 1.0041	mean: 1.3488

...Done, result: results.csv

WORKLOAD-FINISHED | Type: QueryWorkload | Progress: 1/3 | Workload-time: 59.633394 | Model-update-time: 0.000000


WORKLOAD-START | Type: DataUpdateWorkload | Progress: 2/3
Going to run: ['python', '/home/kangping/code_copy/SAUCE/Naru/eval_model.py', '--model=naru', '--data_update=tupleskew', '--dataset=forest', '--drift_test=js', '--end2end', '--update_size=100000', '--query_seed=0', '--eval_type=drift']
Torch device: cuda:1
GET-MODEL-PATH=./models/end2end/naru/origin-forest-16.5MB-model62.533-data19.148-200epochs-seed0.pt
GET-DATASET-PATH=./data/forest/end2end/forest.npy
TupleSkewSample - START
0.01
TupleSkewSample - END
load_npy_dataset_from_path - df.shape = (681012, 10)
Parsing... done, took 0.1s
Data updated!
Previous data size: (581012, 10), new data size: (100000, 10)
[1.0430813e-05 1.7285347e-06 9.7751617e-06 4.1723251e-06 3.0696392e-05
 1.1026859e-05 5.6028366e-06 3.0517578e-05 9.8943710e-06 3.1590462e-06]
Distance score: 1.170039195130812e-05
SAUCE Drift detection: True
Detection latency: 0.0658s

DRIFT-DETECTED after 2-th workload
Going to run: ['python', '/home/kangping/code_copy/SAUCE/Naru/incremental_train.py', '--dataset=forest', '--end2end', '--model=naru', '--model_update=adapt', '--update_size=100000', '--epochs=0']
Torch device: cuda:1
GET-MODEL-PATH=./models/end2end/naru/origin-forest-16.5MB-model62.533-data19.148-200epochs-seed0.pt
update_size: 100000
AdaptTask - START
GET-DATASET-PATH=./data/forest/end2end/forest.npy
load_npy_dataset_from_path - df.shape = (681012, 10)
Parsing... done, took 0.1s
done, took 0.1s
dataset size: 681012
train data shape: torch.Size([100000, 10]), transfer data shape:torch.Size([20000, 10])
Training done; evaluating likelihood on full data:
Epoch None Iter 0, test loss 42.8135 nats / 61.7668 bits
Saved to: /home/kangping/code_copy/SAUCE/models/end2end/naru/origin-forest-16.5MB-model62.533-data19.148-200epochs-seed0.pt
AdaptTask - END

WORKLOAD-FINISHED | Type: DataUpdateWorkload | Progress: 2/3 | Workload-time: 2.267341 | Model-update-time: 4.705513


WORKLOAD-START | Type: QueryWorkload | Progress: 3/3
Going to run: ['python', '/home/kangping/code_copy/SAUCE/Naru/eval_model.py', '--dataset=forest', '--model=naru', '--end2end', '--query_seed=0', '--eval_type=estimate', '--num_workload=3', '--data_update=tupleskew', '--model_update=adapt', '--random_seed=42']
Torch device: cuda:1
GET-MODEL-PATH=./models/end2end/naru/origin-forest-16.5MB-model62.533-data19.148-200epochs-seed0.pt
ckpts [PosixPath('/home/kangping/code_copy/SAUCE/models/end2end/naru/origin-forest-16.5MB-model62.533-data19.148-200epochs-seed0.pt')]
Validate Argument: DATASET="forest" is valid.
data size: 681012, total size: 681012, split index: [567510 681012]
Parsing... done, took 0.1s
Loading ckpt: /home/kangping/code_copy/SAUCE/models/end2end/naru/origin-forest-16.5MB-model62.533-data19.148-200epochs-seed0.pt
query_seed:0
origin-forest_43.39 	max: 46.0000	99th: 22.0100	95th: 17.0000	median: 1.0284	mean: 2.7777
ReportEsts: [1.0, 1.084527518172378, 1.0, 1.697674418604651, 2.0, 1.0, 1.281767955801105, 1.0, 1.1961414790996785, 1.0, 1.1343283582089552, 21.0, 1.0, 1.0, 2.365079365079365, 1.141025641025641, 3.0, 16.0, 1.1132075471698113, 2.7, 1.0, 1.8222222222222222, 1.0, 1.0, 1.0585585585585586, 1.0, 1.0427957665304413, 2.0, 1.0, 1.7142857142857142, 2.0, 1.0, 1.0, 1.0, 1.0, 18.0, 1.0, 7.0, 1.0, 1.5, 2.0, 1.0, 1.0, 1.0, 1.171641791044776, 1.2301587301587302, 1.0, 2.0, 1.0, 1.0, 21.0, 1.0136664892845049, 1.0, 1.0, 9.0, 1.2654028436018958, 1.0400717703349283, 1.0294117647058822, 1.0, 14.0, 1.0811096034976633, 10.0, 18.0, 1.0, 1.0, 1.3423423423423424, 1.065855079971508, 1.1428571428571428, 2.0, 23.0, 15.0, 1.106060606060606, 1.220910623946037, 2.109375, 1.0, 1.2140575079872205, 1.0, 1.0, 1.0, 1.0, 21.0, 1.0, 2.0, 1.0147329953249489, 3.5, 1.048780487804878, 1.0, 1.0, 1.0, 1.1562968740625188, 1.0, 22.0, 15.0, 1.0710659898477157, 1.0526315789473684, 6.9, 1.0, 1.0, 1.0, 18.0, 1.0, 1.0, 1.0096181871174585, 1.8333333333333333, 3.0, 1.0, 1.0, 1.0, 1.0094451003541913, 1.5, 1.0, 1.0, 1.0, 1.0, 1.0, 1.0, 1.0, 1.0, 1.0, 1.0, 1.0, 1.0, 1.0, 1.0, 2.0, 3.0, 1.0, 1.0364500792393028, 1.2857142857142858, 1.0, 12.5, 1.0, 1.0, 1.0, 1.2137982379947885, 1.0521850393700787, 2.0, 3.0, 1.0, 1.0, 2.0, 1.0027303754266212, 1.0, 1.0088363387683115, 1.0, 1.0, 1.8, 1.0, 1.0059873487053366, 1.0, 1.358974358974359, 1.9696969696969697, 1.2307692307692308, 1.9090909090909092, 1.0, 1.0, 1.0, 1.0, 2.0, 1.0, 1.0, 1.0, 3.3333333333333335, 2.4615384615384617, 1.0, 1.1799367634377695, 4.0, 1.0758423668453803, 1.0, 1.3333333333333333, 1.0, 1.1628614916286149, 1.0, 1.0, 3.0, 1.0, 1.025691594264698, 1.0939289805269188, 1.0, 1.0108440469536053, 11.5, 1.3370143149284253, 1.0, 3.0, 1.0, 1.0, 1.0, 3.0, 1.0, 1.0980487018222866, 1.0, 1.0, 1.044871794871795, 1.0120157040169826, 1.0, 1.168, 1.0104940272039034, 2.0, 2.7358490566037736, 4.8, 1.0415675297410776, 1.0, 1.0, 22.0, 1.0, 5.428571428571429, 1.0, 1.0, 1.0, 2.0, 1.1944444444444444, 2.3333333333333335, 3.142857142857143, 2.3, 1.0, 19.0, 1.3484848484848484, 1.0, 1.0, 1.0, 1.0, 25.0, 21.0, 1.0, 1.6666666666666667, 1.5555555555555556, 1.0, 1.0, 1.1454509177972865, 1.0702295306611853, 1.3703703703703705, 1.0, 1.0614318706697459, 1.0, 1.95, 1.0, 1.0, 1.5714285714285714, 6.666666666666667, 1.7333333333333334, 1.0, 3.0, 1.5, 1.0231493258712796, 1.0059501142421934, 1.0, 1.0, 21.5, 1.0, 2.0, 15.0, 1.0, 1.0615796519410978, 1.25, 1.2740740740740741, 17.0, 1.0, 1.2746113989637307, 1.0, 1.1173184357541899, 1.1945124938755511, 2.7857142857142856, 1.0, 1.3987473903966596, 1.0533333333333332, 2.0, 1.0, 1.0258800151400453, 1.0666666666666667, 2.0, 1.0, 2.125, 1.0, 1.0, 1.0, 1.1515151515151516, 1.3333333333333333, 1.3595952294904228, 1.2452454265531607, 1.0, 1.0379746835443038, 1.0, 1.4109589041095891, 1.0394736842105263, 1.0, 1.0, 1.5, 1.0345572354211663, 1.3211009174311927, 1.0081861132334367, 1.5, 1.4945054945054945, 1.0, 2.142857142857143, 2.2448979591836733, 1.0, 1.2074829931972788, 14.0, 1.6687898089171975, 1.0, 1.0, 1.6842105263157894, 9.25, 1.0, 1.0, 1.3089430894308942, 1.0, 3.0, 1.0, 1.0, 1.3846153846153846, 1.0, 1.3333333333333333, 1.0, 1.0, 1.3653846153846154, 2.0, 1.0, 1.0833333333333333, 18.0, 1.0, 1.0, 1.0, 1.0, 1.0, 1.0588235294117647, 1.0, 1.0, 1.0936492585428756, 2.5, 1.0, 1.1386996188936367, 22.0, 1.0, 1.0, 1.0, 1.6435452793834298, 1.0, 3.0, 5.333333333333333, 1.0, 1.3458333333333334, 1.0943396226415094, 1.3409090909090908, 1.2282608695652173, 2.0, 1.2909642616318273, 1.2053571428571428, 1.0, 1.0, 5.25, 1.0, 10.0, 11.0, 1.0, 20.0, 1.0, 1.0, 1.0, 1.5, 1.3636363636363635, 1.1428571428571428, 22.0, 1.0, 16.0, 1.3877551020408163, 1.42, 1.0175003014847237, 3.0, 1.0186871382871274, 1.1547619047619047, 1.0054508828060196, 2.769230769230769, 1.3445945945945945, 21.0, 1.4063400576368876, 1.0, 2.3636363636363638, 1.0047018577323699, 1.0, 1.007292559082266, 1.0785176034589252, 1.0175226364602807, 1.0, 1.25, 1.0, 1.0722222222222222, 17.0, 2.0, 2.0, 1.0792996910401649, 20.0, 2.466666666666667, 1.0, 1.0, 1.105263157894737, 1.5, 1.75, 1.0, 1.0, 11.75, 1.0, 1.1628092577813247, 1.0, 1.0, 1.0, 1.0, 1.0062090290661718, 1.0, 3.2, 2.4305386796273796, 1.0, 1.1666666666666667, 1.0, 1.0, 1.015437477938581, 1.1237113402061856, 1.3541666666666667, 1.0, 1.0, 1.0142542068289495, 1.0558356712640522, 1.0, 2.2, 17.0, 2.0, 1.0, 1.2156862745098038, 1.0088362617774382, 1.0, 1.5769993390614674, 2.923076923076923, 1.0, 1.0, 1.0555555555555556, 1.8, 21.0, 2.0, 1.0012019230769231, 1.0273948324535085, 1.4, 1.0984952120383038, 3.05, 1.0, 1.0, 1.0, 1.0412263659195375, 3.0, 1.0, 1.0135814889336017, 18.0, 1.0, 1.1855670103092784, 1.0, 1.0, 1.1140939597315436, 2.3333333333333335, 1.2352941176470589, 1.3653846153846154, 1.0979462875197472, 1.0, 18.0, 2.0, 1.0, 1.0, 1.0101926211165437, 1.0, 1.0, 1.0343716433941998, 1.10431654676259, 1.0, 1.0, 1.0, 1.0, 1.4396551724137931, 26.0, 1.5633303808680248, 1.0319845503034761, 1.0, 2.0, 1.185483870967742, 1.0, 1.0, 1.0, 1.8421052631578947, 1.0, 1.0, 1.0, 1.4444444444444444, 1.105263157894737, 1.0928954925708578, 1.0, 2.1481481481481484, 1.0, 1.275, 1.0, 2.0, 1.0, 1.0, 1.0, 1.069742001169768, 1.2142857142857142, 2.0, 1.32, 1.0, 14.0, 15.0, 1.8333333333333333, 1.0, 1.100558659217877, 1.0272699101332508, 2.0, 1.5, 1.0, 1.0, 19.0, 20.0, 1.0, 1.0, 1.0045570091140181, 2.4304347826086956, 2.15, 1.0, 19.0, 1.0, 1.0, 1.0, 19.0, 1.1587878787878787, 1.7692307692307692, 2.1666666666666665, 2.0, 1.0, 1.0762517225539734, 1.0, 18.0, 2.5, 22.0, 1.0083333333333333, 20.0, 1.0, 1.118081180811808, 2.0, 1.006082917689283, 1.0, 1.0, 1.2279676258992807, 1.0, 1.0, 1.2442748091603053, 2.727272727272727, 21.0, 1.3076923076923077, 1.2688320663441603, 2.0, 2.0, 1.3333333333333333, 1.5833333333333333, 1.0, 2.2644628099173554, 1.0, 1.0234215885947047, 1.0, 5.8, 1.4011107682813946, 1.8, 1.0497859661240192, 1.1111111111111112, 1.0, 1.5, 1.8571428571428572, 1.0, 1.5686274509803921, 1.5, 1.1724137931034482, 1.0559914407988589, 1.0, 1.0, 1.0, 1.0064102564102564, 1.5, 1.0471163748712666, 1.2290748898678414, 1.0, 19.0, 2.0, 1.0, 1.0, 1.0, 1.0, 1.0, 1.0, 1.0, 1.0, 1.0, 1.7297297297297298, 1.0274863324415493, 1.5864811133200796, 1.0, 1.0, 1.1764705882352942, 1.0, 16.0, 23.0, 1.0, 1.0, 1.0, 1.0, 1.0248582940654238, 1.0, 16.0, 1.109982068141064, 1.0, 1.0, 1.0, 1.0, 1.5, 17.0, 1.0, 1.0, 1.0, 5.8, 2.1578947368421053, 1.0611522368844544, 1.0, 1.0, 1.0, 1.0014821106642628, 20.0, 1.0, 1.0, 2.0, 1.0404047590813865, 1.0, 1.0, 1.1818181818181819, 1.1158432708688246, 1.0, 1.0, 1.0, 1.0, 1.0, 1.2077031159599967, 1.0, 2.0, 1.0645092156022289, 1.0, 1.0, 1.0109233305853256, 1.0, 1.0046351191117817, 1.0, 1.0, 21.0, 1.287648054145516, 1.0, 1.0, 1.0, 1.1428571428571428, 1.0, 1.0165276824579053, 1.1952254934391884, 1.0, 17.0, 3.5555555555555554, 1.0, 1.1666666666666667, 1.6, 1.0, 1.0, 1.054891710231516, 1.0, 1.0, 10.0, 1.4521739130434783, 1.2736842105263158, 1.1639344262295082, 1.0232945091514143, 1.0, 1.7453703703703705, 1.25, 2.25, 18.0, 2.0, 1.0, 1.0, 1.0, 1.2962962962962963, 1.0, 1.0841865756541524, 1.0, 14.0, 1.75, 24.0, 3.8333333333333335, 1.0, 5.4, 1.0, 1.0, 1.4776119402985075, 1.0, 1.0, 1.0, 1.0128161888701517, 1.202020202020202, 2.0, 1.5555555555555556, 1.1568627450980393, 1.0, 1.375, 1.0, 1.5, 12.0, 1.0, 20.0, 1.0713564456411981, 3.5555555555555554, 1.0, 4.0, 1.1555555555555554, 1.0257514884553947, 1.0, 1.0, 1.0984826796450042, 1.01900108577633, 1.544776119402985, 1.5, 24.0, 1.0, 1.0625524769101595, 1.118081180811808, 2.75, 1.0, 1.0, 6.0, 1.1000913480360173, 1.0, 3.303030303030303, 1.0, 1.0, 1.4444444444444444, 17.0, 3.0, 2.0, 1.0, 1.0249377799900448, 3.2203389830508473, 1.2863070539419088, 1.0, 1.0, 3.0, 13.0, 1.0, 1.0, 1.0, 1.0, 3.0, 1.0, 2.0, 1.5, 1.1104815864022664, 1.0, 1.026817539848006, 1.0, 1.0, 1.2, 1.136128836219994, 3.0, 1.5, 1.0, 1.0, 1.0, 2.0714285714285716, 1.4712389380530972, 1.5, 1.0, 1.0, 1.0, 1.0, 1.0, 1.3333333333333333, 1.0, 1.0, 27.0, 1.0, 1.3881118881118881, 1.1613627854736055, 1.0, 1.0, 1.0634920634920635, 1.72, 2.0, 1.451086956521739, 1.0, 1.0, 1.0, 1.0, 1.0, 1.2307692307692308, 2.0, 1.0, 1.3608247422680413, 1.2879048662181192, 1.0, 1.0, 1.3225806451612903, 1.0, 1.1666666666666667, 1.0, 1.5, 1.0, 1.0691412654827048, 1.8888888888888888, 1.0, 1.0, 1.0818869603916332, 1.0812043795620438, 1.0, 1.5, 21.0, 1.1203703703703705, 1.0, 1.0447022845835583, 3.022727272727273, 1.1735238423136511, 1.1547619047619047, 1.0331005162465836, 1.0, 1.1735668789808917, 1.6666666666666667, 16.0, 1.0, 1.0, 1.0, 1.2727272727272727, 20.0, 15.0, 1.0, 19.0, 1.0, 1.0, 1.0, 2.80327868852459, 3.0, 1.0, 12.0, 1.0011376564277588, 1.7692307692307692, 1.0, 3.0, 1.2298776561493883, 1.0388341318249932, 1.0, 1.3333333333333333, 1.0, 1.0, 1.0, 1.0, 1.8, 1.0, 1.5222222222222221, 1.223042836041359, 15.0, 1.0, 1.25, 1.2059701492537314, 1.0, 1.125, 1.0, 1.0, 1.0, 17.0, 1.0515873015873016, 1.0, 1.0, 1.0, 1.0, 1.0, 1.0, 1.0, 1.0, 1.0, 1.0, 1.0, 1.0, 1.1416659539895664, 1.0, 1.0, 1.0, 1.0, 1.0, 1.32, 1.0, 1.0, 2.5, 1.0, 1.0, 1.0, 2.0, 1.0, 1.1904761904761905, 1.0092532088681447, 14.0, 1.026258205689278, 2.0, 1.1153846153846154, 1.0, 1.0939363817097416, 1.0, 2.0, 1.4281636536631779, 1.0, 1.0, 15.0, 46.0, 5.666666666666667, 1.0, 1.0092324227712968, 1.007973996819755, 1.0621468926553672, 25.0, 1.0, 5.666666666666667, 1.0, 1.0, 1.0, 22.0, 1.0, 1.2, 2.0, 1.0, 1.0, 1.0, 1.0895741556534508, 1.0712353471596032, 1.0, 1.0, 1.1428571428571428, 1.0717592592592593, 1.0, 2.0, 1.0594117076012037, 1.1666666666666667, 1.4533762057877813, 1.0, 1.0, 1.0, 1.2, 1.1842105263157894, 2.0, 1.2486862661553757, 1.0, 1.0, 1.5005411255411256, 34.0, 1.2153846153846153, 10.0, 1.5, 2.0, 1.4590747330960854, 1.0, 1.5, 1.1629213483146068, 1.0, 1.0, 1.0171864130244384, 1.0, 2.0, 1.0021413276231264, 2.8, 1.0, 1.0, 2.25, 1.6236842105263158, 1.0, 1.2872872872872874, 1.5, 1.0, 1.0, 1.0, 1.0, 1.0, 1.0, 2.0, 2.1333333333333333, 1.0, 1.0750086415485656, 1.0, 1.0041913480524143, 1.0, 1.0, 1.0, 1.0, 1.0, 16.0, 1.0588235294117647, 1.0, 1.0, 2.0, 1.2531120331950207]
origin-forest_43.39 	max: 46.0000	99th: 22.0100	95th: 17.0000	median: 1.0284	mean: 2.7777

...Done, result: results.csv

WORKLOAD-FINISHED | Type: QueryWorkload | Progress: 3/3 | Workload-time: 59.057162 | Model-update-time: 0.000000


Experiment Summary: #data-update-times=1, #drift=1 | total-time=125.835193