Input arguments = Namespace(data_update='valueskew', update_size=100000, dataset='forest', debug=False, drift_test='js', model_update='adapt', model='naru', end2end=False, query_seed=0, random_seed=42, num_workload=3)
JSON-passed parameters = {'data_updater': {'skew_ratio': '1e-2'}, 'random_seed': 37, 'naru': {'epochs': 0}}
MODEL-PATH=/home/kangping/code_copy/SAUCE/models/end2end/naru/origin-forest-16.5MB-model62.533-data19.148-200epochs-seed0.pt
DATASET-PATH=/home/kangping/code_copy/SAUCE/data/forest/end2end/forest.npy
Workloads: ['QueryWorkload', 'DataUpdateWorkload', 'QueryWorkload']

WORKLOAD-START | Type: QueryWorkload | Progress: 1/3
Going to run: ['python', '/home/kangping/code_copy/SAUCE/Naru/eval_model.py', '--dataset=forest', '--model=naru', '--query_seed=0', '--end2end', '--eval_type=first_estimate', '--num_workload=3', '--data_update=valueskew', '--model_update=adapt', '--random_seed=42']
Torch device: cuda:1
GET-MODEL-PATH=./models/end2end/naru/origin-forest-16.5MB-model62.533-data19.148-200epochs-seed0.pt
ckpts [PosixPath('/home/kangping/code_copy/SAUCE/models/end2end/naru/origin-forest-16.5MB-model62.533-data19.148-200epochs-seed0.pt')]
Validate Argument: DATASET="forest" is valid.
load_csv_dataset - forest (581012, 10)
Parsing... done, took 0.0s
Loading ckpt: /home/kangping/code_copy/SAUCE/models/end2end/naru/origin-forest-16.5MB-model62.533-data19.148-200epochs-seed0.pt
query_seed:0
origin-forest_43.39 	max: 31.0000	99th: 4.0000	95th: 2.4721	median: 1.0039	mean: 1.3204
ReportEsts: [1.0, 1.021252543522496, 1.0, 1.6857142857142857, 2.6666666666666665, 1.0, 1.1636363636363636, 1.0, 1.6666666666666667, 1.0, 1.0, 3.0, 1.0, 1.0, 3.0, 1.0059583211036103, 1.0, 1.4285714285714286, 1.2075471698113207, 1.0, 1.0, 3.0, 1.5384615384615385, 1.4, 2.2, 1.0, 1.039493875353345, 1.3, 3.0, 1.1325648414985592, 1.0, 1.0051847051198963, 2.3333333333333335, 1.0, 1.7313432835820894, 1.0233959588798298, 1.0244047619047618, 1.0, 1.1881496881496882, 1.0, 2.0, 1.0, 1.4166666666666667, 1.0, 1.5121951219512195, 1.161904761904762, 1.0, 2.0, 1.0, 1.0, 3.0, 1.0317414263331979, 1.0, 1.0, 3.0, 1.080568720379147, 1.039301310043668, 1.1764705882352942, 1.0, 1.0, 1.068259385665529, 1.0, 1.0, 1.1488584474885846, 1.1464968152866242, 1.0, 1.0482456140350878, 1.504950495049505, 1.4497991967871486, 1.0, 2.0, 1.0, 1.2121212121212122, 1.1541539433505317, 2.0, 1.5, 1.0, 1.0, 1.0, 1.0, 1.0, 2.0, 1.0044710825030354, 2.3333333333333335, 1.1304347826086956, 1.0, 1.0, 1.3333333333333333, 1.117316567453682, 1.0, 4.0, 1.108695652173913, 1.0, 1.181079789775442, 1.0, 1.0, 1.0282543457335371, 1.1004672897196262, 1.0, 1.0, 1.0, 1.0, 1.0, 1.0, 1.0507246376811594, 1.0, 1.0, 1.0, 1.0739299610894941, 1.0, 1.0070422535211268, 1.0, 1.0, 1.2775800711743772, 1.0208333333333333, 2.0, 1.0, 2.0, 1.0, 1.0, 1.0, 2.0, 3.0, 1.0, 1.0191938579654511, 1.0, 1.0, 1.2222222222222223, 1.0, 1.0, 1.0, 1.14322881007805, 1.083483626008543, 2.0, 2.25, 1.0, 1.0, 2.0, 1.0702901512055578, 1.0, 1.010450427989695, 1.0, 1.0, 1.2, 1.0, 1.0116063672134499, 1.0, 1.0666666666666667, 1.7777777777777777, 1.1538461538461537, 1.3461538461538463, 1.0, 1.0, 1.0, 1.0, 4.0, 1.0, 1.0, 1.0, 2.6666666666666665, 2.909090909090909, 1.0, 1.137431906614786, 4.0, 1.0327965525062373, 1.0, 2.0, 8.0, 1.1360294117647058, 1.0, 1.0, 1.0, 1.303921568627451, 1.7058823529411764, 1.0, 1.0, 1.2955665024630543, 1.0, 1.405056179775281, 1.0, 1.1263157894736842, 1.0, 1.0, 1.0183811263801732, 1.0, 1.165105386416862, 1.0, 1.0, 2.15, 1.0479554763845698, 1.0, 1.017094017094017, 1.9166666666666667, 1.0, 1.0, 1.0, 1.0, 1.8194444444444444, 1.0, 1.1595728215446526, 1.1231838281743525, 1.0, 1.0, 1.0, 2.0, 31.0, 1.1702127659574468, 1.0, 1.0, 1.0, 1.0, 1.0588235294117647, 1.0, 1.0, 1.0, 1.0, 1.0, 1.0141509433962264, 1.0, 1.0, 1.0, 1.1499751696738951, 3.0, 1.0, 1.3043478260869565, 1.0, 1.118881118881119, 1.0, 1.050078247261346, 1.0, 1.0, 1.0, 1.8333333333333333, 2.0, 1.0833333333333333, 1.0, 3.0, 2.0, 1.0261203154612704, 1.0389164441053034, 1.0, 1.0, 1.0, 1.0224545102593883, 1.1168091168091168, 1.1428571428571428, 1.0, 1.123456790123457, 2.5, 1.1840753424657535, 1.0, 1.0, 1.1595092024539877, 1.0, 1.0119047619047619, 1.0950391644908617, 1.4, 1.0, 1.1023255813953488, 1.0412621359223302, 4.0, 1.0, 1.0701523621615696, 1.25, 2.0, 1.0, 1.875, 1.0, 1.0, 1.0, 1.4074074074074074, 1.3333333333333333, 1.1761603375527425, 2.0, 1.0, 1.0219305266527934, 1.125, 2.0, 1.2, 1.0, 1.5, 1.0, 1.125, 1.0, 1.0, 1.0, 1.0, 1.0, 1.572972972972973, 1.0, 1.4285714285714286, 1.0, 1.0, 1.0, 1.0, 1.3185530921820303, 1.5084745762711864, 1.1028571428571428, 1.0, 1.0, 1.0963748894783378, 1.0, 1.0, 3.0, 1.0, 1.111842105263158, 1.0, 1.0, 1.0, 1.173913043478261, 2.0, 1.0, 1.0, 1.0, 1.0, 1.0, 1.0, 1.0, 1.0, 1.2857142857142858, 1.0, 1.0, 1.0037899296155928, 2.5, 1.0, 1.0547495900088306, 1.0, 1.0, 1.0, 1.0, 1.3644444444444443, 1.0, 3.0, 1.0, 1.6666666666666667, 1.344186046511628, 2.0, 1.1363636363636365, 1.3170731707317074, 1.0, 1.1919385796545106, 1.15625, 1.0, 1.2962962962962963, 1.0, 1.1428571428571428, 10.0, 1.5, 1.0, 1.0, 1.0, 1.0, 1.0, 1.2758620689655173, 1.9090909090909092, 1.0493827160493827, 3.0, 1.0, 1.0, 1.0, 1.4110671936758894, 1.2, 1.0727272727272728, 1.4080793685595263, 1.060582108982704, 1.0283946700507614, 1.0486462615076264, 1.260377358490566, 1.0, 1.607981220657277, 2.0, 1.1224547511312217, 1.0231904991173166, 1.0, 1.0141803188430623, 1.03020993343574, 1.11569027663178, 1.0, 1.25, 2.0, 1.019108280254777, 1.0, 1.0, 1.0818181818181818, 2.0, 1.0, 5.0, 1.0, 1.0009292446568432, 1.0, 2.0, 1.5555555555555556, 1.0, 1.0, 4.25, 1.0, 1.1988689915174364, 1.0, 1.0, 1.0, 1.0, 1.003724529723776, 1.0, 2.0, 1.220159151193634, 1.848396501457726, 1.0309734513274336, 1.053735255570118, 1.3221153846153846, 1.0660421045132333, 1.0147492625368733, 1.2222222222222223, 1.0, 1.0, 1.0259302631264489, 1.0394160918486606, 1.0, 3.6666666666666665, 1.0, 1.0, 1.0, 1.0, 1.0, 1.0, 1.0, 1.0290160907412291, 1.6666666666666667, 1.3452685421994885, 1.0, 1.0, 2.0, 1.006993006993007, 1.008451448190862, 1.2, 1.0505359877488514, 1.6470588235294117, 1.0, 1.0, 1.0, 1.104600098808805, 2.5, 1.0, 1.125506072874494, 1.0, 2.923076923076923, 1.0, 1.0, 1.0, 1.0246722982813865, 1.0, 1.0, 1.5, 1.1111111111111112, 1.28, 1.0251107828655834, 3.1818181818181817, 1.0, 1.0, 1.2166666666666666, 1.25, 2.0, 1.093196405648267, 1.0, 1.4444444444444444, 1.0, 1.0, 1.1, 1.0, 1.0, 1.1111111111111112, 1.0076363636363637, 1.0084348854128775, 1.0192307692307692, 1.0975609756097562, 1.0, 1.0, 1.0909090909090908, 1.0, 1.1059862610402356, 1.3333333333333333, 3.0, 1.5, 1.1070110701107012, 1.4705882352941178, 1.0, 1.012851272062142, 1.2, 1.0, 1.0054525977504016, 2.5, 1.0398687448728465, 1.0, 1.0, 1.0, 1.0784836748826592, 1.0714285714285714, 2.0, 1.2, 1.0, 2.0, 1.0, 1.793103448275862, 1.0, 1.1788079470198676, 1.0545863650974547, 2.0, 1.5, 1.0, 1.0131195335276968, 2.0, 1.25, 1.0510204081632653, 1.0, 1.0007436427612726, 1.721311475409836, 1.3888888888888888, 1.0, 1.2, 1.0, 2.0, 1.0171267043565015, 2.0, 4.0, 1.0119402985074626, 1.6, 1.0, 1.0312837606995449, 1.0, 2.0, 1.0, 2.0, 1.0, 1.0636704119850187, 1.0, 2.0, 1.4, 1.0038588931408174, 1.0526315789473684, 2.1373493975903615, 1.2941176470588236, 2.7037037037037037, 2.0, 1.8157894736842106, 1.1085899513776336, 1.0, 1.0, 1.0512820512820513, 1.2029411764705882, 2.4, 2.0, 1.6, 1.3516483516483517, 1.0, 1.9893617021276595, 1.0, 1.037313432835821, 1.0, 3.0, 1.0048363151595947, 6.0, 1.029383980510118, 2.8, 1.0, 3.0, 1.4166666666666667, 1.0, 2.0, 1.0036764705882353, 1.0, 1.0, 1.0, 1.0, 1.0, 1.0196078431372548, 2.0, 2.7419354838709675, 1.0, 1.0, 2.0, 1.0, 1.0, 1.0, 1.0, 1.0, 1.5, 1.0, 1.0, 1.0, 1.1933333333333334, 1.7241379310344827, 2.0, 1.0383333333333333, 1.0, 1.0, 1.1666666666666667, 1.0275624210628582, 1.4736842105263157, 1.0, 1.0, 1.0, 1.0, 1.0031286664059444, 1.0, 1.0, 1.028135431568908, 1.0909842845326716, 1.1063829787234043, 2.0, 1.0, 1.0, 1.0, 1.125, 2.0, 1.0, 1.0, 1.2863157894736843, 2.0, 1.060879368658399, 1.0, 1.0, 1.0284141414141414, 1.0, 1.0, 1.0, 2.4705882352941178, 1.037134213524062, 1.0, 1.0, 1.4444444444444444, 1.1038374717832957, 1.0, 1.0, 2.0, 1.0, 1.0, 1.22006160954948, 1.0, 2.0, 1.0474416294088424, 1.0, 1.0, 1.072149344096872, 1.0, 1.0077244523236673, 1.0, 1.0, 1.012396694214876, 1.0096505823627289, 4.4, 1.0483870967741935, 1.0, 1.0, 4.0, 1.1176470588235294, 1.0, 1.0, 1.0, 1.0, 1.1, 1.0, 1.0, 1.5, 1.0031397174254317, 1.0, 1.0, 1.0, 1.5, 1.0, 1.125, 1.0707964601769913, 1.0, 1.0, 1.0, 1.0, 1.0, 1.0, 1.4, 1.0, 1.0, 1.0, 1.0, 1.0, 4.0, 1.13791221826809, 1.0407523510971788, 1.0, 2.0, 1.5, 1.098814229249012, 1.0, 1.0, 1.0, 2.0, 1.0, 1.059851180847622, 1.0978260869565217, 1.8333333333333333, 1.1047205642973412, 1.0, 1.0222222222222221, 1.0, 1.08, 1.0, 2.0, 1.0, 1.0, 1.0, 1.0207561156412157, 4.0, 1.0, 1.0, 1.0384615384615385, 1.0151852263878074, 1.0, 1.0, 1.1075670173057346, 1.0214658080343453, 1.2686567164179106, 1.8, 1.0, 1.0, 1.0820720702369069, 1.0, 2.0, 1.0, 1.0, 1.5, 1.0574443141852286, 1.0, 1.0, 1.0, 1.0, 1.0, 1.0, 1.25, 1.0, 1.2437888198757765, 1.0834004834810635, 2.0, 1.0, 1.0, 3.0, 1.0, 1.0, 1.0, 1.0, 1.0, 2.0, 1.0, 2.0, 1.5, 1.186046511627907, 1.0, 1.0340184547146647, 1.0, 1.0, 1.0, 1.0038684719535784, 3.0, 1.5, 1.0, 1.0, 1.0, 2.4642857142857144, 1.1422018348623852, 3.0, 1.0, 1.0, 1.0, 1.0, 1.0, 1.034920634920635, 1.0, 1.0, 1.0, 1.0, 1.4171122994652405, 1.0892857142857142, 1.0, 1.0, 1.0943396226415094, 1.44, 2.0, 1.4939759036144578, 1.0, 1.0, 1.0, 1.0, 1.0, 1.2307692307692308, 2.0, 1.0, 1.331306990881459, 1.0751005169442849, 1.2, 1.0, 1.0, 1.0, 1.0, 2.4, 1.0, 1.0, 1.1365894039735098, 1.0, 1.0, 1.2424242424242424, 2.0, 1.1666666666666667, 1.0, 1.0921052631578947, 1.0, 1.0, 3.0, 1.0, 1.0384615384615385, 1.0135135135135136, 1.0, 1.605263157894737, 1.0, 3.6666666666666665, 1.0, 1.0, 1.5, 1.75, 1.0, 1.0, 1.0, 1.0, 1.1904761904761905, 1.0, 1.0, 1.2288576137948524, 1.0100054824561404, 1.0, 1.0, 1.0, 1.0803639565600234, 1.0, 1.1550802139037433, 1.0, 1.056514236410699, 2.0, 1.0, 1.3076923076923077, 2.0, 1.6666666666666667, 1.0772257747171667, 1.0, 3.2142857142857144, 1.0, 1.5, 2.5, 1.0, 1.0, 1.0, 1.6, 1.25, 1.0, 1.0, 1.5, 1.0, 1.1428571428571428, 1.0, 1.3333333333333333, 1.0, 1.3333333333333333, 1.0, 1.0, 1.0, 1.0, 1.0, 1.0, 1.0, 1.0, 1.1678678678678678, 1.0, 1.0, 1.0, 1.0, 1.0, 1.2222222222222223, 1.5, 1.0, 1.3064516129032258, 1.0, 1.3132735808792146, 1.0, 1.0508833922261485, 1.0, 1.0238095238095237, 1.25, 1.625, 1.0, 1.0, 1.3157894736842106, 1.0691619202603744, 1.0, 2.0, 1.4897142857142858, 1.0, 1.0, 1.0, 2.0, 1.0457416042023255, 1.0, 1.8571428571428572, 1.0, 1.0185185185185186, 1.0, 1.0, 1.0, 1.0, 1.0, 1.0, 1.0, 1.0, 1.5, 2.0, 1.0, 1.0, 1.0, 1.0620786516853933, 1.0694537453362671, 1.0, 1.0, 1.4545454545454546, 1.050531914893617, 1.0, 2.0, 1.03697863281558, 1.2, 1.6992753623188406, 1.0, 1.0, 1.0, 1.5, 2.0454545454545454, 1.0, 1.242746018026917, 1.0, 1.0, 1.4983482774893817, 1.0, 1.5833333333333333, 1.0, 1.0, 1.2, 1.3487544483985765, 1.0, 1.0, 2.111111111111111, 1.014731642086301, 1.0, 1.2727272727272727, 2.0, 1.0, 1.0459290187891441, 2.0, 1.75, 1.0, 1.3785310734463276, 1.0, 1.0144927536231885, 1.5, 1.0, 1.0, 1.0, 1.0, 1.0, 1.0, 2.0, 1.9615384615384615, 1.0, 1.017755950132225, 1.0, 1.0180758203928506, 1.0, 1.0, 1.0, 1.0, 1.0, 1.0675675675675675, 1.1618572927597062, 2.0, 1.1443548387096774, 1.0, 1.437973405150648, 1.16, 2.0, 1.0254237288135593, 1.3783783783783783, 2.0, 1.0, 1.0, 1.0482233502538072, 1.0, 1.0, 1.0119402985074626, 1.0, 1.0]
origin-forest_43.39 	max: 31.0000	99th: 4.0000	95th: 2.4721	median: 1.0039	mean: 1.3204

...Done, result: results.csv

WORKLOAD-FINISHED | Type: QueryWorkload | Progress: 1/3 | Workload-time: 59.161284 | Model-update-time: 0.000000


WORKLOAD-START | Type: DataUpdateWorkload | Progress: 2/3
Going to run: ['python', '/home/kangping/code_copy/SAUCE/Naru/eval_model.py', '--model=naru', '--data_update=valueskew', '--dataset=forest', '--drift_test=js', '--end2end', '--update_size=100000', '--query_seed=0', '--eval_type=drift']
Torch device: cuda:1
GET-MODEL-PATH=./models/end2end/naru/origin-forest-16.5MB-model62.533-data19.148-200epochs-seed0.pt
GET-DATASET-PATH=./data/forest/end2end/forest.npy
ValueSample - START
ValueSample - END
load_npy_dataset_from_path - df.shape = (681012, 10)
Parsing... done, took 0.1s
Data updated!
Previous data size: (581012, 10), new data size: (100000, 10)
[1.1920929e-07 1.1920929e-07 1.1920929e-07 5.3644180e-07 6.5565109e-07
 1.9274354e-02 5.9604645e-08 1.3113022e-06 1.1920929e-07 5.3644180e-07]
Distance score: 0.001927793025970459
SAUCE Drift detection: True
Detection latency: 0.0662s

DRIFT-DETECTED after 2-th workload
Going to run: ['python', '/home/kangping/code_copy/SAUCE/Naru/incremental_train.py', '--dataset=forest', '--end2end', '--model=naru', '--model_update=adapt', '--update_size=100000', '--epochs=0']
Torch device: cuda:1
GET-MODEL-PATH=./models/end2end/naru/origin-forest-16.5MB-model62.533-data19.148-200epochs-seed0.pt
update_size: 100000
AdaptTask - START
GET-DATASET-PATH=./data/forest/end2end/forest.npy
load_npy_dataset_from_path - df.shape = (681012, 10)
Parsing... done, took 0.1s
done, took 0.1s
dataset size: 681012
train data shape: torch.Size([100000, 10]), transfer data shape:torch.Size([20000, 10])
Training done; evaluating likelihood on full data:
Epoch None Iter 0, test loss 41.7439 nats / 60.2237 bits
Saved to: /home/kangping/code_copy/SAUCE/models/end2end/naru/origin-forest-16.5MB-model62.533-data19.148-200epochs-seed0.pt
AdaptTask - END

WORKLOAD-FINISHED | Type: DataUpdateWorkload | Progress: 2/3 | Workload-time: 2.344710 | Model-update-time: 4.756870


WORKLOAD-START | Type: QueryWorkload | Progress: 3/3
Going to run: ['python', '/home/kangping/code_copy/SAUCE/Naru/eval_model.py', '--dataset=forest', '--model=naru', '--end2end', '--query_seed=0', '--eval_type=estimate', '--num_workload=3', '--data_update=valueskew', '--model_update=adapt', '--random_seed=42']
Torch device: cuda:1
GET-MODEL-PATH=./models/end2end/naru/origin-forest-16.5MB-model62.533-data19.148-200epochs-seed0.pt
ckpts [PosixPath('/home/kangping/code_copy/SAUCE/models/end2end/naru/origin-forest-16.5MB-model62.533-data19.148-200epochs-seed0.pt')]
Validate Argument: DATASET="forest" is valid.
data size: 681012, total size: 681012, split index: [567510 681012]
Parsing... done, took 0.1s
Loading ckpt: /home/kangping/code_copy/SAUCE/models/end2end/naru/origin-forest-16.5MB-model62.533-data19.148-200epochs-seed0.pt
query_seed:0
origin-forest_43.39 	max: 217.1000	99th: 19.0200	95th: 3.7867	median: 1.0569	mean: 2.6667
ReportEsts: [1.0, 1.0365429234338748, 2.0, 1.475, 2.0, 1.0, 1.1506493506493507, 1.0, 1.5827814569536425, 1.0, 1.155844155844156, 3.0, 1.0, 2.5, 2.507936507936508, 1.3703703703703705, 1.0, 1.0, 1.152542372881356, 190.33783783783784, 1.0, 1.5, 1.0, 1.0, 1.0876404494382022, 1.0, 1.0307671637780464, 2.0, 1.0, 1.625, 2.0, 1.0, 1.0, 1.0, 1.0, 2.0, 1.0, 1.0, 1.0, 2.0, 2.0, 1.0, 1.6428571428571428, 1.0, 1.3597122302158273, 1.108433734939759, 1.0, 2.0, 1.0, 1.0, 3.0, 1.0704046103974068, 1.0, 1.0, 19.0, 1.2701421800947867, 1.1430777148739064, 1.588235294117647, 1.0, 3.0, 1.0549564189688285, 5.0, 2.0, 1.0, 1.0, 1.0393700787401574, 1.0647819472616633, 1.125, 5.0, 1.0, 6.0, 1.2727272727272727, 1.0257968389377428, 1.813953488372093, 1.0, 1.8106796116504855, 1.0, 1.0, 1.0, 1.0, 1.0, 2.0, 2.0, 1.0029554709050308, 3.5, 1.2307692307692308, 1.0, 1.0, 1.3333333333333333, 1.122835691301905, 1.0, 3.35, 2.0, 1.0118560034490192, 1.0816326530612246, 3.260869565217391, 2.48, 1.0, 1.0, 2.0, 1.0, 1.0, 1.163571666851996, 1.2222222222222223, 3.0, 1.0, 1.0, 2.0, 1.007370089643612, 1.75, 1.0, 1.1794871794871795, 1.0, 1.0, 2.0, 1.0, 1.0, 1.0, 1.0, 1.0, 2.0, 1.059228650137741, 1.0, 1.0, 2.0, 3.0, 1.0, 1.7260053619302949, 1.1111111111111112, 1.0, 2.0, 1.0, 1.0, 1.0, 1.197029584381363, 1.0616371882984412, 2.0, 2.75, 1.0, 1.0, 3.0, 1.2210870453616673, 1.0714285714285714, 1.0703263568641361, 1.0, 2.0, 1.4, 1.0, 1.0127802494983862, 1.0, 1.1025641025641026, 2.2916666666666665, 1.0769230769230769, 1.3333333333333333, 1.0, 1.0, 1.0, 1.0, 4.0, 2.0, 1.0, 1.0, 3.3333333333333335, 2.923076923076923, 1.0, 8.741847826086957, 4.0, 1.0565935553750339, 1.0, 2.0, 2.0, 1.0122783083219646, 1.0, 1.0, 1.6666666666666667, 1.0, 1.052723483354926, 1.0319375443577006, 1.0, 1.0529770992366412, 1.1037037037037036, 1.1981308411214953, 1.0, 3.0, 1.0, 1.0, 1.0, 3.0, 1.0, 1.1725641455643132, 1.0, 2.0, 4.9, 1.0083960003305512, 1.0, 1.0627450980392157, 1.0310371403405754, 2.0, 1.1043478260869566, 1.2, 1.164179104477612, 1.0, 1.0, 1.0, 2.0, 3.142857142857143, 1.0, 1.0, 1.0, 2.0, 12.485714285714286, 2.3333333333333335, 1.1025641025641026, 1.1666666666666667, 1.0, 1.0, 1.0298507462686568, 1.0, 1.0, 1.0, 1.0, 1.0, 1.0, 1.0, 3.0, 1.8888888888888888, 1.0, 1.0, 1.1411805315843977, 1.043071372195287, 1.15625, 1.0, 1.0022537588375133, 1.0, 2.125, 2.0, 1.0, 1.7142857142857142, 154.0, 1.9454545454545455, 1.0, 3.0, 4.333333333333333, 3.8064066852367686, 1.0177301927194862, 2.0, 4.0, 2.0, 1.0, 2.0, 8.0, 1.0, 1.0274725274725274, 3.3333333333333335, 1.489795918367347, 5.0, 1.0, 1.0582010582010581, 1.0, 1.8650442477876106, 1.205435847208619, 1.0588235294117647, 1.0, 1.0533333333333332, 1.3179611650485437, 2.5, 1.0, 1.2016332346815741, 1.2093023255813953, 2.5, 1.0, 2.125, 1.0, 1.0, 1.0, 1.2941176470588236, 4.75, 1.0705530642750374, 6.597402597402597, 1.0, 1.454855195911414, 1.0, 1.7796610169491525, 1.0153482880755609, 1.0, 1.0, 2.5, 1.080091533180778, 1.1008064516129032, 1.0716273413932604, 1.5, 1.3333333333333333, 1.0, 1.9333333333333333, 2.7525891829689297, 1.0, 1.0454545454545454, 1.0, 1.4, 1.0, 1.0, 2.3, 9.75, 1.0, 1.0, 1.0469798657718121, 1.0, 4.0, 1.0, 1.0, 1.12, 1.0, 1.0, 1.0, 1.0, 1.1636363636363636, 1.0, 1.0, 1.0769230769230769, 2.0, 2.0, 1.0, 1.0, 2.0, 1.0, 1.4444444444444444, 1.0, 1.0, 1.0783452038187604, 2.5, 1.0, 1.066040297615815, 2.0, 1.0, 3.0, 1.0, 1.974074074074074, 1.0, 3.0, 1.0, 1.0, 1.4232558139534883, 1.25, 1.1470588235294117, 1.543956043956044, 2.0, 1.1188184533687355, 1.048, 1.0, 1.0606060606060606, 1.0, 1.0, 12.0, 217.1, 1.0, 1.0, 1.0, 1.0, 1.0, 1.0142857142857142, 1.3571428571428572, 1.1428571428571428, 9.0, 1.0, 1.0, 1.712962962962963, 1.3191850594227503, 1.1513887409131514, 3.0, 1.0370209954077751, 1.1547619047619047, 1.0187598976732855, 1.0588235294117647, 1.5127388535031847, 1.0, 2.2023121387283235, 1.0, 52.14873417721519, 1.1674293424854432, 1.0, 1.001359079171589, 1.0174978127734033, 1.2083640943240543, 1.0, 1.25, 1.0, 1.7923497267759563, 2.0, 1.0, 2.0, 1.1568816169393648, 5.0, 1.113899613899614, 1.0, 2.0, 1.105263157894737, 2.888888888888889, 1.4, 1.0, 1.0, 4.75, 1.0, 1.2025620496397118, 1.0, 1.0, 1.0, 1.0, 1.0060421464477627, 1.0, 1.4615384615384615, 2.312783318223028, 1.0, 1.3333333333333333, 1.0, 1.0, 1.0111695318466263, 67.79885057471265, 2.142857142857143, 1.0, 1.0, 1.0328699146981628, 1.0540429527050816, 1.0, 2.8, 3.0, 3.0, 1.0, 1.046875, 1.0122549642775418, 1.0, 1.4584237165582068, 1.6578947368421053, 1.0, 1.0, 1.1481481481481481, 1.1666666666666667, 2.0, 2.0, 1.0586475164572113, 1.010762816165574, 1.4285714285714286, 1.22052067381317, 2.3333333333333335, 1.0, 1.0, 1.0, 1.0539149342149055, 3.0, 1.0, 1.3242286292362164, 1.0, 1.0, 1.0597014925373134, 1.0, 2.0, 1.2985074626865671, 1.75, 1.2941176470588236, 1.4965517241379311, 1.1252045826513912, 1.0, 1.0, 2.0, 1.0, 1.0, 1.0956802360425983, 1.0, 1.0, 1.034375, 1.025974025974026, 1.0, 1.0, 1.0, 1.0, 1.4396551724137931, 1.0, 1.1661463753035033, 1.0077961829312208, 1.0, 2.0, 1.2861356932153392, 1.0, 1.0, 1.0, 1.6842105263157894, 1.0, 1.0, 1.0, 1.5555555555555556, 1.1428571428571428, 1.0820357007216104, 1.0, 6.5, 1.0, 1.075268817204301, 2.0, 2.0, 1.0, 1.0, 1.0, 1.2727179460873579, 1.2142857142857142, 2.0, 1.064516129032258, 1.0, 7.0, 71.0, 1.45, 1.0, 1.092783505154639, 1.003722713624929, 2.0, 1.5, 1.0, 1.0037783375314862, 4.0, 1.1, 1.0614035087719298, 1.0, 1.178305391934753, 1.1330645161290323, 1.2380952380952381, 1.0, 2.0, 1.0, 2.0, 1.0, 3.0, 1.1561743341404358, 1.1111111111111112, 1.5714285714285714, 2.0, 1.0, 1.105906313645621, 1.0, 2.0, 9.0, 1.0, 1.2660714285714285, 113.0, 1.0, 1.8844221105527639, 2.0, 1.0126250553342186, 1.0, 1.0, 1.323469387755102, 1.0, 1.0, 1.0584415584415585, 1.372093023255814, 3.0, 1.0978260869565217, 1.7675276752767528, 2.1818181818181817, 3.0, 1.6666666666666667, 1.3148148148148149, 1.0, 1.9658119658119657, 1.0, 1.0643208475217556, 1.0, 3.5, 1.0274634690198312, 1.6, 1.1138422318248387, 1.4393939393939394, 1.0, 1.5, 9.666666666666666, 1.0, 1.5098039215686274, 1.1764705882352942, 8.3, 1.2188, 1.0, 1.0, 1.0, 1.136919315403423, 1.125, 1.0097751531379526, 1.031820647260893, 1.0, 1.0, 3.0, 1.0, 2.0, 1.0, 1.0, 1.0, 1.5, 1.0, 1.0, 1.5, 1.6910112359550562, 1.0586135078845582, 1.7970479704797049, 1.0, 1.0, 1.1666666666666667, 2.0, 2.0, 2.0, 1.0, 1.0, 1.0, 1.0, 1.0249130551096843, 1.0, 2.0, 1.1301411909146715, 1.0, 1.0, 1.0, 1.0, 1.5, 1.0, 1.0, 1.0, 1.0, 1.8333333333333333, 1.1156551918206548, 1.0528157811008592, 1.0, 1.0, 2.0, 1.0150347662570516, 1.0, 1.0, 2.0, 2.6315789473684212, 1.1839927976592393, 1.0, 1.0, 1.6666666666666667, 1.0443262411347518, 1.0, 1.0, 2.0, 1.0, 1.0, 1.0474727615302695, 1.0, 2.0, 1.0678517233904183, 1.0, 1.0, 1.0850970979707615, 1.0, 1.0191034407901878, 1.0, 1.0, 2.0, 1.44, 1.0, 1.0, 1.0, 1.2857142857142858, 1.0, 1.0134489953196368, 1.0104582928321992, 1.0, 2.0, 2.225, 1.0, 1.8, 1.8, 1.0, 1.0, 1.0813793103448275, 1.0, 1.0, 2.4, 1.5432098765432098, 1.5376344086021505, 1.8333333333333333, 1.1766666666666667, 1.0, 1.8067632850241546, 1.2, 1.76, 2.0, 1.3333333333333333, 1.0, 1.0, 1.0, 1.0833333333333333, 1.0, 1.0499432463110103, 2.0, 5.0, 1.4, 2.0, 1.315217391304348, 1.0, 2.0, 2.0, 1.0, 1.0298507462686568, 1.0, 1.0, 1.0, 1.038249483115093, 1.1919191919191918, 2.0, 1.1538461538461537, 3.7857142857142856, 1.0, 1.0625, 1.0, 1.5, 1.0, 2.0, 1.0, 1.0191122071516645, 2.0, 2.0, 7.0, 1.575, 1.0667876068172053, 1.0, 1.0, 1.1169658367110595, 1.0283669141039236, 1.2024539877300613, 1.5, 2.0, 1.0, 11.090909090909092, 1.1557251908396946, 3.2, 2.0, 1.0, 2.5, 3.9515174411283214, 1.0, 1.7142857142857142, 1.0, 1.0, 1.0909090909090908, 2.0, 1.5, 2.0, 2.0, 1.0572383750379901, 3.1724137931034484, 1.2818692694469092, 1.0, 1.0, 3.0, 3.0, 1.0, 1.0, 1.0, 1.0, 3.0, 1.0, 2.0, 1.5, 1.0656716417910448, 1.5, 1.0373859544866642, 1.0, 1.0, 1.8181818181818181, 1.3591522157996145, 4.0, 1.5, 1.0, 1.0, 1.0, 1.6176470588235294, 1.1698455949137148, 1.5, 1.0, 2.0, 1.0, 1.0, 1.0, 1.0262295081967212, 1.0, 1.0, 4.0, 1.0, 1.8879618593563767, 1.162162162162162, 1.0, 1.0, 1.0634146341463415, 1.5, 2.0, 1.3888888888888888, 1.0, 1.0, 1.0, 1.0, 1.0, 1.75, 2.0, 1.0, 1.3385826771653544, 1.0457170947523657, 1.25, 1.0, 111.0, 1.0, 1.75, 1.0, 1.5, 2.0, 1.0749063670411985, 1.45, 1.0, 1.0, 1.1482479784366577, 1.0429515418502202, 1.0, 1.5, 1.0, 1.1350210970464134, 1.0, 1.2250043622404467, 2.5454545454545454, 1.6364114245663222, 1.2, 1.011476010255158, 1.0, 1.0013568521031209, 1.6666666666666667, 1.0, 1.0, 1.0, 1.0, 1.2727272727272727, 128.0, 1.0, 1.0, 2.0, 1.0, 1.0, 1.0, 1.3407407407407408, 3.0, 1.0, 3.0, 1.2785714285714285, 1.84, 1.0, 1.0, 1.1761083743842364, 1.3458646616541354, 1.0, 1.5, 1.0, 1.0, 1.0, 1.0, 1.8, 1.0, 2.0, 1.0396770869117142, 1.0, 1.0, 2.2, 1.4119850187265917, 1.0, 1.148766075773375, 1.0, 1.0, 1.0, 2.0, 1.0278810408921932, 1.0, 1.0, 1.0, 2.0, 2.0, 1.0, 1.0, 1.0, 2.0, 1.0, 2.0, 1.0, 1.1389507018144471, 1.0, 3.0, 1.0, 1.0, 1.0, 6.0, 1.0, 1.0, 2.5, 1.0, 1.0, 1.0, 2.0, 1.0, 1.482185273159145, 1.3206540467957173, 2.0, 1.0020120724346075, 1.5, 1.9154929577464788, 1.0, 1.3069908814589666, 1.0, 1.5, 1.4453163315350661, 1.0, 1.0, 1.0, 7.0, 4.5, 1.0, 1.0105340519353259, 1.0396072244330892, 1.1710526315789473, 1.6774193548387097, 1.0, 11.0, 1.0, 1.0, 1.0, 21.0, 1.0, 1.2, 2.0, 1.0, 1.0, 1.0, 1.0706333053992578, 1.0186084142394822, 1.0, 1.0, 1.3846153846153846, 1.064367816091954, 1.0, 2.0, 1.0817432502596054, 1.1, 2.536231884057971, 2.0, 1.0, 1.0, 1.75, 4.7272727272727275, 2.0, 1.2457937346004928, 1.0, 1.0, 1.8392881587953456, 8.0, 1.1077844311377245, 1.0555555555555556, 1.5, 2.0, 1.21580547112462, 1.0, 1.5, 1.1215348472983555, 1.0, 2.0, 2.0172413793103448, 1.0, 3.0, 1.2296296296296296, 1.7, 1.0, 1.0, 2.25, 1.368038740920097, 1.0, 1.2590849673202615, 1.5, 1.0, 1.0, 1.0, 1.0, 1.0, 1.0, 2.0, 1.967741935483871, 1.0, 1.0275783906309028, 1.0, 1.015642418242948, 1.0, 1.0, 1.0, 1.0, 1.0, 1.25, 1.125, 1.0, 1.0, 2.0, 1.3392226148409894]
origin-forest_43.39 	max: 217.1000	99th: 19.0200	95th: 3.7867	median: 1.0569	mean: 2.6667

...Done, result: results.csv

WORKLOAD-FINISHED | Type: QueryWorkload | Progress: 3/3 | Workload-time: 57.994107 | Model-update-time: 0.000000


Experiment Summary: #data-update-times=1, #drift=1 | total-time=124.339778