Input arguments = Namespace(data_update='valueskew', update_size=100000, dataset='forest', debug=False, drift_test='js', model_update='adapt', model='naru', end2end=False, query_seed=0, random_seed=42, num_workload=3)
JSON-passed parameters = {'data_updater': {'skew_ratio': '1e-2'}, 'random_seed': 78, 'naru': {'epochs': 0}}
MODEL-PATH=/home/kangping/code_copy/SAUCE/models/end2end/naru/origin-forest-16.5MB-model62.533-data19.148-200epochs-seed0.pt
DATASET-PATH=/home/kangping/code_copy/SAUCE/data/forest/end2end/forest.npy
Workloads: ['QueryWorkload', 'DataUpdateWorkload', 'QueryWorkload']

WORKLOAD-START | Type: QueryWorkload | Progress: 1/3
Going to run: ['python', '/home/kangping/code_copy/SAUCE/Naru/eval_model.py', '--dataset=forest', '--model=naru', '--query_seed=0', '--end2end', '--eval_type=first_estimate', '--num_workload=3', '--data_update=valueskew', '--model_update=adapt', '--random_seed=42']
Torch device: cuda:1
GET-MODEL-PATH=./models/end2end/naru/origin-forest-16.5MB-model62.533-data19.148-200epochs-seed0.pt
ckpts [PosixPath('/home/kangping/code_copy/SAUCE/models/end2end/naru/origin-forest-16.5MB-model62.533-data19.148-200epochs-seed0.pt')]
Validate Argument: DATASET="forest" is valid.
load_csv_dataset - forest (581012, 10)
Parsing... done, took 0.0s
Loading ckpt: /home/kangping/code_copy/SAUCE/models/end2end/naru/origin-forest-16.5MB-model62.533-data19.148-200epochs-seed0.pt
query_seed:0
origin-forest_43.39 	max: 33.0000	99th: 4.0000	95th: 2.5000	median: 1.0000	mean: 1.3565
ReportEsts: [1.0, 1.152423137050547, 1.0, 1.6388888888888888, 2.6666666666666665, 1.0, 1.28, 1.0, 1.5972222222222223, 1.0, 1.0307692307692307, 3.0, 1.0, 1.0, 2.0, 1.002047255650132, 1.0, 1.4285714285714286, 1.394736842105263, 1.0, 1.0, 3.0, 1.5384615384615385, 1.4, 2.2, 1.0, 1.0400818877276155, 1.3, 3.0, 1.1743515850144093, 1.0, 1.0012911555842479, 3.5, 1.0, 1.5675675675675675, 1.031962660994919, 1.102498398462524, 1.0, 1.2182952182952183, 1.0, 2.0, 1.0, 1.2142857142857142, 1.0, 1.7398373983739837, 1.0892857142857142, 1.0, 2.0, 1.0, 1.0, 3.0, 1.0458942632170978, 1.0, 1.0, 18.0, 1.085308056872038, 1.346433770014556, 1.0588235294117647, 1.0, 1.0, 1.0072189755929872, 3.3333333333333335, 1.0, 1.1342465753424658, 1.1910828025477707, 1.0, 1.0, 1.396039603960396, 1.3775100401606426, 1.0, 2.0, 1.0, 1.2244897959183674, 1.0760240075813414, 2.0, 1.5, 1.0, 1.0, 1.0, 1.0, 1.0, 2.0, 1.0035586500338458, 3.5, 1.5769230769230769, 1.0, 1.0, 1.3333333333333333, 1.1013317510548524, 1.0, 4.0, 1.173913043478261, 1.0, 1.2078356426182513, 1.0, 1.0, 1.0197136563876652, 1.2802547770700636, 1.0, 1.0, 3.0, 1.0, 1.0, 1.0, 1.0, 1.0, 1.0, 1.0, 1.0147058823529411, 1.0, 1.0289855072463767, 1.0, 1.0, 1.1109141554824007, 1.2098765432098766, 2.0, 1.0, 2.0, 1.0, 1.0, 1.0, 2.0, 3.0, 1.0, 1.0591755319148937, 1.0, 1.0, 1.2222222222222223, 1.0, 1.0, 1.0, 1.159744408945687, 1.0756472777817043, 2.0, 2.375, 1.0, 1.0, 2.0, 1.0138945647731916, 1.0161290322580645, 1.0817335660267597, 1.0, 1.0, 1.2, 1.0, 1.022611748511388, 1.0, 1.0666666666666667, 2.0869565217391304, 1.2307692307692308, 1.4, 1.0, 1.0, 1.0, 1.0, 4.0, 1.0, 1.0, 1.0, 2.6666666666666665, 2.909090909090909, 1.0, 1.1547081712062257, 4.0, 1.044182354275346, 1.0, 2.0, 1.0, 1.0618556701030928, 1.0, 1.0, 1.0, 1.33, 1.8125, 1.0, 1.0, 1.0562248995983936, 1.0, 1.2264044943820225, 1.0, 1.1567567567567567, 1.0, 1.0, 1.0145206132337756, 1.0, 1.128757799205899, 1.0, 1.0, 1.6538461538461537, 1.0043216041794714, 1.0, 1.043859649122807, 1.7692307692307692, 1.0, 1.0, 1.0, 1.0, 1.7916666666666667, 1.1428571428571428, 1.180028350921405, 1.2331017056222362, 1.0, 1.0, 1.0, 2.0, 31.0, 1.036764705882353, 1.0, 1.0, 1.0, 1.0, 1.2647058823529411, 1.0, 1.25, 1.0, 1.0, 1.0, 1.0093023255813953, 1.0, 1.0, 1.0, 1.0953484522430061, 3.0, 1.0, 1.1794871794871795, 1.0, 1.0126582278481013, 1.0, 1.8, 1.0, 1.0, 1.0, 1.8333333333333333, 1.0, 1.3, 1.0, 3.0, 1.5, 1.0120901484887315, 1.0228920259442962, 1.0, 1.3333333333333333, 1.0, 1.0053010223400227, 1.3066666666666666, 1.1428571428571428, 1.0, 1.1428571428571428, 2.0, 1.1027397260273972, 1.0, 1.0, 1.1524390243902438, 1.0, 1.0382352941176471, 1.1455886369844306, 1.3571428571428572, 1.0, 1.0797266514806378, 1.0631067961165048, 4.0, 1.0, 1.0187438342650443, 1.25, 1.3333333333333333, 1.0, 1.75, 1.0, 1.0, 1.0, 1.3571428571428572, 1.0, 1.209764918625678, 1.0, 1.0, 1.0876420681927326, 1.2857142857142858, 2.0, 1.16, 1.0, 1.5, 1.0, 1.4444444444444444, 1.0, 1.5, 1.0, 1.0, 1.0, 1.2486486486486486, 1.0, 1.4285714285714286, 1.0, 1.0, 1.0, 1.0, 1.1306068601583112, 1.2994350282485876, 1.0142642642642643, 1.3553299492385786, 1.0, 1.086765994741455, 1.0, 1.0, 3.0, 1.0, 1.0432098765432098, 1.0, 1.0, 1.0, 1.2, 2.0, 1.0, 1.0909090909090908, 1.0, 1.0, 1.0, 1.0, 1.0, 1.0, 1.1111111111111112, 1.0, 1.0, 1.0544768069039914, 2.5, 1.0, 1.0715109573241062, 1.0, 1.0, 1.0, 1.0, 1.1970370370370371, 1.0, 3.0, 1.0, 1.3333333333333333, 1.2511627906976743, 1.0, 1.1136363636363635, 1.548780487804878, 2.0, 1.194954128440367, 1.099009900990099, 1.0, 1.1666666666666667, 1.0, 1.1428571428571428, 1.4285714285714286, 1.5, 1.0, 1.0, 1.0, 1.0, 1.0, 1.0086206896551724, 2.727272727272727, 1.0740740740740742, 6.0, 1.0, 1.0, 1.0, 1.4407114624505928, 1.3, 1.0636363636363637, 1.4313746985310238, 1.0587607333488047, 1.0220494923857868, 1.0390803823885821, 1.9245283018867925, 1.0, 1.2206572769953052, 1.0, 1.0915841584158417, 1.0447493714224576, 1.0, 1.0012846708183964, 1.02915742163054, 1.0169588835401668, 1.0, 1.25, 1.0, 1.0126582278481013, 1.0, 1.0, 1.0625, 1.3246753246753247, 1.0, 3.0357142857142856, 1.0, 1.097465034965035, 1.0, 2.0, 1.75, 1.0, 1.0, 4.25, 1.0, 1.1988689915174364, 1.0, 1.0, 1.0, 1.0, 1.0254268772941404, 1.0, 2.0, 1.2010443864229765, 1.0499474237644584, 1.0486725663716814, 1.0360824742268042, 1.2910798122065728, 1.0179531934599082, 1.0147492625368733, 1.4666666666666666, 1.0, 1.0, 1.0333140766416329, 1.054013795632147, 1.0, 2.75, 1.0, 1.0, 1.0, 1.0, 1.0, 1.0, 1.0, 1.050915948275862, 1.6666666666666667, 1.422847399829497, 1.0, 1.0, 2.0, 1.0866261398176291, 1.0128652902427162, 1.2, 1.0260336906584993, 2.1538461538461537, 1.0, 1.0, 1.0, 1.0280781687434815, 2.5, 1.0, 1.513611615245009, 1.0, 2.7142857142857144, 1.0, 1.0, 1.0, 1.0331925429653364, 1.0, 1.0, 1.0, 1.1111111111111112, 1.36, 1.0310192023633677, 3.1818181818181817, 1.0, 1.0, 1.7766666666666666, 1.25, 2.0, 1.0605905006418486, 1.0, 1.3, 1.0, 1.0, 1.2222222222222223, 1.0, 1.0, 1.7777777777777777, 1.0062459147360012, 1.0081620589305202, 1.213740458015267, 1.048780487804878, 1.0, 1.0, 1.5, 1.0, 1.1298658815832516, 1.170731707317073, 3.0, 1.5, 1.4391143911439115, 1.4839572192513368, 1.0, 1.013397629284747, 1.0, 1.0, 1.0065848034747171, 2.5, 1.0342904019688268, 1.0, 1.0, 1.0, 1.0768550103875452, 1.0714285714285714, 2.0, 1.24, 1.0, 2.0, 1.0, 1.4444444444444444, 1.0, 1.205298013245033, 1.021126130158446, 2.0, 1.5, 1.0, 1.0685131195335278, 2.0, 1.0526315789473684, 1.0510204081632653, 1.0, 1.032389042736322, 1.3, 1.3888888888888888, 1.0, 1.8, 1.0, 1.0, 1.1792943898207056, 2.0, 4.0, 1.0490412979351031, 1.8, 1.0, 1.0325231813181226, 1.0, 1.75, 1.0, 2.0, 1.0, 1.0730337078651686, 1.0, 1.0, 1.4, 1.000224287087472, 1.3026315789473684, 1.1951807228915663, 1.1, 2.7037037037037037, 2.0, 1.8157894736842106, 1.1085899513776336, 1.0, 1.0, 1.0512820512820513, 1.6316489361702127, 1.8, 2.0, 1.6, 1.3516483516483517, 1.0, 1.8888888888888888, 1.0, 1.1044776119402986, 1.0, 2.4, 1.0189448054441832, 6.0, 1.026301397106349, 2.0, 1.0, 1.5, 1.4166666666666667, 1.0, 2.0, 1.0089757127771912, 1.0, 1.0, 1.0, 1.0, 1.0, 1.0, 2.0, 3.269230769230769, 1.0, 1.0, 2.0, 1.0, 1.0, 1.0, 1.0, 1.0, 1.0, 1.0, 1.0, 1.0, 1.048951048951049, 1.1363636363636365, 1.0, 1.0616666666666668, 1.0, 1.0, 1.4, 1.0563748883894208, 1.6470588235294117, 1.0, 1.0, 1.0, 1.0, 1.0072741493938209, 1.0, 1.0, 1.0405405405405406, 1.1400172860847018, 1.127659574468085, 2.0, 1.0, 1.0, 1.0, 1.148936170212766, 2.0, 1.0, 1.0, 1.237315875613748, 2.0, 1.037257495590829, 1.0, 1.0, 1.015853470832692, 1.0, 1.0, 1.0, 2.4705882352941178, 1.041578754887895, 1.0, 1.0, 1.4444444444444444, 1.049079754601227, 1.0, 1.0, 2.0, 1.0, 1.0, 1.0583846746245669, 1.0, 2.0, 1.0735743380855398, 1.0, 1.0, 1.0009420631182289, 1.0, 1.0035456502469293, 1.0, 1.0, 1.0779510022271714, 1.027287853577371, 1.35, 1.0153846153846153, 1.0, 1.0, 1.0, 1.1731337933506587, 1.0, 1.0, 1.0, 1.0, 1.6, 1.0, 1.0, 1.5, 1.1758191047531148, 1.0, 1.0, 1.0, 1.5, 1.0, 1.2, 1.079646017699115, 1.0, 1.0, 1.0, 1.0, 1.0, 1.0, 1.4, 1.0, 1.0, 1.0, 1.0, 1.0, 4.0, 1.1495136417556346, 1.0301204819277108, 1.0, 2.0, 1.5, 1.1511387163561078, 1.0, 1.0, 1.0, 2.0, 1.0, 1.0865671641791044, 1.065217391304348, 1.5, 1.2541748526522594, 1.0, 5.75, 1.0, 1.0869565217391304, 1.0, 1.5, 1.0, 1.0, 1.0, 1.0314606741573034, 4.0, 1.0, 4.0, 1.0666666666666667, 1.0189120035599066, 1.0, 1.0, 1.109072375127421, 1.013799448022079, 1.3208955223880596, 1.5, 1.0, 1.0, 1.01683996851568, 1.0, 2.6666666666666665, 1.0, 1.0, 1.0, 1.2063305978898007, 1.0, 1.0, 1.1538461538461537, 1.0, 1.0, 1.0, 1.1538461538461537, 1.0, 1.1032637774210807, 1.010586319218241, 2.0, 1.0, 1.0, 3.0, 1.0, 1.0, 1.0, 1.0, 1.0, 2.0, 1.0, 2.0, 1.5, 1.2101694915254237, 1.0, 1.0287844527287173, 1.0, 1.0, 1.4444444444444444, 1.1514450867052024, 3.0, 1.0, 1.0, 1.0, 1.0, 1.8928571428571428, 1.0749506903353057, 3.0, 1.0, 1.0, 1.0, 1.0, 1.0, 1.0830564784053156, 1.0, 1.0, 1.0, 1.0, 1.3856209150326797, 1.0880398671096345, 1.0, 1.0, 1.0057471264367817, 1.4, 2.0, 1.3734939759036144, 1.0, 1.0, 1.0, 1.0, 1.0, 1.2307692307692308, 2.0, 1.0, 1.4103343465045592, 1.1721932334623801, 1.2, 1.0, 1.0, 1.0, 1.0, 2.2, 1.0, 1.0, 1.4478476821192052, 1.0, 1.0, 33.0, 1.3333333333333333, 1.0909090909090908, 1.0, 1.600550964187328, 1.0, 1.0, 1.5, 1.0, 1.0, 1.1554054054054055, 1.0, 1.5394736842105263, 1.0, 3.3846153846153846, 1.0, 1.0, 1.0, 1.4, 1.0, 1.0, 1.0, 1.0, 1.1494252873563218, 1.0, 1.0, 1.1427665779130214, 1.0059610484164543, 1.0, 1.0, 1.0, 1.0401819782800117, 1.0, 1.5508021390374331, 1.0, 1.0388265746333045, 2.0, 1.0, 1.3846153846153846, 1.3333333333333333, 1.6666666666666667, 1.0964092474176095, 1.0, 2.5, 1.0, 1.5, 5.0, 1.0, 1.0, 1.0, 1.6, 1.25, 1.0, 1.0, 1.5, 1.0, 1.625, 1.0, 1.25, 1.0, 2.0, 1.0, 1.0, 1.0, 1.0, 1.0, 1.0, 1.0, 1.0, 1.1433433433433433, 1.0, 1.0, 1.0, 1.0, 1.0, 1.253968253968254, 1.5, 1.0, 1.292852185981957, 1.0, 1.3918053777208708, 1.0, 1.0538625088589653, 1.0, 1.048780487804878, 8.571428571428571, 1.2307692307692308, 1.0, 1.0, 1.263157894736842, 1.060800242191836, 1.0, 4.0, 1.4862857142857142, 1.0, 1.0, 1.0, 2.0, 1.0005548013929055, 1.0, 2.6, 1.0, 1.0185185185185186, 1.0, 1.0, 1.0, 1.0, 1.0, 1.0, 1.0, 1.0, 1.5, 2.0, 1.0, 1.0, 1.0, 1.0564606741573033, 1.0580162786295666, 1.0, 1.0, 1.3333333333333333, 1.047872340425532, 1.0, 2.0, 1.1210842457420924, 1.0, 1.3731884057971016, 1.0, 1.0, 1.0, 1.5, 1.2162162162162162, 1.0, 1.2255956488208792, 1.0, 1.0, 1.5507977857375448, 1.0, 1.263157894736842, 1.0, 1.0, 1.2, 1.3060498220640568, 1.0, 1.5, 2.0, 1.0091386681613856, 1.0, 1.2727272727272727, 1.5, 1.0, 1.0149617258176757, 2.0, 1.75, 1.0, 1.0778688524590163, 1.0, 1.2944804193647856, 1.5, 1.0, 1.0, 1.0, 1.0, 1.0, 1.0, 2.0, 2.04, 1.0, 1.1075313807531382, 1.0, 1.0221282970413568, 1.0, 1.0, 1.0, 1.0, 1.0, 1.1081081081081081, 1.1576058546785155, 2.0, 1.163709677419355, 1.0, 1.375684380032206, 1.2608695652173914, 2.0, 1.0, 1.3189655172413792, 2.0, 1.0, 1.0, 1.0403022670025188, 1.0, 1.0, 1.0, 1.0, 1.0]
origin-forest_43.39 	max: 33.0000	99th: 4.0000	95th: 2.5000	median: 1.0000	mean: 1.3565

...Done, result: results.csv

WORKLOAD-FINISHED | Type: QueryWorkload | Progress: 1/3 | Workload-time: 60.992750 | Model-update-time: 0.000000


WORKLOAD-START | Type: DataUpdateWorkload | Progress: 2/3
Going to run: ['python', '/home/kangping/code_copy/SAUCE/Naru/eval_model.py', '--model=naru', '--data_update=valueskew', '--dataset=forest', '--drift_test=js', '--end2end', '--update_size=100000', '--query_seed=0', '--eval_type=drift']
Torch device: cuda:1
GET-MODEL-PATH=./models/end2end/naru/origin-forest-16.5MB-model62.533-data19.148-200epochs-seed0.pt
GET-DATASET-PATH=./data/forest/end2end/forest.npy
ValueSample - START
ValueSample - END
load_npy_dataset_from_path - df.shape = (681012, 10)
Parsing... done, took 0.1s
Data updated!
Previous data size: (581012, 10), new data size: (100000, 10)
[2.3841858e-07 4.1723251e-07 5.9604645e-08 5.9604645e-07 0.0000000e+00
 1.1920929e-07 1.8865317e-01 2.2649765e-06 4.1723251e-07 5.9604645e-08]
Distance score: 0.018865734338760376
SAUCE Drift detection: True
Detection latency: 0.0664s

DRIFT-DETECTED after 2-th workload
Going to run: ['python', '/home/kangping/code_copy/SAUCE/Naru/incremental_train.py', '--dataset=forest', '--end2end', '--model=naru', '--model_update=adapt', '--update_size=100000', '--epochs=0']
Torch device: cuda:1
GET-MODEL-PATH=./models/end2end/naru/origin-forest-16.5MB-model62.533-data19.148-200epochs-seed0.pt
update_size: 100000
AdaptTask - START
GET-DATASET-PATH=./data/forest/end2end/forest.npy
load_npy_dataset_from_path - df.shape = (681012, 10)
Parsing... done, took 0.1s
done, took 0.1s
dataset size: 681012
train data shape: torch.Size([100000, 10]), transfer data shape:torch.Size([20000, 10])
Training done; evaluating likelihood on full data:
Epoch None Iter 0, test loss 191.8709 nats / 276.8112 bits
Saved to: /home/kangping/code_copy/SAUCE/models/end2end/naru/origin-forest-16.5MB-model62.533-data19.148-200epochs-seed0.pt
AdaptTask - END

WORKLOAD-FINISHED | Type: DataUpdateWorkload | Progress: 2/3 | Workload-time: 2.325804 | Model-update-time: 4.471244


WORKLOAD-START | Type: QueryWorkload | Progress: 3/3
Going to run: ['python', '/home/kangping/code_copy/SAUCE/Naru/eval_model.py', '--dataset=forest', '--model=naru', '--end2end', '--query_seed=0', '--eval_type=estimate', '--num_workload=3', '--data_update=valueskew', '--model_update=adapt', '--random_seed=42']
Torch device: cuda:1
GET-MODEL-PATH=./models/end2end/naru/origin-forest-16.5MB-model62.533-data19.148-200epochs-seed0.pt
ckpts [PosixPath('/home/kangping/code_copy/SAUCE/models/end2end/naru/origin-forest-16.5MB-model62.533-data19.148-200epochs-seed0.pt')]
Validate Argument: DATASET="forest" is valid.
data size: 681012, total size: 681012, split index: [567510 681012]
Parsing... done, took 0.1s
Loading ckpt: /home/kangping/code_copy/SAUCE/models/end2end/naru/origin-forest-16.5MB-model62.533-data19.148-200epochs-seed0.pt
query_seed:0
origin-forest_43.39 	max: 4447.0000	99th: 20.0100	95th: 3.0000	median: 1.0577	mean: 7.2781
ReportEsts: [1.0, 1.2955007913181098, 1.0, 1.3111111111111111, 3.0, 1.0, 1.0651041666666667, 1.0, 1.2147887323943662, 2.0, 1.164179104477612, 4.0, 1.0, 1.5, 2.4126984126984126, 1.1125, 2.0, 2.0, 1.0151515151515151, 1.0102389078498293, 1.0, 1.0, 1.0, 1.0, 1.0397350993377483, 1.0, 29.651315789473685, 2.0, 1.0, 1.25, 1.3333333333333333, 1.0, 1.0, 1.0, 1.0, 2.0, 2.0, 3.0, 1.0, 2.0, 2.0, 1.0, 1.0555555555555556, 1.0, 2.2845528455284554, 1.1574803149606299, 1.0, 2.0, 1.0, 1.0, 3.0, 1.0669174646602828, 1.0, 1.0, 2.5714285714285716, 1.0677290836653386, 99.0, 1.5, 1.0, 3.0, 1.0709435052738043, 5.0, 2.0, 1.0, 1.0, 1.3771929824561404, 1.071907529216425, 1.0, 2.0, 2.0, 2.0, 1.0283687943262412, 1.031764960971379, 1.238341968911917, 2.0, 1.5084175084175084, 1.0, 2.0, 1.0, 1.0, 1.0, 1.0, 2.0, 1.0080486202365309, 2.3333333333333335, 2.888888888888889, 1.0, 1.0, 1.0, 1.256247597078047, 1.0, 21, 1.0, 1.5567988143756948, 1.1372549019607843, 2.1153846153846154, 1.1304347826086956, 1.0, 1.0, 1.0, 1.0, 2.0, 1.0138388625592416, 1.8333333333333333, 3.0, 1.0, 1.0, 1.0, 1.0044267765999215, 2.25, 1.0, 1.0649350649350648, 1.0, 1.0, 1.0, 1.0, 1.0, 1.0, 2.0, 1.0, 1.0, 1.0505464480874316, 1.0, 1.0, 2.0, 3.0, 1.0, 1.0677290836653386, 1.2857142857142858, 1.0, 2.0, 1.0, 1.0, 1.0, 1.5843816757654878, 1.0547552710099393, 1.5, 3.125, 2.0, 1.0, 2.0, 1.0545707334028502, 1.088235294117647, 1.0019170349858886, 1.0, 1.0, 1.0, 1.0, 1.0276557249935383, 1.0, 1.2307692307692308, 2.074074074074074, 1.375, 1.3333333333333333, 1.0, 1.0, 1.0, 1.0, 2.5, 1.0, 1.0, 2.0, 2.25, 2.5384615384615383, 1.0, 10.848780487804879, 2.0, 1.2315264232252212, 1.0, 1.6666666666666667, 22.5, 1.1585760517799353, 1.0, 1.0, 1.2777777777777777, 1.0, 1.0042909822326518, 1.0616723420355656, 2.0, 1.0403243165674105, 1.25, 1.1333566678333917, 1.0, 3.0, 1.0, 1.0, 1.0, 3.0, 1.0, 1.1531322505800463, 1.0, 1.0, 2.0, 1.0452961672473868, 1.0, 1.1, 1.0699126092384519, 2.0, 1.1226415094339623, 1.7884615384615385, 1.6907802465490513, 1.0, 1.0, 1.0, 1.0, 2.5714285714285716, 1.0, 1.0, 2.0, 2.0, 1.4, 3.0, 1.1535714285714285, 10.0, 1.0, 1.0, 1.0597014925373134, 1.0, 1.0, 1.0, 2.0, 2, 2.1272727272727274, 1.0, 1.6666666666666667, 1.7777777777777777, 1.0, 1.0, 1.1447119924457034, 1.0342465753424657, 1.2333333333333334, 1.0, 1.0256330544879042, 1.0, 1.3902439024390243, 1.0, 1.0, 1.5714285714285714, 2.0, 1.3692307692307693, 1.0, 2.6666666666666665, 1.0, 1.020419057787268, 1.0000839348665436, 1.0, 2.0, 8.0, 1.0, 1.5, 1.0, 1.0, 1.1472556894243642, 3.3333333333333335, 1.3888888888888888, 3.0, 1.3333333333333333, 1.0717948717948718, 1.0, 1.0585106382978724, 1.057204767063922, 1.1666666666666667, 1.5, 1.1223628691983123, 1.0714285714285714, 4.0, 1.0, 1.0779848491890134, 1.6666666666666667, 2.0, 1.0, 2.125, 1.0, 1.0, 1.0, 1.4545454545454546, 1.0, 1.1014970819588936, 121.0, 1.0, 1.6666666666666667, 1.0, 1.5692307692307692, 1.044340723453909, 1.0, 1.0, 1.75, 1.207070707070707, 1.3212669683257918, 1.0185845074283209, 1.5, 3.0, 1.0, 1.2941176470588236, 1.9631147540983607, 1.0, 1.1595092024539877, 2.0, 1.0714285714285714, 1.0, 1.0, 2.0555555555555554, 6.5, 1.0, 2.0, 1.1666666666666667, 1.0, 4.0, 1.0, 1.0, 1.0384615384615385, 1.0, 1.6666666666666667, 1.0, 1.0, 1.1851851851851851, 2.0, 1.0, 1.0769230769230769, 2.0, 2.0, 2.0, 20.0, 2.0, 1.0, 1.2941176470588236, 1.0, 1.0, 1.20899854862119, 1.2, 1.0, 1.04012677909341, 1.0, 1.0, 1.0, 1.0, 1.4565491183879093, 1.0, 3.0, 1.0, 1.0, 1.0161290322580645, 2.0, 1.0740740740740742, 1.4473684210526316, 2.0, 1.138665792493034, 1.0714285714285714, 1.0, 1.0, 1.0, 1.2857142857142858, 12.0, 1.2, 1.0, 1.0, 1.0, 1.0, 1.0, 1.6637931034482758, 3.909090909090909, 1.1604938271604939, 6.0, 1.0, 1.0, 1.648936170212766, 1.3368055555555556, 1.0132845877526728, 4.0, 1.0298099495128148, 1.0105263157894737, 1.005778259299386, 5.085714285714285, 1.1197411003236246, 2.0, 1.3028169014084507, 1.0, 1.0522388059701493, 1.045904137773375, 1.0, 1.0042906748633593, 1.181032030494396, 1.0194395539906103, 1.0, 1.75, 1.0, 1.0491803278688525, 2.0, 4.0, 2.0, 1.0882956878850103, 2.0, 3.0, 1.0, 1.0, 1.5277777777777777, 1.8333333333333333, 1.75, 1.0, 1.0, 4.75, 1.0, 1.1915403032721468, 1.0, 1.0, 1.0, 2.0, 1.0018816538747215, 2.0, 1.75, 2.8040508714083843, 1.0, 1.1428571428571428, 1.0, 1.0, 1.0110243907790022, 1.3333333333333333, 2.5384615384615383, 1.0, 1.0, 1.033381235885855, 1.0407724902852902, 1.0, 2.2, 2.0, 7.0, 1.0, 1.3592233009708738, 1.0030337504740234, 1.0, 1.6014445173998686, 1.368421052631579, 1.0, 1.0, 1.1129032258064515, 1.3103448275862069, 2.0, 1.0, 1.1307692307692307, 1.0113188110851485, 1.1666666666666667, 1.225114854517611, 1.2727272727272727, 1.0, 2.0, 1.0, 1.2049733765164408, 3.0, 1.0, 1.1447963800904977, 3.0, 1.0, 1.1224489795918366, 1.0, 1.0, 1.0617283950617284, 2.3333333333333335, 1.0454545454545454, 1.6549019607843136, 1.0939542483660132, 3.0, 1.0, 2.0, 1.0, 2.0, 1.0402540524506638, 1.0, 1.0, 1.016931216931217, 1.0707070707070707, 1.0, 1.0, 1.0, 1.0, 1.4434782608695653, 2.0, 1.1328094302554028, 1.0611884899489177, 1.6666666666666667, 2.3333333333333335, 1.3837719298245614, 1.0, 1.0, 1.0, 1.8695652173913044, 1.0, 1.0, 1.0, 1.4444444444444444, 1.3333333333333333, 1.0480424848709398, 1.0, 1.3125, 1.0, 1.010204081632653, 1.0, 2.0, 1.0, 1.0, 2.0, 1.080280549719888, 1.0588235294117647, 2.0, 1.206896551724138, 1.0, 1.0, 1.0, 1.6842105263157894, 1.0, 1.3103448275862069, 1.023580786026201, 2.0, 1.5, 1.0, 1.3896713615023475, 3.0, 1.2777777777777777, 1.0434782608695652, 1.0, 1.1306570004531038, 2.7363636363636363, 1.4090909090909092, 1.0, 2.0, 3.0, 1.0, 2.0, 3.0, 1.1431952662721894, 17.235294117647058, 1.6666666666666667, 2.0, 1.0, 1.0635573845450388, 1.0, 1, 1.6666666666666667, 2.0, 1.1194477791116446, 7.0, 1.0, 1.7185929648241205, 3.0, 1.0087807814187335, 1.0, 1.0, 1.2399639152007218, 5.0, 1.0, 1.0516129032258064, 1.0, 2.0, 1.2435897435897436, 1.3952730236348818, 2.6, 2.0, 1.3333333333333333, 1.3523809523809525, 1.0, 1.5583333333333333, 1.0, 731.96875, 1.0, 2.4, 1.988888888888889, 1.8, 1.051189500920616, 1.3064516129032258, 1.0, 3.0, 2.0, 1.0, 1.5098039215686274, 1.0, 1.1538461538461537, 1.116061400224635, 1.0, 1.0, 1.0, 1.2053789731051345, 1.125, 1.0319421484365818, 1.2333651096282174, 1.0, 1.0, 2.0, 1.0, 1.0, 1.0, 1.0, 1.0, 1.5, 1.0, 1.0, 1.0, 1.9291338582677164, 1.0092650012985842, 1.51171875, 1.0, 1.0, 1.625, 2.0, 4.0, 3.0, 1.0, 1.0, 1.0, 1.0, 1.0190633245382585, 1.0, 2.0, 1.117362371445856, 1.0, 2.0, 1.0, 2.5, 1.5, 1.0, 1.0, 1.0, 1.0, 2.75, 12.5, 1.05828025477707, 1.0, 1.0, 1.0, 1.0181981344539266, 1.0, 1.0, 1.0, 2.3684210526315788, 1.0707702646484687, 1.0, 1.0, 1.0833333333333333, 1.4417177914110428, 1.0, 1.0, 1.0, 1.0, 1.0, 1.2120452209660844, 1.0, 2.0, 1.0733549083063647, 1.0, 1.0, 1.1529411764705881, 1.0, 1.0014058613604413, 1.0, 2.0, 2.0, 1.2561576354679802, 2.0, 2.0, 1.0, 1.1428571428571428, 1.0, 1.0094956820815733, 1.1259900947384769, 1.0, 1.0, 4.125, 1.0, 1.4, 1.6, 1.0, 1.0, 1.10540695517253, 1.0, 1.0, 4.0, 2.5098039215686274, 1.4791666666666667, 1.099290780141844, 1.1989708404802744, 2.0, 1.5209302325581395, 1.175, 1.8863636363636365, 2.0, 2.0, 1.0, 1.0, 1.0, 1.009433962264151, 1.0, 1.1213535589264878, 1.0, 3.0, 2.3333333333333335, 1.0, 8.0, 1.0, 2.5, 1.0, 1.0, 1.2698412698412698, 1.0, 1.0, 1.0, 1.0332261521972133, 1.2424242424242424, 1.0, 1.2, 5.4, 1.0, 1.088235294117647, 1.0, 1.5, 2.0, 1.0, 2.0, 1.0141955835962144, 93.0, 1.0, 1.3333333333333333, 1.0, 1.0172291043713513, 1.0, 1.0, 1.1460843373493976, 1.0513635160180037, 1.1625, 2.6666666666666665, 2.0, 1.0, 1.920849420849421, 1.0406352840177422, 3.0, 2.0, 1.0, 3.0, 1.322851415685292, 1.0, 1.6363636363636365, 1.0, 1.0, 1.1428571428571428, 1.0, 8.0, 2.0, 1.0, 1.0539530184389998, 3.1186440677966103, 1.029142381348876, 1.0, 2.0, 3.0, 2.0, 1.0, 3.0, 1.0, 1.0, 3.0, 1.0, 2.0, 1.5, 1.2292263610315186, 1.0, 1.4521630688704266, 1.0, 1.0, 1.1666666666666667, 1.2273603082851638, 3.0, 1.5, 1.0, 1.0, 1.0, 1.9642857142857142, 1.251547987616099, 1.5, 1.0, 1.0, 1.0, 1.0, 1.0, 3.4285714285714284, 1.0, 1.0, 1, 1.0, 1.3520408163265305, 1.111387016672579, 1.0, 2.0, 1.1122448979591837, 1.3225806451612903, 2.0, 1.4494949494949494, 1.0, 1.0, 1.0, 1.0, 1.0, 1.5, 2.0, 1.0, 1.1746724890829694, 1.1082321187584345, 1.1666666666666667, 1.0, 1.1841652323580034, 1.0, 1.1666666666666667, 1.0, 1.5, 1.0, 1.020504790664728, 1.56, 2.0, 1.0, 1.1310101455668284, 1.2448238884764498, 2.0, 1.5, 1.0, 1.0909090909090908, 1.0, 1.1954349426738193, 2.3863636363636362, 1.1703691331217638, 1.8461538461538463, 1.0542881542027571, 1.0, 1.085672082717873, 2.0, 1.0, 1.0, 2.0, 1.5, 1.5, 1.0, 3.0, 1.0, 1.3333333333333333, 1.0, 1.0, 1.0, 1.06875, 3.0, 1.0, 1.0, 1.152454780361757, 1.6851851851851851, 1.0, 1.0, 1.11482254697286, 4447.0, 1.0, 1.5, 1.0, 1.0, 1.0, 1.0, 2.6, 1.0, 187.0, 1.167461579226285, 1.0, 1.0, 1.4285714285714286, 1.2292358803986712, 1.0, 1.3005686433793664, 1.0, 1.0, 1.0, 1, 1.02007299270073, 1.0, 1.0, 1.0, 1.0, 1.0, 2.0, 1.0, 1.0, 2.0, 1.0, 1.0, 1.0, 1.1554200946331898, 2.0, 1.0, 1.0, 1.0, 1.0, 1.127659574468085, 1.0, 1.0, 2.5, 3.0, 1.0, 1.0, 2.0, 1.0, 1.0754716981132075, 1.0337141231957907, 2.0, 2.487437185929648, 2.0, 1.45, 1.0, 1.0331246739697444, 1.0, 3.0, 1.5118343195266273, 1.0, 1.0, 2.0, 3.0, 1.0, 1.0, 1.1541036648994656, 1.1576807103930953, 1.010989010989011, 1.0909090909090908, 1.0, 1.1111111111111112, 1.0, 1.0, 1.0, 2.0, 1.0, 1.2, 2.0, 1.0, 1.0, 1.0, 1.0051020408163265, 33.54545454545455, 1.0, 1.0, 1.1428571428571428, 1.0221238938053097, 1.0, 2.0, 1.0281136537756903, 1.2, 1.3695652173913044, 1.0, 1.0, 1.0, 1.4, 1.0377358490566038, 2.0, 1.2416081460674158, 1.0, 1.0, 1.5206600300013637, 2.0, 1.035598705501618, 1.46875, 1.5, 2.0, 1.2621951219512195, 2.0, 1.5, 1.0066638005159072, 1.0, 1.0, 1.2667043025928464, 1.0, 2.0, 1.0389884088514225, 3.8, 1.0, 1.0, 1.8, 1.8872403560830862, 1.0, 1.1045640326975477, 1.5, 1.0, 1.0, 1.0, 1.0, 1.0, 1.0, 2.0, 1.9666666666666666, 1.0, 1.6111317254174398, 1.3333333333333333, 1.1475770233346942, 1.0, 1.0, 1.0, 1.0, 2.0, 2.0, 1.2352941176470589, 2.0, 1.0, 2.0, 1.0921501706484642]
origin-forest_43.39 	max: 4447.0000	99th: 20.0100	95th: 3.0000	median: 1.0577	mean: 7.2781

...Done, result: results.csv

WORKLOAD-FINISHED | Type: QueryWorkload | Progress: 3/3 | Workload-time: 60.246161 | Model-update-time: 0.000000


Experiment Summary: #data-update-times=1, #drift=1 | total-time=128.225873