Input arguments = Namespace(data_update='sample', update_size=100000, dataset='forest', debug=False, drift_test='js', model_update='adapt', model='naru', end2end=False, query_seed=0, random_seed=42, num_workload=3)
JSON-passed parameters = {'data_updater': {'skew_ratio': '1e-2'}, 'random_seed': 48, 'naru': {'epochs': 0}}
MODEL-PATH=/home/kangping/code_copy/SAUCE/models/end2end/naru/origin-forest-16.5MB-model62.533-data19.148-200epochs-seed0.pt
DATASET-PATH=/home/kangping/code_copy/SAUCE/data/forest/end2end/forest.npy
Workloads: ['QueryWorkload', 'DataUpdateWorkload', 'QueryWorkload']

WORKLOAD-START | Type: QueryWorkload | Progress: 1/3
Going to run: ['python', '/home/kangping/code_copy/SAUCE/Naru/eval_model.py', '--dataset=forest', '--model=naru', '--query_seed=0', '--end2end', '--eval_type=first_estimate', '--num_workload=3', '--data_update=sample', '--model_update=adapt', '--random_seed=42']
Torch device: cuda:1
GET-MODEL-PATH=./models/end2end/naru/origin-forest-16.5MB-model62.533-data19.148-200epochs-seed0.pt
ckpts [PosixPath('/home/kangping/code_copy/SAUCE/models/end2end/naru/origin-forest-16.5MB-model62.533-data19.148-200epochs-seed0.pt')]
Validate Argument: DATASET="forest" is valid.
load_csv_dataset - forest (581012, 10)
Parsing... done, took 0.0s
Loading ckpt: /home/kangping/code_copy/SAUCE/models/end2end/naru/origin-forest-16.5MB-model62.533-data19.148-200epochs-seed0.pt
query_seed:0
origin-forest_43.39 	max: 32.0000	99th: 4.0000	95th: 2.5000	median: 1.0051	mean: 1.3460
ReportEsts: [1.0, 1.273343884241465, 1.0, 1.7352941176470589, 2.6666666666666665, 1.0, 1.1566265060240963, 1.0, 1.0176991150442478, 1.0, 1.046875, 3.0, 1.0, 1.0, 3.0, 1.0304258407936124, 1.0, 1.4285714285714286, 1.325, 1.0, 1.0, 3.0, 1.8181818181818181, 1.2, 2.2, 1.0, 1.0893496967132177, 1.3, 3.0, 1.2923649906890131, 1.0, 1.0058365758754864, 2.8, 1.0, 1.6111111111111112, 1.0132340777502067, 1.0709396390790293, 1.0, 1.2380457380457381, 1.0, 2.0, 1.0, 1.2142857142857142, 1.0, 1.4878048780487805, 1.0844444444444445, 1.0, 2.0, 1.0, 1.0, 3.0, 1.0075928008998876, 1.0, 1.0, 2.5714285714285716, 1.080568720379147, 1.349705304518664, 1.0588235294117647, 1.0, 1.0, 1.040273037542662, 1.6666666666666667, 1.0, 1.1461187214611872, 1.2038216560509554, 1.0, 1.0765765765765767, 1.3663366336633664, 1.5100401606425702, 1.0, 2.0, 1.0, 1.2121212121212122, 1.145835527008529, 2.0, 1.5, 1.0, 1.0, 1.0, 1.0, 1.0, 2.0, 1.0116595039411052, 3.5, 1.5294117647058822, 1.0, 1.0, 1.3333333333333333, 1.1255911403771326, 1.0, 4.0, 1.3695652173913044, 1.0, 1.2651696129957, 1.0, 1.0, 1.0215308370044054, 1.3290870488322717, 1.0, 1.0, 2.0, 1.0, 1.0, 1.0, 1.0820895522388059, 1.0, 1.0, 1.0, 1.0534351145038168, 1.0, 1.0215827338129497, 1.0, 1.0, 1.0143847932185974, 1.0481283422459893, 2.0, 1.0, 2.0, 1.0, 1.0, 1.0, 2.0, 3.0, 1.0, 1.1704628949301983, 1.1428571428571428, 1.0, 1.3333333333333333, 1.0, 1.0, 1.0, 1.087435621032459, 1.1277757194022477, 2.0, 2.625, 1.0, 1.0, 2.0, 1.0437270126685738, 1.125, 1.0202983462145765, 1.0, 1.0, 1.6, 1.0, 1.0192367100012871, 1.0, 1.1, 1.8461538461538463, 1.0, 1.4, 1.0, 1.0, 1.0, 1.0, 4.0, 1.0, 1.0, 1.0, 3.0, 2.909090909090909, 1.0, 1.1447470817120622, 4.0, 1.033068723066455, 1.0, 2.0, 2.0, 1.0618556701030928, 1.0, 1.0, 1.0, 1.303921568627451, 1.5263157894736843, 1.0, 1.0, 1.4448669201520912, 1.0, 1.3252808988764044, 1.0, 1.4965034965034965, 1.0, 1.0, 1.0123518342795568, 1.0, 1.111731843575419, 1.0, 1.0, 2.15, 1.0448638831190986, 1.0, 1.0672645739910314, 1.5333333333333334, 1.0, 1.0, 1.0, 1.0, 1.7916666666666667, 1.0, 1.1677057356608478, 1.094756790903348, 1.3333333333333333, 1.0, 1.0, 2.0, 32.0, 1.0567375886524824, 1.0, 1.0, 1.0, 1.0, 1.088235294117647, 1.0, 1.1428571428571428, 1.0, 1.0, 1.0, 1.027906976744186, 1.0, 1.0, 1.0, 1.1648733653368648, 3.0, 1.0, 1.2777777777777777, 1.0, 1.0810810810810811, 1.0, 1.5320813771517996, 1.0, 1.0, 1.0, 1.8333333333333333, 1.0, 8.666666666666666, 1.0, 3.0, 1.5, 1.065091855189263, 1.0535419051252704, 1.0, 4.0, 1.0, 1.0068623713305376, 1.3243243243243243, 1.1428571428571428, 1.0, 1.146456692913386, 5.0, 1.163527397260274, 1.0, 1.0, 1.1524390243902438, 1.0, 1.0089020771513353, 1.1688963210702341, 1.0769230769230769, 1.0, 1.0128205128205128, 1.0728155339805825, 2.0, 1.0, 1.0321166283020937, 1.25, 2.0, 1.0, 1.875, 1.0, 1.0, 1.0, 1.52, 1.0, 1.104932735426009, 2.0, 1.0, 1.1375762542110535, 1.0, 2.0, 1.16, 1.0, 1.5, 1.0, 1.3333333333333333, 1.0, 1.5, 1.0, 1.0, 1.0, 1.1011904761904763, 1.0, 1.25, 1.0, 1.0, 1.0, 1.0, 1.1365227537922986, 1.2642857142857142, 1.0948136142625609, 1.66875, 1.0, 1.0796691336525903, 1.0, 1.0, 3.0, 1.0, 1.0696202531645569, 1.0, 1.0, 1.0, 1.1020408163265305, 2.0, 1.0, 1.0909090909090908, 1.0, 1.0, 1.0, 1.0, 1.0, 1.0, 1.3846153846153846, 1.0, 1.0, 1.0496224379719525, 2.5, 1.0, 1.0700710309080437, 1.0, 1.0, 1.0, 1.0, 1.1614814814814816, 1.0, 3.0, 1.0, 1.6666666666666667, 1.697674418604651, 1.0, 1.1363636363636365, 1.524390243902439, 1.0, 1.052207293666027, 1.1891891891891893, 1.0, 1.0294117647058822, 1.0, 1.1428571428571428, 10.0, 1.5, 1.0, 1.0, 1.0, 1.0, 1.0, 1.0689655172413792, 3.6666666666666665, 1.1975308641975309, 2.1666666666666665, 1.0, 1.0, 1.0, 1.243083003952569, 1.1, 1.190909090909091, 1.4535737776803332, 1.0784322995461422, 1.042036802030457, 1.0301685299516101, 1.3584905660377358, 1.0, 1.18005540166205, 1.0, 1.0506424792139077, 1.0334884716203927, 1.0, 1.0024284049794567, 1.0123456790123457, 1.074781777912885, 1.0, 1.25, 1.0, 1.0126582278481013, 1.0, 1.0, 1.0672645739910314, 1.0784313725490196, 1.0, 3.8636363636363638, 1.0, 1.0815506101938264, 1.0, 5.0, 1.5555555555555556, 2.0, 1.0, 4.25, 1.0, 1.1821561338289963, 1.0, 1.0, 1.0, 1.0, 1.0143176339154465, 1.0, 2.0, 1.2137203166226913, 1.0303358613217768, 1.0545722713864307, 1.027363184079602, 1.3414634146341464, 1.0738788159441457, 1.0147492625368733, 1.1578947368421053, 1.0, 1.0, 1.032344948656903, 1.0585741457937072, 1.0, 2.75, 1.0, 1.0, 1.0, 1.0, 1.0, 1.0, 1.0, 1.0436062065275549, 1.6666666666666667, 1.3861892583120206, 1.0, 1.0, 1.0, 1.056910569105691, 1.001382220282264, 1.2, 1.0290964777947933, 1.4736842105263157, 1.0, 1.0, 1.0, 1.044710984245485, 2.5, 1.0, 1.3560975609756099, 1.0, 2.533333333333333, 1.0, 1.0, 1.0, 1.0342266239440723, 1.0, 1.0, 1.5, 1.1111111111111112, 1.23, 1.0302806499261448, 3.1818181818181817, 1.0, 1.0, 1.1433333333333333, 1.25, 2.0, 1.080359435173299, 1.0, 1.3, 1.0, 1.0, 1.2222222222222223, 1.0, 1.0, 1.1111111111111112, 1.0474786421713163, 1.0200413786831575, 1.256916996047431, 1.048780487804878, 1.0, 1.0, 1.0909090909090908, 1.0, 1.1215788899792825, 1.0212765957446808, 3.0, 1.5, 1.3826530612244898, 1.4839572192513368, 1.0, 1.0329714706511153, 1.25, 1.0, 1.0156511362788865, 2.5, 1.0090237899917966, 1.0, 1.0, 1.0, 1.099553720280079, 1.0714285714285714, 2.0, 1.16, 1.0, 2.0, 1.0, 1.5757575757575757, 1.0, 1.1721854304635762, 1.0571871073317554, 2.0, 1.5, 1.0, 1.0364431486880465, 2.0, 20.0, 1.0618556701030928, 1.0, 1.0095326966004319, 1.3636363636363635, 1.4705882352941178, 1.0, 1.0, 1.0, 1.0, 1.1921652699278893, 2.0, 4.0, 1.0245561012466944, 1.4, 1.0, 1.0119234219133648, 1.0, 2.0, 1.0, 2.0, 1.0, 1.1329588014981273, 1.0, 1.0, 1.4, 1.0043675849587774, 1.3157894736842106, 1.7879518072289156, 1.4666666666666666, 2.7037037037037037, 2.0, 1.4210526315789473, 1.1085899513776336, 1.0, 1.0, 1.0897435897435896, 1.1850040749796251, 1.6, 2.0, 1.6, 1.3666666666666667, 1.0, 1.9479166666666667, 1.0, 1.1260504201680672, 1.0, 2.4, 1.0167191655362167, 6.0, 1.0004476721050537, 2.3333333333333335, 1.0, 3.0, 1.4166666666666667, 1.5, 2.0, 1.0042038885969522, 1.0, 1.0, 1.0, 1.0, 1.0, 1.0, 2.0, 1.3934426229508197, 1.0, 1.0, 2.0, 1.0, 1.0, 1.0, 1.0, 1.0, 1.0, 1.0, 1.0, 1.0, 1.0869565217391304, 1.1111111111111112, 1.0, 1.0266666666666666, 1.0, 1.0, 1.1666666666666667, 1.0520936558826386, 1.75, 1.0, 1.0, 1.0, 1.0, 1.0152913570590536, 1.0, 1.0, 1.0774612693653174, 1.2012750455373407, 1.148936170212766, 2.0, 1.0, 1.0, 1.0, 1.9285714285714286, 2.0, 1.0, 1.0, 1.1335807050092765, 2.0, 1.071509906627192, 1.0, 1.0, 1.0157171717171718, 1.0, 1.0, 1.0, 2.4705882352941178, 1.1260758929024017, 1.0, 1.0, 1.4444444444444444, 1.0273109243697478, 1.0, 1.0, 2.0, 1.0, 1.0, 1.2262225644974971, 1.0, 2.0, 1.1381916329284751, 1.0, 1.0, 1.0035419126328218, 1.0, 1.0181081423325313, 1.0, 1.0, 1.2706611570247934, 1.0199667221297837, 3.3333333333333335, 1.0461538461538462, 1.0, 1.0, 4.0, 1.1532904589903974, 1.0, 1.0, 1.0, 1.0, 1.4, 1.0, 1.0, 1.5, 1.5193798449612403, 1.0, 1.0, 1.0, 1.5, 1.0, 1.2, 1.0265486725663717, 1.0, 1.0, 1.0, 1.0, 1.0, 1.0, 1.2, 1.0, 1.0, 1.0, 1.0, 1.0, 4.0, 1.1251482799525505, 1.0120481927710843, 1.0, 2.0, 1.5, 1.059047619047619, 1.0, 1.0, 1.0, 2.0, 1.0, 1.0493273542600896, 1.0869565217391304, 1.65, 1.1512770137524557, 1.0, 2.4130434782608696, 1.0, 1.0416666666666667, 1.0, 1.5, 1.0, 1.0, 1.0, 1.0937251787132645, 4.0, 1.0, 4.0, 1.037037037037037, 1.0246412281677606, 1.0, 1.0, 1.1266827752847774, 1.0021465808034344, 1.3059701492537314, 1.5, 1.0, 1.0, 1.0436128821983663, 1.0, 2.0, 1.0, 1.0, 1.5, 1.1899179366940211, 1.0, 1.0, 1.0714285714285714, 1.0, 1.0, 1.0, 1.1538461538461537, 1.0, 1.0609271523178807, 1.0424191516169676, 2.0, 1.0, 1.0, 3.0, 1.0, 1.0, 1.0, 1.0, 1.0, 2.0, 1.0, 2.0, 1.5, 1.2310344827586206, 1.0, 1.000415825115837, 1.0, 1.0, 1.2857142857142858, 1.0847784200385358, 3.0, 1.5, 1.0, 1.0, 1.0, 1.8928571428571428, 1.4789687924016282, 1.3333333333333333, 1.0, 1.0, 1.0, 1.0, 1.0, 1.0245398773006136, 1.0, 1.0, 1.0, 1.0, 1.3730569948186528, 1.092607973421927, 1.0, 1.0, 1.0609756097560976, 1.48, 2.0, 1.4518072289156627, 1.0, 1.0, 1.0, 1.0, 1.0, 1.4545454545454546, 2.0, 1.0, 1.4103343465045592, 1.0133543940264216, 1.2, 1.0, 1.0, 1.0, 1.0, 2.2, 1.0, 1.0, 1.0115894039735098, 1.0, 1.0, 1.7878787878787878, 1.3333333333333333, 1.3333333333333333, 1.0, 2.209125475285171, 1.0, 1.0, 1.3333333333333333, 1.0, 1.037037037037037, 1.1418918918918919, 1.0, 1.506578947368421, 1.0, 3.142857142857143, 1.0, 1.0, 2.0, 1.4, 1.0, 1.0, 1.0, 1.0, 1.1363636363636365, 1.0, 1.0, 1.1738303537466717, 1.0206721852806804, 1.0, 1.0, 1.0, 1.0615057235104197, 1.0, 1.4866310160427807, 1.0, 1.0021616947686987, 2.0, 1.0, 1.3846153846153846, 2.0, 1.6666666666666667, 1.0693556320708313, 1.0, 3.4615384615384617, 1.0, 1.0, 5.0, 1.0, 1.0, 1.0, 1.6, 1.6666666666666667, 1.0, 1.0, 1.5, 1.0, 1.375, 1.0, 1.0, 1.0, 1.3333333333333333, 1.0, 1.0, 1.0, 1.0, 1.0, 1.0, 1.0, 1.0, 1.1355855855855856, 1.0, 1.0, 1.0, 1.0, 1.0, 1.1904761904761905, 1.5, 1.0, 1.1636477201748907, 1.0, 1.2919334186939821, 1.0, 1.0486600846262342, 1.0, 1.1025641025641026, 2.142857142857143, 1.3846153846153846, 1.0, 1.0, 1.3157894736842106, 1.034442038968707, 1.0, 4.0, 1.469142857142857, 1.0, 1.0, 1.0, 2.0, 1.0479860458211687, 1.0, 1.8571428571428572, 1.0, 1.0, 1.0, 1.0, 1.0, 1.0, 1.0, 1.0, 1.0, 1.0, 1.5, 2.0, 1.0, 1.0, 1.0, 1.056320224719101, 1.0811342696126667, 1.0, 1.0, 1.3333333333333333, 1.053191489361702, 1.0, 2.0, 1.0829593643212978, 1.125, 1.6268115942028984, 1.0, 1.0, 1.0, 1.5, 1.25, 2.0, 1.2808602697887503, 1.0, 1.0, 1.4917776037588097, 1.0, 2.2916666666666665, 1.0, 1.0, 1.2, 1.2597864768683273, 1.0, 1.0, 1.52, 1.0155143026732085, 1.0, 1.5555555555555556, 1.5, 1.0, 1.1394108095569473, 2.0, 1.75, 1.0, 1.069672131147541, 1.0, 1.0505344995140913, 1.5, 1.0, 1.0, 1.0, 1.0, 1.0, 1.0, 2.0, 2.04, 1.0, 1.04420098224405, 1.0, 1.0380850685175298, 1.0, 1.0, 1.0, 1.0, 1.0, 1.1486486486486487, 1.1548891786179922, 2.0, 1.2088709677419356, 1.0, 1.3759059429859881, 1.2608695652173914, 2.0, 1.076271186440678, 1.3421052631578947, 2.0, 1.0, 1.0, 1.0644329896907216, 1.0, 1.0, 1.0149700598802396, 2.0, 1.0]
origin-forest_43.39 	max: 32.0000	99th: 4.0000	95th: 2.5000	median: 1.0051	mean: 1.3460

...Done, result: results.csv

WORKLOAD-FINISHED | Type: QueryWorkload | Progress: 1/3 | Workload-time: 61.735393 | Model-update-time: 0.000000


WORKLOAD-START | Type: DataUpdateWorkload | Progress: 2/3
Going to run: ['python', '/home/kangping/code_copy/SAUCE/Naru/eval_model.py', '--model=naru', '--data_update=sample', '--dataset=forest', '--drift_test=js', '--end2end', '--update_size=100000', '--query_seed=0', '--eval_type=drift']
Torch device: cuda:1
GET-MODEL-PATH=./models/end2end/naru/origin-forest-16.5MB-model62.533-data19.148-200epochs-seed0.pt
GET-DATASET-PATH=./data/forest/end2end/forest.npy
Sample - START
Sample - END
load_npy_dataset_from_path - df.shape = (681012, 10)
Parsing... done, took 0.1s
Data updated!
Previous data size: (581012, 10), new data size: (100000, 10)
[5.9604645e-07 1.1920929e-07 5.9604645e-08 2.7418137e-06 2.9802322e-07
 2.3841858e-07 2.9802322e-07 1.3113022e-06 2.3841858e-07 0.0000000e+00]
Distance score: 5.900859605389996e-07
SAUCE Drift detection: False
Detection latency: 0.0656s

WORKLOAD-FINISHED | Type: DataUpdateWorkload | Progress: 2/3 | Workload-time: 2.273555 | Model-update-time: 0.000000


WORKLOAD-START | Type: QueryWorkload | Progress: 3/3
Going to run: ['python', '/home/kangping/code_copy/SAUCE/Naru/eval_model.py', '--dataset=forest', '--model=naru', '--end2end', '--query_seed=0', '--eval_type=estimate', '--num_workload=3', '--data_update=sample', '--model_update=adapt', '--random_seed=42']
Torch device: cuda:1
GET-MODEL-PATH=./models/end2end/naru/origin-forest-16.5MB-model62.533-data19.148-200epochs-seed0.pt
ckpts [PosixPath('/home/kangping/code_copy/SAUCE/models/end2end/naru/origin-forest-16.5MB-model62.533-data19.148-200epochs-seed0.pt')]
Validate Argument: DATASET="forest" is valid.
data size: 681012, total size: 681012, split index: [567510 681012]
Parsing... done, took 0.1s
Loading ckpt: /home/kangping/code_copy/SAUCE/models/end2end/naru/origin-forest-16.5MB-model62.533-data19.148-200epochs-seed0.pt
query_seed:0
origin-forest_43.39 	max: 12.0000	99th: 5.5050	95th: 3.0000	median: 1.0656	mean: 1.4924
ReportEsts: [1.0, 1.1646034816247581, 1.0, 1.725, 2.0, 2.0, 1.2443181818181819, 1.0, 1.706896551724138, 1.0, 1.0649350649350648, 1.106351550960118, 1.0, 1.0, 2.4375, 1.4230769230769231, 2.0, 2.0, 1.4406779661016949, 1.3968253968253967, 1.0, 2.0, 1.0, 1.0, 1.01528384279476, 1.0, 1.0648517042939354, 3.0, 1.0, 1.0909090909090908, 2.0, 1.0, 1.0, 1.0, 1.0, 3.0, 1.0, 1.5, 1.0, 2.3333333333333335, 2.0, 2.0, 1.375, 1.0, 1.049645390070922, 1.125984251968504, 1.0, 2.0, 1.0, 1.0, 4.0, 1.0786473800172431, 1.0, 2.0, 3.0, 1.0553359683794465, 2.6818181818181817, 1.5, 1.0, 2.0, 1.0167770419426048, 3.6666666666666665, 2.0, 1.0, 1.0, 1.1481481481481481, 1.0774329233318463, 1.1428571428571428, 3.0, 2.0, 2.0, 1.0341463414634147, 1.1421282798833818, 1.628099173553719, 1.0, 1.1993127147766323, 1.0, 1.0, 1.0, 1.0, 2.0, 1.0, 2.0, 1.0168790962684846, 3.0, 1.5714285714285714, 1.0, 1.0, 1.3333333333333333, 1.0524252027716603, 1.0, 3.0, 2.0, 1.038383398635902, 1.18, 2.2962962962962963, 1.2083333333333333, 1.0, 1.0, 6.0, 1.75, 1.0, 1.0252844500632112, 1.5714285714285714, 2.0, 2.0, 1.0, 1.0, 1.0028855732786754, 1.75, 1.0, 1.155844155844156, 1.0, 1.0, 1.0, 2.0, 1.0, 1.0, 2.0, 1.0, 1.0, 1.0621546961325967, 1.0, 1.0, 3.0, 3.0, 1.0, 1.3371510379384395, 1.125, 2.0, 2.0, 1.0, 1.0, 1.0, 1.0725513905683193, 1.0639312977099236, 2.0, 2.4, 1.0, 1.0, 2.0, 1.0334036568213782, 1.095890410958904, 1.033578062804069, 1.0, 2.0, 2.0, 1.0, 1.0282797515902315, 1.0, 1.1176470588235294, 1.7419354838709677, 1.0, 1.2666666666666666, 1.0, 1.0, 1.0, 1.0, 4.0, 2.0, 1.0, 1.0, 3.3333333333333335, 2.6923076923076925, 1.0, 1.1650353452963567, 6.0, 1.0559965921852612, 1.0, 1.6666666666666667, 4.0, 1.0392441860465116, 1.0, 1.0, 4.0, 1.0, 1.0349187880733148, 1.0370503597122303, 3.0, 1.0306040307046547, 3.4285714285714284, 1.2004429678848283, 1.0, 3.0, 1.0, 1.0, 2.0, 3.0, 1.0, 1.1705192629815746, 1.0, 1.0, 1.7058823529411764, 1.0366493036377387, 1.0, 1.0034965034965035, 1.03968164051436, 3.0, 1.3916666666666666, 1.2654867256637168, 1.015206853044691, 1.0, 1.0, 2.0, 1.0, 2.75, 1.0, 1.0, 1.0, 2.0, 1.0573394495412844, 2.3333333333333335, 1.0408163265306123, 1.1538461538461537, 1.0, 3.0, 1.0, 1.0, 2.0, 1.0, 1.0, 3.0, 3.0, 1.0, 2.0, 1.6666666666666667, 1.0, 1.0, 1.0580697650767823, 1.06816091954023, 1.2758620689655173, 2.0, 1.0532064355313846, 1.0, 2.0, 1.0, 1.0, 1.7142857142857142, 2.0, 1.7741935483870968, 1.0, 1.5, 1.3333333333333333, 1.0883977900552486, 1.0186393289841567, 1.0, 8.0, 1.3333333333333333, 1.0, 2.0, 2.0, 1.0, 1.137748344370861, 6.0, 2.1153846153846154, 2.0, 1.0, 1.096938775510204, 1.0, 1.0687960687960687, 1.1458284645945314, 1.3333333333333333, 1.0, 1.1758474576271187, 1.0183299389002036, 4.0, 1.0, 1.0244701258597295, 2.6666666666666665, 1.3333333333333333, 1.0, 1.8888888888888888, 2.0, 1.0, 1.0, 1.8148148148148149, 1.5, 1.1760635571501794, 1.42433234421365, 1.0, 1.0312925170068028, 1.0, 1.4492753623188406, 1.0319148936170213, 1.0, 2.0, 1.75, 1.144278606965174, 1.271889400921659, 1.0137345534908333, 1.5, 1.4754098360655739, 1.0, 1.0588235294117647, 2.353801169590643, 1.0, 1.1042345276872965, 2.0, 1.3502824858757063, 1.0, 1.0, 2.1176470588235294, 3.25, 1.0, 1.0, 1.1164383561643836, 1.0, 4.0, 3.0, 1.0, 1.1538461538461537, 1.0, 1.6666666666666667, 1.0, 1.0, 1.446808510638298, 2.0, 1.0, 1.0769230769230769, 1.5, 1.0, 2.0, 2.0, 1.0, 1.0, 1.2666666666666666, 1.0, 3.0, 1.006941230911615, 2.5, 1.0, 1.0167084377610693, 2.0, 1.0, 1.0, 1.0, 1.316287878787879, 1.0, 5.0, 1.375, 1.0, 1.3238866396761133, 1.5208333333333333, 1.163265306122449, 1.5076923076923077, 1.0, 1.1695794123295564, 1.0232558139534884, 1.0, 1.2222222222222223, 1.3333333333333333, 1.1428571428571428, 12.0, 1.037037037037037, 1.0, 1.0, 1.0, 1.0, 1.0, 1.0384615384615385, 2.769230769230769, 1.0515463917525774, 1.1111111111111112, 1.0, 2.0, 1.9186046511627908, 1.1810490693739424, 1.0205938389741613, 3.0, 1.0350771818127216, 1.086021505376344, 1.0045982575024202, 1.7333333333333334, 1.619672131147541, 2.0, 1.2591836734693878, 2.0, 1.1111111111111112, 1.0251442296729274, 1.0, 1.0261832937918005, 1.0336842105263158, 1.0665899130951497, 1.0, 1.25, 3.0, 1.054945054945055, 2.0, 3.0, 3.0, 1.0515873015873016, 2.0, 1.0, 1.0, 1.0, 1.2894736842105263, 1.5, 1.4, 1.0, 2.0, 5.5, 1.0, 1.1988817891373802, 1.0, 1.0, 2.0, 1.0, 1.0160404660021272, 1.0, 1.0, 2.622525296964364, 1.0, 1.0, 1.0, 1.0, 1.0143044417026528, 1.25, 1.0704225352112675, 1.0, 1.0, 1.029856232641725, 1.0558325999804439, 1.0, 2.6, 2.0, 3.0, 1.0, 1.0973451327433628, 1.0037015440002028, 2.0, 1.6142759094028827, 1.6853932584269662, 1.0, 1.0, 1.1099476439790577, 1.3793103448275863, 2.0, 1.0, 1.047862156987875, 1.0218263032333383, 1.4, 1.053120849933599, 1.7777777777777777, 1.0, 1.0, 2.0, 1.0071791034305357, 3.0, 1.0, 1.0569230769230769, 2.0, 1.0, 1.0945273631840795, 1.0, 1.0, 1.064102564102564, 1.4, 1.0, 1.2781456953642385, 1.0912, 1.0, 3.0, 2.0, 1.0, 1.0, 1.0339854385400267, 1.0, 1.0, 1.0710498409331919, 1.0032679738562091, 1.0, 1.0, 2.0, 1.0, 1.5304347826086957, 2.0, 1.3945358401880141, 1.010061719102815, 1.3333333333333333, 3.0, 1.0, 1.0, 2.0, 1.0, 2.347826086956522, 1.0, 1.0, 1.0, 1.6470588235294117, 1.35, 1.110002591344908, 1.0, 7.571428571428571, 1.0, 1.076086956521739, 1.0, 1.0, 1.0, 1.0, 1.0, 1.0931633403188465, 1.2142857142857142, 2.0, 1.25, 1.0, 3.0, 2.0, 1.372093023255814, 1.0, 1.2203389830508475, 1.0263983090216482, 3.0, 1.5, 1.0, 1.012771392081737, 2.0, 5.2, 1.043103448275862, 1.0, 1.0089311972757526, 1.248730964467005, 1.380952380952381, 1.0, 3.0, 1.0, 1.0, 1.0, 3.0, 1.1348837209302325, 9.333333333333334, 1.7142857142857142, 3.0, 1.0, 1.0587425424506653, 1.0, 2.0, 1.25, 2.0, 1.0840840840840842, 2.0, 2.0, 1.2971887550200802, 2.0, 1.0181711995115412, 1.0, 1.0, 1.0073076923076922, 2.0, 1.0, 1.0939597315436242, 1.1875, 1.25, 1.1428571428571428, 1.03, 2.4, 2.0, 1.5, 1.3679245283018868, 1.0, 1.8333333333333333, 1.0, 1.282394366197183, 1.0, 3.75, 1.0111762407190308, 1.5, 1.0519577639953506, 1.065934065934066, 1.0, 2.0, 1.4615384615384615, 1.0, 1.4, 1.1111111111111112, 1.3728813559322033, 1.0514705882352942, 1.0, 1.0, 1.0, 1.103813559322034, 1.5, 1.0331848408548001, 1.1528121683763708, 1.0, 2.0, 2.0, 1.0, 1.0, 1.0, 1.0, 1.0, 1.0, 1.0, 1.0, 1.0, 1.2637362637362637, 1.0667218847782072, 1.5373737373737373, 1.0, 1.0, 1.3888888888888888, 2.0, 3.0, 2.0, 1.0, 1.0, 1.0, 1.0, 1.0336339345357382, 1.0, 2.0, 1.0910714285714285, 1.0, 1.0, 1.0, 1.0, 2.0, 1.0, 1.0, 2.0, 1.0, 1.625, 1.11864406779661, 1.0616966580976863, 1.5, 1.0, 1.0, 1.0389323579395957, 1.0, 2.0, 2.0, 2.823529411764706, 1.0247552436536629, 1.0, 1.0, 1.5, 1.019434628975265, 1.0, 1.0, 2.0, 1.0, 1.0, 1.1714921131749105, 1.0, 2.0, 1.025811823480433, 1.0, 2.0, 1.0330305532617672, 1.0, 1.0093437869186983, 2.0, 1.0, 1.619047619047619, 1.3943661971830985, 1.0, 2.0, 1.0, 1.4285714285714286, 1.0, 1.0314317973055727, 1.182101958222174, 1.0, 2.0, 1.3428571428571427, 1.0, 1.6, 1.6666666666666667, 1.0, 1.0, 1.0858592692828146, 1.0, 1.0, 1.2045454545454546, 4.3, 1.4947368421052631, 1.4545454545454546, 1.2679856115107915, 3.0, 1.8056872037914693, 1.02, 2.590909090909091, 2.0, 1.0, 1.0, 1.0, 1.0, 1.1555555555555554, 1.0, 1.1597051597051597, 1.0, 2.0, 2.25, 2.0, 1.1494949494949496, 2.0, 2.0, 1.0, 1.0, 1.3174603174603174, 1.0, 1.0, 1.0, 1.0299338670379394, 1.0701754385964912, 1.0, 1.1538461538461537, 1.263157894736842, 1.5, 1.1111111111111112, 1.0, 2.0, 2.0, 2.0, 3.0, 1.015762925598991, 1.0961538461538463, 1.0, 1.0, 1.0258064516129033, 1.0073996774499574, 1.0, 1.0, 1.1340053364957012, 1.0057546429505624, 1.2721518987341771, 1.4285714285714286, 2.0, 1.0, 1.2675709001233046, 1.2272727272727273, 6.0, 1.0, 1.0, 5.0, 1.004149377593361, 1.0, 1.903225806451613, 1.0, 2.0, 1.027027027027027, 2.0, 1.5, 3.0, 1.0, 1.045761175996778, 3.288135593220339, 1.3403669724770642, 1.0, 1.0, 4.0, 2.0, 1.0, 1.0, 1.0, 1.0, 3.0, 1.0, 3.0, 1.5, 1.2597014925373133, 1.5, 1.0082591148272397, 2.0, 1.0, 1.105263157894737, 1.1067193675889329, 3.0, 1.0, 2.0, 1.0, 2.0, 1.9666666666666666, 1.0110584518167456, 4.0, 2.0, 1.0, 2.0, 1.0, 1.0, 1.763779527559055, 1.0, 1.0, 3.0, 1.0, 1.4009009009009008, 1.1154668567355666, 1.0, 1.0, 1.0552763819095476, 1.5555555555555556, 2.0, 1.4467005076142132, 1.0, 1.0, 1.0, 1.0, 1.0, 1.2307692307692308, 2.0, 1.0, 1.2724935732647815, 1.3330616237365505, 1.0833333333333333, 1.0, 1.3, 1.0, 1.3076923076923077, 2.0, 2.0, 1.0, 1.0358902575587905, 1.6153846153846154, 1.0, 1.0, 1.1866359447004609, 1.130100816130581, 1.0, 1.5, 3.0, 1.5352112676056338, 1.0, 1.077384684281236, 2.3469387755102042, 1.2197859116022098, 1.81, 1.0083102493074791, 1.0, 1.1269113149847094, 1.6666666666666667, 2.0, 2.0, 1.0, 1.0, 1.4545454545454546, 2.0, 3.0, 1.0, 1.0, 1.0, 1.0, 1.0, 4.842105263157895, 3.0, 2.0, 2.0, 1.1662420382165606, 1.6851851851851851, 2.0, 1.0, 1.9897330595482545, 6.857142857142857, 1.0, 1.411764705882353, 1.0, 1.0, 1.0, 1.0, 1.8, 1.0, 2.0, 1.3604240282685511, 3.0, 1.0, 1.0909090909090908, 1.2411575562700965, 1.0, 1.122060857538036, 1.0, 1.0, 1.0, 2.0, 1.0591497227356748, 1.0, 1.0, 1.0, 1.0, 1.0, 1.0, 1.0, 1.0, 1.0, 2.0, 1.0, 1.0, 1.0916450087341827, 1.0, 1.0, 1.0, 1.0, 1.0, 1.3333333333333333, 1.0, 1.0, 2.5, 1.0, 1.0, 1.0, 2.0, 1.0, 1.0444444444444445, 1.0344896849965735, 1.3333333333333333, 1.062374245472837, 1.5, 1.205128205128205, 1.0, 1.065265760197775, 1.0, 4.0, 1.5103244837758112, 1.0, 1.0, 2.0, 1.375, 1.0841121495327102, 1.0, 1.0281904078459514, 1.0049437032831867, 1.0171428571428571, 2.0, 1.0, 2.0, 1.0, 1.0, 1.0, 2.0, 2.0, 1.4, 2.0, 1.0, 1.0, 2.0, 1.0396977692492204, 1.085, 1.0, 1.0, 1.2142857142857142, 1.0666666666666667, 1.0, 2.0, 1.0390161725067386, 1.0, 1.665625, 1.0, 1.0, 1.0, 1.5, 3.2941176470588234, 1.0, 1.2330840206906193, 2.0, 2.0, 1.479185938945421, 6.0, 1.1884984025559104, 1.3693693693693694, 1.5, 2.0, 1.2492581602373887, 1.0, 1.5, 2.3, 2.0, 2.0, 1.0324828939691295, 1.0, 3.0, 1.0202127659574467, 2.5, 1.0, 1.0, 2.25, 1.5498721227621484, 1.0, 1.0061480887463246, 1.5, 2.0, 1.0, 2.0, 1.0, 2.0, 1.0, 3.0, 1.9666666666666666, 1.0, 1.0453324378777704, 1.6666666666666667, 1.0443714050944946, 1.0, 1.0, 1.0, 2.0, 1.0, 5.0, 1.2285714285714286, 2.0, 1.0, 2.0, 1.072992700729927]
origin-forest_43.39 	max: 12.0000	99th: 5.5050	95th: 3.0000	median: 1.0656	mean: 1.4924

...Done, result: results.csv

WORKLOAD-FINISHED | Type: QueryWorkload | Progress: 3/3 | Workload-time: 62.706636 | Model-update-time: 0.000000


Experiment Summary: #data-update-times=1, #drift=0 | total-time=126.880124