Input arguments = Namespace(data_update='tupleskew', update_size=100000, dataset='forest', debug=False, drift_test='js', model_update='adapt', model='naru', end2end=False, query_seed=0, random_seed=42, num_workload=3)
JSON-passed parameters = {'data_updater': {'skew_ratio': '1e-2'}, 'random_seed': 66, 'naru': {'epochs': 0}}
MODEL-PATH=/home/kangping/code_copy/SAUCE/models/end2end/naru/origin-forest-16.5MB-model62.533-data19.148-200epochs-seed0.pt
DATASET-PATH=/home/kangping/code_copy/SAUCE/data/forest/end2end/forest.npy
Workloads: ['QueryWorkload', 'DataUpdateWorkload', 'QueryWorkload']

WORKLOAD-START | Type: QueryWorkload | Progress: 1/3
Going to run: ['python', '/home/kangping/code_copy/SAUCE/Naru/eval_model.py', '--dataset=forest', '--model=naru', '--query_seed=0', '--end2end', '--eval_type=first_estimate', '--num_workload=3', '--data_update=tupleskew', '--model_update=adapt', '--random_seed=42']
Torch device: cuda:1
GET-MODEL-PATH=./models/end2end/naru/origin-forest-16.5MB-model62.533-data19.148-200epochs-seed0.pt
ckpts [PosixPath('/home/kangping/code_copy/SAUCE/models/end2end/naru/origin-forest-16.5MB-model62.533-data19.148-200epochs-seed0.pt')]
Validate Argument: DATASET="forest" is valid.
load_csv_dataset - forest (581012, 10)
Parsing... done, took 0.0s
Loading ckpt: /home/kangping/code_copy/SAUCE/models/end2end/naru/origin-forest-16.5MB-model62.533-data19.148-200epochs-seed0.pt
query_seed:0
origin-forest_43.39 	max: 52.0000	99th: 4.0000	95th: 2.3944	median: 1.0037	mean: 1.3746
ReportEsts: [1.0, 1.238978069183812, 1.0, 1.6857142857142857, 2.6666666666666665, 1.0, 1.259016393442623, 1.0, 1.2202898550724637, 2.0, 1.046875, 3.0, 1.0, 1.0, 3.0, 1.0237819195773408, 1.0, 1.4285714285714286, 1.0754716981132075, 1.0, 1.0, 3.0, 1.3333333333333333, 1.4, 2.0, 1.0, 1.0475596190889607, 1.3, 3.0, 1.1930835734870318, 1.0, 1.0064892926670992, 1.5555555555555556, 1.0, 1.7313432835820894, 1.0091575091575091, 1.1397350993377484, 1.0, 1.1943866943866943, 1.0, 2.0, 1.0, 1.0, 1.0, 1.5203252032520325, 1.1192660550458715, 1.0, 2.0, 1.0, 1.0, 3.0, 1.018138357705287, 1.0, 1.0, 9.0, 1.085308056872038, 1.1763698630136987, 1.2647058823529411, 1.0, 1.0, 1.051877133105802, 1.0, 1.0, 1.1570776255707762, 1.1592356687898089, 1.0, 1.2256410256410257, 1.386138613861386, 1.465863453815261, 1.0, 2.0, 1.0, 1.2371134020618557, 1.1220385384858376, 2.0, 1.5, 1.0, 1.0, 1.0, 1.0, 1.0, 1.0, 1.0108115400181157, 3.5, 1.5294117647058822, 1.0, 1.0, 1.3333333333333333, 1.2426219694702185, 1.0, 4.0, 1.173913043478261, 1.0, 1.2458333333333333, 1.0, 1.0, 1.0682981351844225, 1.484076433121019, 1.0, 1.0, 1.0, 1.0, 1.0, 1.0, 1.0344827586206897, 1.0, 1.0, 1.0, 1.018450184501845, 1.0, 1.0070422535211268, 1.0, 1.0, 1.0383907441493558, 1.1597633136094674, 2.0, 1.0, 2.0, 1.0, 1.0, 1.0, 2.0, 3.0, 1.0, 1.121830985915493, 1.1428571428571428, 1.0, 1.3333333333333333, 1.0, 1.0, 1.0, 1.0207210444364594, 1.0701762610163135, 2.0, 2.75, 1.0, 1.0, 2.0, 1.018389865140989, 1.0327868852459017, 1.0066899360093078, 1.0, 1.0, 1.2, 1.0, 1.0199597143380332, 1.0, 1.0333333333333334, 2.2857142857142856, 1.0, 1.4, 1.0, 1.0, 1.0, 1.0, 2.0, 1.0, 1.0, 1.0, 2.6666666666666665, 2.909090909090909, 1.0, 1.1554863813229572, 4.0, 1.019913812655931, 1.0, 2.0, 2.0, 1.0766550522648084, 1.0, 1.0, 1.0, 1.2912621359223302, 1.6111111111111112, 1.0, 1.0, 1.5627376425855513, 1.0, 1.3297752808988763, 1.0, 1.1505376344086022, 1.0, 1.0, 1.029295416633569, 1.0, 1.1041242833364158, 1.0, 1.0, 2.388888888888889, 1.0189547024689063, 1.0, 1.0303030303030303, 1.6428571428571428, 1.0, 1.0, 1.0, 1.0, 1.8333333333333333, 1.0, 1.1830096320858992, 1.235628553379659, 1.0, 1.0, 1.0, 2.0, 32.0, 1.0681818181818181, 1.0, 1.0, 1.0, 1.0, 1.1176470588235294, 1.0, 1.125, 1.0, 1.0, 1.0, 1.0141509433962264, 1.0, 1.0, 1.0, 1.187055123323953, 3.0, 1.0, 1.069767441860465, 1.0, 1.0596026490066226, 1.0, 1.0142857142857142, 1.0, 1.0, 1.0, 1.8333333333333333, 1.0, 52.0, 1.0, 3.0, 1.0, 1.0518259725203278, 1.0464199414981559, 1.0, 1.3333333333333333, 1.0, 1.0352139341158653, 1.2484076433121019, 1.1428571428571428, 1.0, 1.1573926868044515, 2.5, 1.2080479452054795, 1.0, 1.0, 1.1524390243902438, 1.0, 1.0119047619047619, 1.1201923076923077, 1.1666666666666667, 1.0, 1.0417582417582418, 1.03, 4.0, 1.0, 1.0865943220431875, 1.25, 2.0, 1.0, 1.875, 1.0, 1.0, 1.0, 1.52, 1.3333333333333333, 2.0660901791229156, 2.0, 1.0, 1.0865215303345606, 1.125, 2.0, 1.12, 1.0, 1.5, 1.0, 1.1111111111111112, 1.0, 1.0, 1.0, 1.0, 1.0, 1.681081081081081, 1.0, 1.4285714285714286, 1.0, 1.0, 1.0, 1.0, 1.690781796966161, 2.95, 1.1420118343195267, 1.4751381215469612, 1.0, 1.0853391684901532, 1.0, 1.0, 3.0, 1.0, 1.0628930817610063, 1.0, 2.0, 1.0, 1.2, 2.0, 1.0, 1.0909090909090908, 1.0, 1.0, 1.0, 1.0, 1.0, 1.0, 1.0588235294117647, 1.0, 1.0, 1.0209251101321586, 2.5, 1.0, 1.0413501058662349, 1.0, 1.0, 1.0, 1.0, 1.2222222222222223, 1.0, 3.0, 1.0, 1.6666666666666667, 1.3534883720930233, 1.0, 1.0909090909090908, 1.4268292682926829, 1.0, 1.0013453776667307, 1.009090909090909, 1.0, 1.1290322580645162, 1.0, 1.3333333333333333, 10.0, 1.5, 1.0, 1.0, 1.0, 1.0, 1.0, 1.4913793103448276, 1.8181818181818181, 1.037037037037037, 6.0, 1.0, 1.0, 1.0, 1.243083003952569, 1.1, 1.6666666666666667, 1.417452313089235, 1.0511981566820277, 1.0209390862944163, 1.0370557011355237, 1.2792452830188679, 1.0, 1.683794466403162, 1.0, 1.0581178352439349, 1.0302341339895504, 1.0, 1.0097634982198134, 1.0377766399271775, 1.074000086854562, 1.0, 1.25, 1.0, 1.0256410256410255, 1.0, 1.0, 1.0530973451327434, 1.3783783783783783, 1.0, 2.236842105263158, 1.0, 1.1268511593118924, 1.0, 1.1, 1.75, 2.0, 1.0, 4.25, 1.0, 1.181058495821727, 1.0, 1.0, 1.0, 1.0, 1.0164393247503167, 1.0, 2.0, 1.1917098445595855, 1.180633147113594, 1.0501474926253687, 1.1607314725697786, 1.2731481481481481, 1.0302425818402023, 1.0029498525073746, 3.6666666666666665, 1.0, 1.0, 1.0313033033033032, 1.0429222907165938, 1.0, 2.75, 1.0, 1.0, 1.0, 1.0, 1.0, 1.0, 1.0, 1.0369484316852737, 1.6666666666666667, 1.402387041773231, 1.0, 1.0, 1.0, 1.0797202797202796, 1.0335649192456915, 1.2, 1.0336906584992342, 1.75, 1.0, 1.0, 1.0, 1.021518361969589, 2.5, 1.0, 1.0980908492429229, 1.0, 2.533333333333333, 1.0, 1.0, 1.0, 1.0287794931546752, 1.0, 1.0, 1.0, 1.0526315789473684, 1.26, 1.032496307237814, 3.1818181818181817, 1.0, 1.0, 1.2366666666666666, 1.25, 2.0, 1.159178433889602, 1.0, 1.3, 1.0, 1.0, 1.1, 1.0, 1.0, 1.2222222222222223, 1.0551366994136013, 1.0006365951255, 1.164835164835165, 1.0731707317073171, 1.0, 1.0, 1.7142857142857142, 1.0, 1.1262675825973176, 1.2307692307692308, 3.0, 1.5, 1.0443159922928709, 1.518716577540107, 1.0, 1.0059741439051784, 1.25, 2.0, 1.0113244547883804, 5.0, 1.0306808859721084, 1.0, 1.0, 1.0, 1.095334581548642, 1.0714285714285714, 2.0, 1.12, 1.0, 2.0, 1.0, 1.625, 1.0, 1.2119205298013245, 1.0337733740144397, 2.0, 1.5, 1.0, 1.0132939438700148, 2.0, 4.0, 1.0404040404040404, 1.0, 1.0456147665251667, 1.1864406779661016, 1.3888888888888888, 1.0, 1.6666666666666667, 1.0, 1.0, 1.0388926630434783, 2.0, 2.0, 1.1119311193111932, 2.2, 1.0, 1.0323323073510247, 1.0, 2.8, 1.0, 2.0, 1.0, 1.0636704119850187, 1.0, 2.0, 1.4, 1.0054877140429919, 1.638157894736842, 1.4612676056338028, 1.375, 2.7037037037037037, 2.0, 1.6842105263157894, 1.1085899513776336, 1.0, 1.0, 1.0897435897435896, 1.0472697636511819, 2.0, 2.0, 1.6, 1.3666666666666667, 1.0, 2.010752688172043, 1.0, 1.171641791044776, 1.0, 3.0, 1.0014586105133028, 6.0, 1.0038780887982897, 2.3333333333333335, 1.0, 3.0, 1.4166666666666667, 1.0, 2.0, 1.010576414595452, 1.0, 1.0, 1.0, 1.0, 1.0, 1.0196078431372548, 2.0, 1.3764705882352941, 1.0, 1.0, 2.0, 1.0, 1.0, 1.0, 1.0, 1.0, 1.0, 1.0, 1.0, 1.0, 1.3636363636363635, 1.1111111111111112, 2.0, 1.045, 1.0, 1.0, 1.75, 1.029382350588047, 1.8666666666666667, 1.0, 1.0, 1.0, 1.0, 1.0150047634169577, 1.0, 1.0, 1.0522205954123962, 1.1590509666080844, 1.1063829787234043, 2.0, 1.0, 1.0, 1.0, 1.588235294117647, 2.0, 1.0, 1.0, 1.88, 2.0, 1.0488185465893891, 1.0, 1.0, 1.0288383838383839, 1.0, 1.0, 1.0, 2.3333333333333335, 1.056327982349361, 1.0, 1.0, 1.3, 1.0286298568507157, 1.0, 1.0, 2.0, 1.0, 1.0, 1.2072583750481325, 1.0, 2.0, 1.103060423750981, 1.0, 1.0, 1.0603792415169662, 1.0, 1.0022793465873117, 1.0, 1.0, 1.0826446280991735, 1.04891846921797, 1.25, 1.0461538461538462, 1.0, 1.0, 1.3333333333333333, 1.1252363761389033, 1.0, 1.0, 1.0, 1.0, 1.7, 1.0, 1.0, 1.5, 1.022370486656201, 1.0, 1.0, 1.0, 1.5, 1.0, 1.2, 1.0176991150442478, 1.0, 1.0, 1.0, 1.0, 1.0, 1.0, 1.3, 1.0, 1.0, 1.0, 1.0, 1.0, 4.0, 1.156797153024911, 1.5391566265060241, 1.0, 2.0, 1.5, 1.1097804391217565, 1.0, 1.0, 1.0, 2.0, 1.0, 1.0574564234990316, 1.076086956521739, 4.714285714285714, 1.0159680638722555, 1.0, 1.84, 1.0, 1.1363636363636365, 1.0, 2.0, 1.0, 1.0, 1.0, 1.0446623093681917, 4.0, 1.0, 2.0, 1.0222222222222221, 1.0060629658471465, 1.0, 1.0, 1.1921110299488678, 1.02001876759462, 1.2686567164179106, 1.5, 1.0, 1.0, 1.0039722148662689, 1.0, 1.6, 1.0, 1.0, 1.0, 1.003516998827667, 1.0, 1.0, 1.0714285714285714, 1.0, 1.0, 1.0, 1.1538461538461537, 1.0, 1.0356483191725157, 1.0781928757602086, 2.0, 1.0, 1.0, 3.0, 1.0, 1.0, 1.0, 1.0, 1.0, 2.0, 1.0, 2.0, 1.5, 1.2352941176470589, 1.0, 1.0139945788575444, 1.0, 1.0, 1.125, 1.0400801603206413, 3.0, 1.0, 1.0, 1.0, 1.0, 1.9285714285714286, 1.2868949232585596, 3.0, 1.0, 1.0, 1.0, 1.0, 1.0, 1.0208768267223383, 1.0, 1.0, 1.0, 1.0, 1.501416430594901, 1.1088039867109634, 1.0, 1.0, 1.2253521126760563, 1.48, 2.0, 1.391566265060241, 1.0, 1.0, 1.0, 1.0, 1.0, 1.4545454545454546, 2.0, 1.0, 1.3525835866261398, 1.1556588118154663, 1.2, 1.0, 1.0, 1.0, 1.0, 2.0, 1.0, 1.0, 1.5976821192052981, 1.0, 1.0, 1.3636363636363635, 1.3333333333333333, 1.0588235294117647, 1.0, 1.7447447447447448, 1.0, 1.0, 3.0, 1.0, 1.0, 1.0242214532871972, 1.0, 1.5921052631578947, 1.0, 4.0, 1.0, 1.0, 1.0, 1.4, 1.0, 1.0, 1.0, 1.0, 1.2048192771084338, 1.0, 1.0, 1.115506529732471, 1.0018126614401595, 1.0, 1.0, 1.0, 1.042632814793073, 1.0, 1.0446927374301676, 1.0, 1.0457290767903364, 2.0, 1.0, 1.3846153846153846, 1.3333333333333333, 1.6666666666666667, 1.0865715691096902, 1.0, 2.142857142857143, 1.0, 1.0, 2.5, 1.0, 1.0, 1.0, 1.3333333333333333, 1.6666666666666667, 1.0, 1.0, 1.5, 1.0, 1.625, 1.0, 2.0, 1.0, 2.0, 1.0, 1.0, 1.0, 1.0, 1.0, 1.0, 1.0, 1.0, 1.1992992992992992, 2.0, 1.0, 1.0, 1.0, 1.0, 1.2619047619047619, 1.5, 1.0, 1.0257648953301126, 1.0, 1.2996158770806658, 1.0, 1.0516265912305516, 1.0, 1.048780487804878, 1.6216216216216217, 1.3076923076923077, 1.0, 1.0, 1.368421052631579, 1.0588235294117647, 1.0, 4.0, 1.4325714285714286, 1.0, 1.0, 1.0, 2.0, 1.0091601251254205, 1.0, 1.8571428571428572, 1.0, 1.0576923076923077, 1.0, 1.0, 1.0, 1.0, 1.0, 1.0, 1.0, 1.0, 1.5, 2.0, 1.0, 1.0, 1.0, 1.0581460674157304, 1.0585025494230254, 1.0, 1.0, 1.4545454545454546, 1.050531914893617, 1.0, 2.0, 1.011823296836983, 1.0555555555555556, 1.358695652173913, 1.0, 1.0, 1.0, 1.5, 1.5517241379310345, 1.0, 1.2695509586276488, 1.0, 1.0, 1.5193810815122029, 1.0, 1.2916666666666667, 1.0, 1.0, 1.5, 1.206405693950178, 1.0, 1.0, 1.7674418604651163, 1.008102942217527, 1.0, 1.2727272727272727, 1.5, 1.0, 1.101020644861981, 2.0, 1.75, 1.0, 1.3032786885245902, 1.0, 1.2362010484119643, 1.5, 1.0, 1.0, 1.0, 1.0, 1.0, 1.0, 2.0, 2.04, 1.0, 1.2369158878504674, 1.0, 1.0067875926179661, 1.0, 1.0, 1.0, 1.0, 1.0, 1.054054054054054, 1.1595758607147533, 2.0, 1.2637096774193548, 1.0, 1.4630929953759206, 1.380952380952381, 2.0, 1.0423728813559323, 1.3909090909090909, 2.0, 1.0, 1.0, 1.0626072041166381, 1.0, 1.0, 1.0241691842900302, 2.0, 1.0]
origin-forest_43.39 	max: 52.0000	99th: 4.0000	95th: 2.3944	median: 1.0037	mean: 1.3746

...Done, result: results.csv

WORKLOAD-FINISHED | Type: QueryWorkload | Progress: 1/3 | Workload-time: 60.977929 | Model-update-time: 0.000000


WORKLOAD-START | Type: DataUpdateWorkload | Progress: 2/3
Going to run: ['python', '/home/kangping/code_copy/SAUCE/Naru/eval_model.py', '--model=naru', '--data_update=tupleskew', '--dataset=forest', '--drift_test=js', '--end2end', '--update_size=100000', '--query_seed=0', '--eval_type=drift']
Torch device: cuda:1
GET-MODEL-PATH=./models/end2end/naru/origin-forest-16.5MB-model62.533-data19.148-200epochs-seed0.pt
GET-DATASET-PATH=./data/forest/end2end/forest.npy
TupleSkewSample - START
0.01
TupleSkewSample - END
load_npy_dataset_from_path - df.shape = (681012, 10)
Parsing... done, took 0.1s
Data updated!
Previous data size: (581012, 10), new data size: (100000, 10)
[3.0994415e-06 2.3841858e-06 4.2915344e-06 3.5762787e-07 7.7486038e-07
 3.5762787e-06 2.3841858e-07 2.6226044e-06 1.1920929e-07 1.5497208e-06]
Distance score: 1.9013881455975934e-06
SAUCE Drift detection: True
Detection latency: 0.0668s

DRIFT-DETECTED after 2-th workload
Going to run: ['python', '/home/kangping/code_copy/SAUCE/Naru/incremental_train.py', '--dataset=forest', '--end2end', '--model=naru', '--model_update=adapt', '--update_size=100000', '--epochs=0']
Torch device: cuda:1
GET-MODEL-PATH=./models/end2end/naru/origin-forest-16.5MB-model62.533-data19.148-200epochs-seed0.pt
update_size: 100000
AdaptTask - START
GET-DATASET-PATH=./data/forest/end2end/forest.npy
load_npy_dataset_from_path - df.shape = (681012, 10)
Parsing... done, took 0.1s
done, took 0.1s
dataset size: 681012
train data shape: torch.Size([100000, 10]), transfer data shape:torch.Size([20000, 10])
Training done; evaluating likelihood on full data:
Epoch None Iter 0, test loss 43.5479 nats / 62.8263 bits
Saved to: /home/kangping/code_copy/SAUCE/models/end2end/naru/origin-forest-16.5MB-model62.533-data19.148-200epochs-seed0.pt
AdaptTask - END

WORKLOAD-FINISHED | Type: DataUpdateWorkload | Progress: 2/3 | Workload-time: 2.243419 | Model-update-time: 4.752488


WORKLOAD-START | Type: QueryWorkload | Progress: 3/3
Going to run: ['python', '/home/kangping/code_copy/SAUCE/Naru/eval_model.py', '--dataset=forest', '--model=naru', '--end2end', '--query_seed=0', '--eval_type=estimate', '--num_workload=3', '--data_update=tupleskew', '--model_update=adapt', '--random_seed=42']
Torch device: cuda:1
GET-MODEL-PATH=./models/end2end/naru/origin-forest-16.5MB-model62.533-data19.148-200epochs-seed0.pt
ckpts [PosixPath('/home/kangping/code_copy/SAUCE/models/end2end/naru/origin-forest-16.5MB-model62.533-data19.148-200epochs-seed0.pt')]
Validate Argument: DATASET="forest" is valid.
data size: 681012, total size: 681012, split index: [567510 681012]
Parsing... done, took 0.1s
Loading ckpt: /home/kangping/code_copy/SAUCE/models/end2end/naru/origin-forest-16.5MB-model62.533-data19.148-200epochs-seed0.pt
query_seed:0
origin-forest_43.39 	max: 34.0000	99th: 26.0000	95th: 18.0000	median: 1.0362	mean: 2.8735
ReportEsts: [1.0, 1.0113977204559088, 1.0, 1.95, 2.0, 1.0, 1.2005649717514124, 1.0, 2.847682119205298, 1.0, 1.1940298507462686, 1.8333333333333333, 1.0, 1.0, 2.126984126984127, 1.1265822784810127, 1.0, 8.0, 1.358974358974359, 1.9615384615384615, 1.0, 15.0, 1.0, 1.0, 1.0346320346320346, 1.0, 1.0818057351487032, 2.0, 1.0, 2.0, 1.3333333333333333, 1.0, 1.0, 1.0, 1.0, 2.0, 1.0, 7.0, 1.0, 1.0, 2.0, 1.0, 1.0, 1.0, 1.5121951219512195, 1.2148760330578512, 1.0, 2.0, 1.0, 1.0, 3.0, 1.0061907020872864, 1.0, 1.0, 6.0, 1.112033195020747, 1.1111111111111112, 1.4705882352941178, 1.0, 27.0, 1.0374109263657958, 1.6666666666666667, 18.0, 1.0, 1.0, 1.1130434782608696, 1.0607377965470128, 1.0, 2.0, 22.0, 16.0, 1.6, 1.1048606435976842, 1.1214574898785425, 1.0, 1.5161290322580645, 1.0, 1.0, 1.0, 1.0, 16.0, 1.0, 2.0, 1.0103326279592646, 2.3333333333333335, 1.1515151515151516, 1.0, 1.0, 1.3333333333333333, 1.0815818584070795, 1.0, 5.833333333333333, 26.0, 1.091478895588702, 1.0689655172413792, 4.0, 1.0, 1.0, 1.0, 3.4285714285714284, 1.0, 1.0, 1.0175775621938334, 1.8333333333333333, 2.0, 1.0, 1.0, 1.0, 1.0332220963153171, 1.5, 1.0, 1.1, 1.0, 1.0, 1.0, 1.0, 1.0, 1.0, 1.0, 1.0, 1.0, 1.093628088426528, 1.0, 1.0, 2.0, 3.0, 1.0, 1.2346590909090909, 1.2857142857142858, 1.0, 27.0, 1.0, 1.0, 1.0, 1.0351061593441244, 1.0695034892115185, 2.0, 3.125, 1.0, 1.0, 2.0, 1.0459770114942528, 1.1746031746031746, 1.0603307833970816, 1.0, 1.0, 2.6, 1.0, 1.045299608347724, 1.0, 1.2, 1.7777777777777777, 1.0769230769230769, 6.25, 1.0, 1.0, 1.0, 1.0, 4.0, 1.0, 1.0, 1.0, 3.3333333333333335, 2.4615384615384617, 19.0, 1.6666666666666667, 2.0, 1.0403474903474903, 1.0, 1.3333333333333333, 2.0, 1.1577287066246056, 1.0, 1.0, 1.8461538461538463, 1.0, 1.0024846048008977, 1.093503567405182, 1.0, 1.0012015792184012, 1.108695652173913, 1.2187147688838782, 1.0, 3.0, 1.0, 1.0, 1.0, 3.0, 1.0, 1.1957618567103936, 1.0, 1.0, 1.530612244897959, 1.026441603241985, 1.0, 1.1904761904761905, 1.0363305182977314, 2.0, 1.0, 6.428571428571429, 1.1915571795071134, 1.0, 1.0, 13.0, 1.0, 3.0, 1.0, 1.0, 1.0, 21.0, 1.0588235294117647, 2.3333333333333335, 11.5, 2.5555555555555554, 1.0, 25.0, 1.088235294117647, 1.0, 1.0, 1.0, 1.0, 23.0, 34.0, 1.0, 1.6666666666666667, 1.5555555555555556, 1.0, 1.0, 1.1486640785567481, 1.0719052001840774, 1.0571428571428572, 1.0, 1.0971978984238178, 1.0, 4.75, 1.0, 1.0, 1.5714285714285714, 26.0, 1.4857142857142858, 1.0, 3.0, 1.0, 1.0253743760399334, 1.0335826591360098, 1.0, 2.0, 21.0, 1.0, 1.0, 2.1739130434782608, 1.0, 1.148, 5.0, 1.5217391304347827, 21.0, 1.0, 1.4141414141414141, 1.0, 1.3844155844155843, 1.0705263157894738, 1.0714285714285714, 1.0, 1.2685589519650655, 1.0158415841584159, 2.0, 1.0, 1.0449746523417516, 8.5, 1.3333333333333333, 1.0, 2.125, 1.0, 1.0, 1.0, 1.0857142857142856, 1.3333333333333333, 1.2176628010704729, 1.19375, 1.0, 2.166023166023166, 1.0, 1.1931818181818181, 1.0354191263282173, 1.0, 1.0, 4.5, 1.2203791469194314, 1.3125, 1.0289312268395452, 1.5, 1.1132075471698113, 1.0, 1.1538461538461537, 2.3412935323383084, 1.0, 1.316205533596838, 16.0, 1.39375, 1.0, 1.0, 1.4545454545454546, 8.0, 1.0, 1.0, 1.019108280254777, 1.0, 3.0, 1.0, 1.0, 1.0833333333333333, 1.0, 1.6666666666666667, 1.0, 1.0, 1.3518518518518519, 2.0, 1.0, 1.0833333333333333, 20.0, 1.0, 1.0, 1.0, 1.0, 1.0, 1.3846153846153846, 1.0, 1.0, 1.0460927960927962, 3.0, 1.0, 1.0634452634452634, 13.0, 1.0, 1.0, 1.0, 1.3424657534246576, 1.0, 3.0, 17.0, 1.0, 1.4775510204081632, 27.0, 1.0740740740740742, 1.8475609756097562, 2.0, 1.1009393408692882, 1.5267857142857142, 1.0, 1.0, 1.0, 1.0, 10.0, 20.0, 1.0, 1.0, 1.0, 1.0, 1.0, 1.3533834586466165, 5.5, 1.0208333333333333, 28.0, 1.0, 20.0, 1.7173913043478262, 1.3356164383561644, 1.0027203482045701, 3.0, 1.0010322284665674, 1.0526315789473684, 1.0046251217137294, 4.846153846153846, 1.8013245033112584, 27.0, 1.0383064516129032, 2.0, 6.6, 1.0495201182661449, 1.0, 1.0137250382415188, 1.033093664512068, 1.061842782557541, 1.0, 1.25, 1.0, 1.0166666666666666, 17.0, 1.0, 2.0, 1.0228401191658392, 24.0, 1.0756302521008403, 1.0, 1.0, 1.024390243902439, 1.5, 1.25, 1.0, 18.0, 4.25, 1.0, 1.152, 1.0, 1.0, 1.0, 1.0, 1.0008595560206293, 1.0, 2.0, 2.5290377278507843, 1.0, 1.1666666666666667, 1.0, 1.0, 1.0063722043248133, 1.2173913043478262, 1.9411764705882353, 1.0, 1.0, 1.0360905349794238, 1.0570716658756525, 1.0, 2.2, 21.0, 2.0, 1.0, 1.5492957746478873, 1.0201178256283605, 1.0, 1.8182476466328747, 1.0857142857142856, 1.0, 1.0, 1.032258064516129, 1.1, 15.0, 2.0, 1.0680933852140078, 1.0363899140578625, 1.4, 1.0217113665389528, 1.5555555555555556, 1.0, 1.0, 1.0, 1.0749559290163357, 3.0, 18.0, 1.0191489361702128, 14.0, 1.0, 1.0846560846560847, 1.0, 1.0, 1.1610738255033557, 2.3333333333333335, 1.411764705882353, 1.580392156862745, 1.151023890784983, 1.0, 8.0, 2.0, 1.0, 1.0, 1.0521728357918396, 1.0, 1.0, 1.0657174151150055, 1.0766550522648084, 1.0, 1.0, 1.0, 1.0, 1.396551724137931, 13.0, 1.266068759342302, 1.0424271682418256, 1.0, 2.0, 1.0813704496788008, 1.0, 1.0, 1.0, 1.4642857142857142, 1.0, 1.0, 1.0, 1.5294117647058822, 1.0476190476190477, 1.041165369190847, 1.0, 3.2777777777777777, 1.0, 1.0, 1.0, 2.0, 1.0, 1.0, 1.0, 1.0861005381283633, 1.2142857142857142, 2.0, 1.44, 1.0, 4.8, 18.0, 2.142857142857143, 1.0, 1.3072289156626506, 1.0104540767343455, 2.0, 1.5, 1.0, 1.051497005988024, 12.0, 6.666666666666667, 1.116504854368932, 1.0, 1.0198298083791422, 1.5714285714285714, 1.1904761904761905, 1.0, 24.0, 1.0, 1.0, 1.0, 13.0, 1.2175480769230769, 1.7692307692307692, 2.0, 2.0, 1.0, 1.1149793861658268, 1.0, 14.0, 1.25, 28.0, 1.1584022038567494, 20.0, 1.0, 1.9095477386934674, 2.0, 1.0075149406832575, 1.0, 1.0, 1.356135770234987, 19.0, 1.0, 1.2442748091603053, 16.0, 5.0, 1.2692307692307692, 1.2353463587921847, 2.2, 2.0, 1.3333333333333333, 1.5188679245283019, 1.0, 1.8278688524590163, 1.0, 1.407871198568873, 1.0, 2.4, 1.067502790728216, 1.8, 1.053641795865633, 1.25, 1.0, 3.0, 1.308411214953271, 1.0, 1.1168831168831168, 1.1176470588235294, 1.2407407407407407, 1.2527733755942947, 1.0, 1.0, 1.0, 1.15625, 1.5, 1.105164903546982, 1.1306042884990253, 1.0, 17.0, 2.0, 1.0, 1.0, 1.0, 1.0, 1.0, 1.0, 1.0, 1.0, 1.0, 2.392638036809816, 1.0148971566848155, 1.5039370078740157, 1.0, 1.0, 1.3333333333333333, 2.0, 8.0, 26.0, 1.0, 1.0, 1.0, 1.0, 1.0229904516828063, 1.0, 23.0, 1.0711346266901822, 1.0, 1.0, 1.0, 1.5, 1.5, 1.0, 1.0, 1.0, 1.0, 2.2, 1.0919012404580153, 1.0138036809815951, 9.5, 1.0, 1.0, 1.0194910999744582, 1.0, 1.0, 1.0, 2.210526315789474, 1.1018569202913806, 1.0, 1.0, 1.1818181818181819, 1.2003853564547207, 21.0, 1.0, 1.0, 1.0, 1.0, 1.1108085462924173, 1.0, 2.0, 1.019877049180328, 1.0, 1.0, 1.0544460794618458, 1.0, 1.0349572744423483, 1.0, 1.0, 23.0, 1.4213381555153708, 1.0, 1.0, 1.0, 1.1428571428571428, 1.0, 1.0031144489856998, 1.1239219712525668, 1.0, 24.0, 2.1333333333333333, 1.0, 1.1666666666666667, 1.2, 1.0, 1.0, 1.1260835303388494, 1.0, 1.0, 1.2112676056338028, 1.912280701754386, 1.5052631578947369, 1.1153846153846154, 1.119800332778702, 1.0, 1.7809523809523808, 1.0188679245283019, 3.090909090909091, 20.0, 3.0, 1.0, 1.0, 1.0, 1.3209876543209877, 1.0, 1.2078853046594982, 1.0, 20.0, 1.0, 25.0, 1.6197916666666667, 1.0, 15.0, 1.0, 1.0, 1.3235294117647058, 1.0, 1.0, 1.0, 1.0650759219088937, 1.0169491525423728, 2.0, 1.5555555555555556, 1.0217391304347827, 1.0, 1.2352941176470589, 1.0, 1.5, 26.0, 1.0, 19.0, 1.0191815856777493, 1.8636363636363635, 1.0, 1.0, 1.0476190476190477, 1.0118739825720577, 17.0, 1.0, 1.0071942446043165, 1.0161333691852648, 1.4965034965034965, 1.5, 17.0, 1.0, 1.1041420118343195, 1.0224358974358974, 1.736842105263158, 1.0, 1.0, 7.0, 2.16139497161395, 1.0, 2.0526315789473686, 1.0, 1.0, 1.0909090909090908, 18.0, 3.0, 2.0, 1.0, 1.0615846400662423, 3.0689655172413794, 1.3659969088098918, 1.0, 1.0, 3.0, 19.0, 1.0, 1.0, 1.0, 1.0, 3.0, 1.0, 2.0, 8.5, 1.1504424778761062, 1.0, 1.0144852292196667, 1.0, 1.0, 1.2, 1.3734411863835525, 3.0, 5.333333333333333, 1.0, 1.0, 1.0, 2.0, 1.3117932148626819, 1.5, 1.0, 1.0, 1.0, 1.0, 1.0, 1.1926605504587156, 1.0, 1.0, 24.0, 1.0, 1.5294840294840295, 1.1176260278870218, 1.0, 1.0, 1.3262032085561497, 1.72, 2.0, 1.3623188405797102, 1.0, 1.0, 1.0, 1.0, 1.0, 1.2307692307692308, 2.0, 1.0, 1.2929782082324455, 1.0217364757601661, 1.0, 1.0, 1.5161290322580645, 1.0, 1.84, 1.0, 1.5, 1.0, 1.0192081680622889, 1.5555555555555556, 1.0, 1.0, 1.0791032148900168, 1.0950854700854702, 1.0, 1.5, 20.0, 1.049056603773585, 1.0, 1.0273165506159614, 2.022727272727273, 1.2023707266792647, 4.444444444444445, 1.0869295634920635, 1.0, 1.0552407932011332, 1.6666666666666667, 1.0, 1.0, 1.0, 2.0, 1.2727272727272727, 18.0, 25.0, 1.0, 23.0, 1.0, 1.0, 1.0, 2.0, 3.0, 1.0, 18.0, 1.0097926267281105, 1.9, 1.0, 2.0, 1.5455259026687598, 14.0, 1.0, 1.6, 1.0, 1.0, 1.0, 1.0, 1.8, 1.0, 1.4313725490196079, 1.7380952380952381, 22.0, 1.0, 1.6666666666666667, 1.3515358361774743, 1.0, 1.1214532871972318, 1.0, 1.0, 1.0, 23.0, 1.1577981651376146, 1.0, 1.0, 1.0, 1.0, 1.0, 1.0, 1.0, 1.0, 1.0, 1.0, 1.0, 1.0, 1.2703860840050911, 1.0, 1.0, 1.0, 1.0, 1.0, 1.2592592592592593, 1.0, 1.0, 2.5, 1.0, 20.0, 1.0, 2.0, 1.0, 1.0240641711229947, 1.0325801800950107, 12.333333333333334, 1.015209125475285, 2.0, 1.3267326732673268, 1.0, 1.0531413612565446, 1.0, 5.0, 1.373216751035435, 1.0, 1.0, 18.0, 23.0, 8.0, 1.0, 1.0129234207711997, 1.0669789344488139, 1.1049723756906078, 4.0, 1.0, 24.0, 1.0, 1.0, 1.0, 15.0, 1.0, 1.2, 2.0, 1.0, 1.0, 1.0, 1.0832828955332283, 1.0935143288084463, 1.0, 1.0, 1.2307692307692308, 1.1159420289855073, 1.0, 2.0, 1.101678407947278, 1.3157894736842106, 1.9136904761904763, 1.0, 1.0, 1.0, 1.2, 1.6071428571428572, 2.0, 1.2582466356567128, 1.0, 1.0, 1.5013502565487442, 20.0, 1.092814371257485, 18.0, 1.5, 2.0, 1.2577639751552796, 1.0, 1.5, 1.0438519557972286, 1.0, 1.0, 1.290057747164823, 1.0, 2.0, 1.0725552050473186, 1.8, 1.0, 1.0, 2.25, 1.3481675392670156, 1.0, 1.0920043811610076, 3.0, 1.0, 1.0, 1.0, 1.0, 1.0, 1.0, 2.0, 2.1333333333333333, 1.0, 1.1205649328281089, 1.0, 1.0113379709097479, 1.0, 1.0, 1.0, 1.0, 1.0, 21.0, 1.0909090909090908, 1.0, 1.0, 2.0, 1.2142857142857142]
origin-forest_43.39 	max: 34.0000	99th: 26.0000	95th: 18.0000	median: 1.0362	mean: 2.8735

...Done, result: results.csv

WORKLOAD-FINISHED | Type: QueryWorkload | Progress: 3/3 | Workload-time: 62.516965 | Model-update-time: 0.000000


Experiment Summary: #data-update-times=1, #drift=1 | total-time=130.589560