Input arguments = Namespace(data_update='sample', update_size=100000, dataset='forest', debug=False, drift_test='js', model_update='adapt', model='naru', end2end=False, query_seed=0, random_seed=42, num_workload=3)
JSON-passed parameters = {'data_updater': {'skew_ratio': '1e-2'}, 'random_seed': 9, 'naru': {'epochs': 0}}
MODEL-PATH=/home/kangping/code_copy/SAUCE/models/end2end/naru/origin-forest-16.5MB-model62.533-data19.148-200epochs-seed0.pt
DATASET-PATH=/home/kangping/code_copy/SAUCE/data/forest/end2end/forest.npy
Workloads: ['QueryWorkload', 'DataUpdateWorkload', 'QueryWorkload']

WORKLOAD-START | Type: QueryWorkload | Progress: 1/3
Going to run: ['python', '/home/kangping/code_copy/SAUCE/Naru/eval_model.py', '--dataset=forest', '--model=naru', '--query_seed=0', '--end2end', '--eval_type=first_estimate', '--num_workload=3', '--data_update=sample', '--model_update=adapt', '--random_seed=42']
Torch device: cuda:1
GET-MODEL-PATH=./models/end2end/naru/origin-forest-16.5MB-model62.533-data19.148-200epochs-seed0.pt
ckpts [PosixPath('/home/kangping/code_copy/SAUCE/models/end2end/naru/origin-forest-16.5MB-model62.533-data19.148-200epochs-seed0.pt')]
Validate Argument: DATASET="forest" is valid.
load_csv_dataset - forest (581012, 10)
Parsing... done, took 0.0s
Loading ckpt: /home/kangping/code_copy/SAUCE/models/end2end/naru/origin-forest-16.5MB-model62.533-data19.148-200epochs-seed0.pt
query_seed:0
origin-forest_43.39 	max: 32.0000	99th: 4.0025	95th: 2.5000	median: 1.0011	mean: 1.3534
ReportEsts: [1.0, 1.1870638754696725, 1.0, 1.84375, 2.6666666666666665, 1.0, 1.3568904593639577, 1.0, 2.225806451612903, 1.0, 1.0307692307692307, 3.0, 1.0, 1.0, 3.0, 1.0444232462577048, 1.0, 1.4285714285714286, 1.3962264150943395, 1.0, 1.0, 3.0, 1.6666666666666667, 1.6, 2.0, 1.0, 1.0810235735483509, 1.0833333333333333, 3.0, 1.4579831932773109, 1.0, 1.0110821382007822, 1.0, 1.0, 1.681159420289855, 1.009571074087203, 1.0817096165933375, 1.0, 1.1632016632016633, 1.0, 2.0, 1.0, 1.1333333333333333, 1.0, 1.2520325203252032, 1.1296296296296295, 1.0, 2.0, 1.0, 1.0, 3.0, 1.058605174353206, 1.0, 1.0, 6.0, 1.080568720379147, 2.044642857142857, 1.7941176470588236, 1.0, 1.0, 1.0244027303754266, 2.5, 1.0, 1.154337899543379, 1.1910828025477707, 1.0, 1.1658536585365853, 1.396039603960396, 1.4698795180722892, 1.0, 2.0, 1.0, 1.2060301507537687, 1.0786564178161524, 2.0, 1.5, 1.0, 1.0, 1.0, 1.0, 1.0, 1.0, 1.013760141841238, 3.5, 1.7692307692307692, 1.0, 1.0, 1.3333333333333333, 1.0787788087398982, 1.0, 4.0, 1.1521739130434783, 1.0, 1.0076445293836598, 2.0, 1.0, 1.0463240377967273, 1.1231422505307855, 1.0, 1.0, 2.0, 1.0, 1.0, 1.0, 1.0431654676258992, 1.0, 1.0, 1.0, 1.0298507462686568, 1.0, 1.028169014084507, 1.0, 1.0, 1.0572958500669345, 1.065217391304348, 2.0, 1.0, 2.0, 1.0, 1.0, 1.0, 2.0, 3.0, 1.0, 1.3685567010309279, 1.0, 1.0, 1.2222222222222223, 1.0, 1.0, 1.0, 1.0622829081327105, 1.0419918754849604, 2.0, 2.375, 1.0, 1.0, 2.0, 1.0527176134041685, 1.0317460317460319, 1.0375633674062994, 1.0, 1.0, 1.0, 1.0, 1.02237529292525, 1.0, 1.1, 1.7142857142857142, 1.0833333333333333, 1.4, 1.0, 1.0, 1.0, 1.0, 2.0, 1.0, 1.0, 1.0, 3.0, 2.909090909090909, 1.0, 1.1610894941634242, 4.0, 1.007633238870098, 1.0, 2.0, 10.0, 1.0938053097345133, 1.0, 1.0, 1.0, 1.303921568627451, 1.7058823529411764, 1.0, 1.0, 1.220532319391635, 1.0, 1.247191011235955, 1.0, 1.0753768844221105, 1.0, 1.0, 1.0228473000861242, 1.0, 1.136493432324386, 1.0, 1.0, 2.0476190476190474, 1.0583081785935706, 1.0, 1.096774193548387, 1.7692307692307692, 1.0, 1.0, 1.0, 1.0, 1.7916666666666667, 1.125, 1.2203942010099365, 1.1013897662665824, 1.0, 1.0, 1.0, 2.0, 32.0, 1.0681818181818181, 1.0, 1.0, 1.0, 1.0, 1.088235294117647, 1.0, 1.0, 1.0, 1.0, 1.0, 1.027906976744186, 1.0, 1.0, 1.0, 1.199139215361695, 3.0, 1.0, 1.0434782608695652, 1.0, 1.01875, 1.0, 1.3928012519561814, 1.0, 1.0, 1.0, 1.8333333333333333, 2.0, 1.2093023255813953, 1.0, 3.0, 2.5, 1.0585258178951518, 1.0319216584001016, 1.0, 1.3333333333333333, 1.0, 1.0219613782658084, 1.180722891566265, 1.1428571428571428, 1.0, 1.1537242472266245, 2.0, 1.3253424657534247, 1.0, 1.0, 1.1385542168674698, 1.0, 1.035294117647059, 1.1154255319148936, 1.2727272727272727, 1.0, 1.1476997578692494, 1.0537084398976981, 4.0, 1.0, 1.0846212868573935, 1.25, 2.0, 1.0, 1.875, 1.0, 1.0, 1.0, 1.4074074074074074, 1.0, 1.3724962630792228, 2.0, 1.0, 1.3583319993596927, 1.2857142857142858, 2.0, 1.2, 1.0, 1.5, 1.0, 1.1111111111111112, 1.0, 1.0, 1.0, 1.0, 1.0, 1.989247311827957, 1.0, 1.4285714285714286, 1.0, 1.0, 1.0, 1.0, 1.218203033838973, 3.847826086956522, 1.0868865647626709, 2.282051282051282, 1.0, 1.0886742756804215, 1.0, 1.0, 3.0, 1.0, 1.1045751633986929, 1.0, 2.0, 1.0, 1.08, 2.0, 1.0, 1.0909090909090908, 1.0, 1.0, 1.0, 1.0, 1.0, 1.0, 1.3846153846153846, 1.0, 1.0, 1.0324856135140152, 2.5, 1.0, 1.0738505008990495, 1.0, 1.0, 1.0, 1.0, 1.1592592592592592, 1.0, 3.0, 1.0, 1.6666666666666667, 1.0325581395348837, 1.0, 1.1590909090909092, 1.2134146341463414, 1.0, 1.1478299184842475, 1.0373831775700935, 1.0, 1.2962962962962963, 1.0, 1.3333333333333333, 10.0, 1.5, 1.0, 1.0, 1.0, 1.0, 1.0, 1.4482758620689655, 5.5, 1.1604938271604939, 3.0, 1.0, 1.0, 1.0, 1.191699604743083, 1.2, 1.6923076923076923, 1.4027077395308047, 1.061322290978458, 1.0423540609137056, 1.0319593487781231, 1.7811320754716982, 1.0, 1.1690140845070423, 1.0, 1.0997506234413965, 1.0058934717095527, 1.0, 1.011843441449598, 1.039341184502475, 1.03765145264255, 1.0, 1.25, 1.0, 1.0256410256410255, 1.0, 1.0, 1.0453879941434847, 1.0303030303030303, 1.0, 3.8636363636363638, 1.0, 1.1406723198061781, 1.0, 2.5, 1.75, 1.0, 1.0, 4.25, 1.0, 1.1777777777777778, 1.0, 1.0, 1.0, 1.0, 1.0087274322052482, 1.0, 2.0, 1.1948051948051948, 1.3038906414300737, 1.0678466076696165, 1.234660033167496, 1.3613861386138615, 1.0641541694866954, 1.0, 1.0476190476190477, 1.0, 1.0, 1.028314089972692, 1.05444920594908, 1.0, 3.6666666666666665, 1.0, 1.0, 1.0, 1.0, 1.0, 1.0, 1.0, 1.0252299605781865, 1.6666666666666667, 1.3631713554987213, 1.0, 1.0, 2.0, 1.1867219917012448, 1.0173329978241241, 1.2, 1.0321592649310873, 1.5555555555555556, 1.0, 1.0, 1.0, 1.0086732173244772, 2.5, 1.0, 1.2684410646387834, 1.0, 3.4545454545454546, 1.0, 1.0, 1.0, 1.0301339935916107, 1.0, 1.0, 1.0, 1.1111111111111112, 1.29, 1.0295420974889218, 3.1818181818181817, 1.0, 1.0, 1.094890510948905, 1.25, 2.0, 1.12400513478819, 1.0, 1.3, 1.0, 1.0, 1.2222222222222223, 1.0, 1.0, 2.3333333333333335, 1.0171046836000588, 1.001204983630411, 1.3648068669527897, 1.048780487804878, 1.0, 1.0, 1.2, 1.0, 1.0827626918536009, 1.263157894736842, 3.0, 1.5, 1.8249158249158248, 1.4893048128342246, 1.0, 1.0093118274461363, 1.0, 1.0, 1.0289583311136918, 5.0, 1.0306808859721084, 1.0, 1.0, 1.0, 1.0865244043191669, 1.0714285714285714, 2.0, 1.16, 1.0, 2.0, 1.0, 1.5757575757575757, 1.0, 1.2516556291390728, 1.064449905129242, 2.0, 1.5, 1.0, 1.0073421439060206, 2.0, 20.0, 1.0618556701030928, 1.0, 1.0011431267237625, 1.1111111111111112, 1.3888888888888888, 1.0, 2.0, 1.0, 2.0, 1.0097391878507758, 2.0, 4.0, 1.1060358890701467, 1.0, 1.0, 1.0246043759460575, 1.0, 1.75, 1.0, 2.0, 1.0, 1.0749063670411985, 1.0, 1.0, 1.4, 1.0077354843656054, 1.361842105263158, 1.4072289156626505, 1.2941176470588236, 2.7037037037037037, 1.0, 1.736842105263158, 1.1085899513776336, 1.0, 1.0, 1.141025641025641, 1.67400162999185, 2.4, 2.0, 1.6, 1.3369565217391304, 1.0, 1.8514851485148516, 1.0, 1.390547263681592, 1.0, 3.0, 1.013131868551485, 6.0, 1.0212797693034357, 2.8, 1.0, 1.5, 1.4166666666666667, 1.0, 2.0, 1.013793103448276, 1.0, 1.0, 1.0, 1.0, 1.0, 1.0192307692307692, 2.0, 7.083333333333333, 1.0, 1.0, 2.0, 1.0, 1.0, 1.0, 1.0, 1.0, 1.0, 1.0, 1.0, 1.0, 1.06, 1.34, 1.0, 1.035, 1.0, 1.0, 1.4, 1.0212668804041583, 1.4736842105263157, 1.0, 1.0, 1.0, 1.0, 1.0045967076572506, 1.0, 1.0, 1.0385356454720616, 1.0386656557998484, 1.127659574468085, 2.0, 1.0, 1.0, 1.0, 1.5, 2.0, 1.0, 1.0, 1.2393509127789046, 2.0, 1.0246080139372822, 1.0, 1.0, 1.0068445086293694, 1.0, 1.0, 1.0, 2.4705882352941178, 1.0094698863068352, 1.0, 1.0, 1.625, 1.3360655737704918, 1.0, 1.0, 2.0, 1.0, 1.0, 1.1271659607239122, 1.0, 2.0, 1.0052443384982122, 1.0, 1.0, 1.0289411764705882, 1.0, 1.0060782575661644, 1.0, 1.0, 1.0516528925619835, 1.0342762063227953, 2.857142857142857, 1.0307692307692307, 1.0, 1.0, 1.0, 1.1480312198544242, 1.0, 1.0, 1.0, 1.0, 1.1, 1.0, 1.0, 1.5, 1.0755593077247785, 1.0, 1.0, 1.0, 1.5, 1.0, 1.125, 1.0619469026548674, 1.0, 1.0, 1.0, 1.0, 1.0, 1.0, 1.7, 1.0, 1.0, 1.0, 1.0, 1.0, 4.0, 1.1447686832740214, 1.328, 1.0, 2.0, 1.5, 1.1370143149284253, 1.0, 1.0, 1.0, 2.0, 1.0, 1.0615683732987686, 1.0978260869565217, 1.393939393939394, 1.0955304518664046, 1.0, 1.2826086956521738, 1.0, 1.08, 1.0, 1.5, 1.0, 1.0, 1.0, 1.013617960986382, 4.0, 1.0, 4.0, 1.0150375939849625, 1.0148514851485149, 1.0, 1.0, 1.1143735063161488, 1.0141061024225697, 1.2985074626865671, 1.5, 1.0, 1.0, 1.052619165040633, 1.0, 1.3333333333333333, 1.0, 1.0, 1.5, 1.1477139507620164, 1.0, 1.0, 1.0714285714285714, 1.0, 1.0, 1.0, 1.1538461538461537, 1.0, 1.0055595408895266, 1.019720624486442, 2.0, 1.0, 1.0, 3.0, 1.0, 1.0, 1.0, 1.0, 1.0, 2.0, 1.0, 2.0, 1.5, 1.2352941176470589, 1.0, 1.0519187358916477, 1.0, 1.0, 1.3846153846153846, 1.0050348567002323, 3.0, 1.0, 1.0, 1.0, 1.0, 1.7142857142857142, 1.008256880733945, 1.0, 1.0, 1.0, 1.0, 1.0, 1.0, 1.0010224948875255, 1.0, 1.0, 1.0, 1.0, 1.4804469273743017, 1.1025747508305648, 1.0, 1.0, 1.16, 1.52, 2.0, 1.4337349397590362, 1.0, 1.0, 1.0, 1.0, 1.0, 1.6, 2.0, 1.0, 1.3617021276595744, 1.1729829880410982, 1.2, 1.0, 1.0, 1.0, 1.0, 2.4, 1.0, 1.0, 1.320364238410596, 1.0, 1.0, 1.0, 1.0, 1.3846153846153846, 1.0, 2.7799043062200957, 1.0909090909090908, 1.0, 1.0, 1.0, 1.08, 1.0033783783783783, 1.0, 1.513157894736842, 1.0, 3.3846153846153846, 1.0, 1.0, 1.5, 1.4, 1.0, 1.0, 1.0, 1.0, 1.1627906976744187, 1.0, 1.0, 1.2582731076454925, 1.0570936737914216, 1.0, 1.0, 1.0, 1.0400939242735545, 1.0, 1.5401069518716577, 1.0, 1.0310612597066438, 2.0, 1.0, 1.3846153846153846, 2.0, 1.6666666666666667, 1.0900147565174618, 1.0, 2.3684210526315788, 1.0, 1.0, 2.5, 1.0, 1.0, 1.0, 1.6, 1.6666666666666667, 1.0, 1.0, 1.5, 1.0, 1.25, 1.0, 1.3333333333333333, 1.0, 1.3333333333333333, 1.0, 1.0, 1.0, 1.0, 1.0, 1.0, 1.0, 1.0, 1.137087087087087, 1.0, 1.0, 1.0, 1.0, 1.0, 1.2619047619047619, 1.5, 1.0, 1.0338164251207729, 1.0, 1.2437046521553563, 1.0, 1.0751988430947217, 1.0, 1.0232558139534884, 3.75, 1.3, 1.0, 1.0, 1.3157894736842106, 1.0397165144596652, 1.0, 2.0, 1.4874285714285713, 1.0, 1.0, 1.0, 2.0, 1.0097031222333708, 1.0, 2.6, 1.0, 1.0576923076923077, 1.0, 1.0, 1.0, 1.0, 1.0, 1.0, 1.0, 1.0, 1.5, 2.0, 1.0, 1.0, 1.0, 1.0341292134831461, 1.0982414775518223, 1.0, 1.0, 1.3333333333333333, 1.050531914893617, 1.0, 2.0, 1.059382603406326, 1.0555555555555556, 1.3623188405797102, 1.0, 1.0, 1.0, 1.5, 2.25, 1.0, 1.2403976502485314, 1.0, 1.0, 1.5040265277119849, 1.0, 1.0416666666666667, 1.0, 1.0, 1.2, 1.3060498220640568, 1.0, 1.5, 1.2763157894736843, 1.016484094343487, 1.0, 1.5555555555555556, 2.0, 1.0, 1.0878122634367904, 2.0, 1.75, 1.0, 1.3401639344262295, 1.0, 1.368485969781067, 1.5, 1.0, 1.0, 1.0, 1.0, 1.0, 1.0, 2.0, 1.9615384615384615, 1.0, 1.1093880972338641, 1.0, 1.0189663448717265, 1.0, 1.0, 1.0, 1.0, 1.0, 1.0675675675675675, 1.1638418079096045, 2.0, 1.2080645161290322, 1.0, 1.4228847435043304, 1.45, 2.0, 1.0, 1.3783783783783783, 2.0, 1.0, 1.0, 1.0464527027027026, 1.0, 1.0, 1.0149700598802396, 2.0, 1.0]
origin-forest_43.39 	max: 32.0000	99th: 4.0025	95th: 2.5000	median: 1.0011	mean: 1.3534

...Done, result: results.csv

WORKLOAD-FINISHED | Type: QueryWorkload | Progress: 1/3 | Workload-time: 58.219773 | Model-update-time: 0.000000


WORKLOAD-START | Type: DataUpdateWorkload | Progress: 2/3
Going to run: ['python', '/home/kangping/code_copy/SAUCE/Naru/eval_model.py', '--model=naru', '--data_update=sample', '--dataset=forest', '--drift_test=js', '--end2end', '--update_size=100000', '--query_seed=0', '--eval_type=drift']
Torch device: cuda:1
GET-MODEL-PATH=./models/end2end/naru/origin-forest-16.5MB-model62.533-data19.148-200epochs-seed0.pt
GET-DATASET-PATH=./data/forest/end2end/forest.npy
Sample - START
Sample - END
load_npy_dataset_from_path - df.shape = (681012, 10)
Parsing... done, took 0.1s
Data updated!
Previous data size: (581012, 10), new data size: (100000, 10)
[2.3841858e-07 5.9604645e-08 5.9604645e-08 1.1324883e-06 7.1525574e-07
 0.0000000e+00 5.9604645e-08 2.2649765e-06 3.5762787e-07 0.0000000e+00]
Distance score: 4.887580757895194e-07
SAUCE Drift detection: False
Detection latency: 0.0650s

WORKLOAD-FINISHED | Type: DataUpdateWorkload | Progress: 2/3 | Workload-time: 2.292088 | Model-update-time: 0.000000


WORKLOAD-START | Type: QueryWorkload | Progress: 3/3
Going to run: ['python', '/home/kangping/code_copy/SAUCE/Naru/eval_model.py', '--dataset=forest', '--model=naru', '--end2end', '--query_seed=0', '--eval_type=estimate', '--num_workload=3', '--data_update=sample', '--model_update=adapt', '--random_seed=42']
Torch device: cuda:1
GET-MODEL-PATH=./models/end2end/naru/origin-forest-16.5MB-model62.533-data19.148-200epochs-seed0.pt
ckpts [PosixPath('/home/kangping/code_copy/SAUCE/models/end2end/naru/origin-forest-16.5MB-model62.533-data19.148-200epochs-seed0.pt')]
Validate Argument: DATASET="forest" is valid.
data size: 681012, total size: 681012, split index: [567510 681012]
Parsing... done, took 0.1s
Loading ckpt: /home/kangping/code_copy/SAUCE/models/end2end/naru/origin-forest-16.5MB-model62.533-data19.148-200epochs-seed0.pt
query_seed:0
origin-forest_43.39 	max: 39.0000	99th: 5.0000	95th: 3.0000	median: 1.0830	mean: 1.5328
ReportEsts: [1.0, 1.0052163833075733, 1.0, 2.081081081081081, 2.5, 1.0, 1.4150326797385622, 1.0, 3.440677966101695, 1.0, 1.054054054054054, 2.0, 1.0, 1.0, 2.507936507936508, 1.2151898734177216, 2.0, 2.0, 1.3555555555555556, 1.0309278350515463, 1.0, 2.0, 1.0, 1.0, 1.0132450331125828, 1.0, 1.085750315258512, 2.0, 1.0, 1.4285714285714286, 1.3333333333333333, 4.0, 1.0, 1.0, 1.0, 2.0, 1.0, 4.0, 1.0, 1.5, 2.0, 1.0, 1.0, 1.0, 1.9586206896551723, 1.2154471544715446, 1.0, 2.0, 1.0, 1.0, 3.0, 1.0408515535097813, 1.0, 1.0, 2.857142857142857, 1.0428015564202335, 1.3106508875739644, 2.1578947368421053, 2.0, 2.0, 1.0302757793764987, 1.5555555555555556, 2.0, 1.0, 2.0, 1.4538461538461538, 1.0831607558892054, 1.2857142857142858, 2.0, 2.0, 2.0, 1.1111111111111112, 1.0538389513108615, 1.3701657458563536, 1.0, 1.5683453237410072, 1.0, 1.0, 1.0, 1.0, 3.0, 1.0, 2.0, 1.006536055862594, 2.6666666666666665, 2.0, 1.0, 1.0, 1.0, 1.1407990667833188, 1.0, 1.3333333333333333, 2.0, 1.0459449264428518, 1.0357142857142858, 1.7179487179487178, 1.04, 1.0, 1.0, 4.0, 1.5, 1.0, 1.0233349538162373, 1.8333333333333333, 2.0, 1.0, 2.0, 1.0, 1.0253164556962024, 1.75, 2.0, 1.1686746987951808, 1.0, 1.0, 1.0, 1.0, 1.0, 1.0, 1.0, 1.0, 3.0, 1.059228650137741, 1.0, 1.0, 2.0, 3.0, 1.0, 1.1614110101549973, 1.125, 1.0, 4.0, 1.0, 1.0, 1.0, 1.0424068179484547, 1.1223723408719004, 2.0, 1.9166666666666667, 1.0, 2.0, 2.0, 1.020322354590049, 1.0714285714285714, 1.0413267115998581, 1.0, 1.0, 1.8571428571428572, 1.0, 1.0221641113160285, 1.0, 1.1764705882352942, 1.9310344827586208, 1.0625, 2.0, 1.0, 1.0, 1.0, 1.0, 2.0, 2.0, 2.0, 1.0, 2.5, 2.8461538461538463, 1.0, 1.0929951690821256, 4.0, 1.0687679083094557, 1.0, 2.0, 2.0, 1.0610119047619047, 1.0, 1.0, 1.4285714285714286, 2.0, 1.0562425012350907, 1.005792903692976, 1.0, 1.0079789103690686, 1.0498732037193577, 1.1031528444139822, 1.0, 3.0, 2.0, 1.0, 1.0, 4.0, 1.0, 1.1591286997006984, 2.0, 1.0, 2.0, 1.0133635653892792, 1.0, 1.1567796610169492, 1.0568645706510063, 2.0, 1.040983606557377, 1.6666666666666667, 1.1579351666922721, 1.0, 2.0, 2.0, 1.0, 3.3333333333333335, 1.0, 2.0, 2.0, 3.0, 1.174342105263158, 2.3333333333333335, 1.12, 1.1904761904761905, 1.0, 2.0, 1.0441176470588236, 1.0, 1.0, 1.0, 1.0, 2.0, 6.0, 1.0, 2.3333333333333335, 2.0, 1.0, 1.0, 1.0461258345134534, 1.0550521069324876, 1.0571428571428572, 2.0, 1.021440404724157, 1.0, 1.25, 1.0, 1.0, 2.0, 1.0, 1.7105263157894737, 1.0, 3.0, 2.0, 1.0355685452740708, 1.0096463022508038, 1.0, 1.6666666666666667, 2.3333333333333335, 1.0, 2.0, 3.0, 1.0, 1.1293800539083558, 5.5, 1.076271186440678, 3.0, 1.3333333333333333, 1.1443298969072164, 2.0, 1.3730569948186528, 1.1431226765799256, 1.0625, 1.0, 1.0354609929078014, 1.1443514644351465, 2.0, 1.0, 1.0755034340980236, 1.6666666666666667, 2.0, 1.0, 2.125, 1.0, 1.0, 1.0, 1.3636363636363635, 1.3333333333333333, 1.176117611761176, 1.2307692307692308, 1.0, 1.1209016393442623, 1.0, 1.536231884057971, 1.1145833333333333, 1.0, 1.0, 1.75, 1.0280777537796977, 1.2077922077922079, 1.0092661517942991, 1.0, 1.1666666666666667, 2.0, 1.8, 2.366764995083579, 1.0, 1.1710526315789473, 3.0, 1.1118012422360248, 2.0, 2.0, 1.6666666666666667, 6.8, 1.0, 1.0, 1.1156462585034013, 2.0, 5.0, 1.0, 1.0, 1.1153846153846154, 1.0, 1.3333333333333333, 1.0, 1.0, 1.1666666666666667, 2.0, 1.0, 1.0, 2.0, 1.0, 1.0, 2.0, 1.0, 1.0, 1.0, 2.0, 1.0, 1.226204019719378, 1.6666666666666667, 1.0, 1.0500187235863692, 2.0, 2.0, 1.0, 1.0, 1.1420382165605096, 1.0, 3.0, 2.0, 1.0, 1.384313725490196, 3.0, 1.18, 1.4479166666666667, 1.5, 1.0480206540447505, 1.0232558139534884, 2.0, 1.3333333333333333, 1.3333333333333333, 1.1428571428571428, 10.0, 1.0, 1.0, 2.0, 1.0, 1.0, 1.0, 1.213235294117647, 4.0, 1.1595744680851063, 6.0, 1.0, 2.0, 1.7157894736842105, 1.1825795644891122, 1.021358793453112, 3.0, 3.0517241379310347, 1.0520833333333333, 1.032111220472441, 1.7777777777777777, 1.365625, 2.0, 1.0261569416498995, 2.0, 1.192, 1.0182612992739575, 1.0, 1.0066658308258107, 1.0057747130917862, 1.0602785515320334, 1.0, 1.25, 1.0, 1.0162162162162163, 2.0, 2.0, 2.0, 1.0323559150657229, 2.0, 1.3333333333333333, 1.5, 1.0, 1.364864864864865, 1.4285714285714286, 1.75, 1.0, 1.0, 4.75, 1.0, 1.1808846761453398, 1.0, 1.0, 1.0, 1.0, 1.010861821136179, 1.0, 1.5, 2.4929225645295587, 2.0, 1.0, 1.0, 1.0, 1.00514072811503, 1.5, 8.2, 1.0, 1.0, 1.026250255154113, 1.0296750987215075, 1.0, 2.75, 1.4166666666666667, 2.0, 1.0, 1.7066666666666668, 1.015905947441217, 1.0, 1.6136986301369862, 1.375, 1.0, 1.0, 1.1968911917098446, 1.3, 2.0, 1.0, 1.0655430711610487, 1.000186113454762, 1.0, 1.053120849933599, 1.1538461538461537, 1.0, 1.0, 1.0, 1.062058350241377, 1.5, 1.0, 1.2187112763320942, 2.0, 1.0, 1.1237113402061856, 1.0, 1.0, 1.1096774193548387, 1.75, 1.15, 1.1288135593220339, 1.0810166799046863, 1.0, 2.0, 2.0, 1.0, 2.0, 1.056995462738517, 1.0, 1.0, 1.0167189132706373, 1.0723684210526316, 1.0, 1.0, 1.0, 1.0, 1.5565217391304347, 2.0, 1.324014125956445, 1.0134329169914618, 1.0, 2.0, 1.3352601156069364, 1.0, 1.0, 1.0, 1.3636363636363635, 1.0, 1.0, 1.0, 1.9444444444444444, 1.4736842105263157, 1.0714196684531971, 1.0, 39.0, 1.0, 1.0297029702970297, 1.0, 2.0, 1.0, 1.0, 1.0, 1.0827977439664218, 1.2941176470588236, 2.0, 1.15625, 1.0, 2.0, 2.0, 1.3902439024390243, 1.0, 1.2923976608187135, 1.1742092457420925, 2.0, 1.5, 1.0, 1.029040404040404, 3.0, 1.3333333333333333, 1.043103448275862, 1.0, 1.0287232891951608, 1.607843137254902, 1.5, 1.0, 3.0, 1.0, 1.0, 1.0, 2.0, 1.1430274135876044, 2.7, 1.625, 2.0, 1.0, 1.0843822843822843, 1.0, 2.0, 3.5, 2.0, 1.0167464114832536, 2.0, 2.0, 1.995744680851064, 2.0, 1.0161104260312661, 1.0, 1.0, 1.4226125137211856, 2.0, 1.0, 1.0512820512820513, 1.75, 2.0, 1.0103092783505154, 1.282758620689655, 2.5, 2.0, 1.5, 1.3962264150943395, 1.0, 1.8833333333333333, 2.0, 1.0994152046783625, 1.0, 3.5, 1.0126943827356394, 1.8, 1.050308807080679, 1.2727272727272727, 1.0, 1.5, 1.328125, 1.0, 1.3442622950819672, 1.1111111111111112, 1.0011261261261262, 1.0756872545519458, 1.0, 3.0, 1.0, 1.2169421487603307, 1.2857142857142858, 1.015276543523338, 1.1861181587531715, 1.0, 2.0, 3.0, 1.0, 1.0, 1.0, 1.0, 1.0, 1.3333333333333333, 1.0, 1.0, 1.0, 1.4695652173913043, 1.009312563494751, 1.4591439688715953, 1.0, 1.0, 1.3333333333333333, 2.0, 3.0, 3.0, 1.0, 1.0, 1.0, 1.0, 1.0280114918941103, 1.0, 2.0, 1.1505037783375316, 1.0, 1.0, 1.0, 3.5, 2.0, 1.0, 1.0, 1.0, 1.0, 1.8333333333333333, 2.6666666666666665, 1.0648298217179903, 1.0, 1.0, 1.0, 1.032797399011268, 1.0, 1.0, 1.0, 2.6842105263157894, 1.0123642503549637, 1.0, 1.0, 1.2727272727272727, 1.1263537906137184, 1.0, 1.0, 2.0, 2.0, 1.0, 1.1507102389358732, 2.0, 2.0, 1.0444068513427787, 1.0, 1.0, 1.0122736418511067, 2.0, 1.010584296360298, 1.0, 1.0, 3.0, 1.3650519031141868, 1.0, 2.0, 1.0, 1.2857142857142858, 1.0, 1.0227590337392694, 1.1536947385221046, 2.0, 2.0, 1.6956521739130435, 2.0, 1.5, 4.0, 2.0, 1.0, 1.0626902008520998, 1.0, 1.0, 5.0, 4.0, 1.5425531914893618, 1.1189591078066914, 1.1557788944723617, 1.0, 1.9238095238095239, 1.0, 1.690909090909091, 2.0, 2.0, 1.0, 1.0, 1.0, 1.0909090909090908, 1.0, 1.145631067961165, 1.0, 2.0, 1.1428571428571428, 3.0, 2.0, 1.0, 2.0, 3.0, 1.0, 1.1791044776119404, 1.0, 2.0, 1.0, 1.1103025660666412, 1.008849557522124, 2.0, 1.0833333333333333, 2.413793103448276, 1.5, 1.2692307692307692, 1.0, 1.75, 2.0, 1.0, 2.0, 1.027936507936508, 3.1818181818181817, 1.0, 5.0, 1.0368098159509203, 1.0066961105570593, 1.0, 1.0, 1.0376184032476319, 1.0351250665247471, 1.3161290322580645, 1.2857142857142858, 2.0, 1.0, 1.2238805970149254, 1.2, 2.5714285714285716, 1.0, 1.0, 3.0, 1.1911660777385158, 1.0, 2.032258064516129, 1.0, 1.0, 1.1428571428571428, 1.0, 1.3333333333333333, 2.0, 1.0, 1.0537432884206261, 3.0677966101694913, 1.4559758955473718, 1.0, 2.0, 3.0, 2.0, 1.0, 1.0, 1.0, 1.0, 3.0, 1.0, 3.0, 2.0, 1.2222222222222223, 2.0, 1.0346537246207295, 1.0, 1.0, 1.1578947368421053, 1.0403632694248235, 3.0, 1.5, 1.0, 1.0, 1.0, 1.96875, 1.266403162055336, 4.0, 1.0, 1.0, 2.0, 1.0, 1.0, 1.3636363636363635, 1.0, 1.0, 2.0, 1.0, 1.4110360360360361, 1.0924428822495607, 2.0, 1.0, 1.0670103092783505, 1.5714285714285714, 2.0, 1.5654450261780104, 1.0, 2.0, 1.0, 1.0, 2.0, 1.4615384615384615, 3.0, 1.0, 1.3490813648293962, 1.0974922891243126, 1.25, 2.0, 1.1345029239766082, 1.0, 1.5, 1.0, 1.5, 1.0, 1.0307410972088547, 1.0476190476190477, 1.0, 2.0, 1.1119305856832973, 1.0087164346970336, 2.0, 2.0, 2.0, 1.589307411907655, 2.0, 1.0516823687752355, 2.84, 1.1728045325779037, 2.0303030303030303, 1.0076213890596188, 1.0, 1.1024096385542168, 1.6666666666666667, 1.0, 1.0, 1.0, 2.0, 1.3333333333333333, 2.0, 2.0, 2.0, 2.0, 3.0, 1.0, 1.0, 1.6428571428571428, 4.0, 1.0, 3.0, 1.1539753639417694, 1.7358490566037736, 1.0, 2.0, 2.3037825059101653, 2.652173913043478, 1.0, 1.411764705882353, 2.0, 1.0, 2.0, 1.0, 2.4, 2.0, 1.0434782608695652, 1.0340425531914894, 2.6666666666666665, 1.0, 1.5, 1.5510204081632653, 1.0, 1.094622905027933, 1.0, 1.0, 1.0, 2.0, 1.0909090909090908, 1.0, 1.0, 1.0, 1.0, 1.0, 1.0, 1.0, 1.0, 1.0, 2.0, 1.0, 1.0, 1.1537933990570082, 1.0, 1.0, 2.0, 1.0, 3.0, 2.5454545454545454, 1.0, 1.0, 3.0, 2.0, 2.0, 1.0, 2.0, 1.0, 1.6104972375690607, 1.030474706701603, 3.0, 1.1425661914460286, 2.0, 1.0076923076923077, 1.0, 1.0482398956975227, 1.0, 4.0, 1.4953771289537714, 1.0, 1.0, 2.0, 7.0, 2.0, 1.0, 1.0138128310630445, 1.1310142609622817, 1.0112994350282485, 4.0, 1.0, 2.0, 1.0, 1.0, 1.0, 2.0, 1.0, 1.4, 2.0, 2.0, 1.0, 1.0, 1.0638374609281078, 1.1370706416072587, 1.0, 1.0, 1.2857142857142858, 1.031390134529148, 2.0, 3.0, 1.1890996492139794, 1.0555555555555556, 1.0816326530612246, 1.0, 1.0, 1.0, 1.6, 3.176470588235294, 2.0, 1.2919492452417414, 1.0, 1.0, 1.5163611676849966, 7.0, 1.1088235294117648, 1.2258064516129032, 1.5, 4.0, 1.2676923076923077, 1.0, 1.5, 1.1040391676866586, 1.0, 1.0, 1.0074197975639045, 1.0, 2.0, 1.0418006430868167, 2.4, 1.0, 1.0, 2.25, 1.334140435835351, 1.0, 1.3966642494561277, 1.5, 1.0, 1.0, 1.0, 1.0, 1.0, 1.0, 2.0, 2.1379310344827585, 1.0, 1.0061349693251533, 1.0, 1.0281965631810224, 1.0, 1.0, 1.0, 1.0, 1.0, 1.6666666666666667, 1.25, 1.0, 2.0, 2.0, 1.068259385665529]
origin-forest_43.39 	max: 39.0000	99th: 5.0000	95th: 3.0000	median: 1.0830	mean: 1.5328

...Done, result: results.csv

WORKLOAD-FINISHED | Type: QueryWorkload | Progress: 3/3 | Workload-time: 62.344780 | Model-update-time: 0.000000


Experiment Summary: #data-update-times=1, #drift=0 | total-time=122.935853