Input arguments = Namespace(data_update='sample', update_size=100000, dataset='forest', debug=False, drift_test='js', model_update='adapt', model='naru', end2end=False, query_seed=0, random_seed=42, num_workload=3)
JSON-passed parameters = {'data_updater': {'skew_ratio': '1e-2'}, 'random_seed': 2, 'naru': {'epochs': 0}}
MODEL-PATH=/home/kangping/code_copy/SAUCE/models/end2end/naru/origin-forest-16.5MB-model62.533-data19.148-200epochs-seed0.pt
DATASET-PATH=/home/kangping/code_copy/SAUCE/data/forest/end2end/forest.npy
Workloads: ['QueryWorkload', 'DataUpdateWorkload', 'QueryWorkload']

WORKLOAD-START | Type: QueryWorkload | Progress: 1/3
Going to run: ['python', '/home/kangping/code_copy/SAUCE/Naru/eval_model.py', '--dataset=forest', '--model=naru', '--query_seed=0', '--end2end', '--eval_type=first_estimate', '--num_workload=3', '--data_update=sample', '--model_update=adapt', '--random_seed=42']
Torch device: cuda:1
GET-MODEL-PATH=./models/end2end/naru/origin-forest-16.5MB-model62.533-data19.148-200epochs-seed0.pt
ckpts [PosixPath('/home/kangping/code_copy/SAUCE/models/end2end/naru/origin-forest-16.5MB-model62.533-data19.148-200epochs-seed0.pt')]
Validate Argument: DATASET="forest" is valid.
load_csv_dataset - forest (581012, 10)
Parsing... done, took 0.0s
Loading ckpt: /home/kangping/code_copy/SAUCE/models/end2end/naru/origin-forest-16.5MB-model62.533-data19.148-200epochs-seed0.pt
query_seed:0
origin-forest_43.39 	max: 31.0000	99th: 4.0000	95th: 2.5000	median: 1.0029	mean: 1.3367
ReportEsts: [1.0, 1.0250960886276284, 1.0, 1.7352941176470589, 2.6666666666666665, 1.0, 1.5737704918032787, 1.0, 1.449579831932773, 1.0, 1.0151515151515151, 3.0, 1.0, 1.0, 3.0, 1.0038820504887553, 1.0, 1.4285714285714286, 1.06, 1.0, 1.0, 3.0, 2.0, 1.2, 2.2, 1.0, 1.0630764571460036, 1.1818181818181819, 3.0, 1.0515151515151515, 1.0, 1.0084525357607281, 1.4, 1.0, 1.7313432835820894, 1.0150064988774665, 1.1374752148050231, 1.0, 1.2234927234927235, 1.0, 2.0, 1.0, 1.0, 1.0, 1.4471544715447155, 1.1141552511415524, 1.0, 2.0, 1.0, 1.0, 3.0, 1.0284026996625422, 1.0, 1.0, 3.6, 1.080568720379147, 1.306083650190114, 1.5294117647058822, 1.0, 1.0, 1.0602389078498293, 10.0, 1.0, 1.1488584474885846, 1.1719745222929936, 1.0, 1.3855072463768117, 1.4851485148514851, 1.4096385542168675, 1.0, 2.0, 1.0, 1.1940298507462686, 1.136253553753817, 2.0, 1.5, 1.0, 1.0, 1.0, 1.0, 1.0, 2.0, 1.0014474852356505, 2.3333333333333335, 1.8846153846153846, 1.0, 1.0, 1.3333333333333333, 1.4221862761791249, 1.0, 4.0, 1.173913043478261, 1.0, 1.0140503875968991, 1.0, 1.0, 1.0336387956058968, 1.0584269662921348, 1.0, 1.0, 2.0, 1.0, 1.0, 1.0, 1.0984848484848484, 1.0, 1.0, 1.0, 1.0, 1.0, 1.0070422535211268, 1.0, 1.0, 1.1448467966573816, 1.2098765432098766, 2.0, 1.0, 2.0, 1.0, 1.0, 1.0, 2.0, 3.0, 1.0, 1.0056818181818181, 1.0, 1.0, 1.2222222222222223, 1.0, 1.0, 1.0, 1.1854323441715178, 1.1116575769380599, 2.0, 2.5, 1.0, 1.0, 2.0, 1.046587658357172, 1.0793650793650793, 1.0011439981696029, 1.0, 1.0, 1.2, 1.0, 1.038662329315162, 1.0, 1.1333333333333333, 1.92, 1.0, 1.3461538461538463, 1.0, 1.0, 1.0, 1.0, 4.0, 1.0, 1.0, 1.0, 3.0, 2.909090909090909, 1.0, 1.1522178988326848, 4.0, 1.037786346110229, 1.0, 2.0, 2.0, 1.0282861896838602, 1.0, 1.0, 1.0, 1.3571428571428572, 1.8125, 1.0, 1.0, 1.6540880503144655, 1.0, 1.2241573033707864, 1.0, 1.4906542056074767, 1.0, 1.0, 1.0496624036857574, 1.0, 1.1596736596736597, 1.0, 1.0, 1.8695652173913044, 1.0402293683379786, 1.0, 1.0818181818181818, 1.9166666666666667, 1.0, 1.0, 1.0, 1.0, 1.8194444444444444, 1.0, 1.2170240415854452, 1.1541377132027795, 1.0, 1.0, 1.0, 2.0, 31.0, 1.2695035460992907, 1.0, 1.0, 1.0, 1.0, 1.1764705882352942, 1.0, 1.125, 1.0, 1.0, 1.0, 1.0186046511627906, 1.0, 1.0, 1.0, 1.225128290018209, 3.0, 1.0, 1.3043478260869565, 1.0, 1.08843537414966, 1.0, 1.943661971830986, 1.0, 1.0, 1.0, 1.8333333333333333, 2.0, 4.7272727272727275, 1.0, 3.0, 2.0, 1.018523575459676, 1.0239094493195982, 1.0, 1.3333333333333333, 1.5, 1.0147671336614918, 1.2173913043478262, 1.0, 1.0, 1.12, 5.0, 1.1532534246575343, 1.0, 1.0, 1.125, 1.0, 1.0088235294117647, 1.0976184244962053, 1.1666666666666667, 1.0, 1.010548523206751, 1.0325814536340852, 4.0, 1.0, 1.0759618546530747, 1.25, 2.0, 1.0, 1.875, 1.0, 1.0, 1.0, 1.3103448275862069, 1.3333333333333333, 1.3714637146371464, 1.0, 1.0, 1.0403393628941893, 1.5, 2.0, 1.16, 1.0, 1.5, 1.0, 1.1111111111111112, 1.0, 1.5, 1.0, 1.0, 1.0, 1.508108108108108, 1.0, 1.4285714285714286, 1.0, 1.0, 1.0, 1.0, 1.0700116686114352, 1.497175141242938, 1.0424382716049383, 1.2714285714285714, 1.0, 1.1529521152952116, 1.0, 1.0, 3.0, 1.0, 1.0974025974025974, 1.0, 2.0, 1.0, 1.148936170212766, 2.0, 1.0, 1.0909090909090908, 1.0, 1.0, 1.0, 1.0, 1.0, 1.0, 1.125, 1.0, 1.0, 1.050880978065444, 2.5, 1.0, 1.0132703144882749, 1.0, 1.0, 1.0, 1.0, 1.3814814814814815, 1.0, 3.0, 1.0, 1.6666666666666667, 1.2697674418604652, 1.0, 1.1363636363636365, 1.1585365853658536, 1.0, 1.224729666196521, 1.027027027027027, 1.0, 1.25, 1.5, 1.1428571428571428, 1.4285714285714286, 1.5, 1.0, 1.0, 1.0, 1.0, 1.0, 1.0862068965517242, 1.7272727272727273, 1.0864197530864197, 2.0, 1.0, 1.0, 1.0, 1.2707509881422925, 1.1, 1.375, 1.3840166630124973, 1.067031527738797, 1.013959390862944, 1.0556030503026366, 1.5320754716981133, 1.0, 1.2456140350877194, 1.0, 1.0502778512834083, 1.0761425845681984, 1.0, 1.0059339556849742, 1.0669909540877283, 1.0551092196117602, 1.0, 1.25, 1.0, 1.0062893081761006, 1.0, 1.0, 1.0577777777777777, 1.5686274509803921, 1.0, 2.8333333333333335, 1.0, 1.1265141318977119, 1.0, 1.1111111111111112, 1.75, 2.0, 1.0, 4.25, 1.0, 1.1977401129943503, 1.0, 1.0, 1.0, 1.0, 1.0143623667769202, 1.0, 2.0, 1.2041884816753927, 1.1693821088226253, 1.0383480825958702, 1.1024046434494195, 1.4175257731958764, 1.0513660812880703, 1.0117994100294985, 1.0303030303030303, 1.0, 1.0, 1.0314271984622778, 1.0417306414281458, 1.0, 3.6666666666666665, 1.0, 1.0, 1.0, 1.0, 1.0, 1.0, 1.0, 1.0309196617336152, 1.6666666666666667, 1.3052003410059676, 1.0, 1.0, 2.0, 1.0784313725490196, 1.0149293403623798, 1.2, 1.0367534456355283, 1.4, 1.0, 1.0, 1.0, 1.065680408409727, 2.5, 1.0, 1.18888096935139, 1.0, 3.1666666666666665, 1.0, 1.0, 1.0, 1.0215991843868337, 1.0, 1.0, 1.0, 1.1111111111111112, 1.32, 1.033234859675037, 3.1818181818181817, 1.0, 1.0, 1.0273972602739727, 1.25, 2.0, 1.1722721437740693, 1.0, 1.3, 1.0, 1.0, 1.1, 1.0, 1.0, 1.2857142857142858, 1.0278952444543363, 1.001902028450701, 1.485981308411215, 1.146341463414634, 1.0, 1.0, 1.5, 1.0, 1.1828590121033693, 1.2307692307692308, 3.0, 1.5, 1.6424242424242423, 1.4973262032085561, 2.0, 1.0751597501009573, 1.25, 1.0, 1.0062826327018537, 2.5, 1.0270713699753897, 1.0, 1.0, 1.0, 1.0907563671804867, 1.0, 2.0, 1.16, 1.0, 2.0, 1.0, 1.4054054054054055, 1.0, 1.2251655629139073, 1.0324946670173285, 2.0, 1.5, 1.0, 1.026946107784431, 2.0, 1.3, 1.0618556701030928, 1.0, 1.0029179882193022, 3.6842105263157894, 1.3888888888888888, 1.0, 1.8, 1.0, 1.0, 1.0632713366938988, 2.0, 4.0, 1.1634491634491635, 1.2, 1.0, 1.0353947844144287, 1.0, 1.75, 1.0, 2.0, 1.0, 1.0430711610486891, 1.0, 2.0, 1.4, 1.004193925844314, 1.0921052631578947, 1.1036144578313254, 1.2941176470588236, 2.7037037037037037, 2.0, 1.368421052631579, 1.1085899513776336, 1.0, 1.0, 1.0769230769230769, 1.1165444172779135, 1.8, 2.0, 1.6, 1.3516483516483517, 1.0, 1.8333333333333333, 1.0, 1.1194029850746268, 1.0, 4.0, 1.0152946807829006, 6.0, 1.0238154427484711, 2.0, 1.0, 3.0, 1.4166666666666667, 1.0, 2.0, 1.0128205128205128, 1.0, 1.0, 1.0, 1.0, 1.0, 1.0, 2.0, 1.4, 1.0, 1.0, 2.0, 1.0, 1.0, 1.0, 1.0, 1.0, 1.0, 1.0, 1.0, 1.0, 1.66, 1.0204081632653061, 2.0, 1.02, 1.0, 1.0, 1.75, 1.0122996211017197, 1.6470588235294117, 1.0, 1.0, 1.0, 1.0, 1.006217535022824, 1.0, 1.0, 1.0828729281767955, 1.1159052453468696, 1.0851063829787233, 2.0, 1.0, 1.0, 1.0, 1.4594594594594594, 2.0, 1.0, 1.0, 1.0082508250825082, 2.0, 1.044395116537181, 1.0, 1.0, 1.0059135523989513, 1.0, 1.0, 1.0, 2.625, 1.039794428218378, 1.0, 1.0, 1.4444444444444444, 1.0676855895196506, 1.0, 1.0, 2.0, 1.0, 1.0, 1.193492491336157, 1.0, 2.0, 1.0930533955417314, 1.0, 1.0, 1.0099809885931559, 1.0, 1.0074711915917438, 1.0, 1.0, 1.0743801652892562, 1.037936772046589, 2.1, 1.0, 1.0, 1.0, 4.0, 1.1111959935489348, 1.0, 1.0, 1.0, 1.0, 1.1, 1.0, 1.0, 1.5, 1.0865671641791044, 1.0, 1.0, 1.0, 1.5, 1.0, 1.2, 1.0663716814159292, 1.0, 1.0, 1.0, 1.0, 1.0, 1.0, 1.3, 1.0, 1.0, 1.0, 1.0, 1.0, 4.0, 1.1358481613285885, 1.2205882352941178, 1.0, 2.0, 1.5, 1.094488188976378, 1.0, 1.0, 1.0, 2.0, 1.0, 1.0543933054393306, 1.076086956521739, 4.714285714285714, 1.141255605381166, 1.0, 1.2826086956521738, 1.0, 1.0416666666666667, 1.0, 2.0, 1.0, 1.0, 1.0, 1.0116194625998547, 4.0, 1.0, 4.0, 1.0, 1.0124040493937034, 1.0, 1.0, 1.0621542466644973, 1.0030665440049065, 1.2462686567164178, 1.5, 1.0, 1.0, 1.027567296018755, 1.0, 1.3333333333333333, 1.0, 1.0, 1.0, 1.0808909730363423, 1.0, 1.0, 1.0, 1.0, 1.0, 1.0, 1.1538461538461537, 1.0, 1.1237738541109328, 1.1630740393626993, 2.0, 1.0, 1.0, 3.0, 1.0, 1.0, 1.0, 1.0, 1.0, 2.0, 1.0, 2.0, 1.5, 1.2226027397260273, 1.0, 1.0251475189101422, 1.0, 1.0, 1.2857142857142858, 1.2238921001926781, 3.0, 1.5, 1.0, 1.0, 1.0, 1.1785714285714286, 1.348623853211009, 1.0, 1.0, 1.0, 1.0, 1.0, 1.0, 1.0134715025906735, 1.0, 1.0, 1.0, 1.0, 1.371280724450194, 1.1333056478405317, 1.0, 1.0, 1.0674846625766872, 1.52, 2.0, 1.4397590361445782, 1.0, 1.0, 1.0, 1.0, 1.0, 1.4545454545454546, 2.0, 1.0, 1.465045592705167, 1.137908496732026, 1.2, 1.0, 1.0, 1.0, 1.0, 2.4, 1.0, 1.0, 1.4701986754966887, 1.0, 1.0, 16.5, 1.25, 1.6111111111111112, 1.0, 1.0120481927710843, 1.0, 1.0, 3.0, 1.0, 1.0, 1.0168918918918919, 1.0, 1.5460526315789473, 1.0, 3.142857142857143, 1.0, 1.0, 1.0, 1.75, 1.0, 1.0, 1.0, 1.0, 1.1494252873563218, 1.0, 1.0, 1.2227716495498921, 1.0114895734382774, 1.0, 1.0, 1.0, 1.02418550044027, 1.0, 1.4385026737967914, 1.0, 1.009490940465919, 2.0, 1.0, 1.3076923076923077, 2.0, 1.6666666666666667, 1.0767338908017707, 1.0, 2.0454545454545454, 1.0, 1.0, 2.5, 1.0, 1.0, 1.0, 1.6, 1.6666666666666667, 1.0, 1.0, 1.5, 1.0, 1.375, 1.0, 2.0, 1.0, 1.3333333333333333, 1.0, 1.0, 1.0, 1.0, 1.0, 1.0, 1.0, 1.0, 1.2197197197197198, 1.0, 1.0, 1.0, 1.0, 1.0, 1.2142857142857142, 1.5, 1.0, 1.0384615384615385, 1.0, 1.3290653008962867, 1.0, 1.059871703492516, 1.0, 1.075, 1.7142857142857142, 1.1538461538461537, 1.0, 1.0, 1.368421052631579, 1.0144759698899826, 1.0, 3.0, 1.4857142857142858, 1.0, 1.0, 1.0, 2.0, 1.0154995085229317, 1.0, 4.333333333333333, 1.0, 1.0576923076923077, 1.0, 1.0, 1.0, 1.0, 1.0, 1.0, 1.0, 1.0, 1.5, 2.0, 1.0, 1.0, 1.0, 1.0657303370786517, 1.042669290634225, 1.0, 1.0, 1.3333333333333333, 1.053191489361702, 1.0, 2.0, 1.0308421836422776, 1.125, 1.7717391304347827, 1.0, 1.0, 1.0, 1.5, 1.875, 1.0, 1.2679516250944822, 1.0, 1.0, 1.4647085960326003, 1.0, 2.0833333333333335, 1.0, 1.0, 1.2, 1.1921708185053381, 1.0, 1.0, 1.4615384615384615, 1.015595878706095, 1.0, 1.1666666666666667, 2.0, 1.0, 1.0640222686151706, 2.0, 2.3333333333333335, 1.0, 1.278688524590164, 1.0, 1.1100832562442182, 1.5, 1.0, 1.0, 1.0, 1.0, 1.0, 1.0, 2.0, 1.9615384615384615, 1.0, 1.1230377598642343, 1.0, 1.0032558579185615, 1.0, 1.0, 1.0, 1.0, 1.0, 1.0945945945945945, 1.1641477198054935, 2.0, 1.164516129032258, 1.0, 1.4752201692281126, 1.16, 2.0, 1.0169491525423728, 1.3783783783783783, 2.0, 1.0, 1.0, 1.0342237061769617, 1.0, 1.0, 1.0029585798816567, 1.0, 1.0]
origin-forest_43.39 	max: 31.0000	99th: 4.0000	95th: 2.5000	median: 1.0029	mean: 1.3367

...Done, result: results.csv

WORKLOAD-FINISHED | Type: QueryWorkload | Progress: 1/3 | Workload-time: 62.028917 | Model-update-time: 0.000000


WORKLOAD-START | Type: DataUpdateWorkload | Progress: 2/3
Going to run: ['python', '/home/kangping/code_copy/SAUCE/Naru/eval_model.py', '--model=naru', '--data_update=sample', '--dataset=forest', '--drift_test=js', '--end2end', '--update_size=100000', '--query_seed=0', '--eval_type=drift']
Torch device: cuda:1
GET-MODEL-PATH=./models/end2end/naru/origin-forest-16.5MB-model62.533-data19.148-200epochs-seed0.pt
GET-DATASET-PATH=./data/forest/end2end/forest.npy
Sample - START
Sample - END
load_npy_dataset_from_path - df.shape = (681012, 10)
Parsing... done, took 0.1s
Data updated!
Previous data size: (581012, 10), new data size: (100000, 10)
[5.3644180e-07 5.9604645e-08 5.9604645e-07 2.3841858e-07 1.1920929e-07
 0.0000000e+00 5.3644180e-07 2.8014183e-06 2.3841858e-07 6.5565109e-07]
Distance score: 5.781650429526053e-07
SAUCE Drift detection: False
Detection latency: 0.0675s

WORKLOAD-FINISHED | Type: DataUpdateWorkload | Progress: 2/3 | Workload-time: 2.311826 | Model-update-time: 0.000000


WORKLOAD-START | Type: QueryWorkload | Progress: 3/3
Going to run: ['python', '/home/kangping/code_copy/SAUCE/Naru/eval_model.py', '--dataset=forest', '--model=naru', '--end2end', '--query_seed=0', '--eval_type=estimate', '--num_workload=3', '--data_update=sample', '--model_update=adapt', '--random_seed=42']
Torch device: cuda:1
GET-MODEL-PATH=./models/end2end/naru/origin-forest-16.5MB-model62.533-data19.148-200epochs-seed0.pt
ckpts [PosixPath('/home/kangping/code_copy/SAUCE/models/end2end/naru/origin-forest-16.5MB-model62.533-data19.148-200epochs-seed0.pt')]
Validate Argument: DATASET="forest" is valid.
data size: 681012, total size: 681012, split index: [567510 681012]
Parsing... done, took 0.1s
Loading ckpt: /home/kangping/code_copy/SAUCE/models/end2end/naru/origin-forest-16.5MB-model62.533-data19.148-200epochs-seed0.pt
query_seed:0
origin-forest_43.39 	max: 22.0000	99th: 5.0040	95th: 3.0000	median: 1.0884	mean: 1.5304
ReportEsts: [1.0, 1.2226689641968218, 1.0, 1.8421052631578947, 3.0, 2.0, 1.5050167224080269, 1.0, 1.5205992509363295, 2.0, 1.025974025974026, 5.0, 1.0, 1.0, 2.5555555555555554, 1.308641975308642, 1.5, 5.0, 1.2833333333333334, 1.1307692307692307, 1.0, 2.0, 1.0, 1.0, 1.0065645514223194, 2.0, 1.0295070169125584, 2.5, 1.0, 2.142857142857143, 2.0, 1.0, 1.0, 2.0, 1.0, 3.0, 1.0, 2.0, 1.0, 2.6666666666666665, 2.0, 1.0, 1.0526315789473684, 1.0, 2.5789473684210527, 1.1686746987951808, 1.0, 2.0, 1.0, 1.0, 3.0, 1.0344918821407096, 2.0, 1.0, 3.1666666666666665, 1.0677290836653386, 1.6033452807646356, 1.4186046511627908, 1.0, 2.0, 1.0111846946284033, 5.5, 3.0, 1.0, 1.0, 1.8805970149253732, 1.0687221869040051, 1.0, 3.0, 2.0, 3.0, 1.408450704225352, 1.094577503754644, 2.1794871794871793, 1.0, 1.309278350515464, 1.0, 2.0, 2.0, 1.0, 2.0, 2.0, 2.0, 1.0110823305682153, 3.3333333333333335, 1.4761904761904763, 1.0, 2.0, 1.25, 1.0968087822312995, 1.0, 1.8695652173913044, 2.0, 1.170664739884393, 1.1224489795918366, 1.8571428571428572, 1.28, 1.0, 1.0, 2.0, 1.0, 1.0, 1.0249805598755832, 1.5714285714285714, 1.0, 1.0, 1.0, 2.0, 1.0089298245614036, 1.75, 1.0, 1.1071428571428572, 1.0, 1.0, 1.0, 1.0, 1.0, 2.0, 1.0, 1.0, 1.0, 1.018543046357616, 1.0, 1.0, 3.0, 3.0, 1.0, 1.1872635561160152, 1.125, 1.0, 3.0, 1.0, 1.0, 2.0, 1.1265371796345247, 1.085350575873914, 1.0, 2.6666666666666665, 1.0, 2.0, 2.0, 1.0858248329229687, 1.0149253731343284, 1.0095597169609034, 1.0, 1.0, 1.6, 1.0, 1.0066552781475155, 1.0, 1.0285714285714285, 2.111111111111111, 1.0769230769230769, 1.657471264367816, 1.0, 1.0, 1.0, 1.0, 2.5, 1.0, 1.0, 1.0, 2.5, 3.4615384615384617, 1.0, 1.2296706989247312, 6.0, 1.0423883141539774, 1.0, 3.0, 2.0, 1.0474198047419805, 1.0, 1.0, 1.8, 1.0, 1.0212744153634892, 1.0197809961144473, 1.0, 2.4395348837209303, 1.1333333333333333, 1.0998970133882595, 1.0, 3.0, 1.0, 1.0, 2.0, 3.0, 1.0, 1.157121637233867, 1.0, 1.0, 1.4285714285714286, 1.0221461933871685, 1.0, 1.213389121338912, 1.0688808865453454, 2.0, 1.4431818181818181, 1.6206896551724137, 1.008107202680067, 1.0, 1.0, 3.0, 1.0, 3.0, 1.0, 2.0, 1.0, 2.0, 1.5, 3.3333333333333335, 1.2, 13.5, 1.0, 2.0, 1.0434782608695652, 2.0, 1.0, 3.0, 1.0, 2.0, 1.0735294117647058, 1.0, 2.5, 1.6, 1.0, 2.0, 1.0428800964049005, 1.0451919809717976, 1.1875, 1.0, 1.0265107742505608, 1.0, 2.0, 2.0, 1.0, 1.7142857142857142, 2.6666666666666665, 1.4, 1.0, 3.0, 3.5, 1.0536889504676135, 1.0080065238342353, 2.0, 1.3333333333333333, 1.6666666666666667, 1.0, 1.5, 2.0, 1.0, 1.1415343915343916, 8.5, 2.1818181818181817, 2.0, 1.0, 1.134020618556701, 1.0, 1.4214285714285715, 1.1809638554216868, 1.0, 1.0, 1.1193415637860082, 1.0082135523613962, 4.0, 1.0, 1.060213343314307, 1.3333333333333333, 1.3333333333333333, 1.0, 1.8888888888888888, 1.0, 1.0, 1.0, 1.1944444444444444, 1.3333333333333333, 1.1535905954510606, 1.0410122164048865, 1.0, 1.1485745614035088, 1.0, 1.5606060606060606, 1.005800464037123, 1.0, 1.0, 1.75, 1.1536796536796536, 1.261467889908257, 1.018177417213889, 1.5, 1.0765957446808512, 1.0, 2.4285714285714284, 2.16023166023166, 1.0, 1.5033783783783783, 2.0, 1.1369047619047619, 2.0, 1.0, 2.1, 8.0, 1.0, 1.0, 1.132867132867133, 1.0, 4.0, 1.0, 1.0, 1.24, 1.0, 1.3333333333333333, 1.0, 1.0, 1.1964285714285714, 2.0, 1.0, 1.3076923076923077, 2.0, 1.0, 1.0, 1.0, 1.0, 2.0, 2.0, 1.0, 1.0, 1.1797793452703924, 2.5, 1.0, 1.0971025841816757, 2.0, 1.0, 2.0, 1.0, 1.4252017380509001, 1.0, 5.0, 1.3186813186813187, 1.0, 1.342629482071713, 1.0, 1.1386138613861385, 1.5654450261780104, 2.0, 1.0086814086814087, 1.023076923076923, 1.0, 1.2121212121212122, 1.0, 1.1428571428571428, 13.0, 3.0, 1.0, 2.0, 3.0, 1.0, 1.0, 1.0534351145038168, 1.8571428571428572, 1.021505376344086, 4.5, 3.0, 3.0, 1.673913043478261, 1.3606837606837607, 1.0171189593717604, 3.0, 1.037253134475129, 1.0309278350515463, 1.0107199415275916, 1.7333333333333334, 1.3794212218649518, 2.0, 1.415954415954416, 2.0, 1.1238095238095238, 1.0239456058136907, 1.0, 1.0024527711094875, 1.0022369732778953, 1.0187896082718748, 1.0, 2.0, 2.0, 1.0384615384615385, 3.0, 2.0, 2.0, 1.0552763819095476, 2.0, 1.0361741263028816, 2.5, 1.0, 1.2564102564102564, 1.125, 2.0, 1.0, 1.0, 4.5, 2.0, 1.1798561151079137, 1.0, 1.0, 2.0, 1.0, 1.0061150722915428, 1.0, 1.1304347826086956, 2.8234192037470724, 1.0, 1.0, 2.0, 1.0, 1.0000979266746821, 2.25, 1.0909090909090908, 1.0, 1.0, 1.0271225210873516, 1.047393643031785, 1.0, 3.25, 2.0, 2.0, 1.0, 1.5949367088607596, 1.0173459206385755, 1.0, 1.6796598157335223, 2.606060606060606, 1.0, 1.0, 1.0154639175257731, 1.4137931034482758, 2.0, 2.0, 1.019524100061013, 1.0175372240503298, 1.1666666666666667, 1.0206985769728332, 1.5909090909090908, 2.0, 1.0, 1.0, 1.0371142228258325, 2.0, 1.0, 1.1091120139291932, 2.0, 1.0, 1.1122448979591837, 1.0, 1.0, 1.1258278145695364, 1.75, 1.15, 1.364864864864865, 1.0972447325769854, 1.0, 2.0, 2.0, 1.0, 1.0, 1.063467381590706, 1.0, 1.0, 1.0457446808510638, 1.026578073089701, 1.0, 1.0, 1.0, 1.0, 1.4782608695652173, 2.0, 1.1479713603818615, 1.0359141906053508, 1.0, 2.6666666666666665, 1.2393617021276595, 1.0, 1.0, 1.0, 1.608695652173913, 2.0, 1.0, 1.0, 1.5, 1.32, 1.04638671875, 1.0, 7.857142857142857, 1.0, 1.0638297872340425, 1.0, 2.0, 1.0, 1.0, 1.0, 1.0685687435802171, 1.125, 2.0, 1.1785714285714286, 1.0, 6.0, 2.0, 1.4285714285714286, 1.3333333333333333, 1.2603550295857988, 1.0667220167559817, 2.0, 1.5, 1.0, 1.0062972292191437, 2.0, 22.0, 1.0089285714285714, 1.0, 1.0170165369800288, 1.176706827309237, 1.380952380952381, 1.0, 2.0, 1.0, 1.0, 2.0, 2.0, 1.1951807228915663, 2.4545454545454546, 2.3333333333333335, 3.0, 2.0, 1.0343580470162748, 2.0, 2.0, 1.5, 2.0, 1.31796875, 2.0, 1.0, 1.6053811659192825, 3.0, 1.0205438253531591, 1.0, 1.0, 1.2895841281953453, 1.0, 1.0, 1.0516129032258064, 1.125, 1.6666666666666667, 1.1, 1.054292002934703, 1.8, 2.0, 1.5, 1.3396226415094339, 1.0, 1.6923076923076923, 1.0, 1.0631929046563193, 1.0, 2.6, 1.2825704225352113, 1.125, 1.053153204383535, 1.1123595505617978, 1.0, 2.0, 1.6419753086419753, 1.0, 1.360655737704918, 1.15, 2.5, 1.168335901386749, 2.0, 1.0, 1.0, 1.3242677824267783, 1.5, 1.0, 1.2499517839922853, 1.0, 2.0, 2.0, 1.0, 1.0, 1.0, 1.0, 1.0, 1.0, 1.0, 1.0, 1.0, 1.5568181818181819, 1.019873140857393, 1.4022140221402215, 1.0, 1.0, 1.1764705882352942, 2.0, 3.0, 2.0, 2.0, 1.0, 1.0, 1.0, 1.0021025931982779, 1.0, 3.0, 1.14625, 1.0, 1.0, 1.0, 4.0, 1.5, 1.0, 1.0, 1.0, 2.0, 3.0, 1.0251612903225806, 1.0484693877551021, 1.0, 1.0, 1.0, 1.002326667589261, 1.0, 1.0, 1.0, 2.8333333333333335, 1.0465424357502429, 1.0, 1.0, 1.4545454545454546, 1.0106951871657754, 1.0, 1.0, 1.0, 1.0, 1.0, 1.2191628596122979, 1.0, 2.0, 1.0369524600373676, 1.0, 1.0, 1.002600520104021, 1.0, 1.0053931614712543, 1.0, 1.0, 3.0, 1.3587521663778164, 1.0, 1.0, 1.0, 1.4285714285714286, 2.0, 1.0236892097264438, 1.1848092977574072, 1.0, 1.0, 2.3333333333333335, 1.0, 1.5, 5.4, 1.0, 1.0, 1.11776400026956, 1.0, 1.0, 1.5, 1.4886363636363635, 1.4536082474226804, 1.138157894736842, 1.176271186440678, 2.0, 1.8046511627906976, 1.0208333333333333, 4.7272727272727275, 2.0, 2.0, 1.0, 1.0, 1.0, 1.0721649484536082, 2.0, 1.0909090909090908, 1.0, 3.0, 2.6666666666666665, 3.0, 1.5, 1.0, 2.0, 1.0, 2.0, 1.1538461538461537, 1.0, 1.0, 1.0, 1.0520984081041969, 1.024793388429752, 2.0, 1.4, 1.8, 1.0, 1.1851851851851851, 1.0, 2.0, 2.0, 1.0, 2.0, 1.0310618066561015, 2.2285714285714286, 1.0, 4.0, 1.0062893081761006, 1.002273265451101, 1.0, 2.0, 1.1085404170237074, 1.0244094488188977, 1.3181818181818181, 1.8333333333333333, 2.0, 1.0, 2.7953216374269005, 2.4210526315789473, 3.8, 1.0, 1.0, 3.0, 1.1242807825086305, 1.0, 1.5897435897435896, 1.0, 1.0, 1.088235294117647, 2.0, 4.0, 2.0, 1.0, 1.0426475777587336, 3.206896551724138, 1.5530465949820789, 1.0, 1.0, 3.0, 2.0, 1.0, 1.0, 1.0, 1.0, 3.0, 1.0, 2.0, 2.0, 1.2057971014492754, 1.0, 1.0510646220507092, 1.0, 1.0, 1.75, 1.3327890267798825, 4.0, 1.5, 1.0, 1.0, 1.0, 1.8387096774193548, 1.0644351464435147, 3.0, 1.0, 1.0, 2.0, 1.0, 1.0, 1.2638888888888888, 1.0, 1.0, 2.0, 1.0, 1.3625541125541125, 1.0725607608312786, 1.0, 1.0, 1.15, 1.4666666666666666, 2.0, 1.396039603960396, 1.0, 1.0, 2.0, 1.0, 2.0, 1.0, 2.0, 1.0, 1.3036649214659686, 1.0308253648716659, 1.1666666666666667, 2.0, 1.2045454545454546, 2.0, 1.1071428571428572, 1.0, 1.5, 2.0, 1.135126558650041, 1.3181818181818181, 2.0, 1.0, 1.1452115812917594, 1.2492315798717837, 2.0, 2.0, 2.0, 1.0190114068441065, 1.0, 1.04185337874171, 2.5849056603773586, 1.193905345590739, 1.14, 1.0547376137821491, 1.0, 1.1138088012139606, 1.25, 1.0, 1.0, 1.0, 1.0, 1.4166666666666667, 2.0, 2.0, 1.5, 2.0, 1.0, 1.0, 1.0, 1.6991150442477876, 3.0, 1.0, 2.0, 1.16, 1.6981132075471699, 2.0, 2.0, 1.0713541666666666, 2.6666666666666665, 1.0, 1.3333333333333333, 2.0, 1.0, 1.0, 1.0, 2.0, 1.0, 1.0483870967741935, 1.010062893081761, 2.0, 1.0, 1.5714285714285714, 1.1736526946107784, 1.0, 1.0885901413305756, 1.0, 1.0, 1.0, 2.0, 1.0222222222222221, 1.0, 2.0, 1.0, 1.0, 2.0, 1.0, 1.0, 1.0, 1.0, 1.0, 2.0, 1.0, 1.140353121801433, 1.5, 1.0, 1.0, 2.0, 1.0, 1.0727272727272728, 1.0, 1.0, 3.0, 1.0, 1.0, 1.0, 2.0, 1.0, 1.1208459214501512, 1.0218164377792855, 3.0, 1.2131147540983607, 1.3333333333333333, 1.1858407079646018, 1.0, 1.0241353570539935, 1.0, 4.0, 1.5078817733990149, 1.0, 1.0, 2.0, 2.75, 1.3333333333333333, 1.0, 1.0024686340025941, 1.1554588499329448, 1.0342857142857143, 1.8, 1.0, 4.0, 1.0, 2.0, 1.0, 2.0, 1.0, 1.2, 2.0, 2.0, 1.0, 2.0, 1.058478130617136, 1.033402922755741, 1.0, 1.0, 1.2857142857142858, 1.0263736263736263, 2.0, 2.0, 1.0117654706188248, 1.1176470588235294, 1.3302752293577982, 1.0, 2.0, 1.0, 1.4, 2.761904761904762, 2.0, 1.2527724800452074, 1.0, 1.0, 1.4394485957227519, 2.0, 1.205128205128205, 3.0, 2.0, 2.0, 1.2866043613707165, 1.0, 1.0, 1.4822695035460993, 1.0, 1.0, 1.2222222222222223, 1.0, 3.0, 1.0031948881789137, 2.5, 1.0, 2.0, 1.8, 1.6919315403422983, 1.0, 1.112630014858841, 1.5, 1.0, 1.0, 1.0, 1.0, 2.0, 1.0, 2.0, 2.2413793103448274, 1.0, 1.136396790663749, 1.0, 1.002897125229132, 1.0, 1.0, 1.0, 1.0, 1.0, 1.1428571428571428, 1.1176470588235294, 1.0, 1.0, 2.0, 1.1299212598425197]
origin-forest_43.39 	max: 22.0000	99th: 5.0040	95th: 3.0000	median: 1.0884	mean: 1.5304

...Done, result: results.csv

WORKLOAD-FINISHED | Type: QueryWorkload | Progress: 3/3 | Workload-time: 62.798887 | Model-update-time: 0.000000


Experiment Summary: #data-update-times=1, #drift=0 | total-time=127.214761