Input arguments = Namespace(data_update='tupleskew', update_size=100000, dataset='forest', debug=False, drift_test='js', model_update='adapt', model='naru', end2end=False, query_seed=0, random_seed=42, num_workload=3)
JSON-passed parameters = {'data_updater': {'skew_ratio': '1e-2'}, 'random_seed': 16, 'naru': {'epochs': 0}}
MODEL-PATH=/home/kangping/code_copy/SAUCE/models/end2end/naru/origin-forest-16.5MB-model62.533-data19.148-200epochs-seed0.pt
DATASET-PATH=/home/kangping/code_copy/SAUCE/data/forest/end2end/forest.npy
Workloads: ['QueryWorkload', 'DataUpdateWorkload', 'QueryWorkload']

WORKLOAD-START | Type: QueryWorkload | Progress: 1/3
Going to run: ['python', '/home/kangping/code_copy/SAUCE/Naru/eval_model.py', '--dataset=forest', '--model=naru', '--query_seed=0', '--end2end', '--eval_type=first_estimate', '--num_workload=3', '--data_update=tupleskew', '--model_update=adapt', '--random_seed=42']
Torch device: cuda:1
GET-MODEL-PATH=./models/end2end/naru/origin-forest-16.5MB-model62.533-data19.148-200epochs-seed0.pt
ckpts [PosixPath('/home/kangping/code_copy/SAUCE/models/end2end/naru/origin-forest-16.5MB-model62.533-data19.148-200epochs-seed0.pt')]
Validate Argument: DATASET="forest" is valid.
load_csv_dataset - forest (581012, 10)
Parsing... done, took 0.0s
Loading ckpt: /home/kangping/code_copy/SAUCE/models/end2end/naru/origin-forest-16.5MB-model62.533-data19.148-200epochs-seed0.pt
query_seed:0
origin-forest_43.39 	max: 31.0000	99th: 4.0000	95th: 2.5008	median: 1.0036	mean: 1.3424
ReportEsts: [1.0, 1.319904506117577, 1.0, 1.7352941176470589, 2.6666666666666665, 1.0, 1.3241379310344827, 1.0, 1.4435146443514644, 1.0, 1.0597014925373134, 3.0, 1.0, 1.0, 3.0, 1.0328588200763136, 1.0, 1.4285714285714286, 1.06, 1.1111111111111112, 1.0, 3.0, 1.4285714285714286, 1.4, 2.2, 1.0, 1.053878486816966, 1.4444444444444444, 3.0, 1.316888045540797, 1.0, 1.0150523560209423, 1.4, 1.0, 1.6571428571428573, 1.0024875621890548, 1.1211726384364822, 1.0, 1.264033264033264, 1.0, 2.0, 1.0, 1.2352941176470589, 1.0, 1.0975609756097562, 1.1192660550458715, 1.0, 2.0, 1.0, 1.0, 3.0, 1.058323959505062, 1.0, 1.0, 2.0, 1.080568720379147, 1.0189228529839884, 1.088235294117647, 1.0, 1.0, 1.0131399317406142, 10.0, 1.0, 1.1634703196347032, 1.197452229299363, 1.0, 1.2225063938618925, 1.099009900990099, 1.393574297188755, 1.0, 2.0, 1.0, 1.2371134020618557, 1.041907970938191, 4.0, 1.5, 1.0, 1.0, 1.0, 1.0, 1.0, 2.0, 1.0015224806799128, 3.5, 1.1538461538461537, 1.0, 1.0, 1.3333333333333333, 1.0510026938042503, 1.0, 4.0, 1.3043478260869565, 1.0, 1.0195891065456282, 1.0, 1.0, 1.0035921525283227, 1.3418803418803418, 1.0, 1.0, 2.5, 1.0, 1.0, 1.0, 1.013793103448276, 1.0, 1.0, 1.0, 1.0036363636363637, 1.0, 1.056338028169014, 1.0, 1.0, 1.1728541728541728, 1.1329479768786128, 2.0, 1.0, 2.0, 1.0, 1.0, 1.0, 2.0, 3.0, 1.0, 1.1756457564575646, 1.1428571428571428, 1.0, 1.3333333333333333, 1.0, 1.0, 1.0, 1.0948072383949645, 1.0379648995180504, 2.0, 2.375, 1.0, 1.0, 2.0, 1.0519002860645688, 1.0476190476190477, 1.0039890301670407, 1.0, 1.0, 1.6, 1.0, 1.0091118205162515, 1.0, 1.0, 2.0869565217391304, 1.1818181818181819, 1.4, 1.0, 1.0, 1.0, 1.0, 4.0, 1.0, 1.0, 1.0, 2.6666666666666665, 2.909090909090909, 1.0, 1.1545525291828793, 4.0, 1.0435926513948741, 1.0, 2.0, 1.0, 1.1402214022140222, 1.0, 1.0, 1.0, 1.3571428571428572, 1.8125, 1.0, 1.0, 1.1330798479087452, 1.0, 1.1252808988764045, 1.0, 1.1542056074766356, 1.0, 1.0, 1.0205090791180285, 1.0, 1.16147859922179, 1.0, 1.0, 1.8695652173913044, 1.0760026040321164, 1.0, 1.004201680672269, 1.6428571428571428, 1.0, 1.0, 1.0, 1.0, 1.7916666666666667, 1.0, 1.1966139594314007, 1.1250789639924195, 1.0, 1.0, 1.0, 2.0, 31.0, 1.2553191489361701, 1.0, 1.0, 1.0, 1.0, 1.2058823529411764, 1.0, 1.125, 1.0, 1.0, 1.0, 1.0046511627906978, 1.0, 1.0, 1.0, 1.2186724052309221, 3.0, 1.0, 1.2391304347826086, 1.0, 1.0457516339869282, 1.0, 1.4491392801251957, 1.0, 1.0, 1.0, 1.8333333333333333, 1.0, 1.0769230769230769, 1.0, 2.0, 2.0, 1.030593761512956, 1.0478188986391963, 1.0, 1.3333333333333333, 1.0, 1.0007572889057175, 1.2327044025157232, 1.1428571428571428, 1.0, 1.161084529505582, 2.5, 1.1652397260273972, 1.0, 1.0, 1.1385542168674698, 1.0, 1.2676470588235293, 1.0930414386239249, 1.1428571428571428, 1.0, 1.0464135021097047, 1.0121359223300972, 4.0, 1.0, 1.1148744930395704, 1.25, 1.3333333333333333, 1.0, 1.75, 1.0, 1.0, 1.0, 1.4615384615384615, 1.3333333333333333, 1.2742857142857142, 2.0, 1.0, 1.1233591080740875, 1.2222222222222223, 2.0, 1.16, 1.0, 1.5, 1.0, 1.5555555555555556, 1.0, 1.5, 1.0, 1.0, 1.0, 1.0486486486486486, 1.0, 1.4285714285714286, 1.0, 1.0, 1.0, 1.0, 1.1003500583430572, 1.18, 1.040030792917629, 1.1710526315789473, 1.0, 1.1071428571428572, 1.0, 1.0, 3.0, 1.0, 1.1045751633986929, 1.0, 2.0, 1.0, 1.2857142857142858, 2.0, 1.0, 1.0909090909090908, 1.0, 1.0, 1.0, 1.0, 1.0, 1.0, 1.1666666666666667, 1.0, 1.0, 1.0942356875860713, 2.5, 1.0, 1.0263303259068313, 1.0, 1.0, 1.0, 1.0, 1.5125925925925925, 1.0, 3.0, 1.0, 1.3333333333333333, 1.2046511627906977, 1.0, 1.125, 1.5853658536585367, 1.0, 1.1180257510729614, 1.0277777777777777, 1.0, 1.1290322580645162, 1.5, 1.3333333333333333, 10.0, 1.5, 1.0, 1.0, 1.0, 1.0, 1.0, 1.1293103448275863, 1.0, 1.1111111111111112, 1.0, 1.0, 1.0, 1.0, 1.2529644268774704, 1.1, 1.0727272727272728, 1.4320324490243368, 1.0615692479523455, 1.0336294416243654, 1.046123085265013, 1.211320754716981, 1.0, 1.687793427230047, 1.0, 1.1457852193995381, 1.019962909467002, 1.0, 1.0119227435929181, 1.0171815440632646, 1.032353324358362, 1.0, 1.25, 1.0, 1.0126582278481013, 1.0, 1.5, 1.0609212481426449, 20.4, 1.0, 4.0476190476190474, 1.0, 1.115339058335801, 1.0, 3.3333333333333335, 1.75, 1.0, 1.0, 4.25, 1.0, 1.1943661971830986, 1.0, 1.0, 1.0, 1.0, 1.0134238044883093, 1.0, 2.0, 1.2010443864229765, 1.0607255520504733, 1.0663716814159292, 1.1185737976782753, 1.354679802955665, 1.116339543333452, 1.0117994100294985, 1.4042553191489362, 1.0, 1.0, 1.0263227102111077, 1.0672136031349544, 1.0, 2.75, 1.0, 1.0, 1.0, 1.0, 1.0, 1.0, 1.0, 1.018537859007833, 1.6666666666666667, 1.4586530264279625, 1.0, 1.0, 2.0, 1.0419580419580419, 1.0154991799766553, 1.2, 1.0336906584992342, 1.75, 1.0, 1.0, 1.0, 1.026403908437174, 2.5, 1.0, 1.0491606714628297, 1.0, 1.9, 1.0, 1.0, 1.0, 1.0123070200990387, 1.0, 1.0, 1.0, 1.1111111111111112, 1.4, 1.036927621861152, 3.1818181818181817, 1.0, 1.0, 1.5789473684210527, 1.25, 2.0, 1.053658536585366, 1.0, 1.4444444444444444, 1.0, 1.0, 1.1, 2.0, 1.0, 1.125, 1.008083724287261, 1.0132320843943252, 1.1397849462365592, 1.048780487804878, 1.0, 1.0, 1.3333333333333333, 1.0, 1.0103558444419962, 1.2, 3.0, 1.5, 1.5354107648725213, 1.4866310160427807, 1.0, 1.0321875668099865, 2.5, 1.0, 1.007532575458933, 2.5, 1.031665299425759, 1.0, 1.0, 1.0, 1.0563876990946164, 1.0, 2.0, 1.12, 1.0, 2.0, 1.0, 1.625, 1.0, 1.1390728476821192, 1.0770804481933778, 2.0, 1.5, 1.0, 1.03003003003003, 2.0, 2.5, 1.0404040404040404, 1.0, 1.036617442603239, 1.4285714285714286, 1.3888888888888888, 1.0, 1.0, 1.0, 1.0, 1.0160209252901748, 2.0, 2.0, 1.1257783312577834, 2.6, 1.0, 1.0224657383757656, 1.0, 2.0, 1.0, 2.0, 1.0, 1.054307116104869, 1.0, 2.0, 1.3, 1.0043271937585458, 1.2105263157894737, 1.14010989010989, 1.2222222222222223, 2.7037037037037037, 1.0, 1.4473684210526316, 1.1085899513776336, 1.0, 1.0, 1.1025641025641026, 1.3838630806845966, 3.0, 2.0, 1.6, 1.3516483516483517, 1.0, 1.9893617021276595, 1.0, 1.2213930348258706, 1.0, 3.0, 1.009781123573269, 6.0, 1.0078556157708944, 2.8, 1.0, 3.0, 1.3076923076923077, 1.0, 2.0, 1.0073260073260073, 1.0, 1.0, 1.0, 1.0, 1.0, 1.0196078431372548, 2.0, 1.8888888888888888, 1.0, 1.0, 2.0, 1.0, 1.0, 1.0, 1.0, 1.0, 1.0, 1.0, 1.0, 1.0, 2.4193548387096775, 1.0638297872340425, 1.0, 1.015, 1.0, 1.0, 1.1666666666666667, 1.0347323423686001, 1.6470588235294117, 1.0, 1.0, 1.0, 1.0, 1.0220962064919827, 1.0, 1.0, 1.056344928956394, 1.1046901172529313, 1.1063829787234043, 2.0, 1.0, 1.0, 1.0, 1.5, 2.0, 1.0, 1.0, 1.0795053003533568, 2.0, 1.0544598834603316, 1.0, 1.0, 1.0347474747474747, 1.0, 1.0, 1.0, 2.4705882352941178, 1.0512293918343396, 1.0, 1.0, 1.3, 1.089086859688196, 1.0, 1.0, 2.0, 1.0, 1.0, 1.0891894493646515, 1.0, 2.0, 1.0879772961816305, 1.0, 1.0, 1.0065882352941176, 1.0, 1.0012679092177, 1.0, 1.0, 1.3388429752066116, 1.0026622296173044, 1.5, 1.0461538461538462, 1.0, 1.0, 1.3333333333333333, 1.1136537643555933, 1.0, 1.0, 1.0, 1.0, 1.2, 1.0, 1.0, 1.5, 1.5555555555555556, 1.0, 1.0, 1.0, 1.5, 1.0, 1.2, 1.092920353982301, 1.0, 1.0, 1.0, 1.0, 1.0, 1.0, 1.3, 1.0, 1.0, 1.0, 1.0, 1.0, 4.0, 1.1364175563463819, 1.1295180722891567, 1.0, 2.0, 1.5, 1.1463917525773195, 1.0, 1.0, 1.0, 2.0, 1.0, 1.0844091360476664, 1.065217391304348, 1.65, 1.0105599214145382, 1.0, 2.0869565217391304, 1.0, 1.16, 1.0, 1.5, 1.0, 1.0, 1.0, 1.0695145631067962, 4.0, 1.0, 4.0, 1.0, 1.0016714954312458, 1.0, 1.0, 1.0698131760078662, 1.0248390064397424, 1.2761194029850746, 1.8, 1.0, 1.0, 1.1044183251512498, 1.0, 2.6666666666666665, 1.0, 1.0, 1.5, 1.1711606096131302, 1.0, 1.0, 1.1538461538461537, 1.0, 1.0, 1.0, 1.2, 1.0, 1.0283574103798823, 1.121273166800967, 2.0, 1.0, 1.0, 3.0, 1.0, 1.0, 1.0, 1.0, 1.0, 2.0, 1.0, 2.0, 1.5, 1.186046511627907, 1.0, 1.0433650806768175, 1.0, 1.0, 1.6363636363636365, 1.251205400192864, 3.0, 1.5, 1.0, 1.0, 1.0, 1.6785714285714286, 1.3228155339805825, 1.5, 1.0, 1.0, 1.0, 1.0, 1.0, 1.0735455543358947, 1.0, 1.0, 1.0, 1.0, 1.3520408163265305, 1.106312292358804, 1.0, 1.0, 1.0875, 1.48, 2.0, 1.4698795180722892, 1.0, 1.0, 1.0, 1.0, 1.0, 1.3333333333333333, 2.0, 1.0, 1.3100303951367782, 1.0583586626139818, 1.2, 1.0, 1.0, 1.0, 1.0, 2.4, 1.0, 1.0, 1.0902527075812274, 1.0, 1.0, 2.515151515151515, 4.0, 1.7777777777777777, 1.0, 1.2741228070175439, 1.0, 1.0, 3.0, 1.0, 1.0740740740740742, 1.1554054054054055, 1.0, 1.5657894736842106, 1.0, 4.0, 1.0, 1.0, 1.0, 1.5555555555555556, 1.0, 1.0, 1.0, 1.0, 1.2345679012345678, 1.0, 1.0, 1.1499936604539116, 1.0040711086986023, 1.0, 1.0, 1.0, 1.0947020839448194, 1.0, 2.379679144385027, 1.0, 1.0284728213977568, 2.0, 1.0, 1.3076923076923077, 2.0, 1.6666666666666667, 1.0787014264633545, 1.0, 2.8125, 1.0, 1.0, 2.5, 1.0, 1.0, 1.0, 1.3333333333333333, 1.6666666666666667, 1.0, 1.0, 3.0, 1.0, 1.25, 1.0, 2.0, 1.0, 1.3333333333333333, 1.0, 1.0, 1.0, 1.0, 1.0, 1.0, 1.0, 1.0, 1.1424424424424424, 2.0, 1.0, 1.0, 1.0, 1.0, 1.2380952380952381, 1.0, 1.0, 1.1135684399282726, 1.0, 1.3871105420401195, 1.0, 1.0523708421797593, 1.0, 1.0930232558139534, 1.7, 1.625, 1.0, 1.0, 1.3157894736842106, 1.0176185866408518, 1.0, 5.0, 1.5011428571428571, 1.0, 1.0, 1.0, 2.0, 1.0021885721045782, 1.0, 2.6, 1.0, 1.0185185185185186, 1.0, 1.0, 1.0, 1.0, 1.0, 1.0, 1.0, 1.0, 1.5, 2.0, 1.0, 1.0, 1.0, 1.0400280898876404, 1.032650505411933, 1.0, 1.0, 1.3333333333333333, 1.0425531914893618, 1.0, 2.0, 1.132185218978102, 1.1111111111111112, 1.0289855072463767, 1.0, 1.0, 1.0, 1.5, 2.8125, 1.0, 1.2604884157795868, 1.0, 1.0, 1.536042573778423, 1.0, 1.2, 1.0, 1.0, 1.2, 1.2526690391459074, 1.0, 1.0, 1.3818181818181818, 1.0357299974055567, 1.0, 1.5555555555555556, 1.5, 1.0, 1.031586503948313, 2.0, 1.75, 1.0, 1.1598360655737705, 1.0, 1.02529244388239, 1.5, 1.0, 1.0, 1.0, 1.0, 1.0, 1.0, 2.0, 1.9615384615384615, 1.0, 1.09697472026523, 1.0, 1.0339665530118525, 1.0, 1.0, 1.0, 1.0, 1.0, 1.1216216216216217, 1.1562459208980551, 2.0, 1.1443548387096774, 1.0, 1.3940926892950392, 1.2083333333333333, 2.0, 1.0169491525423728, 1.4299065420560748, 2.0, 1.0, 1.0, 1.055366269165247, 1.0, 1.0, 1.008849557522124, 1.0, 1.0]
origin-forest_43.39 	max: 31.0000	99th: 4.0000	95th: 2.5008	median: 1.0036	mean: 1.3424

...Done, result: results.csv

WORKLOAD-FINISHED | Type: QueryWorkload | Progress: 1/3 | Workload-time: 57.296239 | Model-update-time: 0.000000


WORKLOAD-START | Type: DataUpdateWorkload | Progress: 2/3
Going to run: ['python', '/home/kangping/code_copy/SAUCE/Naru/eval_model.py', '--model=naru', '--data_update=tupleskew', '--dataset=forest', '--drift_test=js', '--end2end', '--update_size=100000', '--query_seed=0', '--eval_type=drift']
Torch device: cuda:1
GET-MODEL-PATH=./models/end2end/naru/origin-forest-16.5MB-model62.533-data19.148-200epochs-seed0.pt
GET-DATASET-PATH=./data/forest/end2end/forest.npy
TupleSkewSample - START
0.01
TupleSkewSample - END
load_npy_dataset_from_path - df.shape = (681012, 10)
Parsing... done, took 0.1s
Data updated!
Previous data size: (581012, 10), new data size: (100000, 10)
[6.3776970e-06 5.7816505e-06 7.7486038e-07 1.4901161e-06 3.5166740e-06
 2.2649765e-06 8.1062317e-06 1.1324883e-06 6.6161156e-06 4.1723251e-07]
Distance score: 3.6478043057286413e-06
SAUCE Drift detection: True
Detection latency: 0.0659s

DRIFT-DETECTED after 2-th workload
Going to run: ['python', '/home/kangping/code_copy/SAUCE/Naru/incremental_train.py', '--dataset=forest', '--end2end', '--model=naru', '--model_update=adapt', '--update_size=100000', '--epochs=0']
Torch device: cuda:1
GET-MODEL-PATH=./models/end2end/naru/origin-forest-16.5MB-model62.533-data19.148-200epochs-seed0.pt
update_size: 100000
AdaptTask - START
GET-DATASET-PATH=./data/forest/end2end/forest.npy
load_npy_dataset_from_path - df.shape = (681012, 10)
Parsing... done, took 0.1s
done, took 0.1s
dataset size: 681012
train data shape: torch.Size([100000, 10]), transfer data shape:torch.Size([20000, 10])
Training done; evaluating likelihood on full data:
Epoch None Iter 0, test loss 43.0563 nats / 62.1171 bits
Saved to: /home/kangping/code_copy/SAUCE/models/end2end/naru/origin-forest-16.5MB-model62.533-data19.148-200epochs-seed0.pt
AdaptTask - END

WORKLOAD-FINISHED | Type: DataUpdateWorkload | Progress: 2/3 | Workload-time: 2.234447 | Model-update-time: 4.739439


WORKLOAD-START | Type: QueryWorkload | Progress: 3/3
Going to run: ['python', '/home/kangping/code_copy/SAUCE/Naru/eval_model.py', '--dataset=forest', '--model=naru', '--end2end', '--query_seed=0', '--eval_type=estimate', '--num_workload=3', '--data_update=tupleskew', '--model_update=adapt', '--random_seed=42']
Torch device: cuda:1
GET-MODEL-PATH=./models/end2end/naru/origin-forest-16.5MB-model62.533-data19.148-200epochs-seed0.pt
ckpts [PosixPath('/home/kangping/code_copy/SAUCE/models/end2end/naru/origin-forest-16.5MB-model62.533-data19.148-200epochs-seed0.pt')]
Validate Argument: DATASET="forest" is valid.
data size: 681012, total size: 681012, split index: [567510 681012]
Parsing... done, took 0.1s
Loading ckpt: /home/kangping/code_copy/SAUCE/models/end2end/naru/origin-forest-16.5MB-model62.533-data19.148-200epochs-seed0.pt
query_seed:0
origin-forest_43.39 	max: 36.0000	99th: 24.0100	95th: 19.0000	median: 1.0357	mean: 2.8112
ReportEsts: [1.0, 1.2671917018824432, 1.0, 1.5128205128205128, 2.6666666666666665, 1.0, 1.3156342182890854, 1.0, 1.4551083591331269, 1.0, 1.1891891891891893, 1.2289156626506024, 22.0, 1.0, 2.338709677419355, 1.3164556962025316, 5.0, 25.0, 1.2830188679245282, 1.4639175257731958, 1.0, 26.0, 1.0, 1.0, 1.0159090909090909, 1.0, 1.0348225030084235, 2.0, 1.0, 2.7142857142857144, 2.0, 1.0, 1.0, 1.0, 1.0, 2.0, 1.0, 26.0, 1.0, 1.5, 2.0, 1.0, 1.1333333333333333, 1.0, 1.7218934911242603, 1.0368852459016393, 1.0, 2.0, 1.0, 1.0, 3.0, 1.0136293313032587, 1.0, 1.0, 9.0, 1.0823970037453183, 1.0253929866989118, 1.5, 1.0, 19.0, 1.0369436201780415, 1.4285714285714286, 14.0, 1.0, 1.0, 1.4434782608695653, 1.013959158793051, 1.1428571428571428, 2.0, 24.0, 22.0, 1.1668311944718657, 1.0945096644136132, 1.6805555555555556, 1.0, 1.0073260073260073, 1.0, 1.0, 1.0, 1.0, 18.0, 1.0, 2.0, 1.006568709355087, 9.333333333333334, 1.04, 1.0, 1.0, 1.3333333333333333, 1.1036554264664211, 1.0, 26.0, 19.0, 1.2026991499430375, 1.3181818181818181, 1.375, 1.0, 1.0, 1.0, 23.0, 1.0, 1.0, 1.0119506553585196, 1.8333333333333333, 2.0, 1.0, 1.0, 1.0, 1.004147945147276, 1.5, 1.0, 1.051948051948052, 1.0, 1.0, 1.0, 1.0, 1.0, 1.0, 1.0, 1.0, 1.0, 1.1017191977077363, 1.0, 1.0, 2.0, 3.0, 1.0, 1.11810551558753, 1.4285714285714286, 1.0, 1.1934287228404876, 1.0, 1.0, 1.0, 1.1030984673062079, 1.041052754344361, 2.0, 1.2, 1.0, 1.0, 2.0, 1.0487460261391734, 1.368421052631579, 1.0075977295777656, 1.0, 1.0, 1.2, 1.0, 1.0013237703583946, 1.0, 1.5263157894736843, 2.6296296296296298, 1.0833333333333333, 19.0, 1.0, 1.0, 1.0, 1.0, 4.0, 2.0, 1.0, 1.0, 3.3333333333333335, 2.4615384615384617, 1.0, 1.1487015663643858, 4.0, 1.037224847297453, 1.0, 2.0, 3.0, 1.0746887966804979, 1.0, 1.0, 1.7, 1.0, 1.08348423172198, 1.0043290043290043, 1.0, 1.0224014965509178, 1.0712105798575788, 1.0818008877615726, 1.0, 3.0, 1.0, 1.0, 1.0, 3.0, 1.0, 1.124512987012987, 1.0, 1.0, 1.2352941176470589, 1.0079831237591, 1.0, 1.023715415019763, 1.0276648668324941, 2.0, 1.248, 1.3454545454545455, 1.056634649590893, 1.0, 1.0, 20.0, 1.0, 2.5714285714285716, 1.0, 1.0, 1.0, 2.0, 1.1714285714285715, 2.3333333333333335, 1.121212121212121, 1.9166666666666667, 1.0, 26.0, 1.1551724137931034, 1.0, 1.0, 1.0, 1.0, 17.0, 25.0, 1.0, 6.0, 1.5555555555555556, 1.0, 1.0, 1.0207615961109986, 1.0635466850195, 1.027027027027027, 1.0, 1.0283576742161284, 1.0, 5.333333333333333, 19.0, 1.0, 1.5714285714285714, 22.0, 1.3076923076923077, 1.0, 3.0, 1.5, 1.0018767762346505, 1.0303348467650397, 1.0, 2.0, 6.0, 1.0, 1.0, 2.63265306122449, 1.0, 1.1653225806451613, 2.0, 2.04040404040404, 14.0, 1.0, 1.1428571428571428, 1.0, 1.167464114832536, 1.127906976744186, 1.1428571428571428, 1.0, 1.0576923076923077, 1.1816037735849056, 2.0, 1.0, 1.0304177244403416, 2.4545454545454546, 1.3333333333333333, 1.0, 2.125, 1.0, 1.0, 1.0, 1.0857142857142856, 1.3333333333333333, 1.3608144192256342, 1.1022727272727273, 1.0, 1.1683168316831682, 1.0, 1.223529411764706, 1.1381818181818182, 1.0, 1.0, 1.5, 1.213302752293578, 1.1715481171548117, 1.023403389618316, 1.5, 2.3333333333333335, 1.0, 1.6666666666666667, 2.1347331583552056, 1.0, 1.2300319488817892, 22.0, 2.110344827586207, 1.0, 1.0, 1.5238095238095237, 5.75, 1.0, 1.0, 1.1940298507462686, 1.0, 3.0, 1.0, 1.0, 1.0833333333333333, 1.0, 1.3333333333333333, 1.0, 1.0, 1.25, 2.0, 1.0, 1.0833333333333333, 19.0, 1.0, 1.0, 1.0, 1.0, 1.0, 1.2, 1.0, 1.0, 1.2005649717514124, 2.5, 1.0, 1.002886002886003, 19.0, 1.0, 1.0, 1.0, 1.2041312272174969, 1.0, 3.0, 18.0, 1.0, 1.274914089347079, 2.4444444444444446, 1.1287128712871286, 1.1262135922330097, 2.0, 1.0836018617973506, 1.2764227642276422, 1.0, 1.1142857142857143, 1.0, 1.0, 10.0, 15.0, 1.0, 1.0, 1.0, 1.0, 1.0, 1.2, 1.8333333333333333, 1.0196078431372548, 3.0, 1.0, 19.0, 1.3737373737373737, 1.5872420262664164, 1.0245746963141542, 3.0, 1.1610522938723131, 1.0098039215686274, 1.0115853658536584, 1.6153846153846154, 1.1267123287671232, 20.0, 1.2907216494845362, 2.0, 1.0975609756097562, 1.0177604374581033, 1.0, 1.0154725617795028, 1.033925020612057, 1.11444563096071, 1.0, 1.25, 2.0, 1.0224719101123596, 24.0, 2.0, 2.0, 1.1154661016949152, 3.4, 1.0668257756563246, 1.0, 1.0, 1.6285714285714286, 1.8333333333333333, 1.75, 1.0, 1.0, 4.25, 1.0, 1.1726332537788384, 1.0, 1.0, 1.0, 1.0, 1.013816861296621, 1.0, 2.7142857142857144, 2.45935960591133, 1.0, 1.0, 1.0, 1.0, 1.0096611731659682, 19.0, 1.03125, 1.0, 1.0, 1.0325946312308736, 1.0515485910439657, 1.0, 2.2, 19.0, 2.0, 1.0, 1.0751879699248121, 1.0081885666181984, 1.0, 1.677304964539007, 4.75, 1.0, 1.0, 1.0808080808080809, 1.1379310344827587, 19.0, 2.0, 1.028869778869779, 1.000626904221573, 1.4, 1.1001390820584145, 2.3, 1.0, 1.0, 1.0, 1.1201784618289976, 3.0, 1.0, 1.1811367895065583, 18.0, 1.0, 1.2261306532663316, 1.0, 1.0, 1.1156462585034013, 2.3333333333333335, 1.2352941176470589, 1.353846153846154, 1.0877470355731225, 1.0, 26.0, 2.0, 1.0, 1.0, 1.0358354225040554, 1.0, 1.0, 1.0031347962382444, 1.1654135338345866, 1.0, 1.0, 1.0, 1.0, 1.646551724137931, 20.0, 1.696895922093731, 1.007082494484696, 1.0, 2.0, 1.7727272727272727, 1.0, 1.0, 1.0, 2.8421052631578947, 1.0, 1.0, 1.0, 1.4444444444444444, 1.105263157894737, 1.0973257906916944, 1.0, 23.0, 1.0, 1.3, 1.0, 2.0, 1.0, 1.0, 1.0, 1.1156924703006814, 1.2142857142857142, 2.0, 1.303030303030303, 1.0, 22.0, 22.0, 1.4857142857142858, 1.0, 1.2307692307692308, 1.0909090909090908, 2.0, 1.5, 1.0, 1.0901960784313725, 19.0, 1.125, 1.116504854368932, 1.0, 1.0267409294450862, 1.2331838565022422, 2.0952380952380953, 1.0, 18.0, 1.0, 1.0, 1.0, 18.0, 1.1556091676718938, 7.0, 2.0, 2.0, 1.0, 1.0482598607888631, 1.0, 19.0, 1.6666666666666667, 20.0, 1.2091454272863569, 22.0, 1.0, 1.8141592920353982, 2.0, 1.0126462121245725, 1.0, 1.0, 1.2313817330210772, 1.0, 1.0, 1.1164383561643836, 21.0, 9.0, 1.2307692307692308, 1.4042553191489362, 2.4, 2.0, 1.3333333333333333, 1.5471698113207548, 1.0, 1.7476635514018692, 1.0, 1.128440366972477, 1.0, 2.4, 1.1495348837209303, 1.8, 1.0610773526030546, 1.0721649484536082, 1.0, 1.5, 1.3191489361702127, 1.0, 1.1111111111111112, 1.1764705882352942, 1.2083333333333333, 1.1193536540580242, 1.0, 1.0, 1.0, 1.091858037578288, 1.5, 1.081138780936797, 1.1749413251489438, 1.0, 16.0, 2.0, 1.0, 1.0, 1.0, 1.0, 1.0, 1.0, 1.0, 1.0, 13.5, 1.4033149171270718, 1.0045548849149308, 1.4773584905660377, 1.0, 1.0, 1.1764705882352942, 2.0, 11.0, 18.0, 1.0, 1.0, 1.0, 1.0, 1.0071307187364633, 1.0, 10.333333333333334, 1.0209832134292567, 1.0, 1.0, 1.0, 4.0, 1.5, 1.0, 1.0, 1.0, 1.0, 1.8333333333333333, 3.263157894736842, 1.023125, 1.0, 1.0, 1.0, 1.0514538679025047, 1.0, 1.0, 1.0, 2.0, 1.0241927832769362, 1.0, 1.0, 1.3, 1.0105263157894737, 13.0, 1.0, 1.0, 1.0, 1.0, 1.1139647523301721, 1.0, 2.0, 1.1151262450776003, 1.0, 1.0, 1.0128382381986964, 1.0, 1.0322118036403751, 1.0, 1.0, 18.0, 1.3565365025466893, 1.0, 1.0, 1.0, 1.1428571428571428, 1.0, 1.0070628119408607, 1.1551019683081076, 1.0, 10.0, 4.571428571428571, 1.0, 1.4, 4.0, 1.0, 1.0, 1.0578924177202318, 1.0, 1.0, 6.0, 2.0952380952380953, 1.2222222222222223, 1.588785046728972, 1.2740471869328494, 1.0, 2.2142857142857144, 1.6153846153846154, 3.4545454545454546, 19.0, 1.0, 1.0, 1.0, 1.0, 1.2962962962962963, 1.0, 1.1305970149253732, 1.0, 22.0, 1.0, 19.0, 1.2746478873239437, 1.0, 36.0, 1.0, 1.0, 1.3492063492063493, 1.0, 1.0, 1.0, 1.0245398773006136, 1.1120689655172413, 2.0, 1.5555555555555556, 1.4838709677419355, 1.0, 1.36, 1.0, 1.5, 20.0, 1.0, 26.0, 1.0296251511487304, 2.6538461538461537, 1.0, 4.0, 1.2138364779874213, 1.0014134275618374, 1.0, 1.0, 1.010035259018172, 1.0028630921395107, 1.2781065088757397, 1.2857142857142858, 22.0, 1.0, 1.2295857988165682, 3.0, 9.0, 1.0, 1.0, 3.0, 1.0368469860896445, 1.0, 1.588235294117647, 1.0, 1.0, 1.588235294117647, 2.857142857142857, 3.0, 2.0, 1.0, 1.058814558763725, 2.7758620689655173, 1.5787482806052269, 1.0, 1.0, 3.0, 15.0, 1.0, 1.0, 1.0, 1.0, 3.0, 1.0, 2.0, 1.5, 1.047887323943662, 1.5, 1.0914592138827341, 1.0, 1.0, 1.2857142857142858, 1.013829436944353, 3.0, 1.5, 1.0, 1.0, 1.0, 2.7142857142857144, 1.026981450252951, 1.6666666666666667, 1.0, 1.0, 1.0, 1.0, 1.0, 1.0722591362126246, 1.0, 1.0, 25.0, 1.0, 1.5128205128205128, 1.1182248090214624, 1.0, 1.0, 1.1736842105263159, 1.72, 2.0, 1.680722891566265, 1.0, 1.0, 1.0, 1.0, 1.0, 1.1428571428571428, 2.0, 1.0, 1.3453608247422681, 1.0134031923967346, 1.0, 1.0, 1.1111111111111112, 1.0, 1.7727272727272727, 1.0, 1.5, 1.0, 1.1086010191660993, 1.6666666666666667, 1.0, 1.0, 1.1599088838268792, 1.1819002297341648, 1.0, 1.5, 15.0, 1.2965116279069768, 1.0, 1.074473826227739, 1.3548387096774193, 1.2133587125800311, 9.333333333333334, 1.0506954612005857, 1.0, 1.0398293029871977, 1.6666666666666667, 1.0, 1.0, 1.0, 2.0, 1.0, 20.0, 23.0, 1.0, 15.0, 1.0, 1.0, 1.0, 1.2674418604651163, 3.0, 1.0, 23.0, 1.0614035087719298, 1.5714285714285714, 1.0, 3.0, 1.049709148598625, 1.3419471153846154, 1.0, 1.6, 1.0, 1.0, 1.0, 1.0, 1.8, 1.0, 1.7777777777777777, 1.0964860035735557, 17.0, 1.0, 1.2, 1.1279761904761905, 1.0, 1.077822311289245, 1.0, 1.0, 1.0, 24.0, 1.0192678227360308, 1.0, 1.0, 1.0, 1.0, 1.0, 1.0, 1.0, 1.0, 1.0, 1.0, 1.0, 1.0, 1.1009759438404245, 1.0, 1.0, 1.0, 1.0, 1.0, 13.0, 1.0, 22.0, 2.5, 1.0, 1.0, 1.0, 2.0, 1.0, 1.0025575447570332, 1.044707429322814, 22.0, 1.0355555555555556, 1.5, 1.1717171717171717, 1.0, 1.0932642487046633, 1.0, 4.0, 1.4623708804722086, 1.0, 1.0, 24.0, 1.0544611819235226, 1.4, 1.0, 1.0008572500133945, 1.044539731324047, 1.028735632183908, 10.5, 1.0, 20.0, 1.0, 1.0, 1.0, 24.0, 1.0, 1.5, 2.0, 1.0, 1.0, 1.0, 1.095609756097561, 1.02601908065915, 1.0, 1.0, 2.923076923076923, 1.1608910891089108, 1.0, 2.0, 1.0424892565187889, 1.1666666666666667, 1.40625, 1.0, 1.0, 1.0, 1.5, 1.2, 2.0, 1.2507617090625665, 1.0, 1.0, 1.5407233572611816, 5.25, 1.1266666666666667, 1.4838709677419355, 1.5, 2.0, 1.2155172413793103, 1.0, 1.5, 1.3822115384615385, 1.0, 1.0, 1.1669917050211924, 1.0, 2.0, 1.0139784946236559, 2.0, 1.0, 1.0, 2.0, 1.5875, 1.0, 1.2430923806865755, 1.5, 1.0, 1.0, 1.0, 1.0, 1.0, 1.0, 2.0, 1.8214285714285714, 1.0, 1.0450677592184052, 1.0, 1.0505661118651333, 1.0, 1.0, 1.0, 1.0, 1.0, 21.0, 2.0294117647058822, 1.0, 21.0, 2.0, 1.006896551724138]
origin-forest_43.39 	max: 36.0000	99th: 24.0100	95th: 19.0000	median: 1.0357	mean: 2.8112

...Done, result: results.csv

WORKLOAD-FINISHED | Type: QueryWorkload | Progress: 3/3 | Workload-time: 61.278134 | Model-update-time: 0.000000


Experiment Summary: #data-update-times=1, #drift=1 | total-time=125.639679