Input arguments = Namespace(data_update='sample', update_size=100000, dataset='forest', debug=False, drift_test='js', model_update='adapt', model='naru', end2end=False, query_seed=0, random_seed=42, num_workload=3)
JSON-passed parameters = {'data_updater': {'skew_ratio': '1e-2'}, 'random_seed': 81, 'naru': {'epochs': 0}}
MODEL-PATH=/home/kangping/code_copy/SAUCE/models/end2end/naru/origin-forest-16.5MB-model62.533-data19.148-200epochs-seed0.pt
DATASET-PATH=/home/kangping/code_copy/SAUCE/data/forest/end2end/forest.npy
Workloads: ['QueryWorkload', 'DataUpdateWorkload', 'QueryWorkload']

WORKLOAD-START | Type: QueryWorkload | Progress: 1/3
Going to run: ['python', '/home/kangping/code_copy/SAUCE/Naru/eval_model.py', '--dataset=forest', '--model=naru', '--query_seed=0', '--end2end', '--eval_type=first_estimate', '--num_workload=3', '--data_update=sample', '--model_update=adapt', '--random_seed=42']
Torch device: cuda:1
GET-MODEL-PATH=./models/end2end/naru/origin-forest-16.5MB-model62.533-data19.148-200epochs-seed0.pt
ckpts [PosixPath('/home/kangping/code_copy/SAUCE/models/end2end/naru/origin-forest-16.5MB-model62.533-data19.148-200epochs-seed0.pt')]
Validate Argument: DATASET="forest" is valid.
load_csv_dataset - forest (581012, 10)
Parsing... done, took 0.0s
Loading ckpt: /home/kangping/code_copy/SAUCE/models/end2end/naru/origin-forest-16.5MB-model62.533-data19.148-200epochs-seed0.pt
query_seed:0
origin-forest_43.39 	max: 31.0000	99th: 4.2525	95th: 2.6080	median: 1.0050	mean: 1.3673
ReportEsts: [1.0, 1.1121410807144472, 1.0, 1.84375, 2.6666666666666665, 1.0, 1.3016949152542372, 1.0, 1.15, 1.0, 1.0746268656716418, 3.0, 1.0, 1.0, 2.0, 1.0246308381702807, 1.0, 1.4285714285714286, 1.3396226415094339, 1.0, 1.0, 3.0, 1.8181818181818181, 1.4, 2.2, 1.0, 1.0607109499478051, 1.0833333333333333, 3.0, 1.137704918032787, 1.0, 1.0150523560209423, 2.3333333333333335, 1.0, 1.6338028169014085, 1.007979990471653, 1.086489898989899, 1.0, 1.1964656964656966, 1.0, 2.0, 1.0, 1.1333333333333333, 1.0, 1.1056910569105691, 1.1348837209302325, 1.0, 2.0, 1.0, 1.0, 3.0, 1.040466816647919, 1.0, 1.0, 18.0, 1.085308056872038, 1.0887918486171762, 1.4705882352941178, 1.0, 1.0, 1.014334470989761, 10.0, 1.0, 1.17351598173516, 1.1592356687898089, 1.0, 1.1658536585365853, 1.0198019801980198, 1.461847389558233, 1.0, 2.0, 1.0, 1.256544502617801, 1.118037274928925, 4.0, 1.5, 1.0, 1.0, 1.0, 1.0, 1.0, 2.0, 1.0128158183815452, 2.3333333333333335, 1.5294117647058822, 1.0, 1.0, 1.3333333333333333, 1.2048323115759105, 1.0, 4.0, 1.2391304347826086, 1.0, 1.043956043956044, 1.0, 1.0, 1.0536343612334802, 1.29723991507431, 1.0, 1.0, 1.5, 1.0, 1.0, 1.0, 1.0206896551724138, 1.0, 1.0, 1.0, 1.0147058823529411, 1.0, 1.0704225352112675, 1.0, 1.0, 1.0871106609268169, 1.1073446327683616, 2.0, 1.0, 2.0, 1.0, 1.0, 1.0, 2.0, 3.0, 1.0, 1.0425392670157068, 1.1428571428571428, 1.0, 1.2222222222222223, 1.0, 1.0, 1.0, 1.1740964702573478, 1.090835244648318, 2.0, 2.625, 1.0, 1.0, 2.0, 1.0049281314168377, 1.0161290322580645, 1.0189894456910165, 1.0, 1.0, 1.0, 1.0, 1.0429854717403617, 1.0, 1.0666666666666667, 1.7777777777777777, 1.0833333333333333, 1.4, 1.0, 1.0, 1.0, 1.0, 4.0, 1.0, 1.0, 1.0, 2.3333333333333335, 2.909090909090909, 1.0, 1.1629571984435798, 4.0, 1.0223633476978906, 1.0, 1.3333333333333333, 2.0, 1.1215970961887478, 1.0, 1.0, 1.0, 1.3711340206185567, 1.7058823529411764, 1.0, 1.0, 1.1596958174904943, 1.0, 1.0050561797752808, 1.0, 1.1168224299065421, 1.0, 1.0, 1.0093414886011598, 1.0, 1.1761229314420805, 1.0, 1.0, 1.72, 1.0021031807006762, 1.0, 1.1173708920187793, 2.090909090909091, 1.0, 1.0, 1.0, 1.0, 1.7916666666666667, 1.0, 1.1893951420860454, 1.0884396715097915, 1.0, 1.0, 1.0, 2.0, 31.0, 1.1843971631205674, 1.0, 1.0, 1.0, 1.0, 1.0588235294117647, 1.0, 1.375, 1.0, 1.0, 1.0, 1.0046511627906978, 1.0, 1.0, 1.0, 1.3554047343155107, 3.0, 1.0, 1.1794871794871795, 1.0, 1.0810810810810811, 1.0, 1.14721723518851, 1.0, 1.0, 1.0, 1.8333333333333333, 2.0, 1.8571428571428572, 1.0, 2.0, 1.5, 1.08215667311412, 1.0220017804909067, 1.0, 1.3333333333333333, 1.0, 1.0257478227943961, 1.3243243243243243, 1.1428571428571428, 1.0, 1.1392801251956182, 3.3333333333333335, 1.2662671232876712, 1.0, 1.0, 1.111764705882353, 1.0, 1.535294117647059, 1.1588836695219673, 1.0769230769230769, 1.0, 1.1023255813953488, 1.0218446601941749, 4.0, 1.0, 1.0230735503672037, 1.25, 2.0, 1.0, 1.75, 1.0, 1.0, 1.0, 1.4615384615384615, 1.3333333333333333, 1.512406576980568, 2.0, 1.0, 1.0047446722959388, 1.5, 2.0, 1.2, 1.0, 1.5, 1.0, 1.1111111111111112, 1.0, 1.5, 1.0, 1.0, 1.0, 1.2324324324324325, 1.0, 1.4285714285714286, 1.0, 1.0, 1.0, 1.0, 1.1131855309218204, 1.0411764705882354, 1.128654970760234, 1.0809716599190284, 1.0, 1.083916083916084, 1.0, 1.0, 3.0, 1.0, 1.0432098765432098, 1.0, 2.0, 1.0, 1.08, 2.0, 1.0, 1.0909090909090908, 1.0, 1.0, 1.0, 1.0, 1.0, 1.0, 1.2857142857142858, 1.0, 1.0, 1.0190545987541224, 2.5, 1.0, 1.0239421958238932, 1.0, 1.0, 1.0, 1.0, 1.594814814814815, 1.0, 3.0, 1.0, 1.3333333333333333, 1.3116279069767443, 1.0, 1.1363636363636365, 1.6280487804878048, 1.0, 1.016982236970525, 1.054054054054054, 1.0, 1.1290322580645162, 1.5, 1.1428571428571428, 10.0, 3.0, 1.0, 1.0, 1.0, 1.0, 1.0, 1.2844827586206897, 11.0, 1.0740740740740742, 6.0, 1.0, 1.0, 1.0, 1.3280632411067195, 1.2, 4.782608695652174, 1.4165204998903749, 1.0658349686945146, 1.021732233502538, 1.064484982240767, 1.0392156862745099, 1.0, 1.5586854460093897, 1.0, 1.088687326782565, 1.0174753472779472, 1.0, 1.0023054755043228, 1.0389144905273937, 1.029617405654232, 1.0, 1.25, 1.0, 1.0126582278481013, 1.0, 1.0, 1.0530973451327434, 1.00990099009901, 1.0, 3.1481481481481484, 1.0, 1.0703324808184143, 1.0, 1.4285714285714286, 1.75, 2.0, 1.0, 4.25, 1.0, 1.1943661971830986, 1.0, 1.0, 1.0, 1.0, 1.0005800295815086, 1.0, 2.0, 1.2041884816753927, 1.1577287066246056, 1.047197640117994, 1.1467661691542288, 1.3349514563106797, 1.048445125209276, 1.0206489675516224, 1.4393939393939394, 1.0, 1.0, 1.032047121048203, 1.0427618763893027, 1.0, 2.75, 1.0, 1.0, 1.0, 1.0, 1.0, 1.0, 1.0, 1.0314648334214702, 1.6666666666666667, 1.3435635123614664, 1.0, 1.0, 2.0, 1.0006993006993008, 1.0054566467223547, 1.2, 1.0444104134762635, 2.3333333333333335, 1.0, 1.0, 1.0, 1.0222045342262722, 2.5, 1.0, 1.074050225370251, 1.0, 3.1666666666666665, 1.0, 1.0, 1.0, 1.0210894261578793, 1.0, 1.0, 1.0, 1.1111111111111112, 1.32, 1.0265878877400296, 3.1818181818181817, 1.0, 1.0, 1.7266666666666666, 1.25, 2.0, 1.1127086007702183, 1.0, 1.4444444444444444, 1.0, 1.0, 1.1, 1.0, 1.0, 1.5555555555555556, 1.0002165752237944, 1.000261458712259, 1.353191489361702, 1.024390243902439, 1.0, 1.0, 1.0, 1.0, 1.1202704176207612, 1.263157894736842, 3.0, 1.5, 1.1236162361623616, 1.4893048128342246, 1.0, 1.0087179608998267, 1.2, 1.0, 1.0211593986724767, 2.5, 1.0168990976210008, 1.0, 1.0, 1.0, 1.082356562107261, 1.0, 2.0, 1.12, 1.0, 2.0, 1.0, 1.7333333333333334, 1.0, 1.2119205298013245, 1.0455545371219066, 2.0, 1.5, 1.0, 1.022354694485842, 2.0, 1.8181818181818181, 1.0510204081632653, 1.0, 1.060608973126754, 1.1142857142857143, 1.4705882352941178, 1.0, 1.25, 1.0, 1.0, 1.4509013282732448, 2.0, 4.0, 1.156503198294243, 2.4, 1.0, 1.043862272650803, 1.0, 1.5555555555555556, 1.0, 2.0, 1.0, 1.0617977528089888, 1.0, 2.0, 1.3, 1.0117568892454039, 1.3157894736842106, 2.6048192771084335, 1.2941176470588236, 2.7037037037037037, 2.0, 1.6842105263157894, 1.1085899513776336, 1.0, 1.0, 1.0897435897435896, 1.3496332518337408, 2.0, 2.0, 1.6, 1.3820224719101124, 1.0, 1.9684210526315788, 1.0, 1.3233830845771144, 1.0, 4.0, 1.0178424828327004, 6.0, 1.0172028041565158, 2.3333333333333335, 1.0, 1.5, 1.3076923076923077, 1.0, 2.0, 1.0047095761381475, 1.0, 1.0, 1.0, 1.0, 1.0, 1.0196078431372548, 2.0, 3.4, 1.0, 1.0, 2.0, 1.0, 1.0, 1.0, 1.0, 1.0, 1.5, 1.0, 1.0, 1.0, 1.2, 1.4705882352941178, 1.0, 1.0183333333333333, 1.0, 1.0, 1.4, 1.0263188574759545, 1.4736842105263157, 1.0, 1.0, 1.0, 1.0, 1.0065344040308613, 1.0, 1.0, 1.072636815920398, 1.308531746031746, 1.1702127659574468, 2.0, 1.0, 1.0, 1.0, 1.08, 2.0, 1.0, 1.0, 1.205128205128205, 2.0, 1.0871072088724585, 1.0, 1.0, 1.0047171717171717, 1.0, 1.0, 1.0, 2.625, 1.0565691347690433, 1.0, 1.0, 1.4444444444444444, 1.081858407079646, 1.0, 1.0, 2.0, 1.0, 1.0, 1.1693299961494033, 1.0, 2.0, 1.0007119126720456, 1.0, 1.0, 1.01142313184198, 1.0, 1.0021573604060914, 1.0, 1.0, 1.2191435768261965, 1.0083194675540765, 1.1, 1.0153846153846153, 1.0, 1.0, 1.0, 1.077093960835939, 1.0, 1.0, 1.0, 1.0, 1.1, 1.0, 1.0, 1.5, 1.290126582278481, 1.0, 1.0, 1.0, 1.5, 1.0, 1.2, 1.075221238938053, 1.0, 1.0, 1.0, 1.0, 1.0, 1.0, 1.1, 1.0, 1.0, 1.0, 1.0, 1.0, 4.0, 1.1417319098457888, 1.1527777777777777, 1.0, 2.0, 1.5, 1.1075697211155378, 1.0, 1.0, 1.0, 2.0, 1.0, 1.0577978689053924, 1.0869565217391304, 1.064516129032258, 1.0348722986247545, 1.0, 2.217391304347826, 1.0, 1.12, 1.0, 1.5, 1.0, 1.0, 1.0, 1.0580099884748366, 4.0, 1.0, 4.0, 1.0227272727272727, 1.0190232506396708, 1.0, 1.0, 1.0684124386252045, 1.0110395584176632, 1.335820895522388, 1.8, 1.0, 1.0, 1.0151157981803143, 1.0, 2.0, 1.0, 1.0, 1.5, 1.1664712778429074, 1.0, 1.0, 1.0, 1.0, 1.0, 1.0, 1.2, 1.0, 1.1096378389075796, 1.0485847063793832, 2.0, 1.0, 1.0, 3.0, 1.0, 1.0, 1.0, 1.0, 1.0, 2.0, 1.0, 2.0, 1.5, 1.174342105263158, 1.0, 1.0491088121650256, 1.0, 1.0, 2.5714285714285716, 1.1194605009633911, 3.0, 1.5, 1.0, 1.0, 1.0, 2.607142857142857, 1.013953488372093, 3.0, 1.0, 1.0, 1.0, 1.0, 1.0, 1.0976430976430978, 1.0, 1.0, 1.0, 1.0, 1.3434727503168569, 1.14078073089701, 1.0, 1.0, 1.0481927710843373, 1.56, 2.0, 1.4337349397590362, 1.0, 1.0, 1.0, 1.0, 1.0, 1.3333333333333333, 2.0, 1.0, 1.364741641337386, 1.0381633870005964, 1.2, 1.0, 1.0, 1.0, 1.0, 1.8, 1.0, 1.0, 1.0438741721854305, 1.0, 1.0, 2.0, 2.0, 2.1176470588235294, 1.0, 2.075, 1.0, 1.0, 3.0, 1.0, 1.037037037037037, 1.1891891891891893, 1.0, 1.5, 1.0, 3.6666666666666665, 1.0, 1.0, 2.0, 1.2727272727272727, 1.0, 1.0, 1.0, 1.0, 1.25, 1.0, 1.0, 1.1295803220489413, 1.0032220003630423, 1.0, 1.0, 1.0, 1.0712356912239507, 1.0, 2.460526315789474, 1.0, 1.039257981018119, 2.0, 1.0, 1.3846153846153846, 1.3333333333333333, 1.6666666666666667, 1.0727988194786031, 1.0, 3.0, 1.0, 1.0, 2.5, 1.0, 2.0, 1.0, 1.6, 1.6666666666666667, 1.0, 1.0, 3.0, 1.0, 1.3333333333333333, 1.0, 1.0, 1.0, 1.3333333333333333, 1.0, 1.0, 1.0, 1.0, 1.0, 1.0, 1.0, 1.0, 1.1683683683683683, 2.0, 1.0, 1.0, 1.0, 1.0, 1.246031746031746, 1.5, 1.0, 1.2436582109479306, 1.0, 1.246692274861289, 1.0, 1.0644237652111668, 1.0, 1.0465116279069768, 2.3076923076923075, 2.6, 1.0, 1.0, 1.4210526315789473, 1.03847863670042, 1.0, 4.0, 1.4514285714285715, 1.0, 1.0, 1.0, 2.0, 1.023348875641858, 1.0, 1.8571428571428572, 1.0, 1.0377358490566038, 1.0, 1.0, 1.0, 1.0, 1.0, 1.0, 1.0, 1.0, 1.5, 2.0, 1.0, 1.0, 1.0, 1.035252808988764, 1.1450040254047769, 1.0, 1.0, 1.4545454545454546, 1.0425531914893618, 1.0, 2.0, 1.1394411955815464, 1.2, 1.4130434782608696, 1.0, 1.0, 1.0, 1.5, 4.5, 1.0, 1.2394302602413596, 1.0, 1.0, 1.4593228129309024, 1.0, 6.0, 1.0, 1.0, 1.5, 1.313167259786477, 1.0, 1.0, 1.2063492063492063, 1.0326373620194227, 1.0, 1.2727272727272727, 1.5, 1.0, 1.0627388142487366, 2.0, 1.75, 1.0, 1.0614754098360655, 1.0, 1.169596053037311, 1.5, 1.0, 1.0, 1.0, 1.0, 1.0, 1.0, 2.0, 1.9615384615384615, 1.0, 1.0384464495880739, 1.0, 1.02139798791914, 1.0, 1.0, 1.0, 1.0, 1.0, 1.0945945945945945, 1.157454592970077, 2.0, 1.1475806451612902, 1.0, 1.4580986516470387, 1.1153846153846154, 2.0, 1.0508474576271187, 1.3783783783783783, 2.0, 1.0, 1.0, 1.0420521446593776, 1.0, 1.0, 1.0059347181008902, 2.0, 1.0]
origin-forest_43.39 	max: 31.0000	99th: 4.2525	95th: 2.6080	median: 1.0050	mean: 1.3673

...Done, result: results.csv

WORKLOAD-FINISHED | Type: QueryWorkload | Progress: 1/3 | Workload-time: 60.051230 | Model-update-time: 0.000000


WORKLOAD-START | Type: DataUpdateWorkload | Progress: 2/3
Going to run: ['python', '/home/kangping/code_copy/SAUCE/Naru/eval_model.py', '--model=naru', '--data_update=sample', '--dataset=forest', '--drift_test=js', '--end2end', '--update_size=100000', '--query_seed=0', '--eval_type=drift']
Torch device: cuda:1
GET-MODEL-PATH=./models/end2end/naru/origin-forest-16.5MB-model62.533-data19.148-200epochs-seed0.pt
GET-DATASET-PATH=./data/forest/end2end/forest.npy
Sample - START
Sample - END
load_npy_dataset_from_path - df.shape = (681012, 10)
Parsing... done, took 0.1s
Data updated!
Previous data size: (581012, 10), new data size: (100000, 10)
[ 1.3113022e-06  1.0728836e-06  1.7881393e-07  7.1525574e-07
  1.7881393e-07 -2.9802322e-08  1.3709068e-06  9.5367432e-07
  2.9802322e-07  4.1723251e-07]
Distance score: 6.467104185503558e-07
SAUCE Drift detection: False
Detection latency: 0.0656s

WORKLOAD-FINISHED | Type: DataUpdateWorkload | Progress: 2/3 | Workload-time: 2.278799 | Model-update-time: 0.000000


WORKLOAD-START | Type: QueryWorkload | Progress: 3/3
Going to run: ['python', '/home/kangping/code_copy/SAUCE/Naru/eval_model.py', '--dataset=forest', '--model=naru', '--end2end', '--query_seed=0', '--eval_type=estimate', '--num_workload=3', '--data_update=sample', '--model_update=adapt', '--random_seed=42']
Torch device: cuda:1
GET-MODEL-PATH=./models/end2end/naru/origin-forest-16.5MB-model62.533-data19.148-200epochs-seed0.pt
ckpts [PosixPath('/home/kangping/code_copy/SAUCE/models/end2end/naru/origin-forest-16.5MB-model62.533-data19.148-200epochs-seed0.pt')]
Validate Argument: DATASET="forest" is valid.
data size: 681012, total size: 681012, split index: [567510 681012]
Parsing... done, took 0.1s
Loading ckpt: /home/kangping/code_copy/SAUCE/models/end2end/naru/origin-forest-16.5MB-model62.533-data19.148-200epochs-seed0.pt
query_seed:0
origin-forest_43.39 	max: 27.0000	99th: 4.0480	95th: 3.0000	median: 1.0843	mean: 1.5018
ReportEsts: [3.0, 1.3905831995719635, 1.0, 1.7179487179487178, 2.5, 3.0, 1.4568690095846646, 1.0, 1.7699115044247788, 1.0, 1.0512820512820513, 3.0, 2.0, 1.0, 2.5396825396825395, 1.345679012345679, 1.0, 3.0, 1.0727272727272728, 1.5454545454545454, 1.0, 2.0, 1.0, 1.0, 1.0589473684210526, 1.0, 1.3661178509532061, 2.0, 1.0, 1.875, 2.0, 1.0, 1.0, 1.0, 1.0, 2.0, 1.0, 2.0, 1.0, 2.0, 2.0, 1.0, 1.0, 1.0, 1.8695652173913044, 1.213991769547325, 2.0, 3.0, 1.0, 1.0, 3.0, 1.0472503236323536, 1.0, 1.0, 5.0, 1.068, 1.0851063829787233, 1.0, 1.0, 2.0, 1.0035304501323918, 2.1666666666666665, 2.0, 1.0, 1.0, 1.2735849056603774, 1.0677396869653382, 1.125, 2.0, 2.0, 2.0, 1.6666666666666667, 1.0445709219351056, 1.8774703557312253, 1.0, 1.4456521739130435, 2.0, 1.0, 2.0, 1.0, 2.0, 1.0, 2.0, 1.0057572708226794, 4.0, 1.032258064516129, 1.0, 3.0, 1.3333333333333333, 1.0216414863209473, 1.0, 2.0, 1.5, 1.038141993957704, 1.1132075471698113, 1.9722222222222223, 1.16, 2.0, 1.0, 2.0, 1.0, 1.0, 1.0317195325542572, 1.1, 2.0, 1.0, 1.0, 1.0, 1.030654934994278, 1.5, 1.0, 1.1265822784810127, 1.0, 1.0, 1.0, 2.0, 1.0, 1.0, 1.0, 1.0, 1.0, 1.0621546961325967, 2.0, 1.0, 2.0, 4.0, 1.0, 1.035059331175836, 1.125, 2.0, 1.1223863953164204, 1.0, 1.0, 1.0, 1.0865128660159715, 1.0277815084131157, 2.0, 3.25, 2.0, 1.0, 2.0, 1.0331335918223477, 1.027027027027027, 1.0532370535556264, 2.0, 1.0, 1.6, 1.0, 1.003208943916535, 2.0, 1.0606060606060606, 2.0357142857142856, 1.3333333333333333, 1.0303030303030303, 1.0, 1.0, 3.0, 3.0, 2.0, 1.0, 1.0, 2.0, 4.0, 2.6923076923076925, 1.0, 1.1749756486318959, 5.0, 1.0606307143964049, 1.0, 1.3333333333333333, 4.0, 1.0751043115438108, 1.0, 1.0, 1.3846153846153846, 1.0, 1.0769374564121736, 1.0053937432578208, 3.0, 1.0221113657813132, 1.0454545454545454, 1.2335375191424196, 1.0, 3.0, 1.0, 1.0, 2.0, 3.0, 1.0, 1.1296742095971755, 1.0, 2.0, 1.2058823529411764, 1.0843547671840355, 1.0, 1.1204819277108433, 1.0300109000589674, 2.0, 1.2283464566929134, 1.495798319327731, 1.0151321541462102, 1.0, 1.0, 2.0, 1.0, 2.7142857142857144, 1.0, 1.0, 2.0, 3.0, 1.1440397350993377, 3.3333333333333335, 1.2946428571428572, 2.272727272727273, 1.0, 2.0, 1.1333333333333333, 1.0, 1.0, 1.0, 1.0, 2.0, 1.1666666666666667, 1.0, 2.0, 1.8888888888888888, 5.0, 1.0, 1.080390381326089, 1.064704535043518, 1.121212121212121, 1.0, 1.0393586005830904, 1.0, 3.0, 1.0, 2.0, 2.0, 2.0, 2.9, 1.0, 3.0, 1.0, 1.006060606060606, 1.0887573964497042, 1.0, 2.5, 1.125, 1.0, 2.0, 1.2369942196531791, 1.0, 1.1198402130492677, 3.0, 1.1818181818181819, 2.0, 1.3333333333333333, 1.1542553191489362, 1.0, 1.0, 1.150992438563327, 2.125, 1.0, 1.1113320079522864, 1.0264227642276422, 3.5, 1.0, 1.0170468072948906, 1.0, 2.5, 1.0, 1.5454545454545454, 1.0, 1.0, 1.0, 1.375, 1.3333333333333333, 1.086766220391349, 1.1634527089072544, 1.0, 1.237022526934378, 1.0, 1.457142857142857, 1.076741440377804, 2.0, 2.0, 2.0, 1.0627705627705628, 1.3177570093457944, 1.0271038113751014, 1.0, 1.6044776119402986, 1.0, 1.4166666666666667, 2.3343023255813953, 2.0, 1.1072664359861593, 2.0, 1.532544378698225, 2.0, 1.0, 1.6666666666666667, 6.0, 1.0, 1.0, 1.125, 1.0, 4.0, 1.0, 1.0, 1.1538461538461537, 1.0, 1.25, 1.0, 1.0, 1.1272727272727272, 2.0, 1.0, 1.0, 2.0, 1.0, 1.0, 1.0, 1.0, 1.0, 1.7692307692307692, 1.0, 2.0, 1.0757776307081404, 3.0, 1.0, 1.0472864910971318, 2.0, 2.0, 1.0, 1.0, 1.1777916406737368, 1.5, 3.0, 3.0, 1.0, 1.356, 1.0, 1.19, 1.2908163265306123, 2.0, 1.1117379435850774, 1.1056910569105691, 1.0, 1.1470588235294117, 1.0, 1.4285714285714286, 5.5, 2.0, 1.0, 1.0, 1.0, 1.0, 1.0, 1.434108527131783, 6.5, 1.130952380952381, 3.0, 1.0, 2.0, 1.8068181818181819, 1.2, 1.0203039886914493, 3.0, 1.6095890410958904, 1.1, 1.0077792634009968, 2.0, 1.1715210355987056, 2.0, 2.1538461538461537, 1.0, 1.2619047619047619, 1.0401227534448445, 2.0, 1.0127709260745823, 1.0413307183845428, 1.0239896180941788, 1.0, 1.25, 1.0, 1.032258064516129, 2.0, 2.0, 1.5, 1.068577277379734, 2.0, 1.0880088008800881, 2.0, 1.0, 1.1294117647058823, 1.2857142857142858, 1.2, 1.0, 2.0, 4.5, 1.0, 1.1660079051383399, 1.0, 1.0, 1.0, 2.0, 1.013717868338558, 1.0, 2.5, 2.7442713107241063, 1.0, 1.4285714285714286, 1.0, 1.0, 1.0022303821569427, 1.0434782608695652, 7.090909090909091, 1.0, 2.0, 1.0330510733397575, 1.0498134437694127, 1.0, 2.2, 1.5, 2.0, 1.0, 1.2222222222222223, 1.0247671628698949, 1.0, 1.459196102314251, 4.043478260869565, 3.0, 1.0, 1.131979695431472, 1.3333333333333333, 2.0, 2.0, 1.2250922509225093, 1.0232794809820633, 1.1666666666666667, 1.072289156626506, 2.0588235294117645, 1.0, 1.0, 1.0, 1.0131100121302603, 3.0, 2.0, 1.3537519142419603, 2.0, 1.0, 1.183168316831683, 1.0, 1.0, 1.0636942675159236, 2.3333333333333335, 1.15, 1.3445945945945945, 1.1297709923664123, 1.0, 3.0, 2.0, 1.0, 1.0, 1.043791268052718, 1.0, 1.0, 1.002079002079002, 1.0032258064516129, 1.0, 1.0, 1.0, 1.0, 1.6293103448275863, 3.0, 1.692376149510531, 1.0270596525628848, 1.0, 3.0, 1.3800298062593144, 1.0, 1.0, 1.0, 2.238095238095238, 1.0, 1.0, 1.0, 1.6470588235294117, 1.3333333333333333, 1.0053813757604118, 1.0, 3.2941176470588234, 1.0, 1.053763440860215, 1.0, 1.0, 1.0, 1.0, 1.0, 1.069490599038041, 1.2142857142857142, 2.0, 1.103448275862069, 1.0, 1.1428571428571428, 3.0, 1.5128205128205128, 1.0, 1.2, 1.029784339841868, 3.0, 1.5, 1.0, 1.003783102143758, 2.0, 27.0, 1.0707964601769913, 1.0, 1.0002628405331024, 1.7704918032786885, 1.45, 1.0, 3.0, 2.0, 1.0, 2.0, 2.0, 1.1211764705882352, 1.2692307692307692, 1.8333333333333333, 2.0, 1.0, 1.0766016713091922, 1.0, 2.0, 3.5, 2.0, 1.1531531531531531, 3.0, 1.0, 1.0883720930232559, 2.0, 1.018194770773322, 2.0, 1.0, 1.2774005819592629, 1.0, 1.0, 1.01875, 1.1428571428571428, 1.0, 1.043956043956044, 1.4719562243502051, 2.2, 2.0, 2.0, 1.3055555555555556, 1.0, 1.8632478632478633, 2.0, 2.9, 1.0, 3.5, 1.038438809498227, 1.8, 1.0573241127050352, 1.1827956989247312, 2.0, 2.0, 1.2592592592592593, 1.0, 1.396551724137931, 1.0, 3.0, 1.061495457721873, 1.0, 1.0, 1.0, 1.1139240506329113, 1.125, 1.0711914125459352, 1.1904674610449129, 1.0, 2.0, 2.0, 1.0, 1.0, 1.0, 1.0, 1.0, 1.5, 1.0, 1.0, 1.0, 1.3333333333333333, 1.087896974243561, 1.422138836772983, 1.0, 1.0, 1.1111111111111112, 1.0, 2.0, 2.0, 1.0, 1.0, 1.0, 1.0, 1.0358143880411086, 2.0, 4.0, 1.1399125546533417, 1.0, 1.0, 1.0, 3.0, 1.5, 1.0, 1.0, 1.0, 1.0, 1.625, 1.0087246949764843, 1.0499522748965957, 1.0, 1.0, 1.0, 1.0129518254221639, 1.0, 1.0, 1.0, 2.45, 1.011558625410308, 1.0, 1.0, 1.7, 1.128695652173913, 2.0, 1.0, 1.5, 1.0, 1.0, 1.2365808444902162, 1.0, 3.0, 1.0827886710239651, 1.0, 1.0, 1.0652265988987717, 1.0, 1.0164941785252264, 1.0, 1.0, 2.0, 1.3477508650519032, 1.0, 1.0, 2.0, 1.1428571428571428, 3.0, 1.0168563798556791, 1.1643009289920705, 1.0, 2.0, 2.3095238095238093, 1.0, 1.1666666666666667, 2.8333333333333335, 1.0, 1.0, 1.0708153778290523, 3.0, 1.0, 2.0, 2.5510204081632653, 1.565217391304348, 1.574468085106383, 1.1641285956006768, 1.0, 1.7695852534562213, 1.0, 2.8947368421052633, 2.0, 2.0, 1.0, 1.0, 2.0, 1.127659574468085, 1.0, 1.125448028673835, 1.0, 2.0, 2.0, 2.0, 1.3387096774193548, 1.0, 2.0, 2.0, 1.0, 1.2615384615384615, 1.0, 1.0, 1.0, 1.018284106891702, 1.0619469026548674, 2.0, 1.1538461538461537, 3.6, 2.0, 1.0714285714285714, 1.0, 1.5, 2.0, 1.0, 2.0, 1.0539108756622, 1.0833333333333333, 1.0, 4.0, 1.0129032258064516, 1.0049474335188622, 1.0, 1.0, 1.0647321428571428, 1.0065036420395421, 1.2848101265822784, 1.6666666666666667, 2.0, 1.0, 1.2086167800453516, 2.0, 7.0, 1.0, 2.0, 1.5, 2.025, 1.0, 2.2333333333333334, 1.0, 1.0, 1.0277777777777777, 2.0, 3.0, 2.0, 1.0, 1.04814889743071, 3.3620689655172415, 1.084184308841843, 1.0, 1.0, 4.0, 2.0, 1.0, 1.0, 1.0, 1.0, 2.0, 2.0, 2.0, 1.5, 1.2078651685393258, 1.0, 1.0249467239454724, 2.0, 1.0, 1.3529411764705883, 1.011585567692817, 4.0, 1.5, 1.0, 1.0, 2.0, 1.6666666666666667, 1.2607003891050583, 4.0, 1.0, 1.0, 1.0, 1.0, 1.0, 1.0373983739837398, 1.0, 2.0, 2.0, 1.0, 1.33224043715847, 1.1025914093006746, 1.0, 1.0, 1.035175879396985, 1.3666666666666667, 2.0, 1.4052631578947368, 1.0, 1.0, 1.0, 1.0, 1.0, 1.5, 2.0, 2.0, 1.4128686327077749, 1.0863574855455775, 1.0, 1.0, 1.308641975308642, 2.0, 1.2, 1.0, 2.0, 1.0, 1.1018850063793884, 1.6, 1.0, 1.0, 1.1372549019607843, 1.0080375560139412, 1.0, 3.0, 2.0, 1.2411467116357504, 1.0, 1.0439146800501882, 2.5625, 1.1791975724881996, 1.1444444444444444, 1.0523285568065506, 1.0, 1.1204819277108433, 1.6666666666666667, 1.0, 1.0, 1.0, 2.0, 1.5454545454545454, 2.0, 2.0, 1.5, 2.0, 1.0, 1.0, 1.0, 2.863013698630137, 4.0, 1.0, 2.0, 1.0520361990950227, 1.7924528301886793, 1.0, 1.0, 1.1912128712871286, 1.0757067561092477, 2.0, 1.263157894736842, 1.0, 2.0, 1.0, 2.0, 2.0, 1.0, 2.0, 1.7178571428571427, 1.0, 1.0, 1.0833333333333333, 1.2516556291390728, 1.0, 1.1044260027662518, 1.0, 1.0, 1.0, 2.0, 1.0391061452513966, 2.0, 1.0, 1.0, 2.0, 1.0, 1.0, 1.0, 1.0, 2.0, 1.0, 1.0, 1.0, 1.1574109700312085, 1.5, 1.0, 1.0, 1.0, 1.0, 1.9090909090909092, 2.0, 1.0, 3.0, 1.0, 2.0, 1.0, 2.0, 1.0, 1.185483870967742, 1.0445986362005024, 2.0, 1.4112676056338027, 1.3333333333333333, 1.3055555555555556, 1.0, 1.1029692181966766, 1.0, 4.0, 1.3829787234042554, 1.0, 2.0, 2.0, 1.0023282887077998, 1.3333333333333333, 1.0, 1.0025379952823146, 1.0487823006218566, 1.0112994350282485, 1.5, 1.0, 1.0, 1.0, 1.0, 1.0, 2.0, 1.0, 1.4, 2.0, 2.0, 1.0, 1.0, 1.0665474060822897, 1.045275590551181, 2.0, 2.0, 1.2857142857142858, 1.0086580086580086, 1.0, 2.0, 1.066280086818491, 1.0, 1.8819875776397517, 2.0, 1.0, 1.0, 1.2, 2.0, 2.0, 1.2650279089738086, 1.0, 1.0, 1.5249318801089917, 3.0, 1.1303030303030304, 1.2926829268292683, 1.5, 2.0, 1.2646153846153847, 2.0, 1.5, 1.1216216216216217, 1.0, 1.0, 1.1061051127342014, 1.0, 2.0, 1.0376344086021505, 2.5, 1.0, 1.0, 2.25, 1.675392670157068, 1.0, 1.0250800426894344, 1.5, 1.0, 1.0, 1.0, 1.0, 1.0, 1.0, 2.0, 1.8666666666666667, 1.0, 1.1414956011730206, 1.0, 1.0039219890470192, 2.0, 1.0, 1.0, 1.0, 1.0, 2.2, 1.2058823529411764, 1.0, 1.0, 2.0, 1.1859649122807017]
origin-forest_43.39 	max: 27.0000	99th: 4.0480	95th: 3.0000	median: 1.0843	mean: 1.5018

...Done, result: results.csv

WORKLOAD-FINISHED | Type: QueryWorkload | Progress: 3/3 | Workload-time: 59.328283 | Model-update-time: 0.000000


Experiment Summary: #data-update-times=1, #drift=0 | total-time=121.805898