Input arguments = Namespace(data_update='valueskew', update_size=100000, dataset='forest', debug=False, drift_test='js', model_update='adapt', model='naru', end2end=False, query_seed=0, random_seed=42, num_workload=3)
JSON-passed parameters = {'data_updater': {'skew_ratio': '1e-2'}, 'random_seed': 57, 'naru': {'epochs': 0}}
MODEL-PATH=/home/kangping/code_copy/SAUCE/models/end2end/naru/origin-forest-16.5MB-model62.533-data19.148-200epochs-seed0.pt
DATASET-PATH=/home/kangping/code_copy/SAUCE/data/forest/end2end/forest.npy
Workloads: ['QueryWorkload', 'DataUpdateWorkload', 'QueryWorkload']

WORKLOAD-START | Type: QueryWorkload | Progress: 1/3
Going to run: ['python', '/home/kangping/code_copy/SAUCE/Naru/eval_model.py', '--dataset=forest', '--model=naru', '--query_seed=0', '--end2end', '--eval_type=first_estimate', '--num_workload=3', '--data_update=valueskew', '--model_update=adapt', '--random_seed=42']
Torch device: cuda:1
GET-MODEL-PATH=./models/end2end/naru/origin-forest-16.5MB-model62.533-data19.148-200epochs-seed0.pt
ckpts [PosixPath('/home/kangping/code_copy/SAUCE/models/end2end/naru/origin-forest-16.5MB-model62.533-data19.148-200epochs-seed0.pt')]
Validate Argument: DATASET="forest" is valid.
load_csv_dataset - forest (581012, 10)
Parsing... done, took 0.0s
Loading ckpt: /home/kangping/code_copy/SAUCE/models/end2end/naru/origin-forest-16.5MB-model62.533-data19.148-200epochs-seed0.pt
query_seed:0
origin-forest_43.39 	max: 31.0000	99th: 4.0025	95th: 2.6000	median: 1.0064	mean: 1.3742
ReportEsts: [1.0, 1.047026904815736, 1.0, 1.7352941176470589, 2.6666666666666665, 1.0, 1.3763440860215055, 1.0, 1.8449197860962567, 1.0, 1.0149253731343284, 3.0, 1.0, 1.0, 3.0, 1.0018525597671069, 1.0, 1.4285714285714286, 1.490566037735849, 1.0, 1.0, 3.0, 1.4285714285714286, 1.6, 2.2, 1.0, 1.0414565070802428, 1.3, 3.0, 1.420749279538905, 1.0, 1.0091086532205595, 2.3333333333333335, 1.0, 1.8125, 1.011757060144157, 1.0933926302414232, 1.0, 1.1517671517671517, 1.0, 2.0, 1.0, 1.2142857142857142, 1.0, 1.8211382113821137, 1.1141552511415524, 1.0, 2.0, 1.0, 1.0, 3.0, 1.0667885264341956, 1.0, 1.0, 3.6, 1.080568720379147, 1.0058224163027656, 1.7352941176470589, 1.0, 1.0, 1.0617747440273038, 2.5, 1.0, 1.1579908675799087, 1.2038216560509554, 1.0, 1.0741573033707865, 1.6435643564356435, 1.3975903614457832, 1.0, 2.0, 1.0, 1.1594202898550725, 1.1280404338212067, 2.0, 1.5, 1.0, 1.0, 1.0, 1.0, 1.0, 2.0, 1.0041241881709033, 3.5, 1.7333333333333334, 1.0, 1.0, 1.3333333333333333, 1.0872819578234834, 1.0, 4.0, 1.2608695652173914, 1.0, 1.2105263157894737, 1.0, 1.0, 1.0400881057268723, 1.1241050119331741, 1.0, 1.0, 1.0, 1.0, 1.0, 1.0, 1.1328125, 1.0, 1.0, 1.0, 1.0298507462686568, 1.0, 1.0070921985815602, 1.0, 1.0, 1.1714358065332995, 1.005128205128205, 2.0, 1.0, 2.0, 1.0, 1.0, 1.0, 2.0, 3.0, 1.0, 1.0178913738019169, 1.1428571428571428, 1.0, 1.3333333333333333, 1.0, 1.0, 1.0, 1.137465940054496, 1.0416115344253318, 2.0, 2.5, 1.0, 1.0, 2.0, 1.0192071924805886, 1.0, 1.0023114887236835, 1.0, 1.0, 1.6, 1.0, 1.0009733590367538, 1.0, 1.1, 1.8461538461538463, 1.0833333333333333, 1.4, 1.0, 1.0, 1.0, 1.0, 2.0, 1.0, 1.0, 1.0, 3.3333333333333335, 2.909090909090909, 1.0, 1.1596887159533074, 4.0, 1.0486278067589023, 1.0, 2.0, 2.0, 1.138121546961326, 1.0, 1.0, 1.0, 1.3571428571428572, 1.5263157894736843, 1.0, 1.0, 1.0958333333333334, 1.0, 1.2095505617977529, 1.0, 1.3925233644859814, 1.0, 1.0, 1.0410675986972755, 1.0, 1.157649796393252, 1.0, 1.0, 2.263157894736842, 1.00362402652479, 1.0, 1.1173708920187793, 2.090909090909091, 1.0, 1.0, 1.0, 1.0, 1.8194444444444444, 1.0, 1.1684341859014349, 1.1708780795957043, 1.0, 1.0, 1.0, 2.0, 31.0, 1.128, 1.0, 1.0, 1.0, 1.0, 1.2941176470588236, 1.0, 1.1428571428571428, 1.0, 1.0, 1.0, 1.027906976744186, 1.0, 1.0, 1.0, 1.2390332726369806, 3.0, 1.0, 1.2777777777777777, 1.0, 1.1111111111111112, 1.0, 1.84149855907781, 1.0, 1.0, 1.0, 1.8333333333333333, 2.0, 2.0, 1.0, 2.0, 1.0, 1.081964835377351, 1.0175505532239604, 1.0, 2.0, 1.5, 1.0147671336614918, 1.1461988304093567, 1.1428571428571428, 1.0, 1.1482649842271293, 5.0, 1.154109589041096, 1.0, 1.0, 1.111764705882353, 1.0, 1.011764705882353, 1.1283292978208233, 1.2727272727272727, 1.0, 1.0556792873051224, 1.0776699029126213, 4.0, 1.0, 1.0245533267565494, 1.25, 2.0, 1.0, 1.75, 1.0, 1.0, 1.0, 1.5833333333333333, 1.3333333333333333, 1.1539611360239164, 1.0, 1.0, 1.0089639021238794, 1.2857142857142858, 2.0, 1.16, 1.0, 1.5, 1.0, 1.2222222222222223, 1.0, 1.0, 1.0, 1.0, 1.0, 1.0632183908045978, 1.0, 1.1111111111111112, 1.0, 1.0, 1.0, 1.0, 1.0593325092707047, 1.3409090909090908, 1.0756369426751593, 3.216867469879518, 1.0, 1.0726643598615917, 1.0, 1.0, 3.0, 1.0, 1.111842105263158, 1.0, 2.0, 1.0, 1.173913043478261, 2.0, 1.0, 1.0909090909090908, 1.0, 1.0, 1.0, 1.0, 1.0, 1.0, 1.5, 1.0, 1.0, 1.0818051060769507, 2.5, 1.0, 1.1391784181483753, 1.0, 1.0, 1.0, 1.0, 1.1392592592592592, 1.0, 3.0, 1.0, 1.6666666666666667, 1.2604651162790699, 1.0, 1.125, 1.2134146341463414, 1.0, 1.009021113243762, 1.018348623853211, 1.0, 1.25, 1.0, 1.3333333333333333, 10.0, 1.5, 1.0, 1.0, 1.0, 1.0, 1.0, 1.2758620689655173, 11.0, 1.0987654320987654, 6.0, 1.0, 1.0, 1.0, 1.2766798418972332, 1.2, 1.0545454545454545, 1.4182196886647664, 1.0573865479998146, 1.0207804568527918, 1.0147933857128768, 1.3471698113207546, 1.0, 1.2370892018779343, 1.0, 1.4104477611940298, 1.0196419337006724, 1.0, 1.0069112501847928, 1.0378335324571883, 1.0442523993572763, 1.0, 1.25, 1.0, 1.019108280254777, 1.0, 1.5, 1.0377906976744187, 1.2254901960784315, 1.0, 3.4, 1.0, 1.080619710228088, 1.0, 1.25, 1.75, 2.0, 1.0, 4.25, 1.0, 1.2034058656575213, 1.0, 1.0, 1.0, 1.0, 1.005492594417553, 1.0, 2.0, 1.2266666666666666, 1.0265509989484753, 1.0059347181008902, 1.0588235294117647, 1.4397905759162304, 1.093363730274641, 1.0324483775811208, 4.4, 1.0, 1.0, 1.0318982716761615, 1.0670990214726035, 1.0, 2.75, 1.0, 1.0, 1.0, 1.0, 1.0, 1.0, 1.0, 1.0402666666666667, 1.6666666666666667, 1.3947144075021314, 1.0, 1.0, 2.0, 1.148951048951049, 1.015874423554452, 1.2, 1.0459418070444104, 1.6470588235294117, 1.0, 1.0, 1.0, 1.0404957733607494, 2.5, 1.0, 1.0455635491606714, 1.0, 2.923076923076923, 1.0, 1.0, 1.0, 1.0148266822021554, 1.0, 1.0, 1.0, 1.1111111111111112, 1.32, 1.0265878877400296, 3.1818181818181817, 1.0, 1.0, 1.1566666666666667, 1.25, 2.0, 1.102439024390244, 1.0, 1.4444444444444444, 1.0, 1.0, 1.2222222222222223, 2.0, 1.0, 1.7777777777777777, 1.034263959390863, 1.0083894143324845, 1.1777777777777778, 1.0, 1.0, 1.0, 2.4, 1.0, 1.0392541707556429, 1.3714285714285714, 3.0, 1.5, 1.5590405904059041, 1.5, 2.0, 1.0142144698484592, 1.2, 2.0, 1.033880608146262, 2.5, 1.0296964725184579, 1.0, 1.0, 1.0, 1.0618892508143323, 1.0, 2.0, 1.08, 1.0, 2.0, 1.0, 1.4054054054054055, 1.0, 1.185430463576159, 1.0201338359486865, 2.0, 1.5, 1.0, 1.0349854227405249, 2.0, 20.0, 1.0510204081632653, 1.0, 1.049273543283128, 1.6047619047619048, 1.3888888888888888, 1.0, 1.6666666666666667, 1.0, 1.0, 1.4189283228949199, 2.0, 4.0, 1.0759587020648969, 1.4, 1.0, 1.0382148434595078, 1.0, 1.5555555555555556, 1.0, 2.0, 1.0, 1.0337078651685394, 1.0, 1.0, 1.4, 1.0029591248358267, 1.013157894736842, 1.546987951807229, 1.0476190476190477, 2.7037037037037037, 1.0, 1.631578947368421, 1.1085899513776336, 1.0, 1.0, 1.141025641025641, 1.2045639771801142, 1.8, 2.0, 1.6, 1.3516483516483517, 1.0, 2.1494252873563218, 1.0, 1.1965174129353233, 1.0, 3.0, 1.0233504456795504, 6.0, 1.0213792074777508, 2.3333333333333335, 1.0, 3.0, 1.4166666666666667, 1.5, 2.0, 1.011111111111111, 1.0, 1.0, 1.0, 1.0, 1.0, 1.0, 2.0, 17.0, 1.0, 1.0, 2.0, 1.0, 1.0, 1.0, 1.0, 1.0, 1.0, 1.0, 1.0, 1.0, 1.6129032258064515, 1.22, 1.0, 1.0116666666666667, 1.0, 1.0, 1.4, 1.0399980569318954, 1.5555555555555556, 1.0, 1.0, 1.0, 1.0, 1.0080172076652327, 1.0, 1.0, 1.0710382513661203, 1.1776785714285714, 1.148936170212766, 2.0, 1.0, 1.0, 1.0, 1.542857142857143, 2.0, 1.0, 1.0, 1.5666666666666667, 2.0, 1.0474176313446126, 1.0, 1.0, 1.0322121212121211, 1.0, 1.0, 1.0, 3.0, 1.0787646287573447, 1.0, 1.0, 1.625, 1.0103305785123966, 1.0, 1.0, 2.0, 1.0, 1.0, 1.1210531382364266, 1.0, 2.0, 1.0667847204654692, 1.0, 1.0, 1.0732323232323233, 1.0, 1.0215271622134987, 1.0, 1.0, 1.010438413361169, 1.0555740432612313, 1.9, 1.0, 1.0, 1.0, 2.0, 1.1497453012471457, 1.0, 1.0, 1.0, 1.0, 1.1, 1.0, 1.0, 1.5, 1.5994978028876334, 1.0, 1.0, 1.0, 1.5, 1.0, 1.2, 1.0398230088495575, 1.0, 1.0, 1.0, 1.0, 1.0, 1.0, 1.8, 1.0, 1.0, 1.0, 1.0, 1.0, 4.0, 1.1256227758007118, 1.2072727272727273, 1.0, 2.0, 1.5, 1.071290944123314, 1.0, 1.0, 1.0, 2.0, 1.0, 1.0632911392405062, 1.0869565217391304, 1.2222222222222223, 1.1097740667976423, 1.0, 1.7692307692307692, 1.0, 1.04, 1.0, 2.0, 1.0, 1.0, 1.0, 1.0021786492374727, 4.0, 1.0, 4.0, 1.0074074074074073, 1.0146289909889865, 1.0, 1.0, 1.095669687814703, 1.020852499233364, 1.291044776119403, 1.5, 1.0, 1.0, 1.053940640850665, 1.0, 2.0, 1.0, 1.0, 1.0, 1.1547479484173506, 1.0, 1.0, 1.1538461538461537, 1.0, 1.0, 1.0, 1.1538461538461537, 1.0, 1.0497592295345104, 1.0269943593875908, 2.0, 1.0, 1.0, 3.0, 1.0, 1.0, 1.0, 1.0, 1.0, 2.0, 1.0, 2.0, 1.5, 1.2101694915254237, 1.0, 1.0241772603065225, 1.0, 1.0, 1.2, 1.0739884393063583, 3.0, 1.0, 1.0, 1.0, 1.0, 1.6428571428571428, 1.111926605504587, 3.0, 1.0, 1.0, 1.0, 1.0, 1.0, 1.1063348416289593, 1.0, 1.0, 1.0, 1.0, 1.4992927864214993, 1.1225083056478404, 1.0, 1.0, 1.028735632183908, 1.44, 2.0, 1.4698795180722892, 1.0, 1.0, 1.0, 1.0, 1.0, 1.4545454545454546, 2.0, 1.0, 1.3221884498480243, 1.0337449741527858, 1.2, 1.0, 1.0, 1.0, 1.0, 2.6, 1.0, 1.0, 1.6225165562913908, 1.0, 1.0, 1.0606060606060606, 2.25, 1.8611111111111112, 1.0, 1.1024667931688805, 1.0909090909090908, 1.0, 3.0, 1.0, 1.0740740740740742, 1.0168918918918919, 1.0, 1.5855263157894737, 1.0, 3.6666666666666665, 1.0, 1.0, 2.0, 1.2727272727272727, 1.0, 1.0, 1.0, 1.0, 1.1494252873563218, 1.0, 1.0, 1.3551413718777736, 1.0089452786271735, 1.0, 1.0, 1.0, 1.1040651599647784, 1.0, 2.695187165775401, 1.0, 1.0586712683347714, 2.0, 1.0, 1.3076923076923077, 2.0, 1.6666666666666667, 1.075750122970979, 1.0, 2.8125, 1.0, 1.0, 2.5, 1.0, 1.0, 1.0, 1.6, 1.6666666666666667, 1.0, 1.0, 1.5, 1.0, 1.125, 1.0, 2.0, 1.0, 1.3333333333333333, 1.0, 1.0, 1.0, 1.0, 1.0, 1.0, 1.0, 1.0, 1.194894894894895, 2.0, 1.0, 1.0, 1.0, 1.0, 1.253968253968254, 1.5, 1.0, 1.1957637997432606, 1.0, 1.2769953051643192, 1.0, 1.059116809116809, 1.0, 1.075, 1.1166666666666667, 1.1818181818181819, 1.0, 1.0, 1.2105263157894737, 1.0205955098934552, 1.0, 4.0, 1.4502857142857142, 1.0, 1.0, 1.0, 2.0, 1.0224118371189264, 1.0, 2.6, 1.0, 1.0185185185185186, 1.0, 1.0, 1.0, 1.0, 1.0, 1.0, 1.0, 1.0, 1.5, 2.0, 1.0, 1.0, 1.0, 1.0616573033707866, 1.1326241134751773, 1.0, 1.0, 1.3333333333333333, 1.0425531914893618, 1.0, 2.0, 1.0017899988574475, 1.2222222222222223, 1.0298507462686568, 1.0, 1.0, 1.0, 1.5, 2.0454545454545454, 2.0, 1.2506212723658052, 1.0, 1.0, 1.51671974522293, 1.0, 1.7142857142857142, 1.0, 1.0, 1.2, 1.2633451957295374, 1.0, 1.0, 1.3333333333333333, 1.0054291891067704, 1.0, 1.2727272727272727, 2.0, 1.0, 1.034794711203897, 2.0, 2.3333333333333335, 1.0, 1.1721311475409837, 1.0, 1.3098982423681775, 1.5, 1.0, 1.0, 1.0, 1.0, 1.0, 1.0, 2.0, 1.9615384615384615, 1.0, 1.1556479032867397, 1.5, 1.0204558064549898, 1.0, 1.0, 1.0, 1.0, 1.0, 1.1891891891891893, 1.1541368078175895, 2.0, 1.2153225806451613, 1.0, 1.3963713631905852, 1.16, 2.0, 1.0423728813559323, 1.3189655172413792, 2.0, 1.0, 1.0, 1.0745880312228968, 1.0, 1.0, 1.018018018018018, 2.0, 1.0]
origin-forest_43.39 	max: 31.0000	99th: 4.0025	95th: 2.6000	median: 1.0064	mean: 1.3742

...Done, result: results.csv

WORKLOAD-FINISHED | Type: QueryWorkload | Progress: 1/3 | Workload-time: 60.466368 | Model-update-time: 0.000000


WORKLOAD-START | Type: DataUpdateWorkload | Progress: 2/3
Going to run: ['python', '/home/kangping/code_copy/SAUCE/Naru/eval_model.py', '--model=naru', '--data_update=valueskew', '--dataset=forest', '--drift_test=js', '--end2end', '--update_size=100000', '--query_seed=0', '--eval_type=drift']
Torch device: cuda:1
GET-MODEL-PATH=./models/end2end/naru/origin-forest-16.5MB-model62.533-data19.148-200epochs-seed0.pt
GET-DATASET-PATH=./data/forest/end2end/forest.npy
ValueSample - START
ValueSample - END
load_npy_dataset_from_path - df.shape = (681012, 10)
Parsing... done, took 0.1s
Data updated!
Previous data size: (581012, 10), new data size: (100000, 10)
[7.1525574e-07 0.0000000e+00 5.9604645e-08 7.1525574e-07 5.9604645e-08
 1.1379361e-02 0.0000000e+00 2.0265579e-06 0.0000000e+00 1.1920929e-07]
Distance score: 0.0011383056407794356
SAUCE Drift detection: True
Detection latency: 0.0658s

DRIFT-DETECTED after 2-th workload
Going to run: ['python', '/home/kangping/code_copy/SAUCE/Naru/incremental_train.py', '--dataset=forest', '--end2end', '--model=naru', '--model_update=adapt', '--update_size=100000', '--epochs=0']
Torch device: cuda:1
GET-MODEL-PATH=./models/end2end/naru/origin-forest-16.5MB-model62.533-data19.148-200epochs-seed0.pt
update_size: 100000
AdaptTask - START
GET-DATASET-PATH=./data/forest/end2end/forest.npy
load_npy_dataset_from_path - df.shape = (681012, 10)
Parsing... done, took 0.1s
done, took 0.1s
dataset size: 681012
train data shape: torch.Size([100000, 10]), transfer data shape:torch.Size([20000, 10])
Training done; evaluating likelihood on full data:
Epoch None Iter 0, test loss 41.9518 nats / 60.5236 bits
Saved to: /home/kangping/code_copy/SAUCE/models/end2end/naru/origin-forest-16.5MB-model62.533-data19.148-200epochs-seed0.pt
AdaptTask - END

WORKLOAD-FINISHED | Type: DataUpdateWorkload | Progress: 2/3 | Workload-time: 2.398642 | Model-update-time: 4.856893


WORKLOAD-START | Type: QueryWorkload | Progress: 3/3
Going to run: ['python', '/home/kangping/code_copy/SAUCE/Naru/eval_model.py', '--dataset=forest', '--model=naru', '--end2end', '--query_seed=0', '--eval_type=estimate', '--num_workload=3', '--data_update=valueskew', '--model_update=adapt', '--random_seed=42']
Torch device: cuda:1
GET-MODEL-PATH=./models/end2end/naru/origin-forest-16.5MB-model62.533-data19.148-200epochs-seed0.pt
ckpts [PosixPath('/home/kangping/code_copy/SAUCE/models/end2end/naru/origin-forest-16.5MB-model62.533-data19.148-200epochs-seed0.pt')]
Validate Argument: DATASET="forest" is valid.
data size: 681012, total size: 681012, split index: [567510 681012]
Parsing... done, took 0.1s
Loading ckpt: /home/kangping/code_copy/SAUCE/models/end2end/naru/origin-forest-16.5MB-model62.533-data19.148-200epochs-seed0.pt
query_seed:0
origin-forest_43.39 	max: 106.1000	99th: 20.0500	95th: 3.0000	median: 1.0434	mean: 2.1257
ReportEsts: [1.0, 1.196279790738229, 1.0, 1.475, 2.0, 1.0, 1.4507936507936507, 1.0, 2.4731182795698925, 1.0, 1.1216216216216217, 1.0, 1.0, 4.0, 2.634920634920635, 1.3125, 2.0, 2.0, 1.0, 103.48076923076923, 1.0, 2.0, 1.0, 1.0, 1.0920502092050208, 1.0, 1.130050505050505, 2.5, 1.0, 1.25, 3.5, 1.0, 1.0, 1.0, 1.0, 2.0, 1.0, 10.0, 1.0, 3.0, 2.0, 1.0, 2.0, 1.0, 1.3356643356643356, 1.090566037735849, 1.0, 3.0, 1.0, 1.0, 3.0, 1.0564605256835327, 1.0, 1.0, 3.6666666666666665, 1.2701421800947867, 1.3024494142705005, 2.0294117647058822, 1.0, 3.0, 1.040498899486427, 1.25, 2.0, 1.0, 1.0, 1.096, 1.0478809851231403, 1.2857142857142858, 2.0, 1.0, 3.0, 1.035294117647059, 1.0496375305905712, 1.575, 1.0, 1.4197530864197532, 1.0, 1.0, 1.0, 1.0, 2.0, 1.0, 2.0, 1.0030133307130458, 2.3333333333333335, 1.1304347826086956, 1.0, 1.0, 1.3333333333333333, 1.0218272528843155, 2.0, 5.333333333333333, 2.0, 1.0062026685899748, 1.1568627450980393, 3.2083333333333335, 1.0, 1.0, 1.0, 2.0, 1.0, 1.0, 1.1870343600578228, 1.375, 2.0, 1.0, 1.0, 2.0, 1.040146487870694, 1.75, 1.0, 1.0602409638554218, 1.0, 1.0, 1.0, 1.0, 1.0, 1.0, 1.0, 2.0, 1.0, 1.051983584131327, 1.0, 1.0, 2.0, 3.0, 1.0, 1.053191489361702, 1.125, 1.0, 1.2653061224489797, 1.0, 2.0, 1.0, 1.0976164810156905, 1.0721156730596164, 2.0, 3.0, 2.0, 2.0, 2.0, 1.2022885165508785, 1.044776119402985, 1.0197358926251985, 1.0, 1.0, 1.0, 1.0, 1.0102949015469274, 1.0, 1.0526315789473684, 1.967741935483871, 1.2307692307692308, 1.4594594594594594, 1.0, 1.0, 1.0, 1.0, 4.0, 1.0, 1.0, 1.0, 2.75, 2.6923076923076925, 2.0, 3.411042944785276, 4.0, 1.0364904438964242, 1.0, 2.0, 3.0, 1.060957910014514, 1.0, 1.0, 2.0, 1.0, 1.0248442100938164, 1.026542324246772, 1.0, 1.0264121375501962, 1.1517241379310346, 1.1787030213706706, 1.0, 3.0, 1.0, 1.0, 1.0, 3.0, 1.0, 1.19294077719328, 1.0, 1.0, 1.0, 1.0408076260636756, 1.0, 1.044280442804428, 1.0691216868364393, 2.0, 1.3166666666666667, 1.0666666666666667, 1.1024290313140181, 1.0, 3.0, 6.0, 1.0, 3.142857142857143, 1.0, 1.0, 1.0, 2.0, 3.0, 2.6666666666666665, 1.2564102564102564, 3.0, 1.0, 1.0, 1.0303030303030303, 1.0, 1.0, 1.0, 2.0, 1.0, 4.705882352941177, 1.0, 1.6666666666666667, 1.6666666666666667, 1.0, 1.0, 1.1168634574629126, 1.0406623113313809, 1.125, 1.0, 1.0468449517681573, 1.0, 2.2, 1.0, 1.0, 1.5714285714285714, 106.1, 2.736842105263158, 1.0, 3.0, 1.5, 1.655844155844156, 1.0109437844916285, 1.0, 1.3333333333333333, 1.5, 1.0, 2.0, 4.3, 1.0, 1.021978021978022, 2.0, 1.1025641025641026, 86.85714285714286, 1.0, 1.0211640211640212, 1.0, 1.9058823529411764, 1.0461076560154408, 1.1428571428571428, 1.0, 1.0126811594202898, 1.2742718446601942, 2.0, 1.0, 1.2950235668091636, 1.3333333333333333, 2.0, 1.0, 1.8888888888888888, 1.0, 1.0, 1.0, 1.1282051282051282, 1.3333333333333333, 1.04304932735426, 1.4933333333333334, 1.0, 1.0062514207774493, 1.0, 1.728813559322034, 1.0162412993039442, 1.0, 2.0, 2.0, 1.0525210084033614, 1.2901785714285714, 1.0804345776772248, 1.5, 1.2584033613445378, 1.0, 3.1666666666666665, 2.4155339805825244, 1.0, 1.356164383561644, 11.0, 1.6413793103448275, 1.0, 1.0, 2.65, 4.4, 1.0, 2.0, 1.144927536231884, 1.0, 3.0, 1.0, 1.0, 1.2307692307692308, 1.0, 1.3333333333333333, 1.0, 2.0, 1.3061224489795917, 1.0, 1.0, 1.1538461538461537, 3.0, 1.0, 1.0, 1.0, 1.0, 1.0, 1.3888888888888888, 1.0, 1.0, 1.0633953063090522, 3.0, 1.0, 1.0243685614181874, 2.0, 1.0, 1.0, 1.0, 1.3888888888888888, 1.0, 3.0, 1.0, 1.0, 1.4093023255813955, 3.3333333333333335, 1.21875, 1.4444444444444444, 1.0, 1.0026354319180089, 1.0396825396825398, 1.0, 1.0606060606060606, 1.3333333333333333, 1.1428571428571428, 10.0, 30.0, 1.0, 1.0, 1.0, 1.0, 1.0, 1.1171875, 2.0, 1.127659574468085, 2.6666666666666665, 1.0, 1.0, 2.0454545454545454, 1.2893401015228427, 1.1468893678749683, 3.0, 1.0663589151759953, 1.25, 1.0117732734555165, 1.9230769230769231, 1.0723684210526316, 1.0, 1.2387387387387387, 2.0, 93.62272727272727, 1.1733520233132908, 1.0, 1.0007941732760692, 1.0366985855247168, 1.2088417944152516, 1.0, 1.5, 1.0, 1.9453551912568305, 1.0, 3.0, 2.0, 1.1748318924111432, 2.0, 1.173913043478261, 1.0, 1.0, 1.0632911392405062, 2.0, 1.2, 1.0, 1.0, 5.0, 1.0, 1.171837708830549, 1.0, 1.0, 1.0, 1.0, 1.0060170566150326, 1.0, 1.5789473684210527, 2.2201914708442123, 1.0, 1.8333333333333333, 1.0, 1.0, 1.0033785992981232, 61.27054794520548, 2.892857142857143, 1.0, 1.0, 1.024143349864283, 1.0495594282357548, 2.0, 2.5, 2.3333333333333335, 2.0, 1.0, 1.1926605504587156, 1.003503730590845, 2.0, 1.4974016332590943, 1.0133333333333334, 1.0, 1.0, 1.0, 1.2333333333333334, 2.0, 1.0, 1.0204942736588307, 1.0187760778859527, 1.1666666666666667, 1.2021439509954057, 2.65, 1.0, 1.0, 1.0, 1.04260882941086, 3.0, 1.0, 1.1623277182235834, 1.0, 1.0, 1.1435897435897435, 1.0, 1.0, 1.0838709677419356, 2.3333333333333335, 1.411764705882353, 1.4688524590163934, 1.0780254777070064, 1.0, 1.0, 2.0, 1.0, 1.0, 1.0589922163047931, 1.0, 1.0, 1.0295670538542767, 1.0771812080536913, 1.0, 1.0, 1.0, 2.0, 1.5043478260869565, 1.0, 1.604231703087062, 1.0079434651039916, 1.3333333333333333, 2.3333333333333335, 1.4684684684684686, 1.0, 3.0, 1.0, 1.6842105263157894, 1.0, 1.0, 1.0, 1.5, 1.105263157894737, 1.0067058823529411, 1.0, 2.0, 1.0, 1.053763440860215, 1.0, 2.0, 1.0, 1.0, 1.0, 1.2541614301469646, 1.1428571428571428, 2.0, 1.2962962962962963, 1.0, 2.0, 64.0, 1.6571428571428573, 1.0, 1.029126213592233, 1.0721231766612642, 2.0, 1.5, 1.0, 1.061277705345502, 25.0, 2.2, 1.0350877192982457, 1.0, 1.1408608971454464, 1.6571428571428573, 1.35, 1.0, 2.0, 2.0, 1.0, 1.0, 2.0, 1.1676575505350772, 2.3636363636363638, 2.1666666666666665, 2.0, 1.0, 1.1038696537678208, 1.0, 2.0, 1.2857142857142858, 2.0, 1.0857699805068226, 1.0, 1.0, 1.6984924623115578, 2.0, 1.0214476500451064, 1.0, 2.0, 1.0148611654282362, 1.0, 1.0, 1.0584415584415585, 1.4179104477611941, 1.0, 1.053191489361702, 1.3065693430656935, 2.6, 2.0, 1.5, 1.349056603773585, 1.0, 1.721311475409836, 1.0, 1.054054054054054, 1.0, 2.4, 1.0526042429650149, 1.6, 1.0936646838670017, 1.021505376344086, 1.0, 1.5, 5.611111111111111, 1.0, 1.7647058823529411, 1.1764705882352942, 2.2484848484848485, 1.0906773488710853, 1.0, 1.0, 1.0, 1.0761523046092185, 1.0, 1.0696428571428571, 1.0479117700235039, 1.0, 1.0, 5.0, 1.0, 1.0, 1.0, 2.0, 1.0, 1.3333333333333333, 1.0, 1.0, 1.0, 1.1297297297297297, 1.014772485485881, 1.8454198473282444, 1.0, 1.0, 1.2777777777777777, 2.0, 2.0, 2.0, 1.0, 1.0, 1.0, 1.0, 1.0113765642775883, 1.0, 2.0, 1.1190765492102066, 1.0, 1.0, 1.0, 1.3333333333333333, 1.5, 1.0, 1.0, 1.0, 1.0, 1.7142857142857142, 1.1160382785127856, 1.0357142857142858, 1.0, 1.0, 1.0, 1.0101200079372612, 1.0, 1.0, 1.0, 2.1363636363636362, 1.1426063470627954, 1.0, 1.0, 1.6, 1.2436974789915967, 1.0, 1.0, 1.5, 1.0, 1.0, 1.1471617338327913, 1.0, 2.0, 1.0250315523769458, 1.0, 1.0, 1.0118078175895766, 1.0, 1.0101472995090017, 1.0, 1.0, 3.0, 1.434634974533107, 1.0, 1.0, 1.0, 1.1428571428571428, 1.0, 1.0132765861283215, 1.025146704107715, 1.0, 2.0, 2.0, 2.0, 1.5, 1.25, 1.0, 1.0, 1.065722169874815, 1.0, 1.0, 1.96875, 1.007936507936508, 1.5425531914893618, 1.1968911917098446, 1.2010398613518198, 1.0, 1.7924528301886793, 1.3, 1.0476190476190477, 1.0, 3.0, 1.0, 1.0, 1.0, 1.1145833333333333, 1.0, 1.1353919239904988, 1.0, 1.3333333333333333, 1.5, 1.0, 1.272373540856031, 1.0, 3.0, 1.0, 2.0, 1.078125, 1.0, 1.0, 1.0, 1.0258199581297975, 1.202020202020202, 2.0, 1.0769230769230769, 6.0, 1.0, 1.0384615384615385, 1.0, 1.5, 2.0, 1.0, 1.0, 1.09421768707483, 1.2, 1.0, 7.0, 1.775, 1.0655119763336196, 1.0, 1.0, 1.0511129431162407, 1.0015690376569037, 1.2960526315789473, 1.2857142857142858, 3.0, 1.0, 1.8862068965517242, 1.3457943925233644, 1.2267441860465116, 1.0, 1.0, 4.0, 2.1602459016393443, 1.0, 1.6486486486486487, 1.0, 1.0, 1.0909090909090908, 3.0, 1.0, 2.0, 1.0, 1.0497643541276036, 3.310344827586207, 1.0445032475342795, 1.0, 1.0, 3.0, 3.0, 1.0, 1.0, 1.0, 1.0, 2.0, 1.0, 2.0, 1.5, 1.0377906976744187, 1.0, 1.0901866056940552, 1.0, 1.0, 1.8333333333333333, 1.0977157360406091, 4.0, 1.5, 1.0, 1.0, 1.0, 2.0303030303030303, 1.4069119286510592, 2.0, 1.0, 1.0, 1.0, 1.0, 1.0, 1.48, 1.0, 1.0, 3.0, 1.0, 1.859284890426759, 1.1841933376877858, 1.0, 1.0, 1.1851851851851851, 1.4, 2.0, 1.4263959390862944, 1.0, 1.0, 1.0, 1.0, 1.0, 1.2666666666666666, 2.0, 1.0, 1.2793017456359101, 1.0292929292929294, 1.1666666666666667, 1.0, 101.21766561514195, 1.0, 1.2307692307692308, 1.0, 1.5, 1.0, 1.0173324717777186, 1.0416666666666667, 1.0, 1.0, 1.126005361930295, 1.03043698818755, 1.0, 1.5, 1.0, 1.0023809523809524, 1.0, 1.2373706095726797, 1.4230769230769231, 1.5903389830508474, 28.0, 1.0131775236200895, 1.0, 1.0208333333333333, 1.6666666666666667, 1.0, 1.0, 1.0, 2.0, 1.5, 20.0, 1.0, 1.0, 1.0, 1.0, 1.0, 1.0, 1.8979591836734695, 3.0, 1.0, 2.0, 1.0704070407040704, 1.6862745098039216, 1.0, 2.0, 1.047645125958379, 1.4013840830449826, 1.0, 1.4705882352941178, 1.0, 1.0, 1.0, 1.0, 2.0, 1.0, 1.5, 2.0851063829787235, 2.0, 1.0, 1.0833333333333333, 1.3275261324041812, 1.0, 1.106508875739645, 1.0, 1.0, 2.0, 2.0, 1.0144665461121158, 1.0, 1.0, 1.0, 1.0, 2.0, 1.0, 1.0, 1.0, 1.0, 1.0, 1.0, 1.0, 1.1953392734749828, 1.0, 1.0, 1.0, 2.0, 1.0, 1.263157894736842, 1.0, 2.0, 4.0, 2.0, 1.0, 1.0, 2.0, 1.0, 1.4647577092511013, 1.313658363829536, 3.0, 1.0368852459016393, 1.5, 1.3434343434343434, 1.0, 1.469186046511628, 1.0, 1.5, 1.4276668290306869, 1.0, 1.0, 1.0, 1.3771551724137931, 2.0, 1.0, 1.0279949513378357, 1.0437278281434765, 1.1578947368421053, 2.0, 1.0, 1.0, 1.0, 1.0, 1.0, 1.0, 1.0, 1.2, 2.0, 1.0, 1.0, 1.0, 1.0470377019748653, 1.050531914893617, 1.0, 2.0, 1.5, 1.054421768707483, 2.0, 2.0, 1.1348114581647515, 1.1764705882352942, 1.3695652173913044, 1.0, 1.0, 1.0, 1.4, 1.8571428571428572, 2.0, 1.2611871170015676, 2.0, 1.0, 1.7508183841822704, 2.5, 1.1038575667655786, 2.0, 2.0, 2.0, 1.2887537993920972, 1.0, 1.5, 1.0545685279187818, 1.0, 1.0, 1.119117814953359, 1.0, 2.0, 1.1779661016949152, 2.6, 1.0, 1.0, 2.0, 1.2307692307692308, 1.0, 1.1340179041600842, 1.5, 1.0, 1.0, 1.0, 1.0, 2.0, 1.0, 2.0, 1.9333333333333333, 1.0, 1.1613146958821308, 1.0, 1.0143691264965977, 1.0, 1.0, 1.0, 1.0, 1.0, 1.3333333333333333, 1.0909090909090908, 1.0, 1.0, 2.0, 1.5856164383561644]
origin-forest_43.39 	max: 106.1000	99th: 20.0500	95th: 3.0000	median: 1.0434	mean: 2.1257

...Done, result: results.csv

WORKLOAD-FINISHED | Type: QueryWorkload | Progress: 3/3 | Workload-time: 58.684651 | Model-update-time: 0.000000


Experiment Summary: #data-update-times=1, #drift=1 | total-time=126.487265