Input arguments = Namespace(data_update='valueskew', update_size=100000, dataset='forest', debug=False, drift_test='js', model_update='adapt', model='naru', end2end=False, query_seed=0, random_seed=42, num_workload=3)
JSON-passed parameters = {'data_updater': {'skew_ratio': '1e-2'}, 'random_seed': 47, 'naru': {'epochs': 0}}
MODEL-PATH=/home/kangping/code_copy/SAUCE/models/end2end/naru/origin-forest-16.5MB-model62.533-data19.148-200epochs-seed0.pt
DATASET-PATH=/home/kangping/code_copy/SAUCE/data/forest/end2end/forest.npy
Workloads: ['QueryWorkload', 'DataUpdateWorkload', 'QueryWorkload']

WORKLOAD-START | Type: QueryWorkload | Progress: 1/3
Going to run: ['python', '/home/kangping/code_copy/SAUCE/Naru/eval_model.py', '--dataset=forest', '--model=naru', '--query_seed=0', '--end2end', '--eval_type=first_estimate', '--num_workload=3', '--data_update=valueskew', '--model_update=adapt', '--random_seed=42']
Torch device: cuda:1
GET-MODEL-PATH=./models/end2end/naru/origin-forest-16.5MB-model62.533-data19.148-200epochs-seed0.pt
ckpts [PosixPath('/home/kangping/code_copy/SAUCE/models/end2end/naru/origin-forest-16.5MB-model62.533-data19.148-200epochs-seed0.pt')]
Validate Argument: DATASET="forest" is valid.
load_csv_dataset - forest (581012, 10)
Parsing... done, took 0.0s
Loading ckpt: /home/kangping/code_copy/SAUCE/models/end2end/naru/origin-forest-16.5MB-model62.533-data19.148-200epochs-seed0.pt
query_seed:0
origin-forest_43.39 	max: 31.0000	99th: 4.0000	95th: 2.6000	median: 1.0020	mean: 1.3348
ReportEsts: [1.0, 1.036400633054488, 1.0, 1.6388888888888888, 2.6666666666666665, 1.0, 1.2972972972972974, 1.0, 1.1423841059602649, 1.0, 1.0, 3.0, 1.0, 1.0, 6.0, 1.0077047255650131, 1.0, 1.4285714285714286, 1.3584905660377358, 1.0, 1.0, 3.0, 1.6666666666666667, 1.2, 2.2, 1.0, 1.0292690728794582, 1.1818181818181819, 3.0, 1.2377521613832854, 1.0, 1.0025856496444732, 3.5, 1.0, 1.5466666666666666, 1.000118161408484, 1.0762976860537836, 1.0, 1.183991683991684, 1.0, 2.0, 1.0, 1.0, 1.0, 1.5934959349593496, 1.0990990990990992, 1.0, 2.0, 1.0, 1.0, 3.0, 1.0465129358830145, 1.0, 1.0, 2.5714285714285716, 1.085308056872038, 1.3011363636363635, 1.6470588235294117, 1.0, 1.0, 1.0177144841959014, 10.0, 1.0, 1.180821917808219, 1.1592356687898089, 1.0, 1.0084388185654007, 1.306930693069307, 1.3654618473895583, 1.0, 2.0, 1.0, 1.2903225806451613, 1.11824786774771, 2.0, 1.5, 1.0, 1.0, 1.0, 1.0, 1.0, 2.0, 1.0049775333126743, 3.5, 1.1818181818181819, 1.0, 1.0, 1.3333333333333333, 1.0011986814504046, 1.0, 4.0, 1.3043478260869565, 1.0, 1.0946652719665273, 2.0, 1.0, 1.0331497797356828, 1.0328947368421053, 1.0, 1.0, 1.0, 1.0, 1.0, 1.0, 1.0620689655172413, 1.0, 1.0, 1.0, 1.0072463768115942, 1.0, 1.0422535211267605, 1.0, 1.0, 1.0722237306543578, 1.0153061224489797, 2.0, 1.0, 2.0, 1.0, 1.0, 1.0, 2.0, 3.0, 1.0, 1.3111111111111111, 1.1428571428571428, 1.0, 1.3333333333333333, 1.0, 1.0, 1.0, 1.1673657718120805, 1.105333236497446, 2.0, 2.75, 1.0, 1.0, 2.0, 1.0425010216591746, 1.0, 1.0115515665253885, 1.0, 1.0, 1.0, 1.0, 1.027476092231435, 1.0, 1.0, 2.0869565217391304, 1.0, 1.4, 1.0, 1.0, 1.0, 1.0, 4.0, 1.0, 1.0, 1.0, 2.6666666666666665, 2.909090909090909, 1.0, 1.1526848249027237, 4.0, 1.0432751190746201, 1.0, 2.0, 1.0, 1.1277372262773722, 1.0, 1.0, 1.0, 1.316831683168317, 1.7058823529411764, 1.0, 1.0, 1.123931623931624, 1.0, 1.0713483146067415, 1.0, 1.436241610738255, 1.0, 1.0, 1.0282778449374326, 1.0, 1.1200750469043153, 1.0, 1.0, 1.8695652173913044, 1.0555082512265337, 1.0, 1.072072072072072, 1.9166666666666667, 1.0, 1.0, 1.0, 1.0, 1.7777777777777777, 1.0, 1.1971875998721637, 1.1231838281743525, 1.0, 1.0, 1.0, 2.0, 31.0, 1.0681818181818181, 1.0, 1.0, 1.0, 1.0, 1.411764705882353, 1.0, 1.0, 1.0, 1.0, 1.0, 1.0141509433962264, 1.0, 1.0, 1.0, 1.1168680682006291, 3.0, 1.0, 1.2777777777777777, 1.0, 1.118881118881119, 1.0, 1.021909233176839, 1.0, 1.0, 1.0, 1.8333333333333333, 1.0, 1.04, 1.0, 2.0, 1.0, 1.0437479595168135, 1.0406969350120818, 1.0, 1.0, 1.5, 1.0102234002271866, 1.1136363636363635, 1.1428571428571428, 1.0, 1.1357254290171608, 2.0, 1.1917808219178083, 1.0, 1.0, 1.1524390243902438, 1.0, 1.0235294117647058, 1.1499862901014533, 1.75, 1.0, 1.082191780821918, 1.0315533980582525, 4.0, 1.0, 1.040282801709964, 1.25, 2.0, 1.0, 1.875, 1.0, 1.0, 1.0, 1.2258064516129032, 1.3333333333333333, 1.195814648729447, 2.0, 1.0, 1.04012654012654, 1.3333333333333333, 2.0, 1.2, 1.0, 1.5, 1.0, 1.1111111111111112, 1.0, 1.5, 1.0, 1.0, 1.0, 4.404761904761905, 1.0, 1.25, 1.0, 1.0, 1.0, 1.0, 1.4457409568261377, 1.18, 1.0983739837398374, 1.0853658536585367, 1.0, 1.1116091438816673, 1.0, 1.0, 3.0, 1.0, 1.0242424242424242, 1.0, 2.0, 1.0, 1.173913043478261, 2.0, 1.0, 1.0, 1.0, 1.0, 1.0, 1.0, 1.0, 1.0, 1.2857142857142858, 1.0, 1.0, 1.11641910879165, 2.5, 1.0, 1.052227535867103, 1.0, 1.0, 1.0, 1.0, 1.3444444444444446, 1.0, 3.0, 1.0, 1.6666666666666667, 1.241860465116279, 2.0, 1.1363636363636365, 1.4329268292682926, 1.0, 1.093848414864581, 1.0471698113207548, 1.0, 1.1290322580645162, 1.0, 1.1428571428571428, 10.0, 3.0, 1.0, 1.0, 1.0, 1.0, 1.0, 1.2340425531914894, 2.090909090909091, 1.0740740740740742, 2.0, 1.0, 1.0, 1.0, 1.2865612648221343, 1.2, 1.4545454545454546, 1.4139991229993423, 1.079810650887574, 1.0114213197969544, 1.0333065541942827, 1.3584905660377358, 1.0, 1.2417840375586855, 1.0, 1.2660287081339714, 1.0294851905347813, 1.0, 1.0181245173023743, 1.0582010582010581, 1.035002388500456, 1.0, 1.25, 1.0, 1.0126582278481013, 1.0, 1.0, 1.0884146341463414, 2.55, 1.0, 2.2972972972972974, 1.0, 1.0686622215917152, 1.0, 1.4285714285714286, 1.5555555555555556, 1.0, 1.0, 4.25, 1.0, 1.207977207977208, 1.0, 1.0, 1.0, 1.0, 1.0111961077405551, 1.0, 2.0, 1.216931216931217, 1.090168243953733, 1.0663716814159292, 1.1165008291873963, 1.375, 1.0280340540733088, 1.0206489675516224, 1.0476190476190477, 1.0, 1.0, 1.0241190924923063, 1.050668011091505, 1.0, 2.2, 1.0, 1.0, 1.0, 1.0, 1.0, 1.0, 1.0, 1.0164147993746744, 1.6666666666666667, 1.4143222506393862, 1.0, 1.0, 1.0, 1.0091743119266054, 1.0198691219895832, 1.2, 1.0214395099540583, 1.75, 1.0, 1.0, 1.0, 1.027556677828402, 2.5, 1.0, 1.1342925659472423, 1.0, 2.7142857142857144, 1.0, 1.0, 1.0, 1.0291872997378386, 1.0, 1.0, 1.0, 1.1111111111111112, 1.27, 1.0288035450516986, 3.1818181818181817, 1.0, 1.0, 1.0633333333333332, 1.25, 2.0, 1.138382541720154, 1.0, 1.3, 1.0, 1.0, 1.1, 1.0, 1.0, 2.4444444444444446, 1.032414307004471, 1.0073094761731538, 1.2373540856031129, 1.024390243902439, 1.0, 1.0, 1.5, 1.0, 1.1382619125504307, 1.1428571428571428, 3.0, 1.5, 1.2904761904761906, 1.5053475935828877, 1.0, 1.0457514787277002, 1.4, 1.0, 1.012944949338902, 2.5, 1.0091878589007384, 1.0, 1.0, 1.0, 1.0813691041062863, 1.0, 2.0, 1.12, 1.0, 2.0, 1.0, 1.5757575757575757, 1.0, 1.2317880794701987, 1.0869330453563715, 2.0, 1.5, 1.0, 1.033132530120482, 2.0, 1.1764705882352942, 1.0510204081632653, 1.0, 1.0591634192693835, 1.926605504587156, 1.3888888888888888, 1.0, 1.2, 1.0, 1.0, 1.1829433378456777, 2.0, 4.0, 1.0264950794852385, 2.4, 1.0, 1.0326663831203653, 1.0, 1.75, 1.0, 2.0, 1.0, 1.0805243445692885, 1.0, 1.0, 1.4, 1.0018413251122245, 1.2039473684210527, 1.074698795180723, 1.4666666666666666, 2.7037037037037037, 1.0, 1.894736842105263, 1.1085899513776336, 1.0, 1.0, 1.1153846153846154, 1.3463732681336593, 2.6, 2.0, 1.6, 1.3516483516483517, 1.0, 1.9684210526315788, 1.0, 1.228855721393035, 1.0, 3.0, 1.0079895751810286, 6.0, 1.0233182518768955, 2.8, 1.0, 3.0, 1.3076923076923077, 1.5, 2.0, 1.0185766614338043, 1.0, 1.0, 1.0, 1.0, 1.0, 1.0196078431372548, 2.0, 1.7346938775510203, 1.0, 1.0, 2.0, 1.0, 1.0, 1.0, 1.0, 1.0, 1.0, 1.0, 1.0, 1.0, 2.2133333333333334, 1.2195121951219512, 1.0, 1.0166666666666666, 1.0, 1.0, 1.75, 1.0021809826105583, 1.8666666666666667, 1.0, 1.0, 1.0, 1.0, 1.0286664059444661, 1.0, 1.0, 1.0415458937198068, 1.11751326762699, 1.148936170212766, 2.0, 1.0, 1.0, 1.0, 1.7419354838709677, 2.0, 1.0, 1.0, 1.472289156626506, 2.0, 1.0554060116644235, 1.0, 1.0, 1.0119078039556395, 1.0, 1.0, 1.0, 2.4705882352941178, 1.0727945295447083, 1.0, 1.0, 1.4444444444444444, 1.2413087934560327, 1.0, 1.0, 2.0, 1.0, 1.0, 1.0533788987293031, 1.0, 2.0, 1.059015570065294, 1.0, 1.0, 1.0184519530313922, 1.0, 1.0143092313536786, 1.0, 1.0, 1.4586776859504131, 1.0116472545757071, 2.05, 1.0307692307692307, 1.0, 1.0, 2.0, 1.1173608740184364, 1.0, 1.0, 1.0, 1.0, 1.5, 1.0, 1.0, 1.5, 1.257030093734583, 1.0, 1.0, 1.0, 1.5, 1.0, 1.2, 1.0530973451327434, 1.0, 1.0, 1.0, 1.0, 1.0, 1.0, 1.4, 1.0, 1.0, 1.0, 1.0, 1.0, 4.0, 1.1483036773428232, 1.66, 1.0, 2.0, 1.5, 1.0692307692307692, 1.0, 1.0, 1.0, 2.0, 1.0, 1.069539666993144, 1.0543478260869565, 1.9411764705882353, 1.1203339882121808, 1.0, 2.739130434782609, 1.0, 1.12, 1.0, 1.5, 1.0, 1.0, 1.0, 1.0299177262528048, 4.0, 1.0, 4.0, 1.0, 1.022694404271888, 1.0, 1.0, 1.0381679389312977, 1.0067922198209325, 1.3134328358208955, 1.5, 1.0, 1.0, 1.052901753885641, 1.0, 1.3333333333333333, 1.0, 1.0, 1.5, 1.1910902696365768, 1.0, 1.0, 1.0, 1.0, 1.0, 1.0, 1.1538461538461537, 1.0, 1.0358480470840021, 1.0346494762288476, 2.0, 1.0, 1.0, 3.0, 1.0, 1.0, 1.0, 1.0, 1.0, 2.0, 1.0, 2.0, 1.5, 1.2614840989399294, 1.0, 1.1032418734708145, 1.0, 1.0, 1.125, 1.179961464354528, 3.0, 1.5, 1.0, 1.0, 1.0, 1.2857142857142858, 1.2823529411764707, 3.0, 1.0, 1.0, 1.0, 1.0, 1.0, 1.1063348416289593, 1.0, 1.0, 1.0, 1.0, 1.407702523240372, 1.0971760797342194, 1.0, 1.0, 1.0517241379310345, 1.56, 2.0, 1.355421686746988, 1.0, 1.0, 1.0, 1.0, 1.0, 1.3333333333333333, 2.0, 1.0, 1.419452887537994, 1.0420469848870269, 1.2, 1.0, 1.0, 1.0, 1.0, 2.6, 1.0, 1.0, 1.4031456953642385, 1.0, 1.0, 1.0303030303030303, 1.3333333333333333, 1.8611111111111112, 1.0, 1.9761904761904763, 1.0, 1.0, 3.0, 1.0, 1.0384615384615385, 1.1824324324324325, 1.0, 1.493421052631579, 1.0, 3.6666666666666665, 1.0, 1.0, 2.0, 1.4, 1.0, 1.0, 1.0, 2.0, 1.1764705882352942, 1.0, 1.0, 1.300494484594903, 1.0250599357669516, 1.0, 1.0, 1.0, 1.0248605811564426, 1.0, 1.7219251336898396, 1.0, 1.0332182916307162, 2.0, 1.0, 1.3076923076923077, 1.3333333333333333, 1.6666666666666667, 1.0949335956714215, 1.0, 2.6470588235294117, 1.0, 1.0, 2.5, 1.0, 1.0, 1.0, 1.6, 1.6666666666666667, 1.0, 1.0, 1.5, 1.0, 1.125, 1.0, 2.0, 1.0, 1.3333333333333333, 1.0, 1.0, 1.0, 1.0, 1.0, 1.0, 1.0, 1.0, 1.1574574574574574, 1.0, 1.0, 1.0, 1.0, 1.0, 1.1904761904761905, 1.5, 1.0, 1.168025078369906, 1.0, 1.2970550576184379, 1.0, 1.0523708421797593, 1.0, 1.1025641025641026, 4.285714285714286, 4.333333333333333, 1.0, 1.0, 1.368421052631579, 1.1391417425227568, 1.0, 3.0, 1.4685714285714286, 1.0, 1.0, 1.0, 2.0, 1.0185274244355207, 1.0, 2.1666666666666665, 1.0, 1.018181818181818, 1.0, 1.0, 1.0, 1.0, 1.0, 1.0, 1.0, 1.0, 1.5, 2.0, 1.0, 1.0, 1.0, 1.038623595505618, 1.0876629694493092, 1.0, 1.0, 1.3333333333333333, 1.053191489361702, 1.0, 2.0, 1.0791827357019774, 1.0588235294117647, 1.6304347826086956, 1.0, 1.0, 1.0, 1.5, 2.6470588235294117, 2.0, 1.2479851208927464, 1.0, 1.0, 1.540016168148747, 1.0, 1.3333333333333333, 1.0, 1.0, 2.0, 1.295373665480427, 1.0, 1.0, 1.4074074074074074, 1.017030161385009, 1.0, 1.2727272727272727, 1.5, 1.0, 1.1221294363256784, 2.0, 1.75, 1.0, 1.4467213114754098, 1.0, 1.042765273311897, 3.0, 1.0, 1.0, 1.0, 1.0, 1.0, 1.0, 2.0, 1.9615384615384615, 1.0, 1.1239915074309978, 1.5, 1.0294065303644149, 1.0, 1.0, 1.0, 1.0, 1.0, 1.135135135135135, 1.1604873575265295, 2.0, 1.2056451612903225, 1.0, 1.409038429820221, 1.2083333333333333, 2.0, 1.0084745762711864, 1.4299065420560748, 2.0, 1.0, 1.0, 1.0342237061769617, 1.0, 1.0, 1.0119402985074626, 2.0, 1.0]
origin-forest_43.39 	max: 31.0000	99th: 4.0000	95th: 2.6000	median: 1.0020	mean: 1.3348

...Done, result: results.csv

WORKLOAD-FINISHED | Type: QueryWorkload | Progress: 1/3 | Workload-time: 60.316032 | Model-update-time: 0.000000


WORKLOAD-START | Type: DataUpdateWorkload | Progress: 2/3
Going to run: ['python', '/home/kangping/code_copy/SAUCE/Naru/eval_model.py', '--model=naru', '--data_update=valueskew', '--dataset=forest', '--drift_test=js', '--end2end', '--update_size=100000', '--query_seed=0', '--eval_type=drift']
Torch device: cuda:1
GET-MODEL-PATH=./models/end2end/naru/origin-forest-16.5MB-model62.533-data19.148-200epochs-seed0.pt
GET-DATASET-PATH=./data/forest/end2end/forest.npy
ValueSample - START
ValueSample - END
load_npy_dataset_from_path - df.shape = (681012, 10)
Parsing... done, took 0.1s
Data updated!
Previous data size: (581012, 10), new data size: (100000, 10)
[6.5565109e-07 1.7881393e-07 2.3841858e-07 1.1920929e-07 5.9604645e-08
 1.1920929e-07 1.7881393e-07 1.7285347e-06 6.3537955e-03 1.1920929e-07]
Distance score: 0.0006357192760333419
SAUCE Drift detection: True
Detection latency: 0.0660s

DRIFT-DETECTED after 2-th workload
Going to run: ['python', '/home/kangping/code_copy/SAUCE/Naru/incremental_train.py', '--dataset=forest', '--end2end', '--model=naru', '--model_update=adapt', '--update_size=100000', '--epochs=0']
Torch device: cuda:1
GET-MODEL-PATH=./models/end2end/naru/origin-forest-16.5MB-model62.533-data19.148-200epochs-seed0.pt
update_size: 100000
AdaptTask - START
GET-DATASET-PATH=./data/forest/end2end/forest.npy
load_npy_dataset_from_path - df.shape = (681012, 10)
Parsing... done, took 0.1s
done, took 0.1s
dataset size: 681012
train data shape: torch.Size([100000, 10]), transfer data shape:torch.Size([20000, 10])
Training done; evaluating likelihood on full data:
Epoch None Iter 0, test loss 117.5076 nats / 169.5276 bits
Saved to: /home/kangping/code_copy/SAUCE/models/end2end/naru/origin-forest-16.5MB-model62.533-data19.148-200epochs-seed0.pt
AdaptTask - END

WORKLOAD-FINISHED | Type: DataUpdateWorkload | Progress: 2/3 | Workload-time: 2.309741 | Model-update-time: 4.753972


WORKLOAD-START | Type: QueryWorkload | Progress: 3/3
Going to run: ['python', '/home/kangping/code_copy/SAUCE/Naru/eval_model.py', '--dataset=forest', '--model=naru', '--end2end', '--query_seed=0', '--eval_type=estimate', '--num_workload=3', '--data_update=valueskew', '--model_update=adapt', '--random_seed=42']
Torch device: cuda:1
GET-MODEL-PATH=./models/end2end/naru/origin-forest-16.5MB-model62.533-data19.148-200epochs-seed0.pt
ckpts [PosixPath('/home/kangping/code_copy/SAUCE/models/end2end/naru/origin-forest-16.5MB-model62.533-data19.148-200epochs-seed0.pt')]
Validate Argument: DATASET="forest" is valid.
data size: 681012, total size: 681012, split index: [567510 681012]
Parsing... done, took 0.1s
Loading ckpt: /home/kangping/code_copy/SAUCE/models/end2end/naru/origin-forest-16.5MB-model62.533-data19.148-200epochs-seed0.pt
query_seed:0
origin-forest_43.39 	max: 1222.0000	99th: 10.0000	95th: 3.0000	median: 1.0489	mean: 3.2044
ReportEsts: [1.0, 1.17328727691422, 1.0, 1.7179487179487178, 2.5, 1.0, 1.2842809364548495, 1.0, 1.8423423423423424, 1.0, 1.0405405405405406, 1.1, 1.0, 1.0, 2.126984126984127, 1.2530120481927711, 2.5, 3.0, 1.4883720930232558, 1.1578947368421053, 1.0, 30.0, 1.0, 1.0, 1.0405982905982907, 1.0, 1.1008127762726365, 2.0, 1.0, 2.7857142857142856, 2.3333333333333335, 1.0, 1.0, 1.0, 1.0, 2.0, 1.0, 1.0, 1.0, 1.4, 2.0, 1.0, 1.5263157894736843, 1.0, 2.658536585365854, 1.1328125, 1.0, 3.0, 9.0, 1.0, 4.0, 1.0580892942870859, 1.0, 1.0, 4.75, 1.0637450199203187, 1.1257575757575757, 1.3157894736842106, 1.0, 2.0, 1.157679180887372, 10.0, 1.0, 1.0, 2.0, 1.1140350877192982, 1.064116078625907, 1.0, 2.0, 2.0, 2.0, 1.005390835579515, 1.444491615368287, 2.019230769230769, 1.0, 1.220408163265306, 2.0, 1.0, 1.0, 1.0, 1.0, 1.0, 2.0, 1.0114206724044301, 2.3333333333333335, 1.6153846153846154, 1.0, 1.0, 1.0, 1.0494462735707872, 1.0, 3.0, 1.0, 1.066560440356341, 1.1607142857142858, 1.896551724137931, 1.0, 1.0, 1.0, 7.416666666666667, 1.0, 2.0, 1.0058440314236443, 1.8333333333333333, 2.0, 1.0, 1.0, 1.0, 1.004199364846067, 1.5, 2.0, 1.108433734939759, 1.0, 1.0, 1.0, 1.0, 2.0, 1.0, 1.0, 1.0, 1.0, 1.0434192672998643, 1.0, 1.0, 2.0, 5.0, 1.0, 1.1512868801004394, 1.2857142857142858, 1.0, 1.5714285714285714, 1.0, 1.0, 1.0, 1.385972339825007, 1.0665445786969763, 2.0, 2.625, 1.0, 1.0, 2.0, 1.0488227146814404, 1.1746031746031746, 1.022877262513491, 1.0, 1.0, 2.0, 1.0, 1.1778188913234282, 1.0, 1.121212121212121, 1.5483870967741935, 1.2857142857142858, 1.121212121212121, 1.0, 1.0, 1.0, 2.0, 4.0, 1.0, 1.0, 1.0, 3.6666666666666665, 2.8461538461538463, 2.0, 1.9090909090909092, 4.0, 1.0444332141191106, 2.0, 3.0, 1.5, 1.0223776223776224, 1.0, 2.0, 6.875, 1.0, 1.3417624990638042, 1.1888141295206056, 1.0, 1.023632680621202, 1.0308151093439364, 1.3318653664674427, 1.0, 3.0, 1.0, 1.0, 1.0, 3.0, 1.0, 1.0768042033688765, 1.0, 1.0, 1.3506493506493507, 1.2208792449225907, 1.0, 1.0756302521008403, 1.019299078620756, 2.0, 1.4242424242424243, 1.146341463414634, 1.0391199724991407, 1.0, 1.0, 1.0, 1.0, 3.1666666666666665, 1.0, 1.0, 1.0, 2.0, 1.0833333333333333, 2.6666666666666665, 1.320754716981132, 2.875, 1.0, 1.0, 1.0303030303030303, 1.0, 1.0, 1.0, 1.0, 1.0, 5.0, 1.0, 1.6666666666666667, 2.111111111111111, 1.0, 1.0, 1.129384965831435, 1.0568493150684932, 1.1935483870967742, 1.0, 1.0352298504698856, 1.0, 1.0, 1.0, 1.0, 2.142857142857143, 2.0, 1.2083333333333333, 1.0, 3.0, 2.0, 1.0394482090997095, 1.034593867289852, 1.0, 3.0, 2.0, 1.0, 2.0, 2.0, 1.0, 1.1524064171122994, 5.0, 1.547872340425532, 3.0, 1.6666666666666667, 1.1701030927835052, 1.0, 1.3029411764705883, 1.0537688442211055, 1.3571428571428572, 1.0, 1.0275735294117647, 1.220873786407767, 4.0, 1.0, 1.0031762342939885, 1.0, 2.0, 1.0, 1.8888888888888888, 1.0, 1.0, 1.0, 1.4545454545454546, 1.0, 1.1793721973094171, 1.5909090909090908, 1.0, 1.2107795957651588, 1.0, 1.5757575757575757, 1.036860879904875, 1.0, 1.0, 1.5, 1.0264900662251655, 1.2968036529680365, 1.0162021477810952, 1.5, 2.759259259259259, 1.0, 2.142857142857143, 1.7881597717546363, 1.0, 1.2912621359223302, 2.0, 1.0802469135802468, 1.0, 1.0, 1.9444444444444444, 7.0, 1.0, 1.0, 1.1006711409395973, 1.0, 4.0, 1.0, 1.0, 1.1923076923076923, 1.0, 1.6666666666666667, 1.0, 1.0, 1.0, 2.0, 1.0, 1.25, 1.0, 1.0, 1.0, 1.0, 1.0, 1.0, 1.0476190476190477, 1.0, 1.0, 1.1581366840330984, 2.0, 1.0, 1.0420292931437063, 1.0, 1.0, 1.0, 1.0, 1.5962962962962963, 1.5, 3.0, 1.5, 1.0, 1.3627906976744186, 3.0, 1.0849056603773586, 1.5, 2.0, 1.1150214592274679, 1.1981981981981982, 1.0, 1.0, 1.3333333333333333, 1.7142857142857142, 10.0, 1.2307692307692308, 1.0, 1.0, 1.0, 1.0, 1.0, 1.2477064220183487, 5.5, 1.1975308641975309, 3.0, 1.0, 3.0, 1.7096774193548387, 1.0839580209895052, 1.014971378247468, 6.0, 1.0658152415508273, 1.010204081632653, 1.0579857578840284, 6.704918032786885, 1.4569536423841059, 2.0, 1.8873239436619718, 2.0, 1.1615384615384616, 1.0367480493329977, 1.0, 1.0027686360549548, 1.0948070856588206, 1.0596218020022248, 1.0, 1.25, 1.0, 1.048913043478261, 2.0, 2.0, 14.0, 1.059118236472946, 2.0, 1.0940938042848871, 1.0, 1.0, 1.5324675324675325, 1.125, 1.1666666666666667, 1.0, 1.0, 4.25, 1.0, 1.2033359809372517, 1.0, 2.0, 1.0, 1.0, 1.0035389658769185, 1.0, 1.1176470588235294, 2.609361329833771, 1.0, 1.1428571428571428, 1.0, 1.0, 1.0130309278350516, 4.0, 1.925, 2.0, 2.0, 1.0256044068142405, 1.0641603716499775, 1.0, 3.6666666666666665, 1.1833333333333333, 4.0, 1.0, 2.707317073170732, 1.0280506721820062, 1.0, 1.2194679564691657, 1.263157894736842, 1.0, 1.0, 1.005050505050505, 1.3, 2.0, 2.0, 1.0166765932102442, 1.1464135021097046, 1.4, 1.035110533159948, 1.2173913043478262, 1.0, 1.0, 1.0, 1.2153757479277598, 1.2, 1.0, 1.4394484412470023, 1.0, 1.0, 1.0808080808080809, 1.0, 1.0, 1.0838709677419356, 2.3333333333333335, 1.411764705882353, 1.0831353919239906, 1.1057377049180328, 1.0, 2.0, 2.0, 1.0, 2.0, 1.0192348957573365, 1.0, 1.0, 1.073482428115016, 1.0, 1.0, 1.0, 1.0, 1.0, 1.4695652173913043, 1.0, 1.5289427052569404, 1.0215963811469428, 1.0, 2.0, 1.1633663366336633, 1.0, 1.0, 1.0, 2.5789473684210527, 1.0, 1.0, 1.0, 1.7777777777777777, 1.0357142857142858, 1.12387551665451, 1.0, 1.96, 1.0, 1.0769230769230769, 1.0, 2.0, 2.0, 1.0, 1.0, 1.0881716906946264, 1.0, 2.0, 1.32, 1.0, 3.0, 2.0, 1.3, 1.3333333333333333, 1.3708609271523178, 180.99212598425197, 2.0, 1.0, 1.0, 1.0089399744572158, 3.0, 20.0, 1.0789473684210527, 1.0, 1.0616243738194957, 1.161904761904762, 1.3333333333333333, 1.0, 3.0, 2.0, 1.0, 1.0, 2.0, 1.0348977135980746, 12.636363636363637, 2.0, 2.0, 1.0, 1.0681924334423167, 1.0, 1.0, 5.0, 2.0, 1.0149359886201992, 3.0, 1.0, 1.6853448275862069, 2.0, 1.0323179824754913, 1.0, 2.0, 1.1257043779800606, 2.0, 1.0, 1.0584415584415585, 1.0424242424242425, 2.0, 1.120879120879121, 1.2063380281690141, 2.4, 2.0, 1.5, 1.4, 1.0, 1.8888888888888888, 1.0, 1.1193548387096774, 1.0, 2.6, 1.1554487179487178, 1.2857142857142858, 1.0449756757627502, 1.0987654320987654, 1.0, 1.5, 1.0, 1.0, 1.631578947368421, 1.263157894736842, 1.1042576419213974, 1.0473235065942592, 2.0, 1.0, 2.0, 1.202928870292887, 1.2857142857142858, 1.9716312056737588, 1.230305180979418, 1.0, 3.0, 2.0, 1.0, 1.0, 1.0, 1.0, 1.0, 1.0, 1.0, 1.0, 1.0, 1.95906432748538, 1.0703204552261156, 1.2, 1.0, 1.0, 1.1764705882352942, 2.0, 2.0, 2.0, 1.0, 1.0, 1.0, 1.0, 1.0155185850303257, 1.0, 2.0, 1.0345710627400768, 1.0, 1.0, 1.0, 5.5, 2.0, 1.0, 1.0, 1.0, 1.0, 1.375, 246.0, 1.0461489497135583, 1.0, 1.0, 1.0, 1.0246597029822238, 1.0, 1.0, 1.0, 2.0, 1.1538329957236102, 1.0, 1.0, 1.3, 1.0086805555555556, 1.0, 1.0, 1.0, 2.0, 1.0, 1.0908342254797003, 2.0, 3.0, 1.0231884057971015, 1.0, 1.0, 1.0044399596367306, 2.0, 1.0086290583540072, 1.0, 3.0, 1.0, 1.3304794520547945, 1.0, 1.0, 1.0, 1.1428571428571428, 1.0, 1.0104903979019204, 1.146482345689883, 1.0, 2.0, 2.75, 1.0, 1.1666666666666667, 1.4444444444444444, 1.0, 1.0, 1.0376369538752874, 1.0, 1.0, 1.0, 1.2976190476190477, 1.5520833333333333, 1.1415094339622642, 1.2687813021702838, 1.0, 1.7972350230414746, 1.3, 3.25, 1.0, 3.0, 1.0, 1.0, 1.0, 1.092783505154639, 1.0, 1.1705521472392637, 1.0, 2.0, 2.25, 2.0, 4.0, 1.0, 1.0, 1.0, 1.0, 1.2238805970149254, 1.0, 1.0, 2.0, 1.1916700363930448, 1.0347826086956522, 2.0, 6.6, 1.0222222222222221, 1.0, 1.103448275862069, 1.0, 1.2, 2.0, 1.0, 2.0, 1.1033413709955218, 1.5514018691588785, 1.0, 2.0, 1.0392156862745099, 1.0022281217407794, 1.0, 1.0, 1.0760531523890302, 1.0102577590741715, 1.186335403726708, 2.5, 2.0, 1.0, 1.2280524722502524, 2.0, 1222.0, 1.0, 1.0, 4.0, 1.0895221869433904, 1.0, 2.1785714285714284, 2.0, 1.0, 1.1515151515151516, 1.0, 3.0, 3.0, 1.0, 1.036537779354381, 2.7758620689655173, 1.280856053943125, 1.0, 1.0, 3.0, 1.0, 1.0, 1.0, 1.0, 1.0, 3.0, 1.0, 2.0, 2.0, 1.2209302325581395, 1.5, 1.0122421800300505, 1.0, 1.0, 1.1111111111111112, 1.0296610169491525, 3.0, 1.5, 1.0, 1.0, 1.0, 1.4242424242424243, 1.3294209702660407, 3.0, 1.0, 1.0, 1.0, 2.0, 1.0, 1.019830028328612, 1.0, 1.0, 1.0, 1.0, 1.410693970420933, 1.098804500703235, 1.0, 1.0, 1.0203045685279188, 1.4666666666666666, 2.0, 1.4764397905759161, 1.0, 2.0, 1.0, 1.0, 2.0, 1.0666666666666667, 2.0, 1.0, 1.3657894736842104, 1.0963482010510712, 1.0833333333333333, 1.0, 1.0067567567567568, 1.0, 1.1666666666666667, 1.0, 1.5, 1.0, 1.0701823062297282, 1.2777777777777777, 1.0, 1.0, 1.1722095671981776, 1.0411816708413142, 2.0, 2.0, 2.0, 1.0175879396984924, 1.0, 1.0669365721997301, 3.340909090909091, 1.1626984126984128, 1.2012987012987013, 1.682984603237268, 1.0, 1.1119515885022693, 1.6666666666666667, 2.0, 1.0, 1.0, 2.0, 1.1666666666666667, 2.0, 3.0, 1.5, 2.0, 1.0, 1.0, 1.0, 1.1347517730496455, 3.0, 1.0, 2.0, 1.321705426356589, 1.8518518518518519, 1.0, 1.0, 1.218378936499742, 1.119047619047619, 1.0, 1.3333333333333333, 1.0, 1.0, 1.0, 1.0, 1.6666666666666667, 1.0, 1.5, 1.0344086021505376, 2.0, 1.0, 1.1, 1.589090909090909, 1.0, 1.1067860833620393, 2.0, 1.0, 1.0, 1.0, 1.1898496240601504, 1.0, 1.0, 1.0, 1.0, 1.0, 2.0, 1.0, 1.0, 1.0, 1.0, 1.0, 2.0, 1.078559804719284, 1.0, 1.0, 1.0, 1.0, 1.0, 1.147887323943662, 2.0, 1.0, 3.0, 2.0, 1.0, 1.0, 2.0, 2.0, 1.0032154340836013, 1.0363452741638448, 2.0, 1.0167014613778707, 1.5, 1.646341463414634, 1.0, 1.279360465116279, 1.0, 3.0, 1.3196649029982364, 1.0, 1.0, 2.0, 22.0, 3.0, 1.0, 1.0422075012991978, 1.236641411004844, 1.0056818181818181, 1.0, 1.0, 1.2142857142857142, 1.0, 1.0, 1.0, 1.0, 2.0, 1.5, 3.0, 2.0, 1.0, 1.0, 1.0738391574916228, 1.0402116402116401, 1.0, 1.0, 1.0666666666666667, 1.062645011600928, 1.0, 2.0, 1.1258363746958637, 1.1176470588235294, 1.7789855072463767, 1.0, 1.0, 1.0, 1.2, 1.7307692307692308, 2.0, 1.2469531525184925, 1.0, 2.0, 1.49892530897367, 4.0, 1.1646341463414633, 2.0, 1.5, 2.0, 1.2347826086956522, 1.0, 1.5, 1.075, 1.0, 1.0, 1.009709522606719, 1.0, 3.0, 1.0520169851380043, 3.0, 1.0, 1.0, 1.2857142857142858, 1.7045454545454546, 2.0, 1.074141996332198, 2.0, 1.0, 1.0, 1.0, 1.0, 1.0, 1.0, 2.0, 2.0689655172413794, 1.0, 1.0410821643286574, 1.3333333333333333, 1.0239013177776353, 1.0, 1.0, 1.0, 1.0, 1.0, 13.136363636363637, 1.3333333333333333, 1.0, 1.0, 2.0, 1.4854771784232366]
origin-forest_43.39 	max: 1222.0000	99th: 10.0000	95th: 3.0000	median: 1.0489	mean: 3.2044

...Done, result: results.csv

WORKLOAD-FINISHED | Type: QueryWorkload | Progress: 3/3 | Workload-time: 59.809123 | Model-update-time: 0.000000


Experiment Summary: #data-update-times=1, #drift=1 | total-time=127.346580