Input arguments = Namespace(data_update='sample', update_size=8000, dataset='census', debug=False, drift_test='js', model_update='adapt', model='naru', end2end=False, query_seed=0, random_seed=42, num_workload=3)
JSON-passed parameters = {'data_updater': {'skew_ratio': '1e-3'}, 'random_seed': 0, 'naru': {'epochs': 0}}
MODEL-PATH=/home/kangping/code_copy/SAUCE/models/end2end/naru/origin-census-22.5MB-model27.255-data14.989-300epochs-seed0.pt
DATASET-PATH=/home/kangping/code_copy/SAUCE/data/census/end2end/census_int.npy
Workloads: ['QueryWorkload', 'DataUpdateWorkload', 'QueryWorkload']

WORKLOAD-START | Type: QueryWorkload | Progress: 1/3
Going to run: ['python', '/home/kangping/code_copy/SAUCE/Naru/eval_model.py', '--dataset=census', '--model=naru', '--query_seed=0', '--end2end', '--eval_type=first_estimate', '--num_workload=3', '--data_update=sample', '--model_update=adapt', '--random_seed=42']
Torch device: cuda:1
GET-MODEL-PATH=./models/end2end/naru/origin-census-22.5MB-model27.255-data14.989-300epochs-seed0.pt
ckpts [PosixPath('/home/kangping/code_copy/SAUCE/models/end2end/naru/origin-census-22.5MB-model27.255-data14.989-300epochs-seed0.pt')]
Validate Argument: DATASET="census" is valid.
load_csv_dataset - census (32561, 13)
Parsing... done, took 0.0s
Loading ckpt: /home/kangping/code_copy/SAUCE/models/end2end/naru/origin-census-22.5MB-model27.255-data14.989-300epochs-seed0.pt
query_seed:0
origin-census_12.27 	max: 7.0000	99th: 3.0000	95th: 2.0000	median: 1.0493	mean: 1.2187
ReportEsts: [1.0, 1.1515368120085776, 1.0704225352112675, 2.0, 1.0307692307692307, 1.0858369098712446, 1.1666666666666667, 1.1428571428571428, 1.0, 1.0, 1.0, 1.2312925170068028, 2.142857142857143, 1.1369863013698631, 1.267515923566879, 1.0, 1.0738916256157636, 1.0, 1.0, 1.0, 1.3333333333333333, 2.0, 1.2138728323699421, 2.5, 1.06, 1.4, 1.0, 1.002245028864657, 1.0, 1.0519633200094052, 1.010977522216414, 1.3783783783783783, 1.0338983050847457, 1.1111111111111112, 1.0, 1.2589285714285714, 1.0, 1.0040983606557377, 1.0, 1.022270505160239, 1.0, 1.0, 1.0, 1.0, 1.04, 1.108695652173913, 1.0, 1.0081694402420576, 1.0, 4.0, 1.0, 1.2727272727272727, 1.0, 1.2, 1.0825688073394495, 1.0, 1.0925925925925926, 1.75, 1.0067567567567568, 1.0063694267515924, 1.125, 1.0909090909090908, 1.1730769230769231, 1.1923076923076923, 1.0, 1.0, 1.0, 1.004885993485342, 1.0, 1.1666666666666667, 1.4516129032258065, 1.2941176470588236, 1.6666666666666667, 1.0, 1.0238240684178375, 1.0, 1.0, 1.411764705882353, 2.0, 1.0, 1.0, 1.0, 1.0, 1.3333333333333333, 1.3240740740740742, 1.1538461538461537, 1.0, 1.0952380952380953, 1.0278899082568806, 1.0, 1.054054054054054, 1.0, 1.0, 2.0, 1.0849673202614378, 1.5, 1.0682326621923937, 2.25, 1.6, 1.5, 1.0, 1.0, 1.0, 1.0, 1.0, 1.044776119402985, 1.002803738317757, 1.2592592592592593, 1.2030303030303031, 1.0666666666666667, 1.3768115942028984, 1.0, 1.3478260869565217, 1.3333333333333333, 1.5454545454545454, 1.0, 3.0, 1.103448275862069, 3.0, 1.0211591536338547, 2.0, 1.1176, 1.0518292682926829, 1.25, 1.0159066808059385, 1.0666666666666667, 1.012856949519556, 1.004299226139295, 1.3146067415730338, 1.093681917211329, 1.0, 1.0017809439002672, 1.0, 1.0, 2.0, 1.0, 1.110730593607306, 1.0, 1.0, 1.5555555555555556, 1.0, 2.0588235294117645, 1.0, 1.0, 2.0, 1.0, 1.0, 1.1363636363636365, 1.0323974082073435, 1.2448979591836735, 1.0526315789473684, 1.2, 2.0, 1.0, 1.0, 1.5, 3.0, 1.0, 1.5, 1.3333333333333333, 1.06, 1.5, 1.4444444444444444, 1.0769230769230769, 1.2021466905187836, 1.0808678500986193, 1.0058823529411764, 1.0205168895941963, 1.0260821309655939, 1.2043010752688172, 1.0782959124928038, 1.2, 1.0, 1.0, 1.588235294117647, 1.423529411764706, 1.5, 1.03791030975497, 1.0792015453960078, 1.096774193548387, 1.0, 1.248, 1.065217391304348, 1.1132075471698113, 1.263157894736842, 1.0144458281444584, 1.5, 1.0, 1.1403508771929824, 1.0289389067524115, 2.1, 1.0909090909090908, 1.0409169336948485, 1.0, 1.0666666666666667, 1.1111111111111112, 1.023455684870188, 1.0, 1.0172413793103448, 1.0115606936416186, 1.0, 1.0851063829787233, 1.3495145631067962, 1.0666666666666667, 2.0, 1.4, 1.0, 1.0079639889196677, 4.0, 1.0, 1.1055408970976253, 1.2159090909090908, 1.1538461538461537, 2.0, 1.0, 1.1857142857142857, 1.0576923076923077, 1.0899664531869473, 1.0578034682080926, 1.2191780821917808, 1.0, 1.2857142857142858, 1.0047923322683705, 1.3, 2.0, 1.2008733624454149, 1.0, 1.0, 1.0, 1.0, 1.0, 1.4444444444444444, 1.2, 1.1225490196078431, 1.0, 1.0, 1.0, 1.4, 1.0590969455511288, 1.0, 1.0, 1.0595238095238095, 2.0, 1.0, 1.0, 1.25, 1.5263157894736843, 1.0, 1.0, 1.0638297872340425, 1.0, 1.0, 1.3076923076923077, 1.2, 1.0, 1.0714285714285714, 2.5, 1.0434782608695652, 1.8571428571428572, 1.0054755043227666, 1.0, 1.0, 1.5555555555555556, 1.0285714285714285, 1.3333333333333333, 1.0, 1.3333333333333333, 1.0151515151515151, 2.0, 1.2142857142857142, 1.1764705882352942, 1.0, 1.0, 2.0, 1.0029282576866765, 1.0316205533596838, 1.0, 1.0169491525423728, 1.0, 1.0, 2.1818181818181817, 1.3170731707317074, 1.0114942528735633, 1.5, 1.0089285714285714, 1.0, 1.0782122905027933, 1.5, 1.0619469026548674, 1.0, 1.1538461538461537, 1.0198427555222762, 1.5, 1.0033185840707965, 1.1293103448275863, 1.0, 1.0, 1.0384615384615385, 1.004215456674473, 1.06, 1.2222222222222223, 2.0, 1.0, 1.125, 1.0211267605633803, 1.0550314465408805, 2.0, 1.0936454849498327, 1.4, 1.0, 1.0, 1.0, 1.0, 1.086734693877551, 1.0, 1.0, 1.0, 1.0837378640776698, 1.0, 1.0172884440400365, 1.0, 1.0027149321266968, 1.1578947368421053, 1.0, 1.10479375696767, 1.2727272727272727, 1.0, 1.0584534731323723, 1.0, 1.098380690498014, 1.0, 1.2255083179297597, 1.0, 1.0007119126720456, 1.0, 1.0, 2.0, 2.0, 3.0, 1.1327433628318584, 1.105263157894737, 1.0659898477157361, 1.0, 1.1111111111111112, 1.0196078431372548, 3.0, 1.0119047619047619, 1.0, 1.5, 1.0, 1.0, 1.6666666666666667, 1.1538461538461537, 1.0, 1.0, 1.0091854419410746, 1.1428571428571428, 1.2, 1.0, 1.0, 1.0345323741007195, 1.3333333333333333, 1.0, 1.1224489795918366, 1.0, 1.1578947368421053, 1.0, 1.0704022988505748, 1.1531531531531531, 1.0, 1.151702786377709, 1.2083333333333333, 1.0, 1.0, 3.0, 1.0, 1.0, 1.0909090909090908, 1.0416666666666667, 1.0975609756097562, 1.25, 1.0, 1.2346938775510203, 1.1428571428571428, 1.0, 1.0235294117647058, 1.0, 1.0, 1.0, 2.0, 2.0, 1.4481792717086834, 1.0, 1.0, 1.625, 1.5384615384615385, 1.0625, 1.5348837209302326, 1.0, 1.0, 1.1764705882352942, 1.078125, 1.0, 1.0208333333333333, 1.1746031746031746, 1.0, 1.0145152928978745, 1.0849056603773586, 1.0384615384615385, 1.0714285714285714, 1.4, 1.0, 1.0, 1.125, 1.25, 1.3804347826086956, 1.2608695652173914, 4.5, 1.2608695652173914, 1.0512820512820513, 1.15, 1.0, 1.0180352217271378, 1.0, 1.1818181818181819, 1.0707666385846673, 1.1013513513513513, 1.2222222222222223, 1.434782608695652, 1.0963855421686748, 1.0, 1.0, 1.031409168081494, 1.2, 1.015625, 1.0, 1.0646651270207852, 1.0, 1.028169014084507, 1.0, 3.0, 1.0833333333333333, 1.0, 1.0, 2.0, 1.25, 1.0, 1.0, 1.243076923076923, 1.1226415094339623, 1.0316358024691359, 1.1904761904761905, 1.2173913043478262, 1.0, 1.125, 1.4259259259259258, 1.0, 1.0140881147540983, 1.021371769383698, 1.0, 1.0076813655761023, 1.0909090909090908, 1.0, 1.105263157894737, 2.0, 1.1333333333333333, 1.0, 1.0, 1.0013900769888793, 1.0472854640980735, 1.0265486725663717, 1.0, 1.0, 1.5, 1.076086956521739, 1.065217391304348, 1.048951048951049, 1.0075187969924813, 1.0, 2.0, 1.0, 1.0, 1.3673469387755102, 1.0, 1.0, 1.0, 1.0, 1.033112582781457, 1.0, 1.0, 1.0, 1.0, 1.880952380952381, 1.0, 1.0769230769230769, 1.0, 2.090909090909091, 1.20844327176781, 1.0022140221402214, 1.5416666666666667, 1.0, 2.0, 1.0434782608695652, 1.2857142857142858, 1.0, 1.0776419841840403, 1.2151029748283753, 1.2857142857142858, 1.0, 1.0789946140035906, 1.1428571428571428, 1.0, 1.034347947500698, 1.0385232744783306, 1.1142857142857143, 1.0546875, 1.0670103092783505, 1.5714285714285714, 2.0, 1.0, 1.0107758620689655, 1.035016835016835, 1.0, 1.240506329113924, 1.2264150943396226, 1.1774193548387097, 1.3714285714285714, 3.0, 1.187360594795539, 1.0392976588628762, 1.0, 1.2363636363636363, 5.0, 1.0612244897959184, 1.8333333333333333, 1.0140833048822124, 1.1016949152542372, 1.0, 3.0, 1.0, 1.2580645161290323, 1.0, 1.0520231213872833, 1.1689989235737352, 1.022408963585434, 1.0090225563909774, 1.0855018587360594, 1.0, 1.1053122087604845, 2.0, 1.0740740740740742, 1.0, 1.2913907284768211, 1.0, 1.0, 2.0, 2.0, 4.0, 1.0, 2.0, 1.077922077922078, 1.0, 1.1818181818181819, 1.0445726271630833, 1.0220231429637925, 1.0492610837438423, 1.07, 1.0198019801980198, 1.0, 1.0, 1.0, 1.0, 1.024546424759872, 1.1666666666666667, 1.0483243843732641, 1.3333333333333333, 2.0, 1.2702702702702702, 1.0153846153846153, 1.1417624521072798, 1.0, 1.1430219146482121, 1.0, 1.3636363636363635, 1.263157894736842, 1.2, 1.5, 1.0416666666666667, 3.0, 1.0, 1.0, 2.0, 1.0, 1.0423523515161641, 1.029544316474712, 1.0, 1.25, 1.0909090909090908, 1.0833333333333333, 1.0363815142576205, 1.0, 1.1993006993006994, 1.8, 1.0520231213872833, 2.0, 1.0, 1.0818897637795275, 1.0, 1.0, 1.0, 1.006468797564688, 1.5309734513274336, 1.2391304347826086, 1.018181818181818, 1.0023668639053254, 2.0, 1.6666666666666667, 1.0, 1.1818181818181819, 2.0, 1.0206540447504302, 1.0, 1.1090909090909091, 1.065217391304348, 1.5384615384615385, 1.0, 1.144578313253012, 1.0, 1.0, 1.025323275862069, 1.0, 1.0526315789473684, 1.25, 1.2, 1.0002194185408666, 1.0, 1.3333333333333333, 1.146341463414634, 1.018987341772152, 1.056409080486127, 1.0, 1.0706066945606694, 1.25, 1.0420979986197378, 1.0, 1.0, 1.52, 1.125, 1.077961019490255, 1.1258278145695364, 1.0573637103336047, 1.064676616915423, 1.2162162162162162, 1.0919540229885059, 1.5, 1.0, 1.0754716981132075, 1.0418848167539267, 1.0666666666666667, 1.0, 1.3666666666666667, 1.1566666666666667, 1.0, 1.0, 1.4285714285714286, 1.0, 1.0476190476190477, 1.0494186046511629, 1.0, 1.1355932203389831, 1.5, 1.0, 1.0, 1.0, 1.346938775510204, 1.0369565217391303, 1.1904761904761905, 1.7407407407407407, 1.0, 1.0, 1.0565217391304347, 1.0390488656195462, 1.0, 1.0, 1.0, 1.0087719298245614, 1.1428571428571428, 1.0, 3.0, 1.0071826443858105, 1.263157894736842, 1.0, 1.0, 1.146341463414634, 1.25, 1.4, 1.121212121212121, 1.75, 1.3508771929824561, 3.0, 1.0, 1.0, 1.6491228070175439, 1.0, 1.0409473534027678, 1.1868131868131868, 1.034965034965035, 1.0, 1.011823436678928, 1.003047453199826, 1.2666666666666666, 1.0466321243523315, 1.0, 1.0, 1.0097981866042702, 2.0, 1.0813953488372092, 1.6666666666666667, 1.2282608695652173, 1.0, 1.3333333333333333, 1.0112570356472796, 2.0, 1.0, 1.3333333333333333, 1.6666666666666667, 1.0074183976261128, 1.449612403100775, 1.2, 1.1007936507936509, 1.0476190476190477, 1.6666666666666667, 1.15, 1.0454545454545454, 1.0, 1.0, 1.0, 1.0277777777777777, 1.037392138063279, 1.0, 1.5, 2.0, 1.0, 1.0, 1.0, 1.128099173553719, 1.0231749710312863, 1.0115384615384615, 1.0, 1.1302211302211302, 1.043258168430741, 3.0, 1.2142857142857142, 1.0036101083032491, 1.0, 1.6470588235294117, 1.0, 1.2763157894736843, 1.1134751773049645, 1.1422764227642277, 1.0063220528077352, 1.0687022900763359, 1.1529051987767585, 1.0, 1.1241299303944317, 1.0206896551724138, 1.5833333333333333, 1.0141509433962264, 1.016184971098266, 1.0, 1.0, 1.0, 1.0261532873229204, 1.0146341463414634, 1.0166666666666666, 1.1785714285714286, 1.2833333333333334, 2.0, 1.1485148514851484, 1.4285714285714286, 1.0, 1.0416666666666667, 1.0, 1.0625, 1.0, 1.3636363636363635, 1.016630270451873, 1.0043478260869565, 1.0120481927710843, 1.0, 1.0021779462773253, 1.0, 1.0588235294117647, 1.0, 1.0360655737704918, 1.0, 1.0, 1.0, 1.0, 1.0975232198142415, 1.0, 1.0, 1.0, 1.1271186440677967, 1.0095211425371045, 1.4, 1.0344827586206897, 1.7647058823529411, 1.0333583208395802, 1.0379151981202606, 1.0, 1.3106060606060606, 1.0, 1.3428571428571427, 1.0605095541401275, 1.5, 1.0, 1.1111111111111112, 1.09375, 1.2172131147540983, 1.0, 1.0, 1.0, 1.6666666666666667, 1.2535211267605635, 1.0909090909090908, 1.0869565217391304, 1.0327868852459017, 1.0188679245283019, 1.1904761904761905, 1.0684039087947883, 1.012565445026178, 1.0034317089910776, 1.2380952380952381, 1.0, 1.7692307692307692, 1.3823529411764706, 1.0952380952380953, 1.0220264317180616, 1.0, 1.2727272727272727, 1.0218124132460837, 1.3297872340425532, 1.0356927710843373, 1.0, 2.0, 1.0261089987325729, 1.0, 1.0, 1.0, 1.0, 1.6666666666666667, 1.0, 1.146341463414634, 1.0454545454545454, 1.0, 1.0, 1.0229591836734695, 1.1843560705820384, 1.0012531328320802, 1.0, 1.15, 1.0283687943262412, 1.034848484848485, 1.0869565217391304, 1.1965923984272608, 1.0, 1.0718367346938775, 1.015923566878981, 1.0833333333333333, 1.0696945967110416, 1.0819277108433736, 3.0, 1.2432432432432432, 1.2592592592592593, 2.0, 2.142857142857143, 1.0, 1.2666666666666666, 1.0636363636363637, 1.0, 7.0, 3.0, 2.0, 3.0, 1.01484375, 1.3725490196078431, 1.75, 1.1454545454545455, 1.1666666666666667, 1.0, 1.1984732824427482, 1.0029806259314455, 1.0638520586182834, 1.0012062726176116, 1.6666666666666667, 1.6, 3.0, 1.0, 1.0, 1.1702127659574468, 1.0154083204930662, 1.0, 1.3101952277657267, 1.0, 1.275, 1.1136363636363635, 1.0, 1.309278350515464, 1.1597337770382696, 1.105263157894737, 1.1685393258426966, 1.2857142857142858, 1.2431506849315068, 1.0178571428571428, 1.5, 1.0, 1.011703511053316, 1.5, 1.0, 1.0, 1.0, 1.1157575757575757, 1.0227032734952481, 1.0, 1.069450186027284, 1.3333333333333333, 1.1794871794871795, 1.1020408163265305, 1.0, 2.0, 1.0030165912518854, 1.2027972027972027, 1.0306616460462614, 1.0682011935208866, 1.1476510067114094, 1.0, 1.0, 1.0374064837905237, 1.0, 1.05, 1.0466595970307528, 1.2610294117647058, 1.0, 1.0, 1.0878048780487806, 1.6666666666666667, 1.0, 1.0, 1.0282667739664018, 1.0, 1.1363636363636365, 2.0, 1.0, 1.0, 1.0833333333333333, 1.0909090909090908, 1.3214285714285714, 1.03768115942029, 1.5, 1.2, 1.0, 1.0, 1.0, 1.0221007063112326, 1.1606425702811245, 1.0982986767485823, 1.3333333333333333, 1.0, 1.1664315937940761, 2.0, 1.0416666666666667, 1.4940239043824701, 1.5833333333333333, 1.0186335403726707, 1.0190174326465926, 1.375, 1.0, 1.5, 1.0, 1.2456140350877194, 1.0, 1.0376560612162706, 1.1804358844399392, 1.2, 1.0, 1.4151785714285714, 1.0, 1.3333333333333333, 1.0, 1.3333333333333333, 1.2444444444444445, 1.0, 2.5, 1.0102156640181612, 1.0, 1.0, 1.0, 1.2, 1.0386100386100385]
origin-census_12.27 	max: 7.0000	99th: 3.0000	95th: 2.0000	median: 1.0493	mean: 1.2187

...Done, result: results.csv

WORKLOAD-FINISHED | Type: QueryWorkload | Progress: 1/3 | Workload-time: 85.822397 | Model-update-time: 0.000000


WORKLOAD-START | Type: DataUpdateWorkload | Progress: 2/3
Going to run: ['python', '/home/kangping/code_copy/SAUCE/Naru/eval_model.py', '--model=naru', '--data_update=sample', '--dataset=census', '--drift_test=js', '--end2end', '--update_size=8000', '--query_seed=0', '--eval_type=drift']
Torch device: cuda:1
GET-MODEL-PATH=./models/end2end/naru/origin-census-22.5MB-model27.255-data14.989-300epochs-seed0.pt
GET-DATASET-PATH=./data/census/end2end/census_int.npy
Sample - START
Sample - END
load_npy_dataset_from_path - df.shape = (39073, 13)
Parsing... done, took 0.0s
Data updated!
Previous data size: (32561, 13), new data size: (6512, 13)
[2.1755695e-05 3.9339066e-06 1.2278557e-05 1.7881393e-07 5.3048134e-06
 9.2983246e-06 5.6624413e-06 9.9539757e-06 3.6954880e-06 2.6822090e-06
 1.0728836e-06 1.3113022e-06 1.7881393e-07]
Distance score: 5.9467097344168e-06
SAUCE Drift detection: False
Detection latency: 0.0037s

WORKLOAD-FINISHED | Type: DataUpdateWorkload | Progress: 2/3 | Workload-time: 1.982702 | Model-update-time: 0.000000


WORKLOAD-START | Type: QueryWorkload | Progress: 3/3
Going to run: ['python', '/home/kangping/code_copy/SAUCE/Naru/eval_model.py', '--dataset=census', '--model=naru', '--end2end', '--query_seed=0', '--eval_type=estimate', '--num_workload=3', '--data_update=sample', '--model_update=adapt', '--random_seed=42']
Torch device: cuda:1
GET-MODEL-PATH=./models/end2end/naru/origin-census-22.5MB-model27.255-data14.989-300epochs-seed0.pt
ckpts [PosixPath('/home/kangping/code_copy/SAUCE/models/end2end/naru/origin-census-22.5MB-model27.255-data14.989-300epochs-seed0.pt')]
Validate Argument: DATASET="census" is valid.
data size: 39073, total size: 39073, split index: [32560 39073]
Parsing... done, took 0.0s
Loading ckpt: /home/kangping/code_copy/SAUCE/models/end2end/naru/origin-census-22.5MB-model27.255-data14.989-300epochs-seed0.pt
query_seed:0
origin-census_12.27 	max: 4.5000	99th: 3.5000	95th: 2.3017	median: 1.1162	mean: 1.3677
ReportEsts: [1.3296703296703296, 2.0, 1.5, 2.0, 1.0, 1.127388535031847, 1.0123893805309734, 1.4655172413793103, 2.0, 2.0, 1.035633484162896, 1.2366863905325445, 1.2307692307692308, 1.1056511056511056, 1.0757575757575757, 1.0544871794871795, 1.0072522159548751, 1.0344827586206897, 3.0, 2.0, 1.6764705882352942, 1.0769230769230769, 3.0, 1.4444444444444444, 3.0, 1.6666666666666667, 1.2903225806451613, 1.3319838056680162, 1.1111111111111112, 1.034046692607004, 1.0220397579948142, 1.3555555555555556, 1.0494084899095337, 1.0976744186046512, 1.2, 1.1428571428571428, 2.0, 1.6666666666666667, 1.2, 1.2, 1.205128205128205, 3.0, 2.0, 1.1053069719042663, 1.5, 1.6666666666666667, 2.0, 1.2307692307692308, 2.0, 2.0, 1.0001861504095308, 1.125, 1.5, 1.736842105263158, 1.0254110612855007, 3.5, 1.0, 1.0471774193548387, 1.1388888888888888, 2.3333333333333335, 1.1377551020408163, 1.0363636363636364, 2.0, 1.0, 1.1311475409836065, 1.0348216793035665, 1.058085808580858, 1.0546755237608585, 1.0144404332129964, 1.1538461538461537, 1.025785656728445, 1.3220338983050848, 2.5, 1.0176440062272962, 1.008971612212105, 1.3333333333333333, 1.0, 3.0, 1.0145852324521423, 1.4, 1.1176470588235294, 3.0, 2.0, 3.0, 1.1330532212885154, 1.0, 1.0208333333333333, 3.0, 1.0606060606060606, 1.0, 3.0, 1.0, 1.0097087378640777, 2.0, 1.0175438596491229, 1.05, 1.1071428571428572, 2.0, 1.0266666666666666, 2.2, 1.175, 1.1349206349206349, 1.4, 1.0714285714285714, 1.4385964912280702, 1.151685393258427, 1.0545454545454545, 1.6, 1.0405709992486851, 1.5, 2.0, 1.3, 3.1, 1.1520361990950225, 4.0, 2.0, 1.1907894736842106, 2.0, 2.0, 3.0, 2.0, 2.0, 1.5, 1.0, 1.2173913043478262, 1.5, 1.3927392739273927, 1.162303664921466, 1.0642201834862386, 2.0, 1.1875, 1.041386723998925, 1.013903743315508, 1.5, 1.0, 1.1963636363636363, 2.0, 1.0012515644555695, 3.0, 2.0, 2.0, 4.0, 2.0, 1.7391304347826086, 2.0, 2.0, 1.0312920592193808, 1.0913635101360732, 2.0, 1.0226013162452372, 1.0817455439459127, 2.0, 1.0284827975183306, 4.0, 2.0, 1.194736842105263, 1.014354066985646, 1.1904761904761905, 1.25, 1.0133773740710157, 2.2, 1.1099476439790577, 1.1923076923076923, 1.0212418300653594, 1.0909090909090908, 1.0217391304347827, 1.066427289048474, 2.0, 1.1333333333333333, 1.4, 1.0027988146196904, 1.2133333333333334, 1.0002558199027884, 1.0506706408345752, 1.274, 1.2062193126022913, 3.0, 1.2, 2.0, 2.0, 2.2, 2.0, 1.0206896551724138, 1.2240802675585285, 2.0, 1.0240963855421688, 1.8888888888888888, 2.0, 2.0, 2.0, 2.0, 1.0526315789473684, 3.0, 1.6666666666666667, 2.0, 1.0305329719963867, 1.0282392026578073, 1.0344827586206897, 2.0, 1.0, 1.1944444444444444, 2.0, 1.0904392764857882, 1.0156803237228123, 1.1568627450980393, 1.3513513513513513, 2.0, 1.4, 3.0, 3.0, 3.0, 1.4166666666666667, 1.0020524155352069, 2.0, 2.0, 1.0505050505050506, 1.2328042328042328, 2.0, 1.0173113913229324, 1.375, 1.0884955752212389, 1.0128428384849804, 2.0, 2.0, 1.507936507936508, 1.0204081632653061, 1.0416666666666667, 1.1153846153846154, 1.2072072072072073, 1.0317460317460319, 2.25, 1.0163090128755365, 1.0, 1.030234002899151, 2.0, 2.0, 1.17, 2.0, 1.2745098039215685, 1.0339248434237995, 1.0545454545454545, 1.0, 1.093167701863354, 2.0, 1.2935153583617747, 1.0266666666666666, 2.0, 1.0, 1.0052476221712037, 1.0230240549828178, 1.0354609929078014, 2.1666666666666665, 1.1875, 1.2962962962962963, 1.0, 1.1764705882352942, 1.0054112554112553, 1.1916666666666667, 1.6341463414634145, 1.053817271589487, 1.021376971841368, 2.0, 2.0, 1.4285714285714286, 1.033195020746888, 2.0, 1.0159574468085106, 2.0, 1.0251925545571245, 2.0, 1.0315151515151515, 1.0, 1.0, 1.0, 1.0406470344255496, 2.0, 1.2666666666666666, 1.1454545454545455, 1.0032051282051282, 1.5, 1.083720930232558, 1.0, 1.6666666666666667, 1.2608695652173914, 1.0606060606060606, 1.275, 1.0, 2.0, 1.083916083916084, 1.0, 2.0, 1.0, 1.0, 1.118353344768439, 1.25, 1.1666666666666667, 1.0793650793650793, 1.0, 1.0588235294117647, 1.0607168983174835, 1.0888888888888888, 1.0, 1.0, 1.0013003901170352, 2.0, 1.0, 1.3541666666666667, 1.0, 1.0, 1.0, 1.0523114355231145, 1.1657000828500415, 1.1818181818181819, 1.0322455322455322, 1.1695568400770713, 1.84, 2.0, 1.3333333333333333, 1.0, 1.0, 1.0, 1.0324464633354964, 1.0, 1.0910015251652263, 1.6, 1.0, 1.1130538922155688, 1.0833333333333333, 1.0, 1.0, 2.0, 1.3333333333333333, 4.0, 1.1363040629095675, 1.0, 1.0949074074074074, 2.0, 1.25, 1.0, 1.047945205479452, 1.0, 1.6, 1.0, 1.0, 1.0, 1.4675324675324675, 1.0893617021276596, 1.1666666666666667, 1.1327586206896552, 2.0, 1.0, 2.3333333333333335, 1.25, 1.0, 1.6666666666666667, 1.1153846153846154, 1.0, 1.2083333333333333, 1.5, 1.3, 1.5, 1.1309243257397223, 1.081537565521258, 1.1923076923076923, 1.0153121319199059, 1.0, 2.0, 1.0, 1.0, 1.2173913043478262, 1.0555555555555556, 1.297872340425532, 1.1430711610486892, 1.0, 1.3076923076923077, 1.1486486486486487, 1.0, 1.0980392156862746, 1.0, 1.0, 1.0, 1.04, 3.0, 1.4597156398104265, 1.0, 3.0, 1.6, 1.2307692307692308, 1.008695652173913, 1.2692307692307692, 1.0, 1.0, 1.2629107981220657, 2.0, 2.0, 1.0217944061024338, 1.3333333333333333, 1.0427350427350428, 1.1538461538461537, 1.6666666666666667, 1.105263157894737, 1.4313725490196079, 1.0629173989455185, 3.0, 1.0434782608695652, 1.0, 1.06025824964132, 1.236842105263158, 1.4871794871794872, 1.016304347826087, 1.5454545454545454, 1.3333333333333333, 1.0, 2.0, 3.0, 1.5454545454545454, 1.0789473684210527, 1.046376811594203, 1.0355450236966826, 1.153061224489796, 1.0, 2.0, 1.0, 1.2447552447552448, 1.9047619047619047, 1.1176470588235294, 1.0, 1.0341320072332731, 2.0, 1.0227272727272727, 2.0, 2.0, 1.1923076923076923, 1.0, 1.0, 1.0, 1.0716934487021013, 2.0, 1.0033816425120774, 1.0, 2.0, 2.0, 1.7272727272727273, 1.0, 1.0526315789473684, 1.4210526315789473, 1.4761904761904763, 1.0, 1.0, 1.0, 1.0, 3.0, 1.1176470588235294, 1.0686274509803921, 1.0129334067143643, 1.0952380952380953, 1.0200135357246447, 1.0, 1.0303030303030303, 1.6666666666666667, 1.0598591549295775, 4.0, 1.0940766550522647, 1.0, 1.1525974025974026, 2.0, 1.0, 1.1275862068965516, 1.2608695652173914, 1.0020274485339988, 1.16, 1.013784887678693, 1.045643153526971, 1.6666666666666667, 1.2, 1.0133350595546349, 1.398876404494382, 1.0, 1.0, 1.0333333333333334, 3.0, 1.6666666666666667, 1.0695187165775402, 1.1111111111111112, 1.0, 1.0004578754578755, 2.0, 1.0555555555555556, 1.0, 1.065052950075643, 2.0, 3.0, 1.0401960784313726, 1.2, 1.12987012987013, 2.0, 1.1, 1.0, 1.0458579881656804, 1.3333333333333333, 2.0, 1.018939393939394, 1.0352303523035231, 1.132967032967033, 1.0502630040911747, 1.2333333333333334, 2.125, 1.625, 1.027027027027027, 1.1121951219512196, 3.0, 2.0, 1.0326086956521738, 1.4, 1.0769230769230769, 1.0, 1.0, 2.0, 1.1558620689655172, 1.5, 1.25, 1.28, 1.0666666666666667, 1.1887905604719764, 1.1724137931034482, 1.25, 1.25, 1.0, 1.2285714285714286, 2.0, 1.4, 1.0, 1.0071428571428571, 1.0, 1.0, 1.3376623376623376, 1.0100502512562815, 1.3733333333333333, 1.0, 1.3, 2.0, 1.0, 1.0, 1.25, 1.00974930362117, 1.002212389380531, 1.0250125062531266, 1.0131052056789225, 1.1016949152542372, 1.6666666666666667, 1.0833333333333333, 1.0656763096168882, 1.1142857142857143, 2.0, 1.0019762845849802, 1.0, 1.0032921810699589, 1.0254762959680992, 3.0, 1.3636363636363635, 1.0666666666666667, 1.105263157894737, 1.0228264937008855, 2.0, 2.0, 1.026322450012655, 1.0, 2.0, 1.0113131313131314, 1.0, 1.0, 2.0, 1.7058823529411764, 1.175, 1.183673469387755, 1.0047885075818037, 1.2380952380952381, 1.2926829268292683, 1.0311942959001783, 1.0, 1.029080517734073, 1.01702480392782, 3.0, 2.0, 1.175, 1.25, 1.070856438693777, 1.014018691588785, 2.0, 1.04526503871352, 1.3333333333333333, 1.0, 1.3333333333333333, 4.0, 1.1310043668122272, 1.3333333333333333, 1.0, 2.0, 1.1666666666666667, 1.1858407079646018, 1.096774193548387, 1.173913043478261, 1.0, 4.5, 1.2521008403361344, 1.0492045874953755, 1.0086638830897703, 1.0327272727272727, 1.0233100233100234, 1.2227722772277227, 1.0111940298507462, 1.0, 1.0, 1.0039717563989408, 1.1324965132496514, 1.5, 1.0027662517289073, 1.21285140562249, 1.0, 1.0649188514357053, 1.065217391304348, 1.4, 1.1818181818181819, 1.0568181818181819, 1.1111111111111112, 1.0, 1.025297009422368, 2.0, 1.268929503916449, 1.0198965380023877, 1.1851851851851851, 1.0, 1.0285714285714285, 1.0, 1.2083333333333333, 1.2077922077922079, 1.358974358974359, 1.125, 3.0, 1.0, 1.0, 1.0058027079303675, 1.0, 1.0320184426229508, 1.0535714285714286, 1.0, 1.6111111111111112, 1.0833333333333333, 1.1851851851851851, 1.0, 2.0, 1.5769230769230769, 1.0, 1.1141304347826086, 1.0789825970548863, 1.0, 1.75, 1.3732394366197183, 1.3571428571428572, 1.0110987791342951, 3.0, 1.0633802816901408, 1.3333333333333333, 1.0, 1.2, 2.0, 3.0, 1.5, 1.0, 1.2816901408450705, 2.0, 1.0346153846153847, 1.174468085106383, 1.0, 1.0, 1.5, 1.0, 1.0, 1.0, 1.0705882352941176, 1.2222222222222223, 1.0514018691588785, 1.0852713178294573, 1.6, 1.352112676056338, 2.0, 1.0357142857142858, 1.0, 1.0, 1.0, 1.0441253720889512, 1.4, 1.0132450331125828, 1.0047058823529411, 2.0, 1.0, 1.0, 1.0, 2.0, 1.005311778290993, 2.0, 1.1954022988505748, 1.6363636363636365, 1.0769479469770449, 2.0, 1.3333333333333333, 1.0450792602377807, 1.3333333333333333, 1.0, 1.2222222222222223, 1.011070110701107, 2.0, 1.0, 1.0748560460652592, 1.054054054054054, 1.75, 2.0, 1.1428571428571428, 1.25, 1.0, 1.0, 1.0, 1.236842105263158, 2.25, 1.1577791718946047, 1.0531496062992125, 2.0, 2.0, 2.0, 1.1266666666666667, 1.0311922617106837, 1.0407407407407407, 1.0, 1.0307125307125307, 1.0011489850631943, 4.0, 1.2352941176470589, 1.0148367952522255, 1.0, 1.7, 1.0, 1.1338912133891212, 1.0, 1.053030303030303, 1.0520231213872833, 1.0852713178294573, 1.4235807860262009, 2.0, 1.0, 1.4640522875816993, 1.1666666666666667, 3.0, 3.0, 2.0, 3.0, 1.0118406889128095, 1.0404624277456647, 2.0, 2.0, 2.0, 1.8, 1.120253164556962, 1.0617283950617284, 1.7142857142857142, 1.1444444444444444, 1.1167883211678833, 1.0, 1.2783505154639174, 2.0, 1.0, 1.0, 1.0909090909090908, 1.1182266009852218, 1.0119858989424206, 1.6666666666666667, 1.3333333333333333, 1.0340425531914894, 1.0123456790123457, 1.0040160642570282, 1.069967707212056, 1.0, 1.1333333333333333, 1.3181818181818181, 1.0864197530864197, 1.0, 2.0357142857142856, 1.091247672253259, 1.1308411214953271, 1.0277777777777777, 1.0909090909090908, 1.3529411764705883, 1.0, 1.1538461538461537, 1.0399121201025265, 1.0, 1.2727272727272727, 1.1111111111111112, 1.7142857142857142, 1.0, 1.0714285714285714, 1.1363636363636365, 2.0, 2.0, 1.3333333333333333, 1.1015873015873017, 1.0158730158730158, 1.2307692307692308, 2.0, 1.0845070422535212, 1.115606936416185, 2.3, 1.0511904761904762, 1.0127351664254702, 1.0209912536443149, 1.48, 2.0, 1.0, 1.42, 1.5833333333333333, 1.007462686567164, 2.0, 1.0, 1.0670391061452513, 1.0, 1.140625, 1.022693238106209, 1.036764705882353, 1.03125, 1.0317460317460319, 1.1478260869565218, 1.074857142857143, 1.0, 2.0, 1.28099173553719, 1.0, 2.0, 1.0405405405405406, 1.0418562329390355, 1.319672131147541, 1.001881139831394, 2.0, 1.0442632498543971, 1.0, 2.0, 1.0820143884892086, 1.0178571428571428, 1.1107628004179728, 1.0112359550561798, 1.0728643216080402, 1.008130081300813, 1.3076923076923077, 1.098273572377158, 1.0756972111553784, 2.25, 1.1195652173913044, 1.2, 2.0, 1.1549295774647887, 1.0, 1.0646797717184528, 1.0076335877862594, 1.0, 1.0273499734466278, 1.0, 1.1047668936616029, 1.1224489795918366, 2.0, 1.1666666666666667, 2.0, 1.0276497695852536, 1.0, 1.4, 1.0405092592592593, 1.036641221374046, 1.3333333333333333, 1.0, 1.2625, 1.4615384615384615, 1.0, 1.2173913043478262, 3.5, 1.1111111111111112, 1.1139240506329113, 1.1210191082802548, 1.2222222222222223, 1.0, 1.1145671332296527, 2.0, 1.7142857142857142, 1.0, 1.041237113402062, 2.0, 1.0083289953149401, 1.0, 1.003708281829419, 1.3333333333333333, 1.5, 1.1526548672566372, 1.3928571428571428, 1.0027416038382453, 1.0867052023121386, 1.3714285714285714, 1.75, 1.0023364485981308, 1.0004901960784314, 1.5, 1.0, 1.0, 1.3460207612456747, 1.0158663883089771, 1.0, 1.0740740740740742, 1.8181818181818181, 1.0607866507747319, 1.049342105263158, 1.0, 1.002169197396963, 4.0, 1.0809523809523809, 1.0270880361173815, 1.0769230769230769, 1.019782393669634, 1.1666666666666667, 3.0, 1.0460122699386503, 1.0, 1.2211981566820276, 1.0, 3.0, 1.3142857142857143, 1.4509803921568627, 1.0344827586206897, 1.0, 1.1428571428571428, 3.0, 1.2037037037037037, 1.16, 1.2857142857142858, 1.0839506172839506, 1.0, 1.1111111111111112, 1.0, 2.0, 1.0, 1.0481904393264951, 1.149501661129568, 1.113582208101668, 1.0, 1.5, 1.0588235294117647, 1.0574257425742575, 1.041025641025641, 1.4587458745874586, 1.8666666666666667, 1.058187863674148, 1.0911871535079334, 2.0, 1.0351802990325418, 1.0129198966408268, 1.0, 1.0, 1.0, 1.1637010676156583, 1.1813580767608605, 1.1176470588235294, 1.0, 1.2846715328467153, 1.0, 1.1923076923076923, 1.0, 1.1666666666666667, 1.0161290322580645, 1.5, 1.0115209154875127, 1.0289855072463767, 1.0, 1.2076714451762882, 1.0588235294117647, 1.2903225806451613, 1.0681265206812651, 1.1284916201117319, 1.046548532134356, 1.0, 1.0, 2.0, 1.2185686653771761, 1.0955249569707401, 1.0696202531645569, 1.0152997128499641, 1.0320512820512822, 1.0, 1.2684989429175475, 1.0, 1.0, 1.813953488372093, 1.0, 1.0, 1.0494791666666667, 2.0, 1.0666666666666667]
origin-census_12.27 	max: 4.5000	99th: 3.5000	95th: 2.3017	median: 1.1162	mean: 1.3677

...Done, result: results.csv

WORKLOAD-FINISHED | Type: QueryWorkload | Progress: 3/3 | Workload-time: 86.482619 | Model-update-time: 0.000000


Experiment Summary: #data-update-times=1, #drift=0 | total-time=174.436352