Input arguments = Namespace(data_update='sample', update_size=8000, dataset='census', debug=False, drift_test='js', model_update='adapt', model='naru', end2end=False, query_seed=0, random_seed=42, num_workload=3)
JSON-passed parameters = {'data_updater': {'skew_ratio': '1e-2'}, 'random_seed': 57, 'naru': {'epochs': 0}}
MODEL-PATH=/home/kangping/code_copy/SAUCE/models/end2end/naru/origin-census-22.5MB-model27.255-data14.989-300epochs-seed0.pt
DATASET-PATH=/home/kangping/code_copy/SAUCE/data/census/end2end/census_int.npy
Workloads: ['QueryWorkload', 'DataUpdateWorkload', 'QueryWorkload']

WORKLOAD-START | Type: QueryWorkload | Progress: 1/3
Going to run: ['python', '/home/kangping/code_copy/SAUCE/Naru/eval_model.py', '--dataset=census', '--model=naru', '--query_seed=0', '--end2end', '--eval_type=first_estimate', '--num_workload=3', '--data_update=sample', '--model_update=adapt', '--random_seed=42']
Torch device: cuda:1
GET-MODEL-PATH=./models/end2end/naru/origin-census-22.5MB-model27.255-data14.989-300epochs-seed0.pt
ckpts [PosixPath('/home/kangping/code_copy/SAUCE/models/end2end/naru/origin-census-22.5MB-model27.255-data14.989-300epochs-seed0.pt')]
Validate Argument: DATASET="census" is valid.
load_csv_dataset - census (32561, 13)
Parsing... done, took 0.0s
Loading ckpt: /home/kangping/code_copy/SAUCE/models/end2end/naru/origin-census-22.5MB-model27.255-data14.989-300epochs-seed0.pt
query_seed:0
origin-census_12.27 	max: 4.0000	99th: 3.0000	95th: 2.0000	median: 1.0463	mean: 1.2072
ReportEsts: [1.0, 1.1305263157894736, 1.1690140845070423, 2.0, 1.0153846153846153, 1.1566523605150214, 1.0, 1.2857142857142858, 1.0, 1.0, 1.0, 1.163265306122449, 2.142857142857143, 1.1369863013698631, 1.2922077922077921, 1.5, 1.0738916256157636, 1.0, 1.0, 1.0, 1.0, 2.0, 1.2235067437379576, 2.5, 1.0628930817610063, 1.4, 1.0, 1.0645271423694094, 1.0, 1.0498471667058547, 1.014636696288552, 1.3243243243243243, 1.0, 1.1111111111111112, 1.0, 1.1875, 1.5, 1.026530612244898, 1.1428571428571428, 1.044541010320478, 1.0, 1.0, 1.0, 1.0, 1.08, 1.1333333333333333, 1.0, 1.0051703163017032, 1.0, 4.0, 1.0, 1.1666666666666667, 1.0, 1.0416666666666667, 1.1192660550458715, 1.0, 1.0308641975308641, 1.75, 1.0037537537537538, 1.0064102564102564, 1.1123595505617978, 1.0909090909090908, 1.1730769230769231, 1.1794871794871795, 1.0, 1.0, 1.0, 1.0016207455429498, 1.0, 1.1666666666666667, 1.4516129032258065, 1.2222222222222223, 1.6666666666666667, 1.0, 1.0080049261083743, 1.0, 1.0, 1.411764705882353, 2.0, 1.0, 1.0, 1.0, 1.0, 1.3333333333333333, 1.3, 1.1538461538461537, 1.0, 1.0952380952380953, 1.035489833641405, 1.0, 1.054054054054054, 1.0, 1.0161290322580645, 2.0, 1.0718954248366013, 1.5, 1.064659977703456, 2.5, 1.6179775280898876, 1.4583333333333333, 1.0, 1.0, 1.0, 1.0, 1.0, 1.1244979919678715, 1.0420560747663552, 1.1481481481481481, 1.1608187134502923, 1.0666666666666667, 1.289855072463768, 1.0, 1.326086956521739, 1.3333333333333333, 1.5454545454545454, 1.0, 3.0, 1.0689655172413792, 3.0, 1.0063063063063062, 2.0, 1.1584, 1.068111455108359, 1.25, 1.0194594594594595, 1.1, 1.0135427952329361, 1.0582905466626398, 1.1818181818181819, 1.1357466063348416, 1.0, 1.0097951914514693, 1.0, 1.0, 2.0, 1.0, 1.0296296296296297, 1.0, 1.0, 1.5555555555555556, 1.0, 2.1875, 1.0, 1.0, 2.0, 1.0, 1.0, 1.1363636363636365, 1.0307277628032345, 1.0608695652173914, 1.105263157894737, 1.2, 2.0, 1.0, 1.0, 1.5, 3.0, 1.0, 1.0, 1.3333333333333333, 1.02, 1.5, 1.4444444444444444, 1.0769230769230769, 1.1789473684210525, 1.078895463510848, 1.0118343195266273, 1.0037546933667083, 1.0164925783397472, 1.2108108108108109, 1.0776754890678941, 1.0, 1.0, 1.0, 1.7058823529411764, 1.3296703296703296, 1.25, 1.0403151065801668, 1.0476497102382485, 1.0686274509803921, 1.0, 1.21875, 1.065217391304348, 1.0825688073394495, 1.263157894736842, 1.009605255004028, 1.5, 1.0, 1.0655737704918034, 1.045016077170418, 1.726027397260274, 1.0909090909090908, 1.0428605256926355, 1.0, 1.0666666666666667, 1.0869565217391304, 1.0196060877350044, 1.0, 1.0, 1.08, 1.0, 1.0408163265306123, 1.3106796116504855, 1.0666666666666667, 2.0, 1.4, 1.0, 1.0560941828254848, 4.0, 1.0, 1.0345679012345679, 1.244186046511628, 1.1538461538461537, 2.5, 1.0, 1.1428571428571428, 1.0576923076923077, 1.0261269020958943, 1.0809248554913296, 1.2602739726027397, 1.0, 1.2857142857142858, 1.0161550888529887, 1.3, 2.0, 1.2168141592920354, 1.0, 1.0, 1.0, 1.0, 1.0, 1.368421052631579, 1.2, 1.1764705882352942, 1.0, 1.0, 1.0, 1.4, 1.0351925630810093, 1.0, 1.0, 1.1090342679127725, 2.0, 1.0, 1.0, 1.25, 1.5263157894736843, 1.0, 1.0, 1.0425531914893618, 1.0, 1.0123456790123457, 1.2384105960264902, 1.3333333333333333, 1.0, 1.0, 2.5, 1.0217391304347827, 1.793103448275862, 1.006592146746919, 1.0, 1.0, 1.4444444444444444, 1.0, 1.3333333333333333, 1.0, 1.4545454545454546, 1.0298507462686568, 2.0, 1.2142857142857142, 1.0294117647058822, 1.0, 1.0, 2.0, 1.01615302869288, 1.0862068965517242, 1.0, 1.0169491525423728, 1.0, 1.0, 1.9090909090909092, 1.3170731707317074, 1.0075757575757576, 1.5, 1.0397727272727273, 1.0, 1.0, 1.5, 1.0583333333333333, 1.0, 1.0975609756097562, 1.0229797012638835, 1.5, 1.0111482720178373, 1.1008403361344539, 1.0, 1.0, 1.0, 1.0520117762512267, 1.12, 1.2222222222222223, 2.0, 1.0, 1.1454545454545455, 1.028169014084507, 1.0110062893081762, 2.0, 1.0611620795107033, 1.4, 1.0, 1.0, 1.0, 1.0, 1.065, 1.0, 1.0, 1.0, 1.0420070011668612, 1.0, 1.004879301489471, 1.0, 1.007905138339921, 1.0476190476190477, 1.0, 1.0590858416945375, 1.2727272727272727, 1.0, 1.0094364351245084, 1.0, 1.1005194011610144, 1.0, 1.1590909090909092, 1.0, 1.0350960398387479, 1.0, 1.0, 2.0, 2.0, 3.0, 1.176991150442478, 1.105263157894737, 1.0552763819095476, 1.0, 1.0, 1.0196078431372548, 3.0, 1.037037037037037, 1.0, 1.5, 1.0, 1.0, 1.6666666666666667, 1.0, 1.0, 1.1, 1.0111626309462476, 1.263157894736842, 1.0, 1.0, 1.0, 1.000695894224078, 1.3333333333333333, 1.0, 1.183673469387755, 1.0, 1.0476190476190477, 1.0, 1.0765895953757225, 1.027027027027027, 1.0, 1.2317880794701987, 1.1875, 1.0, 1.0, 3.0, 1.0, 1.0, 1.125, 1.0416666666666667, 1.1842105263157894, 1.2974683544303798, 1.0, 1.21, 1.1428571428571428, 1.0, 1.0344827586206897, 1.0, 1.0, 1.0, 1.0, 2.0, 1.5116959064327486, 1.0, 1.0, 1.625, 1.6923076923076923, 1.09375, 1.5348837209302326, 1.0, 1.0, 1.1764705882352942, 1.0952380952380953, 1.0, 1.065217391304348, 1.1587301587301588, 1.0, 1.0103680663556247, 1.0648148148148149, 1.0, 1.0357142857142858, 1.6, 1.0, 1.0, 1.125, 1.25, 1.2828282828282829, 1.3181818181818181, 4.0, 1.303370786516854, 1.0512820512820513, 1.65, 1.0, 1.008618877443767, 1.0, 1.3, 1.0443714050944946, 1.1182432432432432, 1.2222222222222223, 1.121212121212121, 1.1325301204819278, 1.0, 1.0, 1.0099750623441397, 1.4, 1.0, 1.0, 1.0554272517321017, 1.0, 1.0195530726256983, 1.0, 1.5, 1.0833333333333333, 1.0, 1.0, 2.0, 1.25, 1.0, 1.0, 1.2469135802469136, 1.0258620689655173, 1.011967090501122, 1.1904761904761905, 1.3043478260869565, 1.0, 1.0625, 1.4814814814814814, 1.0, 1.0219774590163935, 1.0009741841207989, 1.0, 1.0113798008534851, 1.0909090909090908, 1.0, 1.0789473684210527, 2.0, 1.1333333333333333, 1.0, 1.0, 1.0322971781305115, 1.1156716417910448, 1.0841121495327102, 1.0, 1.0, 1.5, 1.1123595505617978, 1.0434782608695652, 1.1118881118881119, 1.0509803921568628, 1.0, 2.0, 1.0, 1.7142857142857142, 1.2946859903381642, 1.0, 1.0, 1.0, 1.0, 1.082437275985663, 1.0, 1.0, 1.0, 1.0, 1.6808510638297873, 1.0, 1.1538461538461537, 1.0909090909090908, 2.090909090909091, 1.1767810026385224, 1.0228782287822877, 1.5277777777777777, 1.0, 2.0, 1.0434782608695652, 1.2857142857142858, 1.0, 1.0646306818181819, 1.0556660039761432, 1.2857142857142858, 1.0, 1.073608617594255, 1.3333333333333333, 1.0, 1.0249031543995573, 1.0449438202247192, 1.0129870129870129, 1.0603693181818181, 1.0284552845528456, 1.5714285714285714, 2.0, 1.0147058823529411, 1.0150862068965518, 1.0222222222222221, 1.0, 1.240506329113924, 1.2264150943396226, 1.2217573221757323, 1.3714285714285714, 3.0, 1.1847181008902077, 1.0072933549432739, 1.0, 1.2727272727272727, 1.6666666666666667, 1.0408163265306123, 1.5714285714285714, 1.0320075110959372, 1.1403508771929824, 1.0, 3.0, 1.0, 1.3448275862068966, 1.0, 1.0833333333333333, 1.1914426769061985, 1.024381687423259, 1.018045112781955, 1.1102661596958174, 1.0, 1.1071761416589003, 2.0, 1.1372549019607843, 2.0, 1.25, 1.0, 1.0, 2.0, 2.0, 4.0, 1.0, 2.0, 1.0389610389610389, 1.0, 1.1818181818181819, 1.0435238594651284, 1.0242627846211272, 1.07035175879397, 1.06, 1.0618556701030928, 1.0, 1.0, 1.0, 1.0, 1.0385416666666667, 1.1666666666666667, 1.031893566611992, 1.5, 2.0, 1.236842105263158, 1.0153846153846153, 1.0681003584229392, 1.0, 1.063437139561707, 1.0, 1.4545454545454546, 1.2, 1.0, 1.5, 1.0625, 3.0, 1.0, 1.0, 2.0, 1.0, 1.0381755910116115, 1.0345518277416124, 1.0, 1.28125, 1.0909090909090908, 1.0833333333333333, 1.015180265654649, 1.0, 1.1395348837209303, 1.6, 1.0801186943620178, 2.0, 1.0, 1.0698689956331877, 1.0, 1.0588235294117647, 1.0, 1.0354276766490507, 1.407079646017699, 1.0555555555555556, 1.018181818181818, 1.0521739130434782, 2.0, 1.6666666666666667, 1.0, 1.2727272727272727, 2.0, 1.0344234079173837, 1.0, 1.0701754385964912, 1.1212814645308924, 1.5384615384615385, 1.0, 1.1111111111111112, 1.0, 1.0, 1.0234375, 1.0, 1.0619469026548674, 1.25, 1.2, 1.0018646484589229, 1.0, 1.4, 1.1341463414634145, 1.0379746835443038, 1.0186872226115393, 1.0, 1.0507322175732217, 1.25, 1.01889338731444, 1.0, 1.0, 1.4615384615384615, 1.125, 1.0719640179910046, 1.0794701986754967, 1.0115429011158137, 1.0507364975450082, 1.25, 1.0919540229885059, 1.5555555555555556, 1.0, 1.163265306122449, 1.0209424083769634, 1.0333333333333334, 1.0, 1.3666666666666667, 1.19, 1.0, 1.0, 1.0, 1.0, 1.0476190476190477, 1.0455426356589148, 1.0, 1.0932203389830508, 1.5, 1.0, 1.0, 1.0, 1.3061224489795917, 1.0293478260869566, 1.1587301587301588, 1.5666666666666667, 1.0, 1.0, 1.0657894736842106, 1.0231239092495636, 1.0, 1.0, 1.0, 1.0360360360360361, 1.0714285714285714, 1.0, 3.0, 1.0238684325425702, 1.2, 1.0, 1.0, 1.0930232558139534, 1.25, 1.3125, 1.0776699029126213, 1.75, 1.3275862068965518, 1.0, 1.0, 1.0, 1.5666666666666667, 1.0, 1.034013605442177, 1.1020408163265305, 1.0129277566539925, 1.0, 1.0304781923279034, 1.0187200696560732, 1.5789473684210527, 1.030612244897959, 1.0, 1.0, 1.005703422053232, 2.0, 1.036144578313253, 1.7647058823529411, 1.2173913043478262, 1.0, 1.3333333333333333, 1.0909943714821764, 2.0, 1.0, 1.25, 1.6666666666666667, 1.0281899109792285, 1.3255813953488371, 1.0909090909090908, 1.1194511702986278, 1.0476190476190477, 1.6666666666666667, 1.1, 1.0, 1.0, 1.0, 1.0, 1.0277777777777777, 1.059745347698335, 1.0, 1.2, 2.0, 1.0, 1.0, 1.0, 1.06640625, 1.0362498370061286, 1.030362389813908, 1.0, 1.119221411192214, 1.0501610676484123, 3.0, 1.1333333333333333, 1.0054446460980035, 1.0, 1.3333333333333333, 1.0, 1.3108108108108107, 1.070921985815603, 1.0035714285714286, 1.036444775009297, 1.0344827586206897, 1.27217125382263, 1.0, 1.1252900232018561, 1.0069444444444444, 1.5, 1.004739336492891, 1.0128805620608898, 1.0, 1.0, 1.0, 1.0416666666666667, 1.0, 1.0338983050847457, 1.2222222222222223, 1.2833333333333334, 2.0, 1.118811881188119, 1.5, 1.0, 1.0625, 1.0, 1.21875, 1.0, 1.5, 1.0001680107526882, 1.0087336244541485, 1.055084745762712, 1.0, 1.0082140533506831, 1.0, 1.088235294117647, 1.0, 1.0166666666666666, 1.0, 1.0, 1.1666666666666667, 1.0, 1.0350364963503649, 1.0, 1.0, 1.3333333333333333, 1.1016949152542372, 1.0107557316727993, 1.34, 1.0, 1.8823529411764706, 1.038418079096045, 1.0340497978293255, 1.0, 1.193103448275862, 1.0, 1.3142857142857143, 1.0605095541401275, 1.5, 1.0, 1.0, 1.09375, 1.1911764705882353, 1.0, 1.0, 1.0, 1.25, 1.2816901408450705, 1.0909090909090908, 1.0745341614906831, 1.0158730158730158, 1.1297071129707112, 1.0817307692307692, 1.0282131661442007, 1.0195462478184991, 1.1740531829170024, 1.3125, 1.0, 1.6428571428571428, 1.205128205128205, 1.0952380952380953, 1.0, 1.0, 1.2727272727272727, 1.0285429141716567, 1.3440860215053763, 1.0268777064357175, 1.0, 2.0, 1.0484330484330484, 1.0, 1.0, 1.0, 1.0, 1.6666666666666667, 1.0, 1.170731707317073, 1.0217391304347827, 1.0, 1.0, 1.017766497461929, 1.1966471527408196, 1.0401459854014599, 1.0, 1.2, 1.0212765957446808, 1.034848484848485, 1.0416666666666667, 1.209271523178808, 1.0, 1.1289795918367347, 1.0156739811912225, 1.1666666666666667, 1.0523882896764252, 1.1225, 2.25, 1.2297297297297298, 1.2592592592592593, 2.0, 3.0, 1.0, 1.2666666666666666, 1.0636363636363637, 1.0, 3.5, 3.0, 2.0, 3.0, 1.0347615198059823, 1.3725490196078431, 1.75, 1.1818181818181819, 1.1666666666666667, 1.0, 1.1526717557251909, 1.0026745913818722, 1.0513793103448277, 1.0040371417036738, 1.6666666666666667, 1.6, 3.0, 1.0, 1.0, 1.1956521739130435, 1.0268987341772151, 1.0, 1.2635574837310195, 1.0, 1.275, 1.0888888888888888, 1.0, 1.3368421052631578, 1.165551839464883, 1.1904761904761905, 1.1573033707865168, 1.2, 1.2431506849315068, 1.0526315789473684, 1.4166666666666667, 1.0, 1.0527740189445196, 1.5, 1.0, 1.0, 1.0, 1.163030303030303, 1.016531094200997, 1.0, 1.0079166666666666, 1.3333333333333333, 1.1025641025641026, 1.0918367346938775, 1.0, 2.0, 1.0020090406830737, 1.131578947368421, 1.033351264120495, 1.101054481546573, 1.163265306122449, 1.0, 1.0, 1.04, 1.0, 1.05, 1.1450116009280742, 1.3775100401606426, 1.0, 1.0, 1.0926829268292684, 1.6666666666666667, 1.0, 1.0, 1.030681018006237, 1.0, 1.4705882352941178, 2.0, 1.0, 1.1666666666666667, 1.0263157894736843, 1.1363636363636365, 1.3214285714285714, 1.0434782608695652, 1.5, 1.1818181818181819, 1.0, 1.0, 1.0, 1.0557778300776652, 1.1363040629095675, 1.0888468809073724, 1.3333333333333333, 2.0, 1.1882183908045978, 1.3333333333333333, 1.25, 1.4851485148514851, 1.4615384615384615, 1.0471361502347418, 1.061640066042928, 1.2941176470588236, 1.0, 1.5, 1.0, 1.2383720930232558, 1.0, 1.0254726368159204, 1.1587064676616916, 1.2, 1.0, 1.3526785714285714, 1.0, 1.6666666666666667, 1.0, 1.3333333333333333, 1.3777777777777778, 1.0, 2.5, 1.0227014755959138, 1.0, 1.0, 1.0, 1.2, 1.054054054054054]
origin-census_12.27 	max: 4.0000	99th: 3.0000	95th: 2.0000	median: 1.0463	mean: 1.2072

...Done, result: results.csv

WORKLOAD-FINISHED | Type: QueryWorkload | Progress: 1/3 | Workload-time: 83.561487 | Model-update-time: 0.000000


WORKLOAD-START | Type: DataUpdateWorkload | Progress: 2/3
Going to run: ['python', '/home/kangping/code_copy/SAUCE/Naru/eval_model.py', '--model=naru', '--data_update=sample', '--dataset=census', '--drift_test=js', '--end2end', '--update_size=8000', '--query_seed=0', '--eval_type=drift']
Torch device: cuda:1
GET-MODEL-PATH=./models/end2end/naru/origin-census-22.5MB-model27.255-data14.989-300epochs-seed0.pt
GET-DATASET-PATH=./data/census/end2end/census_int.npy
Sample - START
Sample - END
load_npy_dataset_from_path - df.shape = (39073, 13)
Parsing... done, took 0.0s
Data updated!
Previous data size: (32561, 13), new data size: (6512, 13)
[3.4570694e-06 5.9604645e-08 6.4373016e-06 2.4437904e-06 3.2722950e-05
 5.0663948e-06 1.9073486e-06 1.2814999e-05 7.1525574e-07 2.8967857e-05
 1.5139580e-05 9.1195107e-06 2.3782253e-05]
Distance score: 1.0971839401463512e-05
SAUCE Drift detection: False
Detection latency: 0.0040s

WORKLOAD-FINISHED | Type: DataUpdateWorkload | Progress: 2/3 | Workload-time: 1.924381 | Model-update-time: 0.000000


WORKLOAD-START | Type: QueryWorkload | Progress: 3/3
Going to run: ['python', '/home/kangping/code_copy/SAUCE/Naru/eval_model.py', '--dataset=census', '--model=naru', '--end2end', '--query_seed=0', '--eval_type=estimate', '--num_workload=3', '--data_update=sample', '--model_update=adapt', '--random_seed=42']
Torch device: cuda:1
GET-MODEL-PATH=./models/end2end/naru/origin-census-22.5MB-model27.255-data14.989-300epochs-seed0.pt
ckpts [PosixPath('/home/kangping/code_copy/SAUCE/models/end2end/naru/origin-census-22.5MB-model27.255-data14.989-300epochs-seed0.pt')]
Validate Argument: DATASET="census" is valid.
data size: 39073, total size: 39073, split index: [32560 39073]
Parsing... done, took 0.0s
Loading ckpt: /home/kangping/code_copy/SAUCE/models/end2end/naru/origin-census-22.5MB-model27.255-data14.989-300epochs-seed0.pt
query_seed:0
origin-census_12.27 	max: 5.0000	99th: 3.2250	95th: 2.0031	median: 1.0897	mean: 1.3299
ReportEsts: [1.3218390804597702, 1.0, 1.3333333333333333, 1.0, 1.0, 1.0625, 1.0539245056920312, 1.4310344827586208, 2.0, 1.0, 1.045480386583286, 1.0972972972972972, 1.2884615384615385, 1.1468354430379746, 1.0, 1.0316460939441636, 1.046195652173913, 1.0740740740740742, 1.0, 2.0, 1.671875, 1.1904761904761905, 1.0, 1.0833333333333333, 1.0, 1.5, 4.5, 1.4225941422594142, 1.0, 1.0499803227075954, 1.01048128342246, 1.4318181818181819, 1.0749005744586833, 1.0216919739696313, 1.5, 1.169811320754717, 1.0, 1.3333333333333333, 1.2, 3.0, 1.1810344827586208, 1.0, 2.0, 1.0747974236442968, 1.5, 1.3333333333333333, 1.0, 1.472972972972973, 1.0, 1.0, 1.0148960302457466, 1.0384615384615385, 1.0, 1.55, 1.0134529147982063, 1.4210526315789473, 1.0909090909090908, 1.003821169277799, 1.1923076923076923, 1.4285714285714286, 1.2010582010582012, 1.0833333333333333, 1.1603773584905661, 1.4285714285714286, 1.0864864864864865, 1.0300485255692422, 1.0174193548387096, 1.060858585858586, 1.030188679245283, 1.1538461538461537, 1.0941176470588236, 1.3157894736842106, 2.0, 1.036318407960199, 1.0205627705627707, 2.0, 1.0, 2.0, 1.0271739130434783, 1.6, 1.0, 1.0, 1.0, 2.0, 1.0037313432835822, 2.0, 1.0666666666666667, 3.0, 1.0833333333333333, 1.035128805620609, 1.0, 2.0, 1.0641891891891893, 1.0, 1.0350877192982457, 1.05, 2.0, 1.0, 1.0510204081632653, 1.8, 1.2531645569620253, 1.168, 1.0357142857142858, 1.25, 1.5636363636363637, 1.1213872832369942, 1.1372549019607843, 1.3333333333333333, 1.0451355964346671, 1.4864864864864864, 1.0, 1.1666666666666667, 3.2222222222222223, 1.2055715658021133, 1.0, 1.0, 1.0315789473684212, 1.0, 1.0, 1.0, 1.0, 1.0, 3.0, 1.2222222222222223, 1.0, 2.0, 1.4350649350649352, 1.1757246376811594, 1.1764705882352942, 1.0, 1.3013698630136987, 1.021669341894061, 1.0205850487540629, 1.0, 1.3, 1.171003717472119, 1.0, 1.0179586950014965, 2.0, 1.0, 1.0, 2.0, 2.0, 1.9130434782608696, 1.0, 2.0, 1.0420067471977363, 1.023444041306168, 1.3333333333333333, 1.04434250764526, 1.1107634543178975, 1.0, 1.0066648153290751, 3.0, 1.0, 1.099009900990099, 1.009433962264151, 1.0909090909090908, 1.0, 1.000164581961817, 1.6, 1.0923076923076922, 1.1702741702741704, 1.0212765957446808, 1.0, 1.0052214271900985, 1.031523642732049, 2.0, 1.1538461538461537, 1.0454545454545454, 1.0481386392811296, 1.1341463414634145, 1.0258586913934962, 1.1710730948678072, 1.2222222222222223, 1.2541528239202657, 1.0, 1.25, 1.0, 1.0, 1.8333333333333333, 1.0, 1.0133333333333334, 1.1730769230769231, 2.0, 1.01171875, 2.4285714285714284, 2.2, 1.0, 2.5, 2.0, 1.048, 2.0, 1.1666666666666667, 1.0, 1.023129743404409, 1.0125786163522013, 1.0344827586206897, 1.0, 1.1166666666666667, 1.027027027027027, 1.0, 1.0831168831168831, 1.0445859872611465, 1.28, 1.4857142857142858, 1.0, 1.25, 1.0, 2.0, 2.0, 1.0, 1.0131930265431128, 2.0, 2.0, 1.0106082036775106, 1.2923076923076924, 1.0, 1.0098018769551615, 1.3333333333333333, 1.0012073128665058, 1.0194238323876037, 1.0, 1.0, 1.2356687898089171, 1.0261627906976745, 1.1363636363636365, 1.2105263157894737, 1.1466666666666667, 1.0303030303030303, 2.5, 1.0258467023172906, 1.0, 1.0230694847354607, 1.0, 2.0, 1.21875, 3.0, 1.0526315789473684, 1.0500515995872033, 1.017391304347826, 1.0, 1.0844155844155845, 1.0, 1.3345195729537367, 1.0810810810810811, 1.3333333333333333, 1.0, 1.309090909090909, 1.011760636457973, 1.0138888888888888, 1.3333333333333333, 1.0, 1.0285714285714285, 1.0, 1.173913043478261, 1.0054229934924077, 1.2127659574468086, 1.0, 1.035043804755945, 1.0060320729733705, 1.0, 2.0, 1.3571428571428572, 1.0375, 3.0, 1.07909604519774, 1.0, 1.2364217252396166, 1.0, 1.051219512195122, 2.0, 1.0625, 2.0, 1.005857740585774, 1.0, 1.0118968935888963, 1.4318181818181819, 1.0460526315789473, 1.5, 1.0772881355932202, 2.0, 1.6666666666666667, 1.4230769230769231, 1.104, 1.2820512820512822, 1.2222222222222223, 1.0, 1.0394736842105263, 2.0, 1.0, 1.0, 1.1333333333333333, 1.0368052078117176, 1.1764705882352942, 1.0324324324324323, 1.0256410256410255, 1.4545454545454546, 1.0526315789473684, 1.0326048011465425, 1.1333333333333333, 1.0, 1.0, 1.0048415492957747, 1.0, 1.0, 1.2692307692307692, 1.0, 1.0, 1.0, 1.0013145539906103, 1.1747899159663866, 1.1241830065359477, 1.074766355140187, 1.0888888888888888, 1.1407035175879396, 2.0, 1.3333333333333333, 1.0, 2.0, 1.0, 1.0021724961981318, 1.0, 1.0904872389791183, 2.0, 1.0, 1.1024844720496894, 1.0163934426229508, 1.0, 1.0, 2.0, 2.0, 5.0, 1.0170454545454546, 1.0, 1.0066666666666666, 1.0, 2.0, 1.0, 1.2, 2.0, 1.75, 1.0, 1.0, 2.0, 1.3205128205128205, 1.00398406374502, 1.5, 1.1355060034305318, 2.0, 1.0, 2.0, 1.25, 1.0, 1.6666666666666667, 1.1538461538461537, 1.0, 1.1153846153846154, 1.8333333333333333, 1.0724637681159421, 1.5, 1.1461759331767163, 1.0221238938053097, 1.0384615384615385, 1.0092592592592593, 1.0, 2.0, 1.0, 2.0, 1.1590909090909092, 1.0, 1.1914893617021276, 1.2351121423047178, 1.0, 1.3097345132743363, 1.155844155844156, 2.0, 1.01, 1.0, 1.0, 1.0, 1.1071428571428572, 2.0, 1.526190476190476, 2.0, 4.0, 1.6, 1.391304347826087, 1.0588235294117647, 3.0, 1.0, 2.0, 1.1238532110091743, 2.0, 1.0, 1.031689480592537, 1.1666666666666667, 1.002808988764045, 1.0578842315369261, 1.6666666666666667, 2.5, 1.7954545454545454, 1.035838552540014, 2.0, 1.0416666666666667, 1.0, 1.0715328467153284, 1.2465753424657535, 1.2826086956521738, 1.0685714285714285, 1.457142857142857, 1.3333333333333333, 1.0, 2.0, 1.4444444444444444, 2.0, 1.037037037037037, 1.0572289156626506, 1.0414088529271774, 1.0666666666666667, 1.0, 1.0, 1.2142857142857142, 1.443661971830986, 1.6956521739130435, 1.0588235294117647, 1.0, 1.0036314117113028, 2.0, 1.1875, 2.0, 3.0, 1.0689655172413792, 1.0, 1.0, 1.0, 1.0109803921568628, 1.0588235294117647, 1.0040924410207028, 2.0, 2.5, 2.0, 1.2317073170731707, 1.0, 1.1111111111111112, 1.4651162790697674, 2.4285714285714284, 2.0, 1.0909090909090908, 1.0, 1.0, 3.0, 1.0526315789473684, 1.0288461538461537, 1.0169567157518964, 1.2857142857142858, 1.0246530136853345, 1.0, 1.0472103004291846, 1.0, 1.0353535353535352, 1.0, 1.540983606557377, 1.0, 1.0678642714570858, 1.0, 1.0, 1.1631205673758864, 1.0, 1.02622541367468, 1.5, 1.0195179904955873, 1.1609977324263039, 1.1864406779661016, 2.0, 1.0324479916263247, 1.2645502645502646, 1.0, 1.0, 1.1910112359550562, 1.0, 1.0, 1.1636069114470842, 1.1111111111111112, 1.0, 1.0141681901279707, 1.5, 1.0588235294117647, 1.0, 1.0599250936329587, 1.0, 3.0, 1.0334846765039727, 1.3157894736842106, 1.0, 1.0, 1.4285714285714286, 1.0, 1.1099236641221375, 1.0714285714285714, 4.0, 1.0769230769230769, 1.0527732902530964, 1.1152993348115299, 1.0057012542759407, 1.295, 1.625, 1.7333333333333334, 1.111764705882353, 1.0242718446601942, 2.0, 1.0, 1.5, 1.1666666666666667, 1.0, 2.0, 1.0, 2.0, 3.0, 1.5, 2.0, 1.3368421052631578, 1.0784313725490196, 1.2570532915360502, 3.0, 1.105263157894737, 1.25, 1.0, 1.3714285714285714, 1.0, 1.4545454545454546, 1.1, 1.0459363957597174, 1.0, 1.0, 1.2777777777777777, 1.0169779286926994, 1.3652173913043477, 1.0, 1.2142857142857142, 2.0, 1.0, 1.0, 1.25, 1.0354974311069594, 1.008888888888889, 1.0012534469791927, 1.0117704162116248, 1.1818181818181819, 1.0, 1.0909090909090908, 1.0448143405889885, 1.09478672985782, 2.0, 1.0246406570841888, 1.0, 1.0194647201946472, 1.0247271107150813, 2.0, 1.4545454545454546, 1.1324503311258278, 1.0454545454545454, 1.0123160293121498, 2.0, 2.0, 1.0204009848751319, 1.0, 1.0, 1.0108914885034288, 1.0, 1.0, 1.0, 1.4375, 1.0987124463519313, 1.0588235294117647, 1.0095846645367412, 1.368421052631579, 1.2528735632183907, 1.087768440709617, 1.0, 1.043698329677746, 1.0571428571428572, 2.0, 2.0, 2.0, 2.0, 1.1333762886597938, 1.1201923076923077, 2.0, 1.004855755498429, 1.1666666666666667, 1.0, 1.3333333333333333, 4.0, 1.0180995475113122, 1.6666666666666667, 1.0, 2.0, 1.0434782608695652, 1.063497061293031, 1.1724137931034482, 1.0560344827586208, 1.5, 4.5, 1.2627118644067796, 1.0508720930232558, 1.0101337233597993, 1.0070298769771528, 1.059311981020166, 1.2222222222222223, 1.051150895140665, 2.0, 2.0, 1.012900355871886, 1.1115760111576012, 1.9333333333333333, 1.0401544401544403, 1.3008474576271187, 1.0, 1.0272614622057001, 1.1041666666666667, 1.3076923076923077, 1.0909090909090908, 1.0595238095238095, 1.0769230769230769, 1.1666666666666667, 1.0169137607016079, 2.0, 1.3378016085790885, 1.0471906436574794, 1.375, 2.0, 1.0292866492146597, 2.0, 3.0, 1.1538461538461537, 1.3658536585365855, 1.3636363636363635, 2.0, 1.0, 1.0, 1.1127348643006263, 2.0, 1.0521963824289406, 1.069364161849711, 2.0, 1.6111111111111112, 1.2525773195876289, 1.2140845070422535, 1.0, 2.0, 1.4423076923076923, 1.0, 1.0384615384615385, 1.0602409638554218, 1.0571428571428572, 2.0, 1.3265306122448979, 1.1764705882352942, 1.0108108108108107, 2.0, 1.0, 1.0833333333333333, 1.0, 1.2247658688865766, 1.5, 4.0, 2.0, 2.0, 1.2027027027027026, 1.0, 1.08203125, 1.1327433628318584, 2.0, 1.0, 1.5, 1.0, 2.0, 1.0, 1.1181102362204725, 1.2222222222222223, 1.5263157894736843, 1.0151515151515151, 1.7857142857142858, 1.378787878787879, 2.0, 1.0925925925925926, 3.0, 1.0, 3.0, 1.068909386869235, 1.75, 1.236842105263158, 1.0736842105263158, 2.0, 1.5, 1.0, 1.0, 2.0, 1.3113207547169812, 3.0, 1.0, 1.6956521739130435, 1.0138232302076478, 3.0, 1.6666666666666667, 1.0279640228945217, 1.6666666666666667, 1.3284671532846715, 1.2105263157894737, 3.5, 1.5, 1.0, 1.0879120879120878, 1.0384615384615385, 1.6666666666666667, 1.0, 1.037037037037037, 3.0, 1.0, 1.0, 1.0, 1.1794871794871795, 2.5, 1.2066752246469834, 1.0171102661596958, 1.0, 1.0, 1.0, 1.1522491349480968, 1.028, 1.0305958132045088, 1.0, 1.0880829015544042, 1.021209740769835, 2.0, 1.3529411764705883, 1.027027027027027, 1.0, 1.5909090909090908, 1.0, 1.1414634146341462, 1.0, 1.0214285714285714, 1.0914634146341464, 1.0763358778625953, 1.4482758620689655, 1.6666666666666667, 1.0, 1.4313725490196079, 1.2, 1.4, 3.0, 2.0, 1.0, 1.0362481315396113, 1.0204081632653061, 1.5, 1.4827586206896552, 2.0, 1.5625, 1.1506024096385543, 1.0125, 1.1428571428571428, 1.25, 1.1777777777777778, 3.0, 1.1436170212765957, 3.0, 1.0, 1.0, 1.3333333333333333, 1.0436893203883495, 1.0535714285714286, 2.3333333333333335, 1.3333333333333333, 2.0, 1.023082145281738, 1.0431372549019609, 1.0480769230769231, 1.0, 1.1285714285714286, 1.5454545454545454, 1.0886075949367089, 1.0, 1.9285714285714286, 1.107485604606526, 1.1018518518518519, 1.121212121212121, 1.0, 1.4375, 1.0, 1.0769230769230769, 1.0249277456647399, 1.0, 1.1666666666666667, 1.16, 1.1, 1.0, 1.4615384615384615, 1.1174785100286533, 3.0, 2.0, 1.5, 1.0771604938271604, 1.0327868852459017, 1.0769230769230769, 2.0, 1.0, 1.2173913043478262, 5.0, 1.095, 1.0114168618266979, 1.010863350485992, 1.4090909090909092, 1.0, 1.0, 1.123456790123457, 1.5, 1.0072463768115942, 3.0, 2.0, 1.055944055944056, 1.0, 1.0588235294117647, 1.015799045237554, 1.875, 1.1551724137931034, 1.007936507936508, 1.138728323699422, 1.0655737704918034, 2.0, 1.5, 1.3140495867768596, 1.0106642968229282, 1.0, 1.042857142857143, 1.0507380073800738, 1.2727272727272727, 1.002643662167803, 2.0, 1.0225726654298082, 1.0, 2.0, 1.1346153846153846, 1.0701754385964912, 1.1597510373443984, 1.0595238095238095, 1.06625, 1.065217391304348, 1.032258064516129, 1.0682261208576997, 1.1154639175257732, 2.5, 1.1935483870967742, 1.2222222222222223, 2.0, 1.0689655172413792, 1.0, 1.0107719928186714, 1.0775193798449612, 1.0, 1.0061541128542948, 1.0471698113207548, 1.094940010432968, 1.3061224489795917, 2.0, 1.0065399239543726, 1.4, 1.0126582278481013, 2.0, 1.5, 1.013647995450668, 1.0940438871473355, 1.1, 1.0, 1.3214285714285714, 1.3846153846153846, 1.0, 1.037037037037037, 2.0, 2.0, 1.1071428571428572, 1.117283950617284, 1.5, 1.0, 1.1773240193444385, 3.0, 2.3333333333333335, 1.0, 1.0408163265306123, 1.0, 1.055246699096595, 1.0, 1.2757201646090535, 1.0, 2.0, 1.1854460093896713, 1.2545454545454546, 1.0262793914246195, 1.0571428571428572, 1.5, 1.25, 1.037984496124031, 1.0364188163884673, 1.0, 1.0, 1.0, 1.3405017921146953, 2.0, 1.0, 1.1139240506329113, 2.0625, 1.1452124286620164, 1.051948051948052, 2.0, 1.001802451333814, 2.0, 1.0471698113207548, 1.0088105726872247, 1.1666666666666667, 1.0451547437848807, 1.1666666666666667, 1.0, 1.0308641975308641, 2.0, 1.231818181818182, 1.1601208459214503, 2.375, 1.2571428571428571, 1.4807692307692308, 1.0344827586206897, 2.0, 1.0943396226415094, 3.0, 1.0747330960854093, 1.0740740740740742, 4.0, 1.087390761548065, 1.0, 1.0, 1.0, 2.0, 1.0, 1.054263565891473, 1.1303867403314918, 1.1350277998411438, 1.0, 1.5, 1.125, 1.0490196078431373, 1.0200501253132832, 1.463884430176565, 1.3571428571428572, 1.0765432098765433, 1.1155172413793104, 2.0, 1.1806640625, 1.0558419243986255, 1.0, 1.0, 1.0, 1.0702875399361023, 1.185851820845542, 1.3529411764705883, 3.0, 1.268939393939394, 1.0, 1.2222222222222223, 1.0, 1.4, 1.1724137931034482, 1.2222222222222223, 1.01356326293354, 1.0377358490566038, 1.0, 1.224755700325733, 1.0149253731343284, 1.1935483870967742, 1.0510774142059058, 1.1142322097378277, 1.051674136567361, 1.0, 1.0, 2.0, 1.218146718146718, 1.1153846153846154, 1.073015873015873, 1.0171420858454063, 1.3333333333333333, 1.0, 1.1334702258726899, 1.0, 1.5, 1.1452991452991452, 1.0, 1.5, 1.0562925779849408, 2.0, 1.1875]
origin-census_12.27 	max: 5.0000	99th: 3.2250	95th: 2.0031	median: 1.0897	mean: 1.3299

...Done, result: results.csv

WORKLOAD-FINISHED | Type: QueryWorkload | Progress: 3/3 | Workload-time: 85.103702 | Model-update-time: 0.000000


Experiment Summary: #data-update-times=1, #drift=0 | total-time=170.656763