Input arguments = Namespace(data_update='sample', update_size=8000, dataset='census', debug=False, drift_test='js', model_update='adapt', model='naru', end2end=False, query_seed=0, random_seed=42, num_workload=3)
JSON-passed parameters = {'data_updater': {'skew_ratio': '1e-2'}, 'random_seed': 54, 'naru': {'epochs': 0}}
MODEL-PATH=/home/kangping/code_copy/SAUCE/models/end2end/naru/origin-census-22.5MB-model27.255-data14.989-300epochs-seed0.pt
DATASET-PATH=/home/kangping/code_copy/SAUCE/data/census/end2end/census_int.npy
Workloads: ['QueryWorkload', 'DataUpdateWorkload', 'QueryWorkload']

WORKLOAD-START | Type: QueryWorkload | Progress: 1/3
Going to run: ['python', '/home/kangping/code_copy/SAUCE/Naru/eval_model.py', '--dataset=census', '--model=naru', '--query_seed=0', '--end2end', '--eval_type=first_estimate', '--num_workload=3', '--data_update=sample', '--model_update=adapt', '--random_seed=42']
Torch device: cuda:1
GET-MODEL-PATH=./models/end2end/naru/origin-census-22.5MB-model27.255-data14.989-300epochs-seed0.pt
ckpts [PosixPath('/home/kangping/code_copy/SAUCE/models/end2end/naru/origin-census-22.5MB-model27.255-data14.989-300epochs-seed0.pt')]
Validate Argument: DATASET="census" is valid.
load_csv_dataset - census (32561, 13)
Parsing... done, took 0.0s
Loading ckpt: /home/kangping/code_copy/SAUCE/models/end2end/naru/origin-census-22.5MB-model27.255-data14.989-300epochs-seed0.pt
query_seed:0
origin-census_12.27 	max: 7.0000	99th: 3.0000	95th: 2.0000	median: 1.0419	mean: 1.2073
ReportEsts: [1.0, 1.2094594594594594, 1.1056338028169015, 2.0, 1.0, 1.0879828326180256, 1.0, 1.1428571428571428, 1.0, 1.0, 1.0, 1.2244897959183674, 2.142857142857143, 1.1527777777777777, 1.3355704697986577, 1.0, 1.0480769230769231, 1.0, 1.0, 1.0, 2.0, 2.0, 1.1984585741811176, 2.5, 1.0192307692307692, 1.2, 1.0, 1.0214881334188581, 1.0, 1.044909475664237, 1.0269210663878725, 1.3513513513513513, 1.0166666666666666, 1.1111111111111112, 1.0, 1.2232142857142858, 1.0, 1.0, 1.1428571428571428, 1.0043644298963448, 1.0, 1.0, 1.0, 1.0, 1.04, 1.1333333333333333, 1.0, 1.0142208774583963, 1.0, 4.0, 1.0, 1.1666666666666667, 1.0, 1.0416666666666667, 1.055045871559633, 1.0, 1.0555555555555556, 1.75, 1.0219948849104858, 1.0318471337579618, 1.1123595505617978, 1.2, 1.1538461538461537, 1.205128205128205, 1.0, 1.0, 1.0, 1.0260532150776054, 1.0, 1.1666666666666667, 1.5517241379310345, 1.2222222222222223, 1.6666666666666667, 1.0, 1.0140500916310324, 1.0, 1.0, 1.411764705882353, 2.0, 1.0, 1.0, 1.0, 1.0, 1.3333333333333333, 1.3, 1.0714285714285714, 1.0, 1.069767441860465, 1.0526118000751596, 1.0, 1.0469798657718121, 1.0, 1.032258064516129, 2.0, 1.0196078431372548, 1.5, 1.054083885209713, 1.5, 1.565217391304348, 1.5, 1.0, 1.0, 1.0, 1.0, 1.0, 1.435897435897436, 1.0392523364485982, 1.2222222222222223, 1.1676470588235295, 1.0666666666666667, 1.0952380952380953, 1.0, 1.3478260869565217, 1.3333333333333333, 1.5151515151515151, 1.0, 3.0, 1.0689655172413792, 3.0, 1.0164835164835164, 2.0, 1.1672, 1.088328075709779, 1.25, 1.0017674089784376, 1.0666666666666667, 1.0053284377378766, 1.0221703617269544, 1.1584158415841583, 1.1205357142857142, 1.0, 1.0097951914514693, 1.0, 1.0, 2.0, 1.0, 1.139344262295082, 1.0, 1.0, 1.5555555555555556, 1.0, 2.1875, 1.0, 1.0, 2.0, 1.0, 1.0, 1.1818181818181819, 1.0063157894736843, 1.079646017699115, 1.263157894736842, 1.2, 2.0, 1.0, 1.0, 1.0, 3.0, 1.0, 1.0, 1.3333333333333333, 1.02, 1.5, 1.4444444444444444, 1.0769230769230769, 1.1546391752577319, 1.003960396039604, 1.0058479532163742, 1.0146225345726592, 1.024376731301939, 1.1666666666666667, 1.0528386734120292, 1.2, 1.0, 1.0, 1.6470588235294117, 1.5277777777777777, 1.5, 1.0649905123339658, 1.034771410173857, 1.00990099009901, 1.0, 1.2682926829268293, 1.065217391304348, 1.0, 1.3157894736842106, 1.0263970263970263, 1.5, 1.0, 1.1443661971830985, 1.0321543408360128, 1.4, 1.0909090909090908, 1.010770703685974, 1.0, 1.1, 1.1111111111111112, 1.0329453894359892, 1.0, 1.0172413793103448, 1.1142857142857143, 1.0, 1.0, 1.3689320388349515, 1.0666666666666667, 2.0, 1.5555555555555556, 1.0, 1.0317970703822794, 3.0, 1.0, 1.123324396782842, 1.0594059405940595, 1.1538461538461537, 2.3333333333333335, 1.0, 1.0857142857142856, 1.0769230769230769, 1.0539663815983487, 1.1271676300578035, 1.1917808219178083, 1.0, 1.2857142857142858, 1.0112540192926045, 1.5294117647058822, 2.0, 1.1904761904761905, 1.0, 1.0, 1.0, 1.0, 1.0, 1.4444444444444444, 1.25, 1.0980392156862746, 1.0, 1.0, 1.0, 1.4, 1.052456839309429, 1.0, 1.0, 1.0084985835694051, 2.0, 1.0, 1.0, 1.25, 1.5263157894736843, 1.0, 1.0, 1.0425531914893618, 1.0, 1.0, 1.289655172413793, 1.2, 1.0, 1.0714285714285714, 2.5, 1.0391304347826087, 1.7333333333333334, 1.011890951276102, 1.0, 1.0, 1.5555555555555556, 1.0285714285714285, 1.3333333333333333, 1.0, 1.4545454545454546, 1.0298507462686568, 2.0, 1.1428571428571428, 1.3235294117647058, 1.0, 1.0, 2.0, 1.0312769628990508, 1.0609756097560976, 1.0, 1.0903954802259888, 1.0, 1.0, 2.0, 1.3170731707317074, 1.003787878787879, 1.5, 1.0292397660818713, 1.0, 1.0467836257309941, 1.5, 1.0434782608695652, 1.0, 1.2162162162162162, 1.0037439161362784, 1.5, 1.0055432372505544, 1.1196581196581197, 1.0, 1.0, 1.0, 1.0357487922705313, 1.02, 1.2222222222222223, 2.0, 1.0, 1.0862068965517242, 1.0422535211267605, 1.0361635220125787, 2.0, 1.0244648318042813, 1.4, 1.0, 1.0, 1.0, 1.0, 1.0492610837438423, 1.0, 1.0, 1.0, 1.0156774916013438, 1.0, 1.0088951914399897, 1.0, 1.0171945701357465, 1.2222222222222223, 1.0, 1.0423634336677814, 1.2727272727272727, 1.0, 1.036173001310616, 1.0, 1.0919645585090132, 1.0, 1.1967509025270757, 1.0, 1.0069245463228271, 1.0, 1.0, 2.0, 2.0, 3.0, 1.1858407079646018, 1.105263157894737, 1.0880829015544042, 1.0, 1.1538461538461537, 1.0196078431372548, 3.0, 1.0, 1.0, 1.5, 1.0, 1.0, 1.6666666666666667, 1.25, 1.0, 1.2, 1.0034346556757685, 1.263157894736842, 1.1666666666666667, 1.0, 1.0, 1.0234875444839857, 1.3333333333333333, 1.0, 1.183673469387755, 1.0, 1.2222222222222223, 1.0, 1.0597439544807965, 1.027027027027027, 1.0, 1.2077922077922079, 1.2916666666666667, 1.0, 1.0, 3.0, 1.0, 1.0, 1.125, 1.0625, 1.1538461538461537, 1.25, 1.0, 1.1862745098039216, 1.1428571428571428, 1.0, 1.0344827586206897, 1.0, 1.0, 1.0, 2.0, 2.0, 1.481375358166189, 1.0, 1.0, 1.625, 1.7692307692307692, 1.1354166666666667, 1.5116279069767442, 1.0, 1.0, 1.1764705882352942, 1.1129032258064515, 1.0, 1.0, 1.1428571428571428, 1.0, 1.0152631578947369, 1.0648148148148149, 1.0384615384615385, 1.1071428571428572, 1.2666666666666666, 1.0, 1.0, 1.0, 1.25, 1.2211538461538463, 1.2608695652173914, 4.0, 1.3488372093023255, 1.0512820512820513, 1.4, 1.0, 1.009043112513144, 1.0, 1.3, 1.040950040950041, 1.1216216216216217, 1.206451612903226, 1.5, 1.1204819277108433, 1.0, 1.0, 1.0362139917695474, 1.0, 1.0153846153846153, 1.0, 1.0161662817551964, 1.0, 1.022408963585434, 1.0, 1.5, 1.0833333333333333, 1.0, 1.0, 2.0, 1.25, 1.0, 1.0, 1.2205438066465257, 1.0420168067226891, 1.0022438294689604, 1.0952380952380953, 1.3043478260869565, 1.0, 1.0666666666666667, 1.4259259259259258, 1.0, 1.009733606557377, 1.0103244837758112, 1.0, 1.0017098888572242, 1.0909090909090908, 2.0, 1.131578947368421, 2.0, 1.1111111111111112, 1.0, 1.0, 1.0612920448478378, 1.0183946488294315, 1.045045045045045, 1.0, 1.0, 1.5, 1.1123595505617978, 1.0217391304347827, 1.0909090909090908, 1.0489236790606653, 1.0, 2.0, 1.0, 1.1428571428571428, 1.34, 1.0, 1.0, 1.0, 1.0, 1.0522648083623694, 1.0, 1.0, 1.0, 1.0, 1.975, 1.0, 1.0769230769230769, 1.0, 2.090909090909091, 1.2321899736147757, 1.0066864784546805, 1.4583333333333333, 1.0, 2.0, 1.0434782608695652, 1.2857142857142858, 1.0, 1.0416956219596942, 1.077079107505071, 1.2857142857142858, 1.0, 1.0484739676840216, 1.0, 1.0, 1.0110691144708424, 1.0497592295345104, 1.0128205128205128, 1.0546875, 1.02020202020202, 1.5714285714285714, 2.0, 1.0147058823529411, 1.0043290043290043, 1.0148148148148148, 1.0, 1.225, 1.1607142857142858, 1.1918367346938776, 1.2571428571428571, 3.0, 1.1390870185449358, 1.0298260149130074, 1.0, 1.3127272727272727, 1.0, 1.1020408163265305, 1.8333333333333333, 1.0256060088767498, 1.1016949152542372, 1.0, 1.5, 1.0, 1.21875, 1.0, 1.0489913544668588, 1.1633636850562399, 1.0161823560118322, 1.0030075187969925, 1.1361867704280155, 1.0, 1.071295433364399, 2.0, 1.0357142857142858, 1.0, 1.25, 1.0, 1.0, 2.0, 2.0, 2.0, 1.0, 2.0, 1.0649350649350648, 1.0, 1.1818181818181819, 1.0471945464079706, 1.0257558790593504, 1.0544554455445545, 1.01, 1.1195652173913044, 1.0, 1.0, 1.0, 1.0, 1.0267379679144386, 1.1428571428571428, 1.029080334423846, 1.5, 2.0, 1.205128205128205, 1.0153846153846153, 1.0492957746478873, 1.0, 1.1510957324106112, 1.0, 1.4545454545454546, 1.263157894736842, 1.2, 1.5, 1.0416666666666667, 2.6666666666666665, 1.0, 1.0, 2.0, 1.0, 1.0348341826079692, 1.0205307961942915, 1.0, 1.25, 1.0, 1.04, 1.0183574879227053, 1.0, 1.1666666666666667, 1.8, 1.0612244897959184, 2.0, 1.0, 1.024745269286754, 1.0, 1.0555555555555556, 1.0, 1.001890359168242, 1.4955752212389382, 1.2127659574468086, 1.0178571428571428, 1.0680958385876418, 2.0, 1.6666666666666667, 1.0, 1.1818181818181819, 2.0, 1.0017211703958693, 1.0, 1.0163934426229508, 1.0781078107810782, 1.5384615384615385, 1.0, 1.1242603550295858, 1.0, 1.0, 1.0010787486515642, 1.0, 1.0619469026548674, 1.25, 1.2, 1.0035222894881672, 1.0, 1.3333333333333333, 1.149390243902439, 1.0126582278481013, 1.085301536344875, 1.0, 1.0481171548117154, 1.25, 1.0342465753424657, 1.0, 1.0, 1.4615384615384615, 1.125, 1.0772113943028485, 1.2119205298013245, 1.009619084263178, 1.0524590163934426, 1.2857142857142858, 1.0919540229885059, 1.6111111111111112, 1.0, 1.14, 1.0261780104712042, 1.0666666666666667, 1.0, 1.3333333333333333, 1.1366666666666667, 1.0, 1.0, 1.5, 1.0, 1.0952380952380953, 1.0087209302325582, 1.0, 1.0593220338983051, 1.5, 1.0, 1.0, 1.0, 1.2653061224489797, 1.0206521739130434, 1.0873015873015872, 1.88, 1.0, 1.0, 1.0329218106995885, 1.0292321116928447, 1.0, 1.0, 1.0, 1.069767441860465, 1.1428571428571428, 1.0, 3.0, 1.0138262261679523, 1.3333333333333333, 1.0, 1.0, 1.087962962962963, 1.25, 1.3125, 1.11, 1.75, 1.4, 1.0, 1.0, 1.0, 1.6491228070175439, 1.0, 1.0264490714687675, 1.1020408163265305, 1.0206896551724138, 1.0, 1.0147136100893326, 1.0067479320853288, 1.6666666666666667, 1.035897435897436, 1.0, 1.0, 1.0444478387047502, 2.0, 1.0232558139534884, 2.3076923076923075, 1.1956521739130435, 1.0, 1.3333333333333333, 1.0637898686679175, 2.0, 1.0, 1.25, 1.6666666666666667, 1.013353115727003, 1.426356589147287, 1.1428571428571428, 1.1047391477499005, 1.0476190476190477, 1.6666666666666667, 1.1, 1.0, 1.0, 1.0, 1.0, 1.0571428571428572, 1.015962441314554, 1.0, 1.5, 2.0, 1.0, 1.0, 1.0, 1.0622568093385214, 1.0239659837649788, 1.103303618248558, 1.0, 1.14713216957606, 1.0064844835572024, 3.0, 1.2142857142857142, 1.0036231884057971, 1.0, 1.5555555555555556, 1.0, 1.0721649484536082, 1.127659574468085, 1.0391459074733096, 1.0018628912071534, 1.0526315789473684, 1.311926605504587, 1.0, 1.1473317865429233, 1.013986013986014, 1.5, 1.0, 1.0289017341040463, 1.0, 1.0, 1.0, 1.0110952040085899, 1.0144230769230769, 1.0338983050847457, 1.1785714285714286, 1.2833333333333334, 2.0, 1.0693069306930694, 1.5, 1.0, 1.0833333333333333, 1.0769230769230769, 1.15625, 1.0, 1.4285714285714286, 1.0160436934630483, 1.0405405405405406, 1.0401606425702812, 1.0, 1.0083891264015488, 1.0, 1.088235294117647, 1.0, 1.0166666666666666, 1.0, 1.0, 1.0, 1.0, 1.0709969788519638, 1.0, 1.0, 1.3333333333333333, 1.0847457627118644, 1.0268832259871186, 1.36, 1.0, 1.8235294117647058, 1.0455062571103526, 1.0120808164965631, 1.0, 1.1689189189189189, 1.0, 1.2857142857142858, 1.0537974683544304, 1.5, 1.0, 1.1111111111111112, 1.0606060606060606, 1.204054054054054, 1.0, 1.0, 1.0, 1.25, 1.2112676056338028, 1.0909090909090908, 1.0869565217391304, 1.0327868852459017, 1.1226611226611227, 1.0975609756097562, 1.0314465408805031, 1.025130890052356, 1.0370106761565836, 1.6666666666666667, 1.0, 1.6428571428571428, 1.205128205128205, 1.1428571428571428, 1.0225225225225225, 1.0, 1.3636363636363635, 1.0197942945856782, 1.25, 1.033203125, 1.0, 2.0, 1.0896366083445492, 1.0, 1.0, 1.0, 1.0, 1.6666666666666667, 1.0, 1.1951219512195121, 1.0, 1.0, 1.0, 1.028205128205128, 1.1738449490994518, 1.0393331596769992, 1.0, 1.075, 1.049645390070922, 1.0270676691729324, 1.0204081632653061, 1.1271604938271604, 1.0, 1.0685714285714285, 1.006269592476489, 1.0833333333333333, 1.034848484848485, 1.1031941031941033, 3.0, 1.1756756756756757, 1.2962962962962963, 2.0, 3.0, 1.0, 1.2666666666666666, 1.0636363636363637, 1.0, 7.0, 3.0, 2.0, 3.0, 1.03203125, 1.3461538461538463, 1.75, 1.1272727272727272, 1.1666666666666667, 1.0, 1.213740458015267, 1.0098068350668647, 1.056113612746796, 1.0076397265782067, 1.6666666666666667, 1.6, 3.0, 1.0, 1.0, 1.1458333333333333, 1.012326656394453, 1.0, 1.237527114967462, 1.0, 1.3076923076923077, 1.1264367816091954, 1.0, 1.2959183673469388, 1.1388888888888888, 1.1904761904761905, 1.1910112359550562, 1.3846153846153846, 1.2201680672268909, 1.0614035087719298, 1.5833333333333333, 1.0, 1.0156657963446476, 1.5, 1.0, 1.0, 1.0, 1.1933333333333334, 1.0109603340292275, 1.0, 1.012133891213389, 1.3333333333333333, 1.205128205128205, 1.0816326530612246, 1.0, 2.0, 1.0110275689223058, 1.178082191780822, 1.0010770059235325, 1.103964757709251, 1.1324503311258278, 1.0, 1.0, 1.0072115384615385, 1.0, 1.05, 1.0870044052863437, 1.2518248175182483, 1.0, 1.0, 1.102439024390244, 1.75, 1.0, 1.0, 1.0159427695452223, 1.0, 1.25, 2.0, 1.0, 1.1666666666666667, 1.054054054054054, 1.0909090909090908, 1.3214285714285714, 1.0318840579710145, 1.5, 1.0129870129870129, 1.0, 1.0, 1.0, 1.0518171160609613, 1.1795918367346938, 1.0680529300567108, 1.3333333333333333, 2.0, 1.1566433566433567, 2.0, 1.12, 1.46484375, 1.5833333333333333, 1.0556607345702385, 1.0062208398133747, 1.2941176470588236, 1.0, 1.5, 1.0, 1.2678571428571428, 1.0, 1.057350979788653, 1.1925243215565797, 1.2, 1.0, 1.2678571428571428, 1.0, 1.3333333333333333, 1.0, 1.3333333333333333, 1.288888888888889, 1.0, 2.5, 1.0124858115777526, 1.0, 1.0, 1.0, 1.24, 1.0154440154440154]
origin-census_12.27 	max: 7.0000	99th: 3.0000	95th: 2.0000	median: 1.0419	mean: 1.2073

...Done, result: results.csv

WORKLOAD-FINISHED | Type: QueryWorkload | Progress: 1/3 | Workload-time: 85.082681 | Model-update-time: 0.000000


WORKLOAD-START | Type: DataUpdateWorkload | Progress: 2/3
Going to run: ['python', '/home/kangping/code_copy/SAUCE/Naru/eval_model.py', '--model=naru', '--data_update=sample', '--dataset=census', '--drift_test=js', '--end2end', '--update_size=8000', '--query_seed=0', '--eval_type=drift']
Torch device: cuda:1
GET-MODEL-PATH=./models/end2end/naru/origin-census-22.5MB-model27.255-data14.989-300epochs-seed0.pt
GET-DATASET-PATH=./data/census/end2end/census_int.npy
Sample - START
Sample - END
load_npy_dataset_from_path - df.shape = (39073, 13)
Parsing... done, took 0.0s
Data updated!
Previous data size: (32561, 13), new data size: (6512, 13)
[2.5033951e-06 1.0728836e-06 1.5914440e-05 1.9073486e-06 1.7285347e-06
 4.2319298e-06 7.1525574e-07 3.2782555e-06 3.5762787e-07 2.6649237e-04
 8.6426735e-06 3.1590462e-06 2.8848648e-05]
Distance score: 2.6065568818012252e-05
SAUCE Drift detection: False
Detection latency: 0.0037s

WORKLOAD-FINISHED | Type: DataUpdateWorkload | Progress: 2/3 | Workload-time: 1.925753 | Model-update-time: 0.000000


WORKLOAD-START | Type: QueryWorkload | Progress: 3/3
Going to run: ['python', '/home/kangping/code_copy/SAUCE/Naru/eval_model.py', '--dataset=census', '--model=naru', '--end2end', '--query_seed=0', '--eval_type=estimate', '--num_workload=3', '--data_update=sample', '--model_update=adapt', '--random_seed=42']
Torch device: cuda:1
GET-MODEL-PATH=./models/end2end/naru/origin-census-22.5MB-model27.255-data14.989-300epochs-seed0.pt
ckpts [PosixPath('/home/kangping/code_copy/SAUCE/models/end2end/naru/origin-census-22.5MB-model27.255-data14.989-300epochs-seed0.pt')]
Validate Argument: DATASET="census" is valid.
data size: 39073, total size: 39073, split index: [32560 39073]
Parsing... done, took 0.0s
Loading ckpt: /home/kangping/code_copy/SAUCE/models/end2end/naru/origin-census-22.5MB-model27.255-data14.989-300epochs-seed0.pt
query_seed:0
origin-census_12.27 	max: 5.0000	99th: 3.0000	95th: 2.0000	median: 1.0849	mean: 1.3134
ReportEsts: [1.2857142857142858, 1.0, 1.4736842105263157, 1.0, 1.1666666666666667, 1.0, 1.0110722610722611, 1.2916666666666667, 1.0, 1.0, 1.0366610265087421, 1.0806451612903225, 1.2264150943396226, 1.1360201511335013, 1.106060606060606, 1.090566037735849, 1.0925925925925926, 1.1111111111111112, 1.0, 2.0, 1.4305555555555556, 1.380952380952381, 1.0, 1.2, 1.0, 1.5, 1.1561461794019934, 1.3522267206477734, 1.0, 1.052251900955352, 1.029739776951673, 1.3636363636363635, 1.0621531631520533, 1.0157657657657657, 1.3846153846153846, 1.1495327102803738, 1.0, 2.0, 1.0, 1.0548947849954253, 1.146341463414634, 1.0, 2.0, 1.0652849740932642, 1.0, 1.6666666666666667, 1.0, 1.2272727272727273, 1.0, 1.0, 1.0158231164204128, 1.2692307692307692, 1.5, 2.125, 1.0295420974889218, 1.0, 1.3333333333333333, 1.0038699690402477, 1.2571428571428571, 1.75, 1.2052631578947368, 2.0, 2.0, 1.1428571428571428, 1.1538461538461537, 1.054354066985646, 1.1646063760572545, 1.0209183673469389, 1.029090909090909, 1.4166666666666667, 1.0701754385964912, 1.4285714285714286, 1.3333333333333333, 1.0285862785862785, 1.0107860320884454, 1.0, 1.0, 1.0, 1.0073597056117756, 1.4, 1.4285714285714286, 1.0, 2.0, 2.0, 1.0982587064676617, 2.0, 1.0, 1.0, 2.0476190476190474, 1.0296803652968036, 1.0, 2.0, 1.060200668896321, 1.0, 1.0847457627118644, 1.4, 3.0, 1.0, 1.033003300330033, 1.8, 1.1538461538461537, 1.119047619047619, 1.3103448275862069, 1.1724137931034482, 1.3709677419354838, 1.186246418338109, 1.2678571428571428, 2.0, 1.0294840294840295, 4.0, 2.0, 1.0714285714285714, 3.111111111111111, 1.2396449704142012, 1.0, 2.0, 1.0156739811912225, 1.0, 1.0, 2.0, 1.0, 1.0, 3.0, 1.206896551724138, 1.086021505376344, 1.0, 1.3863636363636365, 1.2185185185185186, 1.036697247706422, 1.0, 1.0, 1.0221024258760107, 1.029379760609358, 1.0, 1.0833333333333333, 1.118881118881119, 1.0, 1.1310679611650485, 2.0, 2.0, 1.0, 2.0, 1.0, 1.9130434782608696, 1.0, 4.0, 1.0010913456291608, 1.0041689827682045, 1.0, 1.0742887249736566, 1.0951792336217552, 1.0, 1.0311262026032824, 2.0, 1.0, 1.0495049504950495, 1.064676616915423, 1.3157894736842106, 1.0, 1.0047862683611157, 1.8, 1.1197916666666667, 1.2047477744807122, 1.0945273631840795, 1.0625, 1.0230005227391532, 1.0504504504504504, 2.0, 1.0, 1.0, 1.0003299785513942, 1.2916666666666667, 1.0411214953271029, 1.1092564491654022, 1.288659793814433, 1.1843393148450245, 2.0, 1.0, 1.0, 1.4, 2.6, 1.0, 1.027027027027027, 1.2312925170068028, 1.0, 1.0242914979757085, 1.8888888888888888, 2.1666666666666665, 1.0, 2.5, 1.0, 1.0387596899224807, 1.0, 1.3333333333333333, 1.0, 1.011804686102665, 1.0162337662337662, 1.16, 1.0, 1.0, 1.1176470588235294, 1.0, 1.0652741514360313, 1.0, 1.2222222222222223, 1.5757575757575757, 1.0, 1.25, 1.0, 2.0, 1.0, 1.0833333333333333, 1.02294154619736, 2.5, 1.0, 1.0278571428571428, 1.0591133004926108, 1.0, 1.066694897311031, 1.1666666666666667, 2.0, 1.0007268498328246, 1.0, 1.0, 1.0555555555555556, 1.0301204819277108, 1.0, 1.1, 1.1406926406926408, 1.0461538461538462, 2.0, 1.0105633802816902, 2.0, 1.0308842877917042, 1.0, 1.0, 1.2365591397849462, 3.0, 2.0, 1.007303077725613, 1.1372549019607843, 1.0, 1.18, 2.0, 1.2638888888888888, 1.0704225352112675, 2.0, 1.0, 1.0, 1.060215053763441, 1.0814814814814815, 1.4, 1.2857142857142858, 1.0909090909090908, 1.0, 1.0, 1.0064864864864864, 1.1941544885177453, 1.2625, 1.121251629726206, 1.0035487209818128, 1.0, 1.3333333333333333, 1.1428571428571428, 1.047008547008547, 2.0, 1.052910052910053, 1.0, 1.1559802712700369, 1.0, 1.0328638497652582, 1.0, 1.125, 2.0, 1.024126455906822, 1.0, 1.0207221994255231, 1.4222222222222223, 1.0096153846153846, 1.1666666666666667, 1.011509817197021, 1.0, 1.6666666666666667, 1.4230769230769231, 1.0, 1.1951219512195121, 2.0, 1.0, 1.0266666666666666, 1.0, 1.0, 1.0, 1.1333333333333333, 1.0847376023110256, 1.05, 1.5, 1.25, 1.6744186046511629, 1.0, 1.0379700620664476, 1.0434782608695652, 1.0, 1.0, 1.0039543057996485, 1.0, 1.0, 1.653061224489796, 1.0, 1.0, 1.0, 1.0207732256203117, 1.15, 1.0566037735849056, 1.0565181518151816, 1.064034151547492, 1.1720430107526882, 2.0, 1.1666666666666667, 2.0, 2.0, 1.0, 1.012904636920385, 1.0, 1.1051821446895844, 2.0, 1.0, 1.1118932038834952, 1.098360655737705, 1.0, 1.0, 3.0, 1.3333333333333333, 5.0, 1.16158940397351, 1.0, 1.025, 1.0, 1.2727272727272727, 1.0, 1.0696202531645569, 1.0, 1.1666666666666667, 1.0, 1.0, 1.0, 1.4935064935064934, 1.0815450643776825, 1.3333333333333333, 1.0800653594771241, 2.0, 1.0, 2.3333333333333335, 1.1538461538461537, 1.0, 2.3333333333333335, 1.3846153846153846, 1.0, 1.0740740740740742, 1.5, 1.1612903225806452, 1.5, 1.1237327787886664, 1.0296336206896552, 1.0, 1.0082159624413145, 1.0, 2.0, 1.0, 1.0, 1.2222222222222223, 1.018181818181818, 1.163265306122449, 1.155786350148368, 3.0, 1.2831858407079646, 1.1282051282051282, 1.0, 1.05, 2.0, 1.0, 1.0, 1.1923076923076923, 2.0, 1.5885416666666667, 1.0, 1.0833333333333333, 1.8, 1.1153846153846154, 1.0462962962962963, 1.1363636363636365, 1.0, 1.0, 1.2169811320754718, 2.0, 1.0, 1.0021853942815517, 1.1666666666666667, 1.1214953271028036, 1.1680851063829787, 2.0, 1.15, 1.673913043478261, 1.0363128491620113, 2.0, 1.0909090909090908, 1.0, 1.0815752461322081, 1.2, 2.5, 1.0859232175502742, 1.7272727272727273, 2.0, 1.0, 2.0, 2.3333333333333335, 1.1111111111111112, 1.0240963855421688, 1.0690690690690692, 1.0473231357552581, 1.2, 1.8, 1.0, 1.2857142857142858, 1.1111111111111112, 1.9523809523809523, 1.046875, 1.0, 1.0167990919409762, 2.0, 1.075075075075075, 3.0, 3.0, 1.1481481481481481, 1.0, 1.0, 1.0, 1.0127439267224214, 1.3846153846153846, 1.0223799783419565, 2.0, 2.0, 1.5, 2.0, 1.0, 1.1111111111111112, 1.464, 2.125, 1.0, 1.0909090909090908, 1.0, 1.0, 3.0, 1.1875, 1.0555555555555556, 1.0076759061833689, 1.0454545454545454, 1.0241208950886371, 1.0, 1.0565217391304347, 1.0, 1.0184873949579831, 2.0, 1.0932642487046633, 1.0, 1.1780383795309168, 1.0, 1.0, 1.1660777385159011, 1.0769230769230769, 1.0057857701329163, 1.6666666666666667, 1.018347050754458, 1.119205298013245, 2.0, 2.0, 1.007977354606279, 1.2189054726368158, 1.0, 1.0, 1.0210526315789474, 2.0, 1.3333333333333333, 1.0849812934259755, 1.3, 2.0, 1.0060493252675664, 1.5, 1.105263157894737, 1.0, 1.0233576642335767, 1.0, 3.0, 1.1139028475711892, 1.220472440944882, 1.064516129032258, 1.0, 1.1111111111111112, 1.0, 1.046337817638266, 1.5, 1.5, 1.0449438202247192, 1.044125609095831, 1.0725540491022352, 1.0344827586206897, 1.1753554502369667, 1.75, 1.6875, 1.136094674556213, 1.0048076923076923, 2.0, 1.0, 1.036734693877551, 1.1666666666666667, 1.0384615384615385, 2.0, 1.0, 2.0, 1.0, 1.5, 1.3333333333333333, 1.3670212765957446, 1.2065217391304348, 1.271604938271605, 1.4285714285714286, 1.2619047619047619, 1.1111111111111112, 1.0, 1.2222222222222223, 2.0, 1.5, 1.25, 1.0330882352941178, 1.0, 2.0, 1.2857142857142858, 1.0167224080267558, 1.3537117903930131, 2.0, 3.0, 2.0, 1.0, 1.0, 1.0, 1.0041705282669138, 1.0133037694013303, 1.0621183966020706, 1.007058537179019, 1.2334801762114538, 1.0, 2.0, 1.0569867291178767, 1.0365296803652968, 2.0, 1.0160320641282565, 1.0, 1.0959016393442622, 1.0488241881298992, 2.0, 1.3636363636363635, 1.1333333333333333, 1.0952380952380953, 1.009462365591398, 1.0, 2.0, 1.1490683229813665, 1.0, 1.0, 1.0225261464199518, 1.0, 1.0, 2.0, 1.5294117647058822, 1.0829694323144106, 1.1041666666666667, 1.0046875, 1.2727272727272727, 1.2528735632183907, 1.0563002680965148, 1.0, 1.0434340006786562, 1.1256097560975609, 2.0, 4.0, 2.0, 2.0, 1.0355140186915888, 1.0980392156862746, 2.0, 1.012216404886562, 1.6, 2.0, 1.6666666666666667, 3.0, 1.004255319148936, 1.6666666666666667, 1.0, 2.0, 1.7142857142857142, 2.375, 1.2962962962962963, 1.0072115384615385, 1.3333333333333333, 4.5, 1.1935483870967742, 1.0315789473684212, 1.0102349869451697, 1.0522388059701493, 1.0706586826347306, 1.1209302325581396, 1.0448877805486285, 1.0, 1.0, 1.0443956043956044, 1.1207598371777476, 1.5555555555555556, 1.027937551355793, 1.2808510638297872, 1.0, 1.0074812967581048, 1.0217391304347827, 1.2413793103448276, 1.0769230769230769, 1.0348837209302326, 1.1111111111111112, 1.2, 1.0678336980306347, 2.0, 1.3026315789473684, 1.0133333333333334, 1.3333333333333333, 1.0, 1.0061558399481614, 1.0, 1.0909090909090908, 1.2297297297297298, 1.14, 1.2857142857142858, 1.15625, 1.0, 1.0, 1.0934959349593496, 1.0, 1.0484501172180256, 1.0294117647058822, 1.0, 1.6111111111111112, 1.0625, 1.1311475409836065, 1.0, 2.0, 1.607843137254902, 1.0, 1.0607734806629834, 1.0705563093622794, 1.1388888888888888, 1.2235649546827794, 1.2549019607843137, 1.4, 1.0154984641161686, 1.0, 1.462962962962963, 1.0833333333333333, 1.0, 2.3333333333333335, 1.5, 5.0, 1.5, 1.0, 1.4090909090909092, 1.0, 1.0226415094339623, 1.2008928571428572, 1.0, 1.0, 2.0, 2.0, 1.0, 1.0, 1.1176470588235294, 1.2222222222222223, 1.0909090909090908, 1.1557377049180328, 1.8571428571428572, 1.4179104477611941, 1.0, 1.0350877192982457, 1.0, 1.0, 1.0, 1.0613737734165922, 1.75, 1.0583941605839415, 1.5395348837209302, 1.0, 1.0, 1.0, 2.0, 2.0, 1.0020716548866684, 2.0, 1.0824742268041236, 1.28, 1.027715996578272, 5.0, 1.6666666666666667, 1.0070063694267517, 1.5, 1.021088769004414, 1.1578947368421053, 1.0, 2.0, 1.0, 1.1267056530214425, 1.0263157894736843, 1.6666666666666667, 1.1111111111111112, 1.0384615384615385, 2.0, 1.0, 1.0, 1.0, 1.0232558139534884, 1.25, 1.1479974968710889, 1.0223084384093113, 2.0, 2.0, 2.0, 1.0522875816993464, 1.034445289579485, 1.05125, 2.0, 1.014732965009208, 1.0292721518987342, 1.5, 1.2352941176470589, 1.0075414781297134, 1.0, 1.4090909090909092, 1.0, 1.0275229357798166, 1.0, 1.0148148148148148, 1.096969696969697, 1.2564102564102564, 1.3956521739130434, 1.6666666666666667, 1.0, 1.3, 1.0, 1.6666666666666667, 3.0, 2.0, 1.4198473282442747, 1.0065005417118094, 1.0603448275862069, 2.0, 1.25, 2.0, 1.3529411764705883, 1.040625, 1.025, 1.263157894736842, 1.1358024691358024, 1.0175438596491229, 2.0, 1.175531914893617, 2.0, 2.0, 1.0, 1.3, 2.0, 1.0499053926206243, 2.0, 1.3333333333333333, 1.0769230769230769, 1.0250173731758165, 1.0615384615384615, 1.0672451193058567, 1.0, 1.0324074074074074, 1.2272727272727273, 1.1944444444444444, 1.0, 2.0714285714285716, 1.0035087719298246, 1.088235294117647, 1.088235294117647, 1.0761904761904761, 1.5333333333333334, 1.0, 1.3076923076923077, 1.0393671817512877, 1.0, 1.0338078291814947, 1.2, 1.1111111111111112, 2.0, 1.5384615384615385, 2.0, 2.0, 2.0, 1.1538461538461537, 1.0246913580246915, 1.046875, 1.0, 3.0, 1.1142857142857143, 1.141304347826087, 2.5, 1.2272727272727273, 1.0259365994236311, 1.0634441087613293, 1.28, 2.0, 1.0, 1.0666666666666667, 1.7272727272727273, 1.0786516853932584, 2.0, 1.0, 1.0005567928730512, 1.0, 1.140625, 1.0184573316622991, 1.1666666666666667, 1.0819672131147542, 1.040983606557377, 1.1507246376811595, 1.0472706809229038, 3.0, 1.0258249641319943, 1.2704918032786885, 1.0359836242189184, 1.0, 1.0985915492957747, 1.0191431175934367, 1.1311475409836065, 1.0028595341051751, 2.0, 1.2608695652173914, 1.0, 3.0, 1.0670470756062767, 1.0172413793103448, 1.1597883597883598, 1.021978021978022, 1.043956043956044, 1.1051136363636365, 1.2222222222222223, 1.0726915520628684, 1.1387163561076605, 2.75, 1.3058823529411765, 1.2727272727272727, 2.0, 1.4067796610169492, 2.0, 1.0816326530612246, 1.0610687022900764, 2.0, 1.0217909131010146, 1.1870967741935483, 1.0430379746835443, 1.2765957446808511, 2.0, 1.1124164938954157, 1.8, 1.25, 2.0, 1.6666666666666667, 1.0354342143479525, 1.0794392523364487, 2.0, 1.0, 1.325, 1.7, 1.0, 1.0357142857142858, 1.4, 2.0, 1.0843373493975903, 1.1290322580645162, 1.375, 1.0, 1.1532301121195943, 2.0, 1.4285714285714286, 1.0, 1.0515463917525774, 2.0, 1.0248387659055256, 2.0, 1.033226679793256, 1.0476190476190477, 2.0, 1.2529550827423168, 1.0638977635782747, 1.0205902539464653, 1.0494505494505495, 1.25, 1.8571428571428572, 1.0757876809537326, 1.038327526132404, 2.0, 1.0, 1.0, 1.2425249169435215, 1.380952380952381, 1.0, 1.0235294117647058, 1.71875, 1.0506776664702415, 1.033639143730887, 1.0, 1.0030853616729516, 2.0, 1.0360360360360361, 1.0303030303030303, 1.0833333333333333, 1.0019940179461615, 1.3333333333333333, 2.0, 1.0101936799184505, 1.0, 1.069672131147541, 1.3448275862068966, 2.0, 1.2571428571428571, 1.6346153846153846, 1.0344827586206897, 1.0, 1.2173913043478262, 2.0, 1.060931899641577, 1.0, 1.3880597014925373, 1.0430504305043051, 1.0, 1.2222222222222223, 1.0, 3.0, 1.0, 1.0210124164278893, 1.1310043668122272, 1.0689655172413792, 1.75, 1.0, 1.0714285714285714, 1.0657229524772498, 1.0668449197860963, 1.3591331269349844, 1.625, 1.1584401418052905, 1.0525812619502868, 3.0, 1.1388349514563108, 1.0, 1.0, 1.0, 1.0, 1.0808080808080809, 1.2219286657859973, 1.2941176470588236, 1.0, 1.2686567164179106, 2.0, 1.1923076923076923, 1.0, 1.1666666666666667, 1.3846153846153846, 1.3333333333333333, 1.0192149970708846, 1.0, 1.0, 1.1069418386491556, 1.0149253731343284, 1.0666666666666667, 1.0991596638655463, 1.151969981238274, 1.0338937816920202, 1.0, 1.0, 2.0, 1.2294455066921606, 1.0496215306980656, 1.0641221374045802, 1.014604116113957, 3.0, 2.0, 1.2282157676348548, 1.0, 1.3333333333333333, 2.0, 1.0, 1.0, 1.0315457413249212, 2.0, 1.1875]
origin-census_12.27 	max: 5.0000	99th: 3.0000	95th: 2.0000	median: 1.0849	mean: 1.3134

...Done, result: results.csv

WORKLOAD-FINISHED | Type: QueryWorkload | Progress: 3/3 | Workload-time: 88.472887 | Model-update-time: 0.000000


Experiment Summary: #data-update-times=1, #drift=0 | total-time=175.620865