Input arguments = Namespace(data_update='valueskew', update_size=8000, dataset='census', debug=False, drift_test='js', model_update='adapt', model='naru', end2end=False, query_seed=0, random_seed=42, num_workload=3)
JSON-passed parameters = {'data_updater': {'skew_ratio': '1e-2'}, 'random_seed': 24, 'naru': {'epochs': 0}}
MODEL-PATH=/home/kangping/code_copy/SAUCE/models/end2end/naru/origin-census-22.5MB-model27.255-data14.989-300epochs-seed0.pt
DATASET-PATH=/home/kangping/code_copy/SAUCE/data/census/end2end/census_int.npy
Workloads: ['QueryWorkload', 'DataUpdateWorkload', 'QueryWorkload']

WORKLOAD-START | Type: QueryWorkload | Progress: 1/3
Going to run: ['python', '/home/kangping/code_copy/SAUCE/Naru/eval_model.py', '--dataset=census', '--model=naru', '--query_seed=0', '--end2end', '--eval_type=first_estimate', '--num_workload=3', '--data_update=valueskew', '--model_update=adapt', '--random_seed=42']
Torch device: cuda:1
GET-MODEL-PATH=./models/end2end/naru/origin-census-22.5MB-model27.255-data14.989-300epochs-seed0.pt
ckpts [PosixPath('/home/kangping/code_copy/SAUCE/models/end2end/naru/origin-census-22.5MB-model27.255-data14.989-300epochs-seed0.pt')]
Validate Argument: DATASET="census" is valid.
load_csv_dataset - census (32561, 13)
Parsing... done, took 0.0s
Loading ckpt: /home/kangping/code_copy/SAUCE/models/end2end/naru/origin-census-22.5MB-model27.255-data14.989-300epochs-seed0.pt
query_seed:0
origin-census_12.27 	max: 4.5000	99th: 3.0000	95th: 2.0000	median: 1.0416	mean: 1.2039
ReportEsts: [1.0, 1.1716363636363636, 1.1971830985915493, 2.0, 1.0317460317460319, 1.0515021459227467, 1.0, 1.2142857142857142, 1.0, 1.0, 1.0, 1.129251700680272, 2.142857142857143, 1.1216216216216217, 1.259493670886076, 1.5, 1.1295336787564767, 1.0, 1.0, 1.0, 1.5, 2.0, 1.3526011560693643, 2.5, 1.119718309859155, 1.4, 1.0, 1.0159661127403063, 1.0, 1.0477310134023043, 1.0198640878201777, 1.3513513513513513, 1.0, 1.0, 1.0, 1.1875, 1.5, 1.008230452674897, 1.0, 1.0043644298963448, 1.0, 1.0, 1.0, 1.0, 1.12, 1.1333333333333333, 1.0, 1.0015128593040847, 1.0, 4.0, 1.0, 1.2727272727272727, 1.0, 1.0, 1.0871559633027523, 1.0, 1.0740740740740742, 1.75, 1.0007507507507507, 1.0064102564102564, 1.1, 1.0909090909090908, 1.1923076923076923, 1.2307692307692308, 1.0, 1.0, 1.0, 1.0162074554294975, 1.0, 1.1666666666666667, 1.4285714285714286, 1.2941176470588236, 1.6666666666666667, 1.0, 1.0158827122785583, 1.0, 1.0, 1.411764705882353, 2.0, 1.0, 1.0, 1.0, 1.0, 1.3333333333333333, 1.2543859649122806, 1.1538461538461537, 1.0, 1.0952380952380953, 1.0071403070332023, 1.0, 1.0469798657718121, 1.0, 1.032258064516129, 2.0, 1.0326797385620916, 1.5, 1.0235798499464095, 2.0, 1.5824175824175823, 1.5, 1.0, 1.0, 1.0, 1.0, 1.0, 1.033210332103321, 1.0046948356807512, 1.1481481481481481, 1.1342857142857143, 1.032258064516129, 1.3478260869565217, 1.0, 1.3478260869565217, 1.2222222222222223, 1.5151515151515151, 1.0, 3.0, 1.103448275862069, 3.0, 1.008108108108108, 2.0, 1.1464, 1.0391566265060241, 1.25, 1.00141392718275, 1.1, 1.0092147255809771, 1.0465949820788532, 1.1818181818181819, 1.1280898876404495, 1.0, 1.0347284060552093, 1.0, 1.0, 2.0, 1.0, 1.0145985401459854, 1.0, 1.0, 1.5555555555555556, 1.0, 2.0588235294117645, 1.0, 1.0, 2.0, 1.0, 1.0, 1.1818181818181819, 1.0263016639828233, 1.0081967213114753, 1.0526315789473684, 1.2, 2.0, 1.0, 1.0, 1.0, 3.0, 1.0, 1.0, 1.3333333333333333, 1.06, 1.5, 1.625, 1.0769230769230769, 1.1626297577854672, 1.0119760479041917, 1.0058823529411764, 1.0092949444570392, 1.020419426048565, 1.1978609625668448, 1.070897655803316, 1.2, 1.0, 1.0, 1.6470588235294117, 1.3940092165898617, 1.25, 1.0866408518877058, 1.1139729555698648, 1.02, 1.0, 1.2380952380952381, 1.065217391304348, 1.0260869565217392, 1.263157894736842, 1.0084803466419066, 1.5, 1.0, 1.0833333333333333, 1.0482315112540193, 1.6363636363636365, 1.0909090909090908, 1.0064346997140134, 1.0, 1.0666666666666667, 1.1111111111111112, 1.0443151298119964, 1.0, 1.0545454545454545, 1.0685714285714285, 1.0, 1.0392156862745099, 1.3300970873786409, 1.0666666666666667, 2.0, 1.4, 1.0, 1.042590027700831, 4.0, 1.0, 1.0787589498806682, 1.1505376344086022, 1.1538461538461537, 2.1666666666666665, 1.0, 1.2, 1.0769230769230769, 1.1179230528620583, 1.1329479768786128, 1.1643835616438356, 1.0, 1.2857142857142858, 1.0031796502384738, 1.4054054054054055, 2.0, 1.2910798122065728, 1.0, 1.0, 1.0, 1.0, 1.0, 1.625, 1.2, 1.1666666666666667, 1.0, 1.0, 1.0, 1.4, 1.046480743691899, 1.0, 1.0, 1.1986531986531987, 2.0, 1.0, 1.0, 1.25, 1.5263157894736843, 1.0, 1.0, 1.0638297872340425, 1.0, 1.0, 1.25503355704698, 1.0, 1.0, 1.0, 2.5, 1.0434782608695652, 1.793103448275862, 1.003439380911436, 1.0, 1.0, 1.5555555555555556, 1.0294117647058822, 1.3333333333333333, 1.0, 1.6, 1.0149253731343284, 2.0, 1.2142857142857142, 1.1764705882352942, 1.0, 1.0, 2.0, 1.0719730941704035, 1.0517241379310345, 1.0, 1.0197740112994351, 1.0, 1.0, 1.7272727272727273, 1.2926829268292683, 1.0038022813688212, 1.25, 1.0803571428571428, 1.0, 1.0083798882681565, 1.5, 1.0344827586206897, 1.0, 1.1842105263157894, 1.001875468867217, 1.5, 1.0011025358324146, 1.0916666666666666, 1.0, 1.0, 1.08, 1.0752256770310933, 1.06, 1.3333333333333333, 2.0, 1.0, 1.125, 1.0633802816901408, 1.0314465408805031, 2.0, 1.0061162079510704, 1.4, 1.0, 1.0, 1.0, 1.0, 1.0812182741116751, 1.0, 1.0, 1.0, 1.0212765957446808, 1.0, 1.006005622284692, 1.0, 1.0237801111797407, 1.0476190476190477, 1.0, 1.0903010033444815, 1.2727272727272727, 1.0, 1.036173001310616, 1.0, 1.0895203177512984, 1.0, 1.1470588235294117, 1.0, 1.010671093194214, 1.0, 1.0, 2.0, 2.0, 3.0, 1.2123893805309736, 1.105263157894737, 1.0714285714285714, 1.0, 1.0714285714285714, 1.0196078431372548, 3.0, 1.0119047619047619, 1.0, 1.5, 1.0, 1.0, 1.6666666666666667, 1.0714285714285714, 1.0, 1.1, 1.012536493216555, 1.3333333333333333, 1.0, 1.0, 1.0, 1.0083449235048678, 1.3333333333333333, 1.0, 1.183673469387755, 1.0, 1.0476190476190477, 1.0, 1.0405027932960893, 1.121212121212121, 1.0, 1.1735015772870663, 1.2083333333333333, 1.0, 1.0, 3.0, 1.0, 1.0, 1.0909090909090908, 1.1041666666666667, 1.125, 1.2349397590361446, 1.0, 1.1634615384615385, 1.1428571428571428, 1.0, 1.0481927710843373, 1.0, 1.0, 1.0, 1.0, 2.0, 1.4401114206128134, 1.0, 1.0, 1.625, 1.4615384615384615, 1.0416666666666667, 1.5348837209302326, 1.0, 1.0, 1.1764705882352942, 1.1129032258064515, 1.0, 1.0, 1.126984126984127, 1.0, 1.008812856402281, 1.0648148148148149, 1.04, 1.0, 1.2, 1.0, 1.0, 1.4375, 1.25, 1.3229166666666667, 1.3181818181818181, 4.5, 1.1153846153846154, 1.0512820512820513, 1.2, 1.0, 1.007983193277311, 1.0, 1.1818181818181819, 1.0600500417014178, 1.1216216216216217, 1.1835443037974684, 3.0, 1.1325301204819278, 1.0, 1.0, 1.0141903171953255, 1.2, 1.0384615384615385, 1.0, 1.069284064665127, 1.0, 1.028169014084507, 1.0, 1.5, 1.0833333333333333, 1.0, 1.0, 2.0, 1.3888888888888888, 1.0, 1.0, 1.274447949526814, 1.0530973451327434, 1.0261780104712042, 1.0952380952380953, 1.3043478260869565, 1.0, 1.0, 1.4537037037037037, 1.0, 1.0206454918032788, 1.0073529411764706, 1.0, 1.0216216216216216, 1.0909090909090908, 1.0, 1.105263157894737, 2.0, 1.1111111111111112, 1.0, 1.0, 1.0395160395160394, 1.1544401544401544, 1.0357142857142858, 1.0, 1.0, 1.5, 1.076086956521739, 1.108695652173913, 1.06993006993007, 1.0367504835589942, 1.0, 2.0, 1.0, 1.2857142857142858, 1.3743589743589744, 1.0, 1.0, 1.0, 1.0, 1.0785714285714285, 1.0, 1.0, 1.25, 1.0, 1.6122448979591837, 1.0, 1.1538461538461537, 1.0, 2.090909090909091, 1.1899736147757256, 1.0118081180811809, 1.3888888888888888, 1.0, 2.0, 1.0, 1.2857142857142858, 1.0, 1.0316586373021335, 1.1493506493506493, 1.2857142857142858, 1.0, 1.082585278276481, 1.1428571428571428, 1.0, 1.0089893761917734, 1.0337078651685394, 1.3220338983050848, 1.0482954545454546, 1.0454545454545454, 1.8333333333333333, 2.0, 1.0147058823529411, 1.0280172413793103, 1.0195286195286195, 1.0, 1.225, 1.1403508771929824, 1.1774193548387097, 1.2571428571428571, 3.0, 1.197151424287856, 1.0163532297628781, 1.0, 1.2581818181818183, 1.0, 1.0408163265306123, 1.5714285714285714, 1.007048306687296, 1.1016949152542372, 1.0, 1.5, 1.0, 1.3448275862068966, 1.0, 1.0520231213872833, 1.1425565491846397, 1.0222300017503938, 1.0183767228177643, 1.1102661596958174, 1.0, 1.1011183597390495, 2.0, 1.16, 1.0, 1.3829787234042554, 1.0, 1.0, 1.8571428571428572, 2.0, 4.0, 1.0, 2.0, 1.103896103896104, 1.0, 1.2727272727272727, 1.0309386470896695, 1.0260436614324013, 1.0492610837438423, 1.0309278350515463, 1.1318681318681318, 1.0, 1.0, 1.0, 1.0, 1.023454157782516, 1.7142857142857142, 1.0492957746478873, 1.3333333333333333, 2.0, 1.2702702702702702, 1.0153846153846153, 1.1374045801526718, 1.0, 1.168396770472895, 1.0, 1.4242424242424243, 1.263157894736842, 1.2, 1.5, 1.0416666666666667, 2.6666666666666665, 1.0, 1.0, 2.0, 1.0, 1.0423523515161641, 1.0300450676014021, 1.0, 1.21875, 1.0, 1.04, 1.0363815142576205, 1.0, 1.1433333333333333, 1.8, 1.0612244897959184, 2.0, 1.0, 1.0058224163027656, 1.0, 1.1111111111111112, 1.0, 1.0005671077504725, 1.3716814159292035, 1.0555555555555556, 1.0357142857142858, 1.005938242280285, 2.0, 1.6666666666666667, 1.0, 1.1818181818181819, 2.0, 1.0344234079173837, 1.0, 1.0338983050847457, 1.0113519091847265, 1.5384615384615385, 1.0, 1.0382513661202186, 1.0, 1.0, 1.0218211206896552, 1.0, 1.0434782608695652, 1.25, 1.1666666666666667, 1.0074585938356915, 1.0, 1.3333333333333333, 1.1859756097560976, 1.0063291139240507, 1.0793396010089429, 1.0, 1.0209205020920502, 1.25, 1.0399449035812671, 1.0, 1.0, 1.4615384615384615, 1.125, 1.0742128935532234, 1.1655629139072847, 1.006974041069353, 1.0354838709677419, 1.25, 1.0919540229885059, 1.5, 1.0, 1.1176470588235294, 1.0261780104712042, 1.0666666666666667, 1.0, 1.3666666666666667, 1.1066666666666667, 1.0, 1.0, 1.0714285714285714, 1.0, 1.0952380952380953, 1.0222868217054264, 1.0, 1.0254237288135593, 1.5, 1.0, 1.0, 1.0, 1.3265306122448979, 1.0130434782608695, 1.0396825396825398, 1.6206896551724137, 1.0, 1.0, 1.0329218106995885, 1.0089441535776615, 1.0, 1.0, 1.0, 1.0502283105022832, 1.1428571428571428, 1.0, 3.0, 1.0180468636297482, 1.3333333333333333, 1.0, 1.0, 1.1519607843137254, 1.25, 1.3125, 1.099009900990099, 1.75, 1.375, 2.0, 1.0, 1.0, 1.540983606557377, 1.0, 1.0509939498703544, 1.173913043478261, 1.0144706778370145, 1.0, 1.0126116657908566, 1.0254680017414017, 1.2666666666666666, 1.041237113402062, 1.0, 1.0, 1.0171102661596958, 2.0, 1.075, 1.7647058823529411, 1.2173913043478262, 1.0, 1.3333333333333333, 1.074108818011257, 2.0, 1.0, 1.25, 1.6666666666666667, 1.032640949554896, 1.441860465116279, 1.0909090909090908, 1.1276422764227643, 1.0158730158730158, 1.6666666666666667, 1.1, 1.0454545454545454, 1.0, 1.0, 1.0, 1.0277777777777777, 1.1125964010282776, 1.0, 1.5, 2.0, 1.0, 1.0, 1.0, 1.0876494023904382, 1.026876857475126, 1.0193798449612403, 1.0, 1.216931216931217, 1.0078232857800276, 3.0, 1.2142857142857142, 1.0090252707581226, 1.0, 1.3333333333333333, 1.0, 1.4923076923076923, 1.1063829787234043, 1.1150793650793651, 1.0085533655634065, 1.0396039603960396, 1.238532110091743, 1.0, 1.1554524361948957, 1.0413793103448277, 1.4166666666666667, 1.009433962264151, 1.030989272943981, 1.0, 1.0, 1.0, 1.0150916277398492, 1.0096153846153846, 1.0166666666666666, 1.1785714285714286, 1.2833333333333334, 2.0, 1.0297029702970297, 1.4285714285714286, 1.0, 1.0208333333333333, 1.0, 1.1625, 1.0, 1.4285714285714286, 1.0074462684041292, 1.0, 1.008097165991903, 1.0, 1.010762331838565, 1.0, 1.088235294117647, 1.0, 1.0, 1.0, 1.0, 1.1666666666666667, 1.0, 1.0350364963503649, 1.0, 1.0, 1.0, 1.1016949152542372, 1.0344727694090383, 1.38, 1.0, 1.9411764705882353, 1.0415564790328673, 1.0122453179666597, 1.0, 1.2183098591549295, 1.0, 1.3142857142857143, 1.0571428571428572, 1.5, 1.0, 1.1111111111111112, 1.0606060606060606, 1.139386189258312, 1.0, 1.0, 1.0, 1.6666666666666667, 1.2816901408450705, 1.0909090909090908, 1.0745341614906831, 1.0327868852459017, 1.0384615384615385, 1.1029411764705883, 1.111864406779661, 1.0076788830715533, 1.091385767790262, 1.2380952380952381, 1.0, 1.7692307692307692, 1.3823529411764706, 1.0952380952380953, 1.026431718061674, 1.0, 1.3636363636363635, 1.013196196390452, 1.3297872340425532, 1.0467275494672754, 1.0, 2.0, 1.0345003833375925, 1.0, 1.0, 1.0, 1.0, 1.6666666666666667, 1.0, 1.2926829268292683, 1.0454545454545454, 1.0, 1.0, 1.017766497461929, 1.1650259067357513, 1.0121765601217656, 1.0, 1.1625, 1.0638297872340425, 1.0286144578313252, 1.0638297872340425, 1.1527777777777777, 1.0, 1.116734693877551, 1.0658307210031348, 1.0833333333333333, 1.0459418070444104, 1.108641975308642, 3.0, 1.2702702702702702, 1.2962962962962963, 2.0, 1.875, 1.0, 1.3333333333333333, 1.0833333333333333, 1.0, 1.8571428571428572, 3.0, 2.0, 3.0, 1.04375, 1.3725490196078431, 1.75, 1.1818181818181819, 1.1333333333333333, 1.0, 1.2213740458015268, 1.0062407132243685, 1.0445357999314835, 1.014274061990212, 1.6666666666666667, 1.6, 3.0, 1.0, 1.0, 1.1702127659574468, 1.0467741935483872, 1.0, 1.2255965292841648, 1.0, 1.4166666666666667, 1.101123595505618, 1.0, 1.351063829787234, 1.1833616298811545, 1.0677966101694916, 1.1573033707865168, 1.125, 1.232597623089983, 1.1140350877192982, 1.6666666666666667, 1.0, 1.0103896103896104, 1.5, 1.0, 1.0, 1.0, 1.1557575757575758, 1.0515743756786102, 1.0, 1.0297643654402646, 1.3333333333333333, 1.0256410256410255, 1.1122448979591837, 1.0, 2.0, 1.006051437216339, 1.131578947368421, 1.0064550833781603, 1.0529411764705883, 1.14, 1.0, 1.0, 1.0297029702970297, 1.0, 1.05, 1.0185758513931888, 1.2293906810035842, 1.0, 1.0, 1.102439024390244, 1.75, 1.0, 1.0, 1.006785497265546, 1.0, 1.1363636363636365, 2.0, 1.0, 1.1666666666666667, 1.0263157894736843, 1.0909090909090908, 1.3214285714285714, 1.0347826086956522, 1.5, 1.2380952380952381, 1.0, 1.0, 1.0, 1.009905447996398, 1.1529255319148937, 1.1370510396975426, 1.3333333333333333, 1.0, 1.1797432239657633, 2.0, 1.25, 1.4018691588785046, 1.5833333333333333, 1.0303030303030303, 1.0633958103638368, 1.375, 1.0, 1.5, 1.0, 1.2678571428571428, 1.0, 1.0310124049619849, 1.2441239316239316, 1.2, 1.0, 1.2544642857142858, 1.0, 1.6666666666666667, 1.0, 1.3333333333333333, 1.4666666666666666, 1.0, 2.5, 1.0080091533180777, 1.0, 1.0, 1.0526315789473684, 1.2, 1.0366795366795367]
origin-census_12.27 	max: 4.5000	99th: 3.0000	95th: 2.0000	median: 1.0416	mean: 1.2039

...Done, result: results.csv

WORKLOAD-FINISHED | Type: QueryWorkload | Progress: 1/3 | Workload-time: 86.216268 | Model-update-time: 0.000000


WORKLOAD-START | Type: DataUpdateWorkload | Progress: 2/3
Going to run: ['python', '/home/kangping/code_copy/SAUCE/Naru/eval_model.py', '--model=naru', '--data_update=valueskew', '--dataset=census', '--drift_test=js', '--end2end', '--update_size=8000', '--query_seed=0', '--eval_type=drift']
Torch device: cuda:1
GET-MODEL-PATH=./models/end2end/naru/origin-census-22.5MB-model27.255-data14.989-300epochs-seed0.pt
GET-DATASET-PATH=./data/census/end2end/census_int.npy
ValueSample - START
ValueSample - END
load_npy_dataset_from_path - df.shape = (39073, 13)
Parsing... done, took 0.0s
Data updated!
Previous data size: (32561, 13), new data size: (6512, 13)
[5.9604645e-07 1.5497208e-06 1.7285347e-06 9.4898343e-03 1.2516975e-06
 1.3113022e-06 2.5629997e-06 1.3709068e-06 3.6954880e-06 8.8453293e-05
 2.9802322e-07 3.6954880e-06 4.5895576e-06]
Distance score: 0.0007385336211882532
SAUCE Drift detection: True
Detection latency: 0.0037s

DRIFT-DETECTED after 2-th workload
Going to run: ['python', '/home/kangping/code_copy/SAUCE/Naru/incremental_train.py', '--dataset=census', '--end2end', '--model=naru', '--model_update=adapt', '--update_size=8000', '--epochs=0']
Torch device: cuda:1
GET-MODEL-PATH=./models/end2end/naru/origin-census-22.5MB-model27.255-data14.989-300epochs-seed0.pt
update_size: 6512
AdaptTask - START
GET-DATASET-PATH=./data/census/end2end/census_int.npy
load_npy_dataset_from_path - df.shape = (39073, 13)
Parsing... done, took 0.0s
done, took 0.0s
dataset size: 39073
train data shape: torch.Size([6512, 13]), transfer data shape:torch.Size([1302, 13])
Training done; evaluating likelihood on full data:
Epoch None Iter 0, test loss 21.2007 nats / 30.5862 bits
Saved to: /home/kangping/code_copy/SAUCE/models/end2end/naru/origin-census-22.5MB-model27.255-data14.989-300epochs-seed0.pt
AdaptTask - END

WORKLOAD-FINISHED | Type: DataUpdateWorkload | Progress: 2/3 | Workload-time: 1.949275 | Model-update-time: 3.976641


WORKLOAD-START | Type: QueryWorkload | Progress: 3/3
Going to run: ['python', '/home/kangping/code_copy/SAUCE/Naru/eval_model.py', '--dataset=census', '--model=naru', '--end2end', '--query_seed=0', '--eval_type=estimate', '--num_workload=3', '--data_update=valueskew', '--model_update=adapt', '--random_seed=42']
Torch device: cuda:1
GET-MODEL-PATH=./models/end2end/naru/origin-census-22.5MB-model27.255-data14.989-300epochs-seed0.pt
ckpts [PosixPath('/home/kangping/code_copy/SAUCE/models/end2end/naru/origin-census-22.5MB-model27.255-data14.989-300epochs-seed0.pt')]
Validate Argument: DATASET="census" is valid.
data size: 39073, total size: 39073, split index: [32560 39073]
Parsing... done, took 0.0s
Loading ckpt: /home/kangping/code_copy/SAUCE/models/end2end/naru/origin-census-22.5MB-model27.255-data14.989-300epochs-seed0.pt
query_seed:0
origin-census_12.27 	max: 8.5000	99th: 3.0000	95th: 2.0000	median: 1.1039	mean: 1.2951
ReportEsts: [1.2584269662921348, 1.0, 1.4146341463414633, 1.0, 1.6, 1.069182389937107, 1.022887323943662, 1.376068376068376, 1.0, 1.0, 1.046927374301676, 1.2457142857142858, 1.2857142857142858, 1.144702842377261, 1.3484848484848484, 1.12106135986733, 1.2564529558701083, 1.1639344262295082, 1.0, 1.0, 1.8571428571428572, 1.173913043478261, 1.0, 1.0714285714285714, 1.0, 1.5, 1.7142857142857142, 1.2807692307692307, 1.125, 1.261462497060898, 1.0301244269810086, 1.1132075471698113, 1.0111185234600846, 1.1047835990888382, 1.1176470588235294, 1.1904761904761905, 1.0, 2.0, 1.25, 1.3574660633484164, 1.0461538461538462, 1.0, 2.0, 1.0345179738562091, 1.0, 1.3333333333333333, 1.0, 1.5064935064935066, 1.0, 1.0, 1.0141928266797176, 1.0384615384615385, 1.0, 1.103448275862069, 1.041237113402062, 2.0, 1.5, 1.0156924284032953, 1.1061946902654867, 1.8333333333333333, 1.2346938775510203, 3.0, 1.4545454545454546, 1.1666666666666667, 1.0106382978723405, 1.0320761693473839, 1.0572715572715572, 1.1036924633282752, 1.007380073800738, 1.3333333333333333, 1.4192825112107623, 1.0677966101694916, 1.3333333333333333, 1.0166835187057635, 1.2990033222591362, 1.0, 1.125, 1.4134615384615385, 1.0324616771866546, 1.6, 1.2037037037037037, 1.0, 1.0, 2.0, 1.086696562032885, 2.0, 1.0, 1.0, 1.3170731707317074, 1.1934604904632153, 1.0, 2.0, 1.0549828178694158, 1.0, 1.0545454545454545, 1.4666666666666666, 1.5, 1.0, 1.3240740740740742, 1.6, 1.1794871794871795, 1.312, 1.1818181818181819, 1.1666666666666667, 1.7959183673469388, 1.2462908011869436, 1.0555555555555556, 1.6, 1.0456998920474991, 1.0, 1.0, 1.3611111111111112, 2.6666666666666665, 1.2041785375118708, 1.0, 1.0, 1.0616057233704292, 1.0, 1.0, 1.0, 1.0, 1.0, 3.0, 1.1290322580645162, 2.0, 1.0, 1.343042071197411, 1.229090909090909, 1.0089285714285714, 1.0, 1.036484771573604, 1.0032476319350474, 1.2184517497348886, 1.0, 1.0769230769230769, 1.4110169491525424, 1.0, 1.291899070385126, 2.0, 1.0, 1.0, 2.0, 1.0, 1.4583333333333333, 1.0, 1.0, 1.0042730360468939, 1.054263565891473, 1.0, 1.0658973072420137, 1.1433962264150943, 1.0, 1.0880800222283968, 1.0932203389830508, 1.0, 1.12565445026178, 1.0654205607476634, 1.1904761904761905, 1.0, 1.0016537125847527, 1.4, 1.1865284974093264, 1.1790209790209791, 1.0765472312703583, 1.1379310344827587, 1.0811480881090874, 1.0287769784172662, 1.0, 1.2142857142857142, 1.4, 1.202020202020202, 1.051948051948052, 1.019515389652914, 1.0015384615384615, 1.5687382297551788, 1.2314049586776858, 1.0, 1.5, 1.0, 2.0, 1.5, 1.0, 1.1048951048951048, 1.1525974025974026, 2.0, 1.0203252032520325, 1.7777777777777777, 1.8571428571428572, 1.0, 2.0, 1.0, 1.2264150943396226, 1.0, 1.3333333333333333, 1.0, 1.0016014234875446, 1.1068840579710144, 1.206896551724138, 2.0, 1.0666666666666667, 1.15625, 1.0, 1.0668380462724936, 1.0118556701030927, 1.2156862745098038, 1.2307692307692308, 2.0, 1.0, 1.0, 3.0, 1.5, 1.2307692307692308, 1.0030006317119393, 1.5, 2.0, 1.0724137931034483, 1.4473684210526316, 1.0, 1.0123456790123457, 1.0, 1.8, 1.0229698888316279, 1.0, 1.0, 1.18125, 1.0382513661202186, 1.1923076923076923, 1.588235294117647, 1.0599078341013826, 1.1311475409836065, 2.0, 1.0370705244122966, 1.0, 1.0690894297918503, 3.0, 1.0, 1.4123711340206186, 2.0, 1.0, 1.0396702730551262, 1.2241379310344827, 1.0, 1.0426829268292683, 3.0, 1.2320819112627985, 1.04, 2.0, 1.0, 1.0268171338429801, 1.3627167630057804, 1.0802919708029197, 1.6363636363636365, 1.0625, 1.0, 1.0, 1.090628853267571, 1.0844444444444445, 1.1194605009633911, 1.1226993865030674, 1.324905183312263, 1.0273790143554833, 1.0, 3.0, 1.9230769230769231, 1.2238805970149254, 2.0, 1.121212121212121, 1.0, 1.1572192513368984, 1.0, 1.0744810744810744, 1.0, 1.1333333333333333, 2.0, 1.0281512605042016, 1.0, 1.1166666666666667, 1.26, 1.0098684210526316, 1.4, 1.0936863543788187, 1.0, 1.6666666666666667, 1.037037037037037, 1.0071942446043165, 1.1951219512195121, 1.3333333333333333, 1.0, 1.0, 1.0, 1.0, 1.0, 1.0666666666666667, 1.0656697009102731, 1.5384615384615385, 1.0355329949238579, 1.3, 3.0, 1.0625, 1.0322349570200573, 1.1666666666666667, 2.0, 1.0, 1.164576802507837, 1.0, 1.0, 1.5319148936170213, 1.0, 1.0, 1.0, 1.0248674698795182, 1.0587349397590362, 1.304635761589404, 1.0457516339869282, 4.0, 1.1219512195121952, 2.0, 1.1666666666666667, 1.0, 1.0, 1.0, 1.0488832701222082, 1.0, 1.0863217213114753, 2.0, 1.0, 1.0902663209992929, 1.1, 1.0, 1.0, 3.0, 1.3333333333333333, 3.0, 1.0054945054945055, 1.0, 1.1142857142857143, 1.0, 1.3, 3.0, 8.5, 1.0, 2.0, 1.0, 1.0, 1.0, 1.4556962025316456, 1.0602409638554218, 1.125, 1.1184433164128595, 2.0, 2.0, 2.3333333333333335, 1.3636363636363635, 1.0, 2.0, 1.16, 1.0, 1.0, 1.8333333333333333, 1.4528301886792452, 1.3333333333333333, 1.1239393160195423, 1.0189520624303232, 1.0740740740740742, 1.0438489646772229, 1.0, 2.0, 1.0, 1.0, 1.1777777777777778, 1.0526315789473684, 1.4042553191489362, 1.179182156133829, 1.0, 1.1311475409836065, 1.0235294117647058, 1.0, 1.1954022988505748, 1.0, 1.0, 1.0, 1.1538461538461537, 2.0, 1.5495049504950495, 1.0, 1.0521739130434782, 1.3, 1.0344827586206897, 1.212962962962963, 1.5, 2.0, 1.0, 1.1767441860465115, 2.0, 1.0, 1.075516547814957, 1.0, 1.0640465793304221, 1.0936863543788187, 1.6666666666666667, 1.1746031746031746, 1.4651162790697674, 1.0049751243781095, 1.3333333333333333, 1.0, 1.0, 1.0815450643776825, 1.2432432432432432, 1.0, 1.0506329113924051, 1.8235294117647058, 2.0, 1.0, 3.0, 2.0, 1.0, 1.0, 1.129692832764505, 1.0182328190743337, 1.0, 1.0, 1.0, 1.4615384615384615, 1.2214285714285715, 1.56, 1.0346820809248556, 2.0, 1.0406433384046947, 1.0, 1.052863436123348, 2.0, 1.7142857142857142, 1.2916666666666667, 1.0, 1.0, 1.0, 1.0226445612616255, 1.5, 1.0214311660007265, 2.0, 2.0, 2.0, 1.104494382022472, 1.0, 1.1875, 1.4960629921259843, 2.0, 1.0, 1.3, 1.0, 1.0, 2.0, 1.1875, 1.0673076923076923, 1.2261904761904763, 1.0476190476190477, 1.07048157535582, 1.0, 1.2461538461538462, 1.0, 1.1072124756335282, 3.0, 1.0229885057471264, 1.0, 1.1281512605042017, 1.0, 1.0, 1.2206405693950177, 1.0357142857142858, 1.0018720748829952, 1.0169491525423728, 1.0288294546717611, 1.002079002079002, 2.0, 1.5, 1.1809961685823755, 1.2268041237113403, 1.0, 1.0, 1.0674157303370786, 1.0, 1.0, 1.0421209117938552, 1.1111111111111112, 1.0, 1.2297895902547065, 1.6666666666666667, 1.2666666666666666, 1.0, 1.1353448275862068, 1.0, 1.5, 1.3333333333333333, 1.0, 4.0, 1.0, 1.4285714285714286, 1.0, 1.2782764811490126, 1.5, 1.0, 1.0116279069767442, 1.15061988921129, 1.1087668242997453, 1.043452380952381, 1.3075601374570447, 1.875, 1.375, 1.043010752688172, 1.0382775119617225, 1.0, 1.0, 1.051094890510949, 1.4, 1.037037037037037, 1.0, 1.0, 2.0, 2.0, 2.0, 2.0, 1.2525252525252526, 1.3373493975903614, 1.1003039513677813, 1.125, 1.1141304347826086, 1.1428571428571428, 1.0, 1.3142857142857143, 2.0, 1.0, 1.25, 1.206008583690987, 1.5, 1.0, 1.5703125, 1.0317725752508362, 1.0759493670886076, 1.0, 1.6363636363636365, 1.0, 1.0, 1.0, 1.25, 1.2222841225626742, 1.0111358574610245, 1.039768238082697, 1.0049528871708142, 1.195744680851064, 1.0, 1.2530120481927711, 1.0238214643931796, 1.1549295774647887, 2.0, 1.0838709677419356, 1.0, 1.1140350877192982, 1.0489601386481802, 3.0, 1.5, 1.0454545454545454, 1.0434782608695652, 1.0629203310915676, 1.0, 1.0, 1.213855421686747, 1.0, 1.0, 1.007636655948553, 1.0, 1.0, 1.0, 1.25, 1.2746113989637307, 1.02, 1.0574088440651668, 1.3333333333333333, 1.2380952380952381, 1.1314338235294117, 1.0, 1.02031905961377, 1.0037615740740742, 3.0, 3.0, 3.0, 1.3333333333333333, 1.0018181818181817, 1.235632183908046, 2.0, 1.0173410404624277, 1.4, 1.0, 1.3333333333333333, 2.0, 1.031111111111111, 1.3333333333333333, 1.0, 2.0, 1.1508379888268156, 1.1016666666666666, 1.25, 1.0043859649122806, 1.2, 3.5, 1.0330578512396693, 1.0648527767424525, 1.0232020997375328, 1.0712945590994372, 1.0455075845974329, 1.4147727272727273, 1.0666666666666667, 1.0, 1.0, 1.058144695960941, 1.0644736842105262, 1.7058823529411764, 1.0245901639344261, 1.3775100401606426, 1.0, 1.0615006150061501, 1.0, 1.25, 1.0, 1.0470588235294118, 1.125, 1.0, 1.1515919356615623, 3.0, 1.2703412073490814, 1.045327868852459, 1.3181818181818181, 1.0, 1.018229594350468, 1.0, 2.0, 1.1975308641975309, 1.0576923076923077, 1.3478260869565217, 2.5, 1.0, 1.0, 1.0134099616858236, 1.0, 1.156845238095238, 1.0451977401129944, 1.0, 1.2777777777777777, 1.1365853658536584, 1.4033333333333333, 1.0, 2.0, 1.2941176470588236, 1.0, 1.065934065934066, 1.0587449933244326, 1.4444444444444444, 1.0, 1.691275167785235, 1.4285714285714286, 1.0486471713582945, 1.0, 1.4665226781857452, 1.0, 1.0, 1.0727272727272728, 1.5, 5.0, 1.5, 1.0, 1.2533333333333334, 2.0, 1.0391304347826087, 1.1710526315789473, 1.0, 1.0, 2.0, 1.0, 1.0, 1.0, 1.174089068825911, 1.3333333333333333, 1.1815286624203822, 1.104, 1.5, 1.338235294117647, 1.0, 1.5423728813559323, 1.0, 1.0, 1.0, 1.05386542591267, 1.75, 1.4130434782608696, 1.1086647727272727, 1.0, 1.0, 1.0, 1.0, 1.0, 1.0920471281296023, 2.0, 1.0, 1.7894736842105263, 1.0504241281809614, 2.0, 1.3333333333333333, 1.0961506961506962, 1.5, 1.4038461538461537, 1.3333333333333333, 2.3333333333333335, 1.5, 1.0, 1.4802744425385934, 1.0263157894736843, 1.75, 4.0, 1.3846153846153846, 1.0833333333333333, 1.0, 1.0, 1.0, 1.2857142857142858, 1.25, 1.111842105263158, 1.0162213740458015, 1.0, 1.0, 1.0, 1.2549019607843137, 1.0266796284294664, 1.001188589540412, 1.0, 1.0912280701754387, 1.1523239760699493, 1.5, 1.1764705882352942, 1.043343653250774, 1.0, 1.037037037037037, 1.0, 1.3885714285714286, 1.0, 1.013793103448276, 1.0689655172413792, 1.4615384615384615, 1.4615384615384615, 2.0, 1.0, 1.5434782608695652, 1.4, 1.0, 3.0, 2.0, 1.1904761904761905, 1.0017921146953406, 1.112094395280236, 2.0, 1.25, 2.0, 1.2105263157894737, 1.1793313069908815, 1.173913043478261, 1.3529411764705883, 1.1428571428571428, 1.1582278481012658, 3.0, 1.202127659574468, 2.0, 1.0, 2.0, 1.2, 1.0482573726541555, 1.3291753291753292, 1.6666666666666667, 1.0, 1.0901639344262295, 1.0535588442565187, 1.1330798479087452, 1.2670967741935484, 1.0, 1.3236714975845412, 1.16, 1.1428571428571428, 1.0, 1.8333333333333333, 1.0189328743545611, 1.1037735849056605, 1.2333333333333334, 1.1578947368421053, 1.5555555555555556, 1.0, 1.0769230769230769, 1.0627038782167453, 2.0, 1.1741424802110818, 1.16, 1.5, 2.0, 1.4615384615384615, 1.25, 2.0, 3.0, 1.3846153846153846, 1.141304347826087, 1.2452830188679245, 1.5384615384615385, 3.0, 1.0129870129870129, 1.4831460674157304, 3.142857142857143, 1.3333333333333333, 1.0492091388400704, 1.0311581422692533, 1.25, 2.0, 1.0, 1.576086956521739, 1.542857142857143, 1.010909090909091, 3.0, 1.0, 2.0, 1.0, 1.1549295774647887, 1.0180087175957788, 1.4482758620689655, 1.1016949152542372, 1.2647058823529411, 1.0333333333333334, 1.1565217391304348, 1.5, 1.0860759493670886, 1.2661290322580645, 1.0179607318161534, 1.0, 1.0256410256410255, 1.32171581769437, 1.3821138211382114, 1.0024373259052926, 2.0, 1.0089659294680215, 1.0, 2.0, 1.098883572567783, 1.0363636363636364, 1.0646221248630887, 1.1866666666666668, 1.1124694376528117, 1.0328767123287672, 1.032258064516129, 1.0651192778852354, 1.0946502057613168, 1.8, 1.4864864864864864, 1.0238095238095237, 2.0, 1.3333333333333333, 1.0, 1.1820224719101124, 1.1162790697674418, 1.0, 1.0161304310120545, 1.3333333333333333, 1.1349862258953167, 1.0, 2.0, 1.0, 1.4, 1.3333333333333333, 1.0, 1.2, 1.0255453501722158, 1.0923317683881064, 1.45, 2.0, 1.1764705882352942, 1.125, 1.0, 1.1111111111111112, 1.3389830508474576, 1.0, 1.1341463414634145, 1.0975609756097562, 1.4444444444444444, 1.0, 1.1379310344827587, 2.0, 1.5714285714285714, 1.0, 1.2289156626506024, 2.0, 1.0331062194269742, 2.0, 1.107665805340224, 1.018450184501845, 2.0, 1.1365740740740742, 1.4285714285714286, 1.242627345844504, 1.0216216216216216, 1.318840579710145, 1.4285714285714286, 1.1092954728100723, 1.1956782713085234, 1.0, 1.0, 1.0, 1.3053691275167785, 1.2547021943573669, 1.0, 1.2571428571428571, 1.46875, 1.067949488875526, 1.0276073619631902, 1.0, 1.133085501858736, 2.0, 1.045045045045045, 1.1737967914438503, 1.1666666666666667, 1.0458015267175573, 1.2857142857142858, 1.0, 1.046535677352637, 1.0, 1.0136363636363637, 1.0731707317073171, 2.25, 1.2941176470588236, 1.803921568627451, 1.2083333333333333, 1.0, 1.0833333333333333, 2.0, 1.023972602739726, 1.1538461538461537, 1.1635094715852443, 1.28998778998779, 1.0, 1.0, 1.0, 2.0, 1.0, 1.0642165579924916, 1.303448275862069, 1.044776119402985, 1.0, 1.0, 1.0, 1.0875486381322956, 1.0728643216080402, 1.4315286624203822, 1.8571428571428572, 1.2734375, 1.0161137440758294, 4.0, 1.0106288751107175, 1.2491935483870968, 1.0, 1.0, 1.0, 1.1033333333333333, 1.205603448275862, 1.4705882352941178, 1.0, 1.1265822784810127, 1.0, 1.12, 1.0, 1.4, 1.32, 1.6666666666666667, 1.0228767069991829, 1.2247191011235956, 1.0, 1.2, 1.0422535211267605, 1.1, 1.1238532110091743, 1.0834845735027223, 1.0491190603310196, 1.0, 1.0, 2.0, 1.16696269982238, 1.1074313408723748, 1.0318471337579618, 1.002667852378835, 1.0595482546201231, 2.0, 1.4913151364764268, 1.0, 1.0, 1.1428571428571428, 1.0, 1.5, 1.0521365224402042, 3.0, 1.25]
origin-census_12.27 	max: 8.5000	99th: 3.0000	95th: 2.0000	median: 1.1039	mean: 1.2951

...Done, result: results.csv

WORKLOAD-FINISHED | Type: QueryWorkload | Progress: 3/3 | Workload-time: 85.786794 | Model-update-time: 0.000000


Experiment Summary: #data-update-times=1, #drift=1 | total-time=178.024424