Input arguments = Namespace(data_update='sample', update_size=8000, dataset='census', debug=False, drift_test='js', model_update='adapt', model='naru', end2end=False, query_seed=0, random_seed=42, num_workload=3)
JSON-passed parameters = {'data_updater': {'skew_ratio': '1e-2'}, 'random_seed': 1, 'naru': {'epochs': 0}}
MODEL-PATH=/home/kangping/code_copy/SAUCE/models/end2end/naru/origin-census-22.5MB-model27.255-data14.989-300epochs-seed0.pt
DATASET-PATH=/home/kangping/code_copy/SAUCE/data/census/end2end/census_int.npy
Workloads: ['QueryWorkload', 'DataUpdateWorkload', 'QueryWorkload']

WORKLOAD-START | Type: QueryWorkload | Progress: 1/3
Going to run: ['python', '/home/kangping/code_copy/SAUCE/Naru/eval_model.py', '--dataset=census', '--model=naru', '--query_seed=0', '--end2end', '--eval_type=first_estimate', '--num_workload=3', '--data_update=sample', '--model_update=adapt', '--random_seed=42']
Torch device: cuda:1
GET-MODEL-PATH=./models/end2end/naru/origin-census-22.5MB-model27.255-data14.989-300epochs-seed0.pt
ckpts [PosixPath('/home/kangping/code_copy/SAUCE/models/end2end/naru/origin-census-22.5MB-model27.255-data14.989-300epochs-seed0.pt')]
Validate Argument: DATASET="census" is valid.
load_csv_dataset - census (32561, 13)
Parsing... done, took 0.0s
Loading ckpt: /home/kangping/code_copy/SAUCE/models/end2end/naru/origin-census-22.5MB-model27.255-data14.989-300epochs-seed0.pt
query_seed:0
origin-census_12.27 	max: 7.0000	99th: 3.0000	95th: 2.0000	median: 1.0433	mean: 1.2110
ReportEsts: [1.0, 1.1361071932299012, 1.0845070422535212, 2.0, 1.0317460317460319, 1.053648068669528, 1.0, 1.1428571428571428, 1.0, 1.0, 1.0, 1.163265306122449, 2.142857142857143, 1.1527777777777777, 1.236024844720497, 1.0, 1.0954773869346734, 1.0, 1.0, 1.0, 3.0, 2.0, 1.1946050096339114, 2.5, 1.0125786163522013, 1.2, 1.0, 1.0214881334188581, 1.0, 1.0383258876087467, 1.0104547830632515, 1.3243243243243243, 1.0163934426229508, 1.1111111111111112, 1.0, 1.2142857142857142, 1.5, 1.016597510373444, 1.0, 1.0210759844703272, 1.0, 1.0, 1.0, 1.0, 1.08, 1.1590909090909092, 1.0, 1.0096822995461423, 1.0, 4.0, 1.0, 1.1666666666666667, 1.0, 1.1666666666666667, 1.0596330275229358, 1.0, 1.0384615384615385, 1.75, 1.0206896551724138, 1.0129032258064516, 1.0879120879120878, 1.0, 1.1923076923076923, 1.2435897435897436, 1.0, 1.0, 1.0, 1.023217247097844, 1.0, 1.1666666666666667, 1.3432835820895523, 1.2222222222222223, 1.6666666666666667, 1.0, 1.0226023213194868, 1.0, 1.0, 1.411764705882353, 2.0, 1.0, 1.0, 1.0, 1.0, 1.3333333333333333, 1.2654867256637168, 1.0714285714285714, 1.0, 1.0952380952380953, 1.000357142857143, 1.0, 1.04, 1.0, 1.064516129032258, 2.0, 1.0196078431372548, 1.5, 1.0694288913773795, 2.25, 1.565217391304348, 1.5, 1.0, 1.0, 1.0, 1.0, 1.0, 1.2173913043478262, 1.015180265654649, 1.2592592592592593, 1.1574344023323615, 1.032258064516129, 1.2608695652173914, 1.0, 1.3043478260869565, 1.4444444444444444, 1.5151515151515151, 1.0, 3.0, 1.103448275862069, 3.0, 1.0297297297297296, 2.0, 1.1672, 1.032934131736527, 1.25, 1.023683280311064, 1.0666666666666667, 1.0129483419806, 1.0008568980291346, 1.2580645161290323, 1.1130820399113082, 1.0, 1.0142475512021372, 1.0, 1.0, 2.0, 1.0, 1.0030927835051546, 1.0, 1.0, 1.5555555555555556, 1.0, 2.3333333333333335, 1.0, 1.0, 2.0, 1.0, 1.0, 1.1363636363636365, 1.0116402116402117, 1.0338983050847457, 1.0526315789473684, 1.2, 2.0, 1.0, 1.0, 1.5, 1.5, 1.0, 1.0, 1.3333333333333333, 1.06, 1.5, 1.4444444444444444, 1.0769230769230769, 1.1936056838365896, 1.1203155818540433, 1.0, 1.0088050314465409, 1.0260821309655939, 1.1789473684210525, 1.0376731301939057, 1.2, 1.0, 1.0, 1.6470588235294117, 1.5552699228791773, 1.25, 1.0819277108433736, 1.1513200257566, 1.0851063829787233, 1.0, 1.2892561983471074, 1.065217391304348, 1.1346153846153846, 1.263157894736842, 1.0049966072419962, 1.5, 1.0, 1.0869565217391304, 1.0418006430868167, 1.2857142857142858, 1.0909090909090908, 1.0163658243080627, 1.0, 1.1, 1.1111111111111112, 1.0431512981199642, 1.0, 1.0357142857142858, 1.0914285714285714, 1.0, 1.02, 1.3689320388349515, 1.0666666666666667, 2.0, 1.5555555555555556, 1.0, 1.0225069252077563, 3.0, 1.0, 1.1551312649164678, 1.1505376344086022, 1.1538461538461537, 2.0, 1.0, 1.0857142857142856, 1.0384615384615385, 1.029971181556196, 1.092485549132948, 1.1917808219178083, 1.0, 1.2857142857142858, 1.0261011419249593, 1.4054054054054055, 2.0, 1.2304250559284116, 1.0, 1.0, 1.0, 1.0, 1.0, 1.4444444444444444, 1.25, 1.1568627450980393, 1.0, 1.0, 1.0, 1.4, 1.0292164674634794, 1.0, 1.0, 1.144694533762058, 2.0, 1.0, 1.0, 1.25, 1.5263157894736843, 1.0, 1.0, 1.0638297872340425, 1.0, 1.0061349693251533, 1.4384615384615385, 1.2, 1.0, 1.0, 1.6666666666666667, 1.0391304347826087, 1.793103448275862, 1.0216691068814057, 1.0, 1.0, 1.5555555555555556, 1.0606060606060606, 2.0, 1.0, 1.4545454545454546, 1.0255102040816326, 2.0, 1.2142857142857142, 1.1176470588235294, 1.0, 1.0, 2.0, 1.010141559264737, 1.0135922330097087, 1.0, 1.0567164179104478, 1.0, 1.0, 2.090909090909091, 1.2926829268292683, 1.0114942528735633, 1.5, 1.0771103896103895, 1.0, 1.1173184357541899, 1.5, 1.0526315789473684, 1.0, 1.2162162162162162, 1.0175238095238095, 1.5, 1.0011037527593818, 1.1441048034934498, 1.0, 1.0, 1.08, 1.0899847483477376, 1.02, 1.2222222222222223, 2.0, 1.0, 1.1666666666666667, 1.028169014084507, 1.0188679245283019, 2.0, 1.0380952380952382, 1.4, 1.0, 1.0, 1.0, 1.0, 1.097938144329897, 1.0, 1.0, 1.0, 1.0369540873460246, 1.0, 1.013599274705349, 1.0, 1.0075987841945289, 1.1, 1.0, 1.0211817168338908, 1.2727272727272727, 1.0, 1.0322411533420708, 1.0, 1.0956309196455851, 1.0, 1.2054545454545456, 1.0, 1.0201565093668485, 1.0, 1.0, 2.0, 2.0, 3.0, 1.247787610619469, 1.105263157894737, 1.0659898477157361, 1.0, 1.0344827586206897, 1.0196078431372548, 3.0, 1.024390243902439, 1.0, 1.75, 1.0, 1.0, 1.6666666666666667, 1.25, 1.0, 1.2, 1.0253565768621236, 1.2, 1.0, 1.0, 1.0, 1.0511695906432748, 1.3333333333333333, 1.0, 1.163265306122449, 1.0, 1.0, 1.0, 1.0419580419580419, 1.0471698113207548, 1.0, 1.1735015772870663, 1.2291666666666667, 1.0, 1.0, 3.0, 1.0, 1.0, 1.0909090909090908, 1.0625, 1.0975609756097562, 1.305732484076433, 1.0, 1.3595505617977528, 1.1428571428571428, 1.0, 1.103448275862069, 1.0, 1.0, 1.0, 1.0, 2.0, 1.5205882352941176, 1.0, 1.0, 1.625, 1.8461538461538463, 1.032258064516129, 1.5348837209302326, 1.0, 1.0, 1.1764705882352942, 1.078125, 1.0, 1.065217391304348, 1.1904761904761905, 1.0, 1.0129600829445309, 1.0952380952380953, 1.0384615384615385, 1.0714285714285714, 1.1333333333333333, 1.0, 1.0, 1.0625, 1.25, 1.309278350515464, 1.3181818181818181, 4.0, 1.2210526315789474, 1.0769230769230769, 1.4, 1.0, 1.007919966652772, 1.0, 1.3, 1.0752961082910322, 1.1182432432432432, 1.2222222222222223, 2.2, 1.144578313253012, 1.0, 1.0, 1.0098765432098766, 1.25, 1.0461538461538462, 1.0, 1.043879907621247, 1.0, 1.010958904109589, 1.0, 1.5, 1.0833333333333333, 1.0, 1.0, 2.0, 1.1904761904761905, 1.0, 1.0, 1.191740412979351, 1.0258620689655173, 1.0611111111111111, 1.119047619047619, 1.3478260869565217, 1.0, 1.0, 1.4814814814814814, 1.0, 1.0191086065573771, 1.0034063260340633, 1.0, 1.013655761024182, 1.0909090909090908, 1.0, 1.0789473684210527, 2.0, 1.1111111111111112, 1.0, 1.0, 1.033778562755271, 1.103321033210332, 1.0357142857142858, 1.0, 1.0, 1.5, 1.1123595505617978, 1.0217391304347827, 1.0909090909090908, 1.0347490347490347, 1.0, 2.0, 1.0, 1.2857142857142858, 1.4408602150537635, 1.0, 1.0, 1.0, 1.0, 1.0785714285714285, 1.0, 1.0, 1.25, 1.0, 1.7555555555555555, 1.0, 1.3076923076923077, 1.1818181818181819, 2.090909090909091, 1.1741424802110818, 1.0162361623616236, 1.4166666666666667, 1.0, 2.0, 1.0, 1.2857142857142858, 1.0, 1.0526685393258426, 1.144396551724138, 1.2857142857142858, 1.0, 1.0610412926391382, 1.1428571428571428, 1.0, 1.0051295896328294, 1.0096308186195826, 1.1470588235294117, 1.0426136363636365, 1.0092226613965745, 1.8333333333333333, 2.0, 1.0147058823529411, 1.019396551724138, 1.0316498316498317, 1.0, 1.240506329113924, 1.1403508771929824, 1.1967213114754098, 1.1714285714285715, 3.0, 1.1464465183058148, 1.0209171359613838, 1.0, 1.2945454545454544, 1.6666666666666667, 1.0816326530612246, 1.5714285714285714, 1.0108398770911573, 1.0655737704918034, 1.0, 3.0, 1.0, 1.3448275862068966, 1.0, 1.1818181818181819, 1.1953769950467803, 1.0165361183637946, 1.0150375939849625, 1.0936329588014981, 1.0, 1.1491146318732526, 1.0, 1.0357142857142858, 1.0, 1.3356164383561644, 1.0, 1.0, 2.0, 2.0, 4.0, 1.0, 2.0, 1.0649350649350648, 1.0, 1.1818181818181819, 1.019926586261143, 1.028742067935797, 1.0757575757575757, 1.06, 1.0729166666666667, 1.0, 1.0, 1.0, 1.0, 1.0367170626349893, 1.0, 1.069108761329305, 1.5, 2.0, 1.2702702702702702, 1.0153846153846153, 1.0875912408759123, 1.0, 1.1557093425605536, 1.0, 1.4242424242424243, 1.263157894736842, 1.2, 1.5, 1.0416666666666667, 3.0, 1.0, 1.0, 2.0, 1.0, 1.044023055717985, 1.0330495743615422, 1.0, 1.28125, 1.0, 1.04, 1.0213178294573644, 1.0, 1.1666666666666667, 1.8, 1.0282485875706215, 2.0, 1.0, 1.017467248908297, 1.0, 1.0555555555555556, 1.0, 1.0220247295208655, 1.592920353982301, 1.0363636363636364, 1.0, 1.0405405405405406, 2.0, 1.6666666666666667, 1.0, 1.2272727272727273, 2.0, 1.008605851979346, 1.0, 1.0427350427350428, 1.0240334378265412, 1.6666666666666667, 1.0, 1.0614525139664805, 1.0, 1.0, 1.0125477359519912, 1.0, 1.0619469026548674, 1.25, 1.2352941176470589, 1.0143687616540529, 1.0, 1.4, 1.1768292682926829, 1.0379746835443038, 1.0431093785828938, 1.0, 1.0047071129707112, 1.25, 1.0013262599469497, 1.0, 1.0, 1.4615384615384615, 1.125, 1.083208395802099, 1.1059602649006623, 1.0053866871873798, 1.0439024390243903, 1.2162162162162162, 1.0919540229885059, 1.5555555555555556, 1.0, 1.0555555555555556, 1.0209424083769634, 1.0666666666666667, 1.0, 1.3666666666666667, 1.2033333333333334, 1.0, 1.0, 1.2857142857142858, 1.0, 1.0476190476190477, 1.051356589147287, 1.0, 1.0350877192982457, 1.5, 1.0, 1.0, 1.0, 1.2653061224489797, 1.0130434782608695, 1.1031746031746033, 1.7407407407407407, 1.0, 1.0, 1.0781893004115226, 1.0039421813403417, 1.0, 1.0, 1.0, 1.055045871559633, 1.1428571428571428, 1.0, 3.0, 1.027797991558725, 1.3333333333333333, 1.0, 1.0, 1.0779816513761469, 1.25, 1.3125, 1.0373831775700935, 1.75, 1.3508771929824561, 1.0, 1.0, 1.0, 1.6491228070175439, 1.0, 1.0508425752556532, 1.125, 1.0277777777777777, 1.0, 1.0354703100367841, 1.0108837614279496, 1.2, 1.0687830687830688, 1.0, 1.0, 1.0078970459198595, 2.0, 1.0617283950617284, 1.7647058823529411, 1.2391304347826086, 1.0, 1.3333333333333333, 1.0656660412757974, 2.0, 1.0, 1.25, 1.6666666666666667, 1.0445103857566767, 1.426356589147287, 1.0434782608695652, 1.0810600155884644, 1.0476190476190477, 1.6666666666666667, 1.15, 1.0454545454545454, 1.0, 1.0, 1.0, 1.0277777777777777, 1.056640625, 1.0, 1.5, 2.0, 1.0, 1.0, 1.0, 1.105263157894737, 1.0344962249414216, 1.0298580518844835, 1.0, 1.1948051948051948, 1.0064427059364933, 3.0, 1.2142857142857142, 1.0183823529411764, 1.0, 1.5555555555555556, 1.0, 1.2125, 1.198581560283688, 1.093385214007782, 1.0167348456675345, 1.0687022900763359, 1.1039755351681957, 1.0, 1.1160092807424593, 1.006896551724138, 1.4166666666666667, 1.0047169811320755, 1.0184971098265896, 1.0, 1.0, 1.0, 1.0154565061107117, 1.0048076923076923, 1.0166666666666666, 1.32, 1.2833333333333334, 2.0, 1.1287128712871286, 1.5, 1.0, 1.0416666666666667, 1.0, 1.16875, 1.0, 1.4285714285714286, 1.0021837728876197, 1.0, 1.0418410041841004, 1.0, 1.0067402955985059, 1.0, 1.0588235294117647, 1.0, 1.020066889632107, 1.0, 1.0, 1.0, 1.0, 1.0726172465960666, 1.0, 1.0, 1.3333333333333333, 1.1016949152542372, 1.0112013441612993, 1.38, 1.0, 1.8823529411764706, 1.031039640987285, 1.0133772381148385, 1.0, 1.2536231884057971, 1.0, 1.2857142857142858, 1.0638977635782747, 1.5, 1.0, 1.2222222222222223, 1.0606060606060606, 1.1631853785900783, 1.0, 1.0, 1.0, 1.6666666666666667, 1.3380281690140845, 1.0909090909090908, 1.0807453416149069, 1.0, 1.1134020618556701, 1.113861386138614, 1.089700996677741, 1.0153577661431064, 1.027503526093089, 1.619047619047619, 1.0, 1.7692307692307692, 1.0681818181818181, 1.0476190476190477, 1.0440528634361232, 1.0, 1.2727272727272727, 1.0977844056242012, 1.3297872340425532, 1.029491017964072, 1.0, 2.0, 1.0287166454891994, 1.0, 1.0, 1.0, 1.0, 1.6666666666666667, 1.0, 1.1219512195121952, 1.0217391304347827, 1.0, 1.0, 1.0956284153005464, 1.1333165322580645, 1.0005012531328321, 1.0, 1.2, 1.0070921985815602, 1.0209267563527653, 1.0416666666666667, 1.1216216216216217, 1.0, 1.1281632653061224, 1.0390879478827362, 1.1666666666666667, 1.0806962025316456, 1.0924574209245743, 3.0, 1.2702702702702702, 1.2962962962962963, 2.0, 2.5, 1.0, 1.2, 1.073394495412844, 1.0, 7.0, 3.0, 2.0, 3.0, 1.0015625, 1.3725490196078431, 1.75, 1.2, 1.1666666666666667, 1.0, 1.213740458015267, 1.0014858841010401, 1.0668299510146957, 1.0093344155844155, 1.6666666666666667, 1.6, 3.0, 1.0, 1.0, 1.2222222222222223, 1.0508474576271187, 1.0, 1.2212581344902387, 1.0, 1.2439024390243902, 1.1136363636363635, 1.0, 1.3229166666666667, 1.1388888888888888, 1.0677966101694916, 1.1573033707865168, 1.2, 1.303411131059246, 1.0701754385964912, 1.5833333333333333, 1.0, 1.0183246073298429, 1.5, 1.0, 1.0, 1.0, 1.1351515151515152, 1.0146673651126243, 1.0, 1.059115336916081, 1.3333333333333333, 1.1794871794871795, 1.0714285714285714, 1.0, 2.0, 1.0035087719298246, 1.2027972027972027, 1.027972027972028, 1.0511744966442953, 1.1712328767123288, 1.0, 1.0, 1.0097087378640777, 1.0, 1.05, 1.0810514786418401, 1.2035087719298245, 1.0, 1.0, 1.102439024390244, 1.75, 1.0, 1.0, 1.0082150101419878, 1.0, 1.1904761904761905, 2.0, 1.0, 1.1666666666666667, 1.054054054054054, 1.1363636363636365, 1.2857142857142858, 1.0260869565217392, 3.0, 1.0833333333333333, 1.0, 1.0, 1.0, 1.0724360506813293, 1.1303780964797914, 1.04820415879017, 1.3333333333333333, 1.0, 1.2179675994108983, 2.0, 1.12, 1.4910536779324055, 1.4615384615384615, 1.0783214078514793, 1.011536444677504, 1.375, 1.0, 1.5, 1.0, 1.3831168831168832, 1.0, 1.016571315841389, 1.2582387898433278, 1.2, 1.0, 1.3125, 1.0, 1.3333333333333333, 1.0, 1.3333333333333333, 1.2666666666666666, 1.0, 2.5, 1.031615925058548, 1.0, 1.0, 1.0526315789473684, 1.2, 1.0463320463320462]
origin-census_12.27 	max: 7.0000	99th: 3.0000	95th: 2.0000	median: 1.0433	mean: 1.2110

...Done, result: results.csv

WORKLOAD-FINISHED | Type: QueryWorkload | Progress: 1/3 | Workload-time: 87.332436 | Model-update-time: 0.000000


WORKLOAD-START | Type: DataUpdateWorkload | Progress: 2/3
Going to run: ['python', '/home/kangping/code_copy/SAUCE/Naru/eval_model.py', '--model=naru', '--data_update=sample', '--dataset=census', '--drift_test=js', '--end2end', '--update_size=8000', '--query_seed=0', '--eval_type=drift']
Torch device: cuda:1
GET-MODEL-PATH=./models/end2end/naru/origin-census-22.5MB-model27.255-data14.989-300epochs-seed0.pt
GET-DATASET-PATH=./data/census/end2end/census_int.npy
Sample - START
Sample - END
load_npy_dataset_from_path - df.shape = (39073, 13)
Parsing... done, took 0.0s
Data updated!
Previous data size: (32561, 13), new data size: (6512, 13)
[1.0132790e-06 9.5367432e-07 2.5629997e-06 1.1920929e-07 6.5565109e-06
 5.9604645e-08 8.9406967e-07 4.7683716e-06 8.8214874e-06 1.3327599e-04
 1.8954277e-05 8.0466270e-06 1.7940998e-05]
Distance score: 1.5689776773797348e-05
SAUCE Drift detection: False
Detection latency: 0.0037s

WORKLOAD-FINISHED | Type: DataUpdateWorkload | Progress: 2/3 | Workload-time: 1.926640 | Model-update-time: 0.000000


WORKLOAD-START | Type: QueryWorkload | Progress: 3/3
Going to run: ['python', '/home/kangping/code_copy/SAUCE/Naru/eval_model.py', '--dataset=census', '--model=naru', '--end2end', '--query_seed=0', '--eval_type=estimate', '--num_workload=3', '--data_update=sample', '--model_update=adapt', '--random_seed=42']
Torch device: cuda:1
GET-MODEL-PATH=./models/end2end/naru/origin-census-22.5MB-model27.255-data14.989-300epochs-seed0.pt
ckpts [PosixPath('/home/kangping/code_copy/SAUCE/models/end2end/naru/origin-census-22.5MB-model27.255-data14.989-300epochs-seed0.pt')]
Validate Argument: DATASET="census" is valid.
data size: 39073, total size: 39073, split index: [32560 39073]
Parsing... done, took 0.0s
Loading ckpt: /home/kangping/code_copy/SAUCE/models/end2end/naru/origin-census-22.5MB-model27.255-data14.989-300epochs-seed0.pt
query_seed:0
origin-census_12.27 	max: 5.6000	99th: 3.0100	95th: 2.0000	median: 1.0876	mean: 1.3203
ReportEsts: [1.2608695652173914, 2.0, 1.0701754385964912, 2.0, 1.1666666666666667, 1.0421686746987953, 1.0346041055718476, 1.3728813559322033, 1.0, 2.0, 1.0088691796008868, 1.2209302325581395, 1.2745098039215685, 1.1435768261964736, 1.0909090909090908, 1.0203252032520325, 1.2434679334916865, 1.0344827586206897, 1.0, 2.0, 1.8333333333333333, 1.1363636363636365, 1.0, 1.2, 1.0, 1.5, 1.144736842105263, 1.3157894736842106, 1.2222222222222223, 1.038715953307393, 1.0234629589398219, 1.4047619047619047, 1.0116894574327304, 1.0580046403712298, 1.7272727272727273, 1.026143790849673, 1.0, 1.3333333333333333, 1.2, 1.0222222222222221, 1.1416666666666666, 1.0, 2.0, 1.1009136212624584, 1.0, 1.5, 1.0, 1.379746835443038, 1.0, 2.0, 1.0815264527320034, 1.0740740740740742, 2.0, 1.9444444444444444, 1.0162241887905605, 1.1428571428571428, 1.3333333333333333, 1.0320665083135392, 1.1081081081081081, 1.25, 1.1464646464646464, 1.0, 2.0, 1.0, 1.160220994475138, 1.0035227170084002, 1.034983498349835, 1.0607833163784333, 1.007380073800738, 1.2, 1.5885167464114833, 1.305084745762712, 2.5, 1.0095047523761882, 1.0096102509343299, 1.0, 1.4285714285714286, 1.0594594594594595, 1.0188679245283019, 1.4, 1.0, 1.0, 3.0, 2.0, 1.051047120418848, 1.0, 1.0625, 1.0, 1.231578947368421, 1.0232558139534884, 1.0, 2.0, 1.0227272727272727, 2.0, 1.0350877192982457, 1.4, 1.8333333333333333, 2.0, 1.0328947368421053, 1.8, 1.1, 1.185483870967742, 1.1290322580645162, 1.2857142857142858, 1.4833333333333334, 1.1705882352941177, 1.2156862745098038, 2.0, 1.008001488649051, 2.0, 1.0, 1.1948051948051948, 2.888888888888889, 1.1872623574144487, 2.0, 1.0, 1.5, 1.0, 2.0, 1.0, 1.0, 1.0, 3.0, 1.0689655172413792, 1.1358024691358024, 1.5, 1.4166666666666667, 1.169741697416974, 1.0476190476190477, 2.0, 1.0480054090601758, 1.0378437244759053, 1.0085561497326203, 1.5, 1.2, 1.1468531468531469, 1.0, 1.0049617531527806, 2.0, 1.0, 1.0, 3.0, 2.0, 1.8695652173913044, 1.0, 1.0, 1.0404712555907059, 1.0359933035714286, 1.3333333333333333, 1.1275303643724697, 1.1729696218226906, 1.0, 1.0308956916099774, 2.0, 1.0, 1.1789473684210525, 1.08, 1.1428571428571428, 1.6666666666666667, 1.0163989290495314, 1.4, 1.1082474226804124, 1.1783166904422253, 1.00164744645799, 1.0, 1.0015797788309637, 1.0105633802816902, 2.0, 1.0, 1.0434782608695652, 1.2115384615384615, 1.3428571428571427, 1.0036059240180297, 1.0665658093797277, 1.2735562310030395, 1.202922077922078, 2.0, 1.2, 1.0, 5.0, 1.7142857142857142, 2.0, 1.0136986301369864, 1.1782178217821782, 2.0, 1.0443548387096775, 2.4285714285714284, 2.6, 1.0, 1.5, 1.0, 1.0514705882352942, 1.0, 1.1666666666666667, 1.0, 1.0307692307692307, 1.1503623188405796, 1.0, 1.0, 1.0338983050847457, 1.1470588235294117, 1.0, 1.058974358974359, 1.0066191446028514, 1.196078431372549, 1.3888888888888888, 1.0, 1.25, 2.0, 2.0, 2.0, 1.0666666666666667, 1.00765625, 2.0, 1.3333333333333333, 1.2, 1.5027027027027027, 1.0, 1.0545569887925565, 1.1428571428571428, 1.6, 1.0039014522072105, 1.0, 1.0, 1.20125786163522, 1.102803738317757, 1.08, 1.4705882352941178, 1.1834451901565997, 1.1333333333333333, 2.5, 1.011353711790393, 1.0, 1.029887920298879, 1.0, 1.0, 1.175257731958763, 2.0, 1.2857142857142858, 1.0097286226318485, 1.0952380952380953, 1.0, 1.1578947368421053, 1.0, 1.332142857142857, 1.0, 2.0, 2.0, 1.3011120615911036, 1.0691027496382055, 1.0070422535211268, 1.0284090909090908, 1.0571428571428572, 1.1290322580645162, 1.0, 1.2, 1.0398671096345515, 1.0595903165735567, 1.0178571428571428, 1.0790816326530612, 1.0218031820860343, 1.0, 2.0, 1.3846153846153846, 1.0420168067226891, 2.0, 1.1694915254237288, 1.0, 1.073667711598746, 1.0, 1.0012210012210012, 1.0, 1.1176470588235294, 2.0, 1.028045207199665, 1.0, 1.0215139442231076, 1.28, 1.0125391849529781, 1.75, 1.0168918918918919, 1.0, 1.0, 1.037037037037037, 1.109375, 1.2564102564102564, 1.4, 1.0, 1.0068027210884354, 2.0, 1.0, 1.0, 1.0333333333333334, 1.1136363636363635, 1.25, 1.0096385542168675, 1.0, 1.0937790157845868, 1.0588235294117647, 1.0152428216944347, 1.0454545454545454, 1.0, 1.0, 1.022788203753351, 1.0, 1.0, 1.26, 1.0, 1.0, 1.0, 1.0167523320007614, 1.0940310711365495, 1.1788079470198676, 1.0317712470214455, 1.0711462450592886, 1.393939393939394, 2.0, 1.25, 1.0, 1.0, 1.0, 1.0177758508562758, 1.0, 1.088565594691169, 1.6, 1.0, 1.148729446935725, 1.0163934426229508, 1.0, 1.0, 2.0, 1.6666666666666667, 4.0, 1.1546526867627784, 1.0, 1.056689342403628, 1.0, 1.5333333333333334, 2.0, 1.6666666666666667, 1.0, 1.75, 1.0, 1.0, 2.0, 1.3493975903614457, 1.1797235023041475, 1.0, 1.1032702237521514, 2.0, 1.0, 2.0, 1.1538461538461537, 1.0, 1.6666666666666667, 1.0714285714285714, 1.0, 1.037037037037037, 1.5, 1.253968253968254, 1.5, 1.1794940796555435, 1.020822210357715, 1.037037037037037, 1.0224321133412042, 1.0, 2.0, 1.0, 2.0, 1.173913043478261, 1.1454545454545455, 1.1702127659574468, 1.1633738601823709, 1.0, 1.125, 1.0238095238095237, 1.0, 1.058252427184466, 2.0, 1.0, 1.0, 1.08, 5.0, 1.536764705882353, 1.0, 1.3409090909090908, 1.6, 1.064516129032258, 1.0982142857142858, 1.8064516129032258, 1.0, 1.0, 1.1674418604651162, 2.0, 1.0, 1.0126954921803129, 1.5, 1.1168437025796663, 1.2004405286343611, 2.0, 1.1129032258064515, 1.9285714285714286, 1.0315217391304348, 2.5, 1.2, 2.0, 1.0725462304409672, 1.1688311688311688, 1.25, 1.0615671641791045, 1.5151515151515151, 1.25, 1.0, 3.0, 2.1666666666666665, 1.015923566878981, 1.077922077922078, 1.0318840579710145, 1.0457360647927585, 1.0169133192389006, 1.0, 1.0, 1.2857142857142858, 1.0425531914893618, 1.3333333333333333, 1.1243243243243244, 1.0, 1.0343813616828772, 3.0, 1.2231404958677685, 2.0, 4.0, 1.0689655172413792, 1.0, 2.0, 1.0, 1.02, 2.0, 1.0234843038581356, 2.0, 2.5, 2.0, 1.0354318253717179, 2.0, 1.2941176470588236, 1.5040650406504066, 2.2666666666666666, 2.0, 1.0833333333333333, 1.0, 2.0, 3.0, 1.125, 1.0761904761904761, 1.0269576379974326, 1.1904761904761905, 1.0169605859111497, 1.0, 1.0130434782608695, 1.25, 1.0589254766031195, 1.0, 1.022896551724138, 1.0, 1.0974619289340102, 1.0, 1.0, 1.1597222222222223, 1.1666666666666667, 1.0077068260459263, 1.1428571428571428, 1.04221635883905, 1.1434343434343435, 4.0, 1.5, 1.005128862674702, 1.2538071065989849, 1.0, 1.0, 1.1395348837209303, 1.0, 1.25, 1.124335812964931, 1.1, 1.0, 1.023084025854109, 2.0, 1.1176470588235294, 1.0, 1.040785498489426, 1.0, 3.0, 1.0359233634912188, 1.2727272727272727, 1.3902439024390243, 1.0, 1.25, 1.0, 1.063893016344725, 1.3529411764705883, 2.0, 1.0674157303370786, 1.0218238503507404, 1.0559414990859233, 1.0517241379310345, 1.316326530612245, 1.5714285714285714, 1.875, 1.0434782608695652, 1.004739336492891, 3.0, 1.0, 1.146067415730337, 1.1666666666666667, 1.0, 2.0, 1.0, 2.0, 2.0, 1.0, 1.3333333333333333, 1.316326530612245, 1.028301886792453, 1.2932098765432098, 1.0463320463320462, 1.0901442307692308, 1.125, 1.0, 1.2285714285714286, 2.0, 1.4444444444444444, 1.0, 1.003584229390681, 1.5, 1.0, 1.3248407643312101, 1.0033444816053512, 1.2654867256637168, 1.0, 4.0, 1.0, 1.0, 1.0, 1.75, 1.0009319664492078, 1.0115473441108545, 1.0197568389057752, 1.000482975126781, 1.2212389380530972, 1.3333333333333333, 1.2037037037037037, 1.036281179138322, 1.1126760563380282, 3.0, 1.0121703853955375, 1.0, 1.0242070116861435, 1.0228787205686363, 2.0, 1.4545454545454546, 1.0903225806451613, 1.0952380952380953, 1.0417825537294565, 2.0, 2.0, 1.4, 1.0, 1.0, 1.0315084679007482, 1.0, 1.0, 1.0, 1.4705882352941178, 1.0892857142857142, 1.0363636363636364, 1.0148205928237128, 1.1304347826086956, 1.3255813953488371, 1.0351493848857645, 1.0, 1.0491886409736308, 1.19, 2.0, 2.0, 1.6666666666666667, 1.0909090909090908, 1.1155073388640715, 1.038647342995169, 2.0, 1.0360023041474655, 1.1666666666666667, 1.0, 1.6666666666666667, 2.0, 1.0178571428571428, 1.3333333333333333, 1.0, 2.0, 1.1951219512195121, 1.525, 1.3846153846153846, 1.030612244897959, 1.2, 4.5, 1.2831858407079646, 1.098531684698609, 1.010325406758448, 1.054820415879017, 1.0424028268551238, 1.2173913043478262, 1.066750629722922, 1.0, 3.0, 1.017023134002619, 1.0764248704663213, 2.142857142857143, 1.0006389776357827, 1.3133047210300428, 2.0, 1.0163727959697733, 1.0638297872340425, 1.5909090909090908, 1.0909090909090908, 1.1744186046511629, 1.0, 1.0, 1.0392449610749708, 2.0, 1.261658031088083, 1.0303347280334727, 1.5263157894736843, 2.0, 1.0191135277640468, 1.0, 1.1935483870967742, 1.12987012987013, 1.0625, 1.1818181818181819, 1.542857142857143, 1.0, 1.0, 1.0957230142566192, 2.0, 1.0180523773201118, 1.0174418604651163, 1.0, 1.4444444444444444, 1.1796116504854368, 1.171270718232044, 1.0, 2.0, 1.4615384615384615, 1.0, 1.0494505494505495, 1.0510752688172043, 1.1111111111111112, 1.1797356828193832, 1.2885906040268456, 1.05, 1.0199298245614035, 1.0, 1.3823529411764706, 1.0, 1.0, 1.6216216216216217, 1.3333333333333333, 5.0, 1.5, 1.0, 1.3142857142857143, 2.0, 1.0610687022900764, 1.154867256637168, 1.0, 1.0, 1.5, 3.0, 1.0, 1.0, 1.0518518518518518, 1.2222222222222223, 1.06198347107438, 1.0236220472440944, 1.9285714285714286, 1.323076923076923, 1.0, 1.0169491525423728, 1.0, 1.0, 2.0, 1.0640887934121017, 1.75, 1.2533333333333334, 1.0222222222222221, 1.0, 1.0, 1.0, 1.0, 2.0, 1.065687121866897, 2.0, 1.173913043478261, 2.3125, 1.0312547184055565, 2.0, 1.6666666666666667, 1.033832140533507, 1.3333333333333333, 2.1176470588235294, 1.2222222222222223, 2.0, 1.5, 1.0, 1.0726577437858509, 1.0909090909090908, 2.0, 2.0, 1.037037037037037, 1.5, 1.0, 1.0, 1.0, 1.0975609756097562, 1.25, 1.1254589963280295, 1.0845921450151057, 1.0, 1.0, 1.0, 1.160535117056856, 1.0303552206673843, 1.0417680454176805, 3.0, 1.4545454545454546, 1.0095602294455066, 2.5, 1.1176470588235294, 1.0212443095599393, 1.0, 1.6666666666666667, 1.0, 1.1734693877551021, 1.0, 1.0211267605633803, 1.0701754385964912, 1.0666666666666667, 1.4260869565217391, 2.0, 1.0, 1.3148148148148149, 1.0, 3.0, 3.0, 2.0, 1.0496598639455783, 1.0169920462762112, 1.0716417910447762, 2.0, 1.02803738317757, 2.0, 1.6, 1.0416666666666667, 1.0759493670886076, 1.5625, 1.6, 1.3125, 2.0, 1.175531914893617, 2.0, 1.0, 1.0, 1.5, 2.0, 1.0267877940833916, 2.0, 1.3333333333333333, 2.0, 1.0094276094276093, 1.0192307692307692, 1.054779806659506, 1.0, 1.146919431279621, 1.2173913043478262, 1.0666666666666667, 1.0, 1.8571428571428572, 1.0865561694290975, 1.0654205607476634, 1.1666666666666667, 1.0, 1.4375, 1.0, 1.3846153846153846, 1.0449561403508771, 1.0, 1.1538461538461537, 1.3043478260869565, 1.2608695652173914, 1.0, 1.4615384615384615, 1.1408629441624365, 2.0, 1.0, 1.375, 1.0153374233128833, 1.0, 1.2307692307692308, 3.0, 1.0724637681159421, 1.0446927374301676, 5.6, 1.014419610670512, 1.0237327864049224, 1.0942675159235669, 2.142857142857143, 2.0, 1.0, 1.1295180722891567, 1.5945945945945945, 1.131578947368421, 2.0, 1.0, 1.1218920557913887, 1.0, 1.125, 1.038927738927739, 1.45, 1.0634920634920635, 1.1842105263157894, 1.126843657817109, 1.0656108597285068, 1.0, 1.026378896882494, 1.3032786885245902, 1.0173712665071346, 1.0, 1.0547945205479452, 1.0251572327044025, 1.2314049586776858, 1.0157568151711636, 2.0, 1.0, 1.0, 2.0, 1.0554744525547446, 1.0185185185185186, 1.1357512953367876, 1.0459770114942528, 1.008284023668639, 1.0287206266318538, 1.2592592592592593, 1.0548387096774194, 1.084848484848485, 3.0, 1.2777777777777777, 1.1666666666666667, 2.0, 1.009009009009009, 2.0, 1.380952380952381, 1.054263565891473, 1.0, 1.0233603667136812, 2.0, 1.0341023069207622, 1.3125, 2.0, 1.0387243735763099, 1.4, 1.221311475409836, 1.0, 1.8888888888888888, 1.0885808978608014, 1.1091772151898733, 3.0, 1.0, 1.2588235294117647, 1.5, 1.0, 1.0357142857142858, 1.0043668122270741, 3.0, 1.0602409638554218, 1.119496855345912, 1.5, 1.0, 1.2217855137563167, 4.0, 1.4285714285714286, 2.0, 1.03, 1.0, 1.0115421331250543, 1.0, 2.0, 1.0466321243523315, 1.3333333333333333, 1.134703196347032, 1.109375, 1.0274068868587491, 1.0809248554913296, 1.3055555555555556, 1.625, 1.0080813347236706, 1.0308764940239044, 1.0, 1.0, 1.0, 1.1603773584905661, 1.3273809523809523, 1.0, 1.0609756097560976, 1.6451612903225807, 1.0803571428571428, 1.032258064516129, 1.0, 1.049204052098408, 2.0, 1.0043668122270741, 1.0136054421768708, 1.0, 1.0266733769501761, 1.3333333333333333, 1.0, 1.0450819672131149, 1.0, 1.125, 1.0121951219512195, 2.125, 1.3142857142857143, 1.6153846153846154, 1.0333333333333334, 1.0, 1.1176470588235294, 2.0, 1.1151079136690647, 1.0, 1.6, 1.0437424058323208, 2.0, 1.2, 1.0, 3.0, 1.0, 1.0598123534010946, 1.09915611814346, 1.0591439688715953, 1.0, 1.0, 1.0625, 1.0764647467725919, 1.0721649484536082, 1.4485530546623795, 1.5333333333333334, 1.0625841184387619, 1.0381388253241801, 2.0, 1.1660194174757281, 1.0075125208681135, 1.0, 2.0, 2.0, 1.070469798657718, 1.2220256523662096, 1.3333333333333333, 1.0, 1.3721804511278195, 1.0, 1.1538461538461537, 1.0, 1.4, 1.2941176470588236, 1.6111111111111112, 1.0126366384991086, 1.0384615384615385, 1.0, 1.0047816385081287, 1.056338028169014, 1.0689655172413792, 1.032967032967033, 1.0857142857142856, 1.0480591497227356, 1.0, 1.0, 1.0, 1.2956349206349207, 1.0821576763485476, 1.0276872964169381, 1.0095007618535448, 1.0559006211180124, 1.0, 1.2093495934959348, 1.0, 1.5, 2.0, 1.0, 1.5, 1.0242424242424242, 2.0, 1.3125]
origin-census_12.27 	max: 5.6000	99th: 3.0100	95th: 2.0000	median: 1.0876	mean: 1.3203

...Done, result: results.csv

WORKLOAD-FINISHED | Type: QueryWorkload | Progress: 3/3 | Workload-time: 85.121916 | Model-update-time: 0.000000


Experiment Summary: #data-update-times=1, #drift=0 | total-time=174.431975