Input arguments = Namespace(data_update='tupleskew', update_size=8000, dataset='census', debug=False, drift_test='js', model_update='adapt', model='naru', end2end=False, query_seed=0, random_seed=42, num_workload=3)
JSON-passed parameters = {'data_updater': {'skew_ratio': '1e-2'}, 'random_seed': 38, 'naru': {'epochs': 0}}
MODEL-PATH=/home/kangping/code_copy/SAUCE/models/end2end/naru/origin-census-22.5MB-model27.255-data14.989-300epochs-seed0.pt
DATASET-PATH=/home/kangping/code_copy/SAUCE/data/census/end2end/census_int.npy
Workloads: ['QueryWorkload', 'DataUpdateWorkload', 'QueryWorkload']

WORKLOAD-START | Type: QueryWorkload | Progress: 1/3
Going to run: ['python', '/home/kangping/code_copy/SAUCE/Naru/eval_model.py', '--dataset=census', '--model=naru', '--query_seed=0', '--end2end', '--eval_type=first_estimate', '--num_workload=3', '--data_update=tupleskew', '--model_update=adapt', '--random_seed=42']
Torch device: cuda:1
GET-MODEL-PATH=./models/end2end/naru/origin-census-22.5MB-model27.255-data14.989-300epochs-seed0.pt
ckpts [PosixPath('/home/kangping/code_copy/SAUCE/models/end2end/naru/origin-census-22.5MB-model27.255-data14.989-300epochs-seed0.pt')]
Validate Argument: DATASET="census" is valid.
load_csv_dataset - census (32561, 13)
Parsing... done, took 0.0s
Loading ckpt: /home/kangping/code_copy/SAUCE/models/end2end/naru/origin-census-22.5MB-model27.255-data14.989-300epochs-seed0.pt
query_seed:0
origin-census_12.27 	max: 4.5000	99th: 3.0000	95th: 2.0000	median: 1.0462	mean: 1.2105
ReportEsts: [1.0, 1.1474358974358974, 1.1126760563380282, 2.0, 1.0, 1.0493562231759657, 1.0, 1.2142857142857142, 1.0, 1.0, 1.0, 1.163265306122449, 2.142857142857143, 1.1690140845070423, 1.3266666666666667, 1.0, 1.1354166666666667, 1.0, 1.0, 1.0, 1.5, 2.0, 1.2485549132947977, 2.5, 1.1118881118881119, 1.4, 1.0, 1.0172920065252855, 1.0, 1.0385610157535856, 1.0175117616309461, 1.2972972972972974, 1.1296296296296295, 1.1111111111111112, 1.0, 1.2232142857142858, 1.5, 1.0103092783505154, 1.25, 1.0239000543183052, 1.0, 1.0, 1.0, 1.0, 1.12, 1.108695652173913, 1.0, 1.013182096873084, 1.0, 4.0, 1.0, 1.2727272727272727, 1.0, 1.0434782608695652, 1.091743119266055, 1.0, 1.037037037037037, 1.75, 1.0057890762647874, 1.0064102564102564, 1.1123595505617978, 1.2, 1.1730769230769231, 1.205128205128205, 1.0, 1.0, 1.0, 1.0021656740660532, 1.0, 1.1666666666666667, 1.4285714285714286, 1.2222222222222223, 1.6666666666666667, 1.0, 1.0018326206475259, 1.0, 1.0, 1.411764705882353, 2.0, 1.0, 1.0, 1.0, 1.0, 1.3333333333333333, 1.2767857142857142, 1.25, 1.0, 1.1219512195121952, 1.0278899082568806, 1.0, 1.054054054054054, 1.0, 1.032258064516129, 2.0, 1.0457516339869282, 1.5, 1.0575858250276855, 1.5, 1.565217391304348, 1.5, 1.0, 1.0, 1.0, 1.0, 1.0, 1.1111111111111112, 1.0084825636192272, 1.1851851851851851, 1.1780415430267062, 1.0666666666666667, 1.3623188405797102, 1.0, 1.3043478260869565, 1.2222222222222223, 1.5151515151515151, 1.0, 3.0, 1.103448275862069, 3.0, 1.0144144144144145, 2.0, 1.1656, 1.055045871559633, 1.25, 1.0173206079886885, 1.0666666666666667, 1.007674700417396, 1.0627843494085532, 1.2061855670103092, 1.088937093275488, 1.0, 1.006233303650935, 1.0, 1.0, 2.0, 1.0, 1.0362087326943556, 1.0, 1.0, 1.5555555555555556, 1.0, 2.1875, 1.0, 1.0, 2.0, 1.0, 1.0, 1.1363636363636365, 1.0135983263598327, 1.1090909090909091, 1.0555555555555556, 1.2, 2.0, 1.0, 1.0, 1.0, 1.5, 1.0, 1.0, 1.3333333333333333, 1.02, 1.5, 1.4444444444444444, 1.0769230769230769, 1.2285191956124315, 1.078895463510848, 1.0118343195266273, 1.0119020630242574, 1.0260821309655939, 1.1313131313131313, 1.0279912184412734, 1.2, 1.0, 1.0, 1.6470588235294117, 1.4648910411622276, 1.5, 1.0490654205607477, 1.0875724404378622, 1.00990099009901, 1.0, 1.3, 1.065217391304348, 1.1132075471698113, 1.263157894736842, 1.0089175130047066, 1.5, 1.0, 1.0942760942760943, 1.0578778135048232, 1.6153846153846154, 1.125, 1.02924689251767, 1.0, 1.1, 1.0869565217391304, 1.046911369740376, 1.0, 1.0740740740740742, 1.0971428571428572, 1.0, 1.108695652173913, 1.2912621359223302, 1.0666666666666667, 2.0, 1.5555555555555556, 1.0, 1.0169014084507042, 3.0, 1.0, 1.0743589743589743, 1.0288461538461537, 1.1538461538461537, 2.1666666666666665, 1.0, 1.1571428571428573, 1.0961538461538463, 1.0398603433226652, 1.0346820809248556, 1.2465753424657535, 1.0, 1.2857142857142858, 1.0063593004769475, 1.3333333333333333, 2.0, 1.2528473804100229, 1.0, 1.0, 1.0, 1.0, 1.0, 1.4444444444444444, 1.2, 1.0637254901960784, 1.0, 1.0, 1.0, 1.4, 1.048472775564409, 1.0, 1.0, 1.0439882697947214, 2.0, 1.0, 1.0, 1.25, 1.5263157894736843, 1.0, 1.0, 1.0425531914893618, 1.0, 1.0, 1.364963503649635, 1.2, 1.0, 1.0714285714285714, 1.6666666666666667, 1.0304347826086957, 1.7333333333333334, 1.0349670392662653, 1.0, 1.0, 1.5555555555555556, 1.0294117647058822, 2.0, 1.0, 1.4545454545454546, 1.0151515151515151, 2.0, 1.2142857142857142, 1.1176470588235294, 1.0, 1.0, 2.0, 1.081429540827867, 1.0229885057471264, 1.0, 1.0112994350282485, 1.0, 1.0, 1.9090909090909092, 1.2926829268292683, 1.0076335877862594, 1.5, 1.0462662337662338, 1.0, 1.0056179775280898, 1.5, 1.0526315789473684, 1.0, 1.0714285714285714, 1.0173300323747858, 1.5, 1.0066592674805772, 1.1293103448275863, 1.0, 1.0, 1.08, 1.076845806127574, 1.06, 1.2222222222222223, 2.0, 1.0, 1.105263157894737, 1.0492957746478873, 1.0235849056603774, 2.0, 1.211111111111111, 1.4, 1.0, 1.0, 1.0, 1.0, 1.0544554455445545, 1.0, 1.0, 1.0, 1.0113250283125708, 1.0, 1.0113724476608943, 1.0, 1.0159879336349924, 1.375, 1.0, 1.1360089186176143, 1.2727272727272727, 1.0, 1.0031554036287142, 1.0, 1.0986862205927284, 1.0, 1.1550522648083623, 1.0, 1.010433957789898, 1.0, 1.0, 2.0, 2.0, 3.0, 1.1858407079646018, 1.05, 1.0769230769230769, 1.0, 1.0714285714285714, 1.0196078431372548, 3.0, 1.024390243902439, 1.0, 1.5, 1.0, 1.0, 1.6666666666666667, 1.25, 1.0, 1.3, 1.0086610081413476, 1.263157894736842, 1.3333333333333333, 1.0, 1.0, 1.0715350223546944, 1.3333333333333333, 1.0, 1.163265306122449, 1.0, 1.1578947368421053, 1.0, 1.0719424460431655, 1.0471698113207548, 1.0, 1.24, 1.3125, 1.0, 1.0, 3.0, 1.0, 1.0, 1.0, 1.0416666666666667, 1.125, 1.21301775147929, 1.0, 1.423529411764706, 1.1428571428571428, 1.0, 1.1264367816091954, 1.0, 1.0, 1.0, 1.0, 2.0, 1.5479041916167664, 1.0, 1.0, 1.625, 1.6153846153846154, 1.1458333333333333, 1.5116279069767442, 1.0, 1.0, 1.2121212121212122, 1.0952380952380953, 1.0, 1.0208333333333333, 1.1587301587301588, 1.0, 1.0010378827192528, 1.074766355140187, 1.0, 1.0357142857142858, 1.2666666666666666, 1.0, 1.0, 1.25, 1.25, 1.2211538461538463, 1.2608695652173914, 4.5, 1.4320987654320987, 1.0512820512820513, 1.8, 1.0, 1.0160483534806168, 1.0, 1.3, 1.0460905349794238, 1.1216216216216217, 1.16875, 1.2222222222222223, 1.1686746987951808, 1.0, 1.0, 1.0279835390946501, 1.0, 1.0236220472440944, 1.0, 1.0392609699769053, 1.0, 1.0310734463276836, 1.0, 1.5, 1.0833333333333333, 1.0, 1.0, 2.0, 1.3888888888888888, 1.0, 1.0, 1.2205438066465257, 1.1226415094339623, 1.0213903743315509, 1.1428571428571428, 1.2608695652173914, 1.0, 1.0, 1.4722222222222223, 1.0, 1.0199795081967213, 1.0038929440389295, 1.0, 1.0102418207681365, 1.0909090909090908, 1.0, 1.0789473684210527, 2.0, 1.1111111111111112, 1.0, 1.0, 1.0216764548852109, 1.0678571428571428, 1.0357142857142858, 1.0, 1.0, 1.5, 1.064516129032258, 1.0222222222222221, 1.1048951048951048, 1.0229007633587786, 1.0, 2.0, 1.0, 1.1428571428571428, 1.2946859903381642, 1.0, 1.0, 1.0, 1.0, 1.0168350168350169, 1.0, 1.0, 1.0, 1.0, 2.135135135135135, 1.0, 1.1538461538461537, 1.0909090909090908, 2.090909090909091, 1.1688654353562005, 1.007380073800738, 1.4166666666666667, 1.0, 2.0, 1.0, 1.2857142857142858, 1.0, 1.0784172661870504, 1.1132075471698113, 1.2857142857142858, 1.0, 1.0287253141831239, 1.0, 1.0, 1.0114691425450573, 1.0561797752808988, 1.0833333333333333, 1.0390625, 1.077105014191107, 1.5714285714285714, 2.0, 1.0, 1.0301724137931034, 1.0175084175084175, 1.0, 1.240506329113924, 1.1818181818181819, 1.1541501976284585, 1.3142857142857143, 3.0, 1.1759941089837997, 1.0394207562349156, 1.0, 1.2145454545454546, 2.5, 1.0408163265306123, 1.8333333333333333, 1.0152782519631274, 1.1016949152542372, 1.0, 3.0, 1.0, 1.3, 1.0, 1.0801186943620178, 1.1627408993576016, 1.0056506849315068, 1.0285714285714285, 1.1821862348178138, 1.0, 1.1160298229263748, 2.0, 1.16, 1.0, 1.3829787234042554, 1.0, 1.0, 2.0, 2.0, 4.0, 1.0, 2.0, 1.051948051948052, 1.0, 1.2727272727272727, 1.039328788673309, 1.032101530421799, 1.1451612903225807, 1.06, 1.0618556701030928, 1.0, 1.0, 1.0, 1.0, 1.0810810810810811, 1.4285714285714286, 1.014150098513344, 1.5, 2.0, 1.236842105263158, 1.0, 1.1686274509803922, 1.0, 1.1234140715109573, 1.0, 1.393939393939394, 1.263157894736842, 1.0, 1.5, 1.0416666666666667, 2.6666666666666665, 1.0, 1.0, 2.0, 1.0, 1.0395121543730683, 1.0395593390085127, 1.0, 1.25, 1.0, 1.0833333333333333, 1.0009496676163343, 1.0, 1.2120141342756183, 1.8, 1.0705882352941176, 2.0, 1.0, 1.040909090909091, 1.0, 1.0555555555555556, 1.0, 1.0354276766490507, 1.2743362831858407, 1.14, 1.037037037037037, 1.0266666666666666, 2.0, 1.6666666666666667, 1.0, 1.1818181818181819, 2.0, 1.0265017667844523, 1.0, 1.079646017699115, 1.0663764961915125, 1.5384615384615385, 1.0, 1.043956043956044, 1.0, 1.0, 1.0231681034482758, 1.0, 1.0619469026548674, 1.25, 1.2, 1.002193704069321, 1.0, 1.4, 1.2378048780487805, 1.0253164556962024, 1.0324337121212122, 1.0, 1.0172594142259415, 1.25, 1.0202702702702702, 1.0, 1.0, 1.4615384615384615, 1.125, 1.08095952023988, 1.1655629139072847, 1.0136505460218408, 1.088135593220339, 1.25, 1.103448275862069, 1.6111111111111112, 1.0, 1.1875, 1.031413612565445, 1.0333333333333334, 1.0, 1.4333333333333333, 1.2066666666666668, 1.0, 1.0, 1.5, 1.0, 1.0952380952380953, 1.017751479289941, 1.0, 1.0593220338983051, 1.5, 1.0, 1.0, 1.0, 1.2653061224489797, 1.017391304347826, 1.0, 1.7407407407407407, 1.0, 1.0, 1.2857142857142858, 1.0087260034904013, 1.0, 1.0, 1.0, 1.0087719298245614, 1.1428571428571428, 1.0, 3.0, 1.0311453936835977, 1.263157894736842, 1.0, 1.0, 1.0633484162895928, 1.4285714285714286, 1.3125, 1.1326530612244898, 1.75, 1.375, 3.0, 1.0, 1.0, 1.5932203389830508, 1.0, 1.077695716395864, 1.173913043478261, 1.0136986301369864, 1.0, 1.031266421439832, 1.021114497170222, 1.0666666666666667, 1.030612244897959, 1.0, 1.0, 1.058057911670079, 2.0, 1.011764705882353, 1.7647058823529411, 1.3043478260869565, 1.0, 1.3333333333333333, 1.1181988742964353, 2.0, 1.0, 1.3333333333333333, 1.6666666666666667, 1.0267062314540059, 1.372093023255814, 1.1428571428571428, 1.1042993630573248, 1.0, 1.6666666666666667, 1.1, 1.0, 1.0, 1.0, 1.0, 1.0571428571428572, 1.0613045610593428, 1.0, 1.5, 2.0, 1.0, 1.0, 1.0, 1.092, 1.0221221864951768, 1.012512030798845, 1.0, 1.1616161616161615, 1.0004604051565378, 3.0, 1.2142857142857142, 1.0306859205776173, 1.0, 1.4736842105263157, 1.0, 1.3020134228187918, 1.070921985815603, 1.0766283524904214, 1.0070658237262924, 1.0294117647058822, 1.308868501529052, 1.0, 1.1148491879350348, 1.0507246376811594, 1.5, 1.0141509433962264, 1.016184971098266, 1.0, 1.0, 1.0, 1.001417936901808, 1.0097087378640777, 1.0517241379310345, 1.1785714285714286, 1.2833333333333334, 2.0, 1.1683168316831682, 1.5, 1.0, 1.0416666666666667, 1.0769230769230769, 1.125, 1.0, 1.3636363636363635, 1.0023517554174366, 1.0221238938053097, 1.0080321285140563, 1.0, 1.020730821973058, 1.0, 1.0588235294117647, 1.0, 1.0, 1.0, 1.0, 1.1666666666666667, 1.0, 1.0519287833827893, 1.0, 1.0, 1.0, 1.0932203389830508, 1.0173789173789174, 1.32, 1.0, 1.8235294117647058, 1.0388093443858326, 1.0073598009743963, 1.0, 1.2097902097902098, 1.0, 1.2285714285714286, 1.0571428571428572, 1.5, 1.0, 1.1111111111111112, 1.0606060606060606, 1.2105978260869565, 1.0, 1.0, 1.0, 1.25, 1.2253521126760563, 1.0909090909090908, 1.093167701863354, 1.0161290322580645, 1.0588235294117647, 1.1083743842364533, 1.1081081081081081, 1.0219895287958116, 1.0224561403508772, 1.380952380952381, 1.0, 1.6428571428571428, 1.0930232558139534, 1.1428571428571428, 1.0271493212669682, 1.0, 1.2727272727272727, 1.0966163013407109, 1.3020833333333333, 1.0347577490219682, 1.0, 2.0, 1.0654033425450717, 1.0, 1.0, 1.0, 1.0, 1.6666666666666667, 1.0, 1.1951219512195121, 1.0217391304347827, 1.0, 1.0, 1.0074812967581048, 1.1471938775510204, 1.0017574692442883, 1.0, 1.1375, 1.0425531914893618, 1.0459418070444104, 1.1111111111111112, 1.1645408163265305, 1.0, 1.0685714285714285, 1.0126984126984127, 1.0833333333333333, 1.06055900621118, 1.071599045346062, 3.0, 1.2027027027027026, 1.3333333333333333, 2.0, 3.75, 1.0, 1.4, 1.0833333333333333, 1.0, 3.5, 3.0, 2.0, 3.0, 1.021875, 1.3725490196078431, 1.75, 1.2, 1.1666666666666667, 1.0, 1.1755725190839694, 1.00059470710675, 1.05684575389948, 1.0024183796856105, 1.6666666666666667, 2.0, 3.0, 1.0, 1.0, 1.1702127659574468, 1.0385208012326657, 1.0, 1.2809110629067244, 1.0, 1.3421052631578947, 1.1136363636363635, 1.0, 1.351063829787234, 1.0924764890282133, 1.253968253968254, 1.146067415730337, 1.2, 1.278169014084507, 1.0175438596491229, 1.5833333333333333, 1.0, 1.0277410832232496, 1.5, 1.0, 1.0, 1.0, 1.1696969696969697, 1.0078043704474506, 1.0, 1.0644894584539066, 1.3333333333333333, 1.1538461538461537, 1.1122448979591837, 1.0, 2.0, 1.037981269510926, 1.1700680272108843, 1.034965034965035, 1.103964757709251, 1.14, 1.0, 1.0, 1.032258064516129, 1.0, 1.0, 1.0433403805496828, 1.2293906810035842, 1.0, 1.0, 1.1073170731707318, 1.5, 1.0, 1.0, 1.0381161236424394, 1.0, 1.0, 2.0, 1.0, 1.0, 1.054054054054054, 1.0909090909090908, 1.3214285714285714, 1.063768115942029, 1.5, 1.164179104477612, 1.0, 1.0, 1.0, 1.0946803318692044, 1.12015503875969, 1.054820415879017, 1.3333333333333333, 2.0, 1.1747159090909092, 2.0, 1.6666666666666667, 1.4231499051233396, 1.4615384615384615, 1.0530689329556184, 1.0282515991471215, 1.2941176470588236, 1.0, 1.5, 1.0, 1.196629213483146, 1.0, 1.0133726647000982, 1.2017543859649122, 1.2, 1.0, 1.2098214285714286, 1.0, 2.0, 1.0, 1.3333333333333333, 1.3111111111111111, 1.0, 2.5, 1.0147559591373438, 1.0, 1.0, 1.0, 1.2, 1.027027027027027]
origin-census_12.27 	max: 4.5000	99th: 3.0000	95th: 2.0000	median: 1.0462	mean: 1.2105

...Done, result: results.csv

WORKLOAD-FINISHED | Type: QueryWorkload | Progress: 1/3 | Workload-time: 86.010585 | Model-update-time: 0.000000


WORKLOAD-START | Type: DataUpdateWorkload | Progress: 2/3
Going to run: ['python', '/home/kangping/code_copy/SAUCE/Naru/eval_model.py', '--model=naru', '--data_update=tupleskew', '--dataset=census', '--drift_test=js', '--end2end', '--update_size=8000', '--query_seed=0', '--eval_type=drift']
Torch device: cuda:1
GET-MODEL-PATH=./models/end2end/naru/origin-census-22.5MB-model27.255-data14.989-300epochs-seed0.pt
GET-DATASET-PATH=./data/census/end2end/census_int.npy
TupleSkewSample - START
0.01
TupleSkewSample - END
load_npy_dataset_from_path - df.shape = (39073, 13)
Parsing... done, took 0.0s
Data updated!
Previous data size: (32561, 13), new data size: (6512, 13)
[1.4632940e-04 6.1988831e-06 1.1909008e-04 1.0639429e-04 4.0507317e-04
 2.3186207e-05 2.8789043e-05 5.1259995e-06 2.6822090e-05 5.5122375e-03
 4.9233437e-05 5.0663948e-06 1.4901161e-06]
Distance score: 0.0004950028378516436
SAUCE Drift detection: True
Detection latency: 0.0037s

DRIFT-DETECTED after 2-th workload
Going to run: ['python', '/home/kangping/code_copy/SAUCE/Naru/incremental_train.py', '--dataset=census', '--end2end', '--model=naru', '--model_update=adapt', '--update_size=8000', '--epochs=0']
Torch device: cuda:1
GET-MODEL-PATH=./models/end2end/naru/origin-census-22.5MB-model27.255-data14.989-300epochs-seed0.pt
update_size: 6512
AdaptTask - START
GET-DATASET-PATH=./data/census/end2end/census_int.npy
load_npy_dataset_from_path - df.shape = (39073, 13)
Parsing... done, took 0.0s
done, took 0.0s
dataset size: 39073
train data shape: torch.Size([6512, 13]), transfer data shape:torch.Size([1302, 13])
Training done; evaluating likelihood on full data:
Epoch None Iter 0, test loss 17.9775 nats / 25.9360 bits
Saved to: /home/kangping/code_copy/SAUCE/models/end2end/naru/origin-census-22.5MB-model27.255-data14.989-300epochs-seed0.pt
AdaptTask - END

WORKLOAD-FINISHED | Type: DataUpdateWorkload | Progress: 2/3 | Workload-time: 1.921157 | Model-update-time: 4.078619


WORKLOAD-START | Type: QueryWorkload | Progress: 3/3
Going to run: ['python', '/home/kangping/code_copy/SAUCE/Naru/eval_model.py', '--dataset=census', '--model=naru', '--end2end', '--query_seed=0', '--eval_type=estimate', '--num_workload=3', '--data_update=tupleskew', '--model_update=adapt', '--random_seed=42']
Torch device: cuda:1
GET-MODEL-PATH=./models/end2end/naru/origin-census-22.5MB-model27.255-data14.989-300epochs-seed0.pt
ckpts [PosixPath('/home/kangping/code_copy/SAUCE/models/end2end/naru/origin-census-22.5MB-model27.255-data14.989-300epochs-seed0.pt')]
Validate Argument: DATASET="census" is valid.
data size: 39073, total size: 39073, split index: [32560 39073]
Parsing... done, took 0.0s
Loading ckpt: /home/kangping/code_copy/SAUCE/models/end2end/naru/origin-census-22.5MB-model27.255-data14.989-300epochs-seed0.pt
query_seed:0
origin-census_12.27 	max: 35.0000	99th: 26.0100	95th: 13.0250	median: 1.0948	mean: 2.3753
ReportEsts: [1.1511627906976745, 1.0, 1.0204081632653061, 1.0, 1.8, 1.106508875739645, 1.0102681118083285, 1.3278688524590163, 1.0, 1.0, 1.028835690968444, 1.4285714285714286, 1.0188679245283019, 1.0582750582750582, 1.11864406779661, 1.0660545429628614, 1.05, 1.2542372881355932, 1.0, 22.0, 1.318840579710145, 1.3157894736842106, 1.0, 1.1, 1.0, 1.5, 1.0981132075471698, 1.4261603375527425, 1.4285714285714286, 1.0055018023145512, 1.0129060012906002, 1.0344827586206897, 1.0409304406173117, 1.1524249422632795, 1.7272727272727273, 1.2808988764044944, 1.0, 2.0, 1.25, 1.0181434599156118, 1.0220588235294117, 1.0, 30.0, 1.0038552152495182, 1.0, 4.333333333333333, 1.0, 1.010989010989011, 1.0, 1.0, 1.105263157894737, 1.1818181818181819, 1.0, 1.0333333333333334, 1.0161290322580645, 18.0, 1.625, 1.008300395256917, 1.2574257425742574, 1.0, 1.2774869109947644, 2.75, 1.425, 1.1666666666666667, 1.029126213592233, 1.0638541567242532, 1.2049122807017545, 1.0907643312101911, 1.1270491803278688, 1.3, 1.6229508196721312, 1.05, 1.3333333333333333, 1.0463104325699746, 1.0248081140350878, 1.0, 1.4285714285714286, 22.0, 1.0811287477954146, 1.2, 4.25, 1.0, 1.0, 27.0, 1.111869031377899, 2.0, 1.1666666666666667, 1.0, 4.6, 1.2016348773841963, 1.0, 2.0, 1.111913357400722, 1.0, 1.0517241379310345, 1.4666666666666666, 3.3636363636363638, 1.0, 1.087248322147651, 1.6, 1.4, 1.153225806451613, 1.0222222222222221, 1.0869565217391304, 1.353846153846154, 1.125, 1.0952380952380953, 2.0, 1.0562596006144394, 1.85, 1.0, 1.216867469879518, 2.4, 1.1488042515500443, 1.0, 1.0, 2.4444444444444446, 1.0, 1.0, 1.0, 1.0, 1.0, 3.0, 1.59375, 1.0930232558139534, 1.0, 1.1262886597938144, 1.2676579925650557, 1.02803738317757, 1.0, 1.0492575153929735, 1.023462783171521, 1.1054461181923523, 1.0, 1.2, 1.0739549839228295, 1.0, 1.0223648788569062, 2.0, 1.0, 1.0, 2.0, 1.0, 1.4583333333333333, 1.0, 1.0, 1.0012954766274424, 1.0008119079837619, 1.0, 1.0125130344108446, 1.118125, 1.0, 1.001966844619275, 1.7142857142857142, 1.0, 1.1955307262569832, 1.040909090909091, 1.3333333333333333, 1.3333333333333333, 1.0119343610144207, 1.1666666666666667, 1.2617801047120418, 1.0710227272727273, 1.1135531135531136, 1.1379310344827587, 1.0032082130253448, 1.0972222222222223, 27.0, 1.1538461538461537, 1.1764705882352942, 1.279527559055118, 1.0129870129870129, 1.0282037951650638, 1.1815068493150684, 1.2327102803738317, 1.1124620060790273, 1.0, 1.25, 1.0, 28.0, 1.5, 1.0, 1.2032520325203253, 1.4417670682730923, 1.0, 1.1140350877192982, 2.2857142857142856, 2.0, 1.0, 1.5, 1.0, 1.1037037037037036, 1.0, 1.1666666666666667, 1.0, 1.0263940520446098, 1.0715532286212914, 1.2083333333333333, 1.0, 1.078125, 1.3513513513513513, 1.0, 1.201729106628242, 1.0407191961924906, 1.0392156862745099, 1.8214285714285714, 1.0, 1.0, 1.0, 1.5, 1.0, 1.4444444444444444, 1.0327334781259696, 1.5, 29.0, 1.2402234636871508, 1.3780487804878048, 1.0, 1.0423200859291084, 1.1666666666666667, 1.0181968569065343, 1.0046212722940284, 1.0, 1.0, 1.3006535947712419, 1.029585798816568, 1.25, 1.5, 1.111842105263158, 1.323943661971831, 2.0, 1.0060869565217392, 1.0, 1.0368218410920547, 1.0, 1.0, 1.2156862745098038, 2.0, 12.0, 1.0376974019358125, 1.3181818181818181, 1.0, 1.0493827160493827, 1.0, 1.3745454545454545, 1.171875, 2.0, 1.0, 1.4431818181818181, 1.006993006993007, 1.2260869565217392, 8.25, 1.28, 1.9428571428571428, 1.0, 1.1826923076923077, 1.0844079718640094, 1.0995575221238938, 1.1063829787234043, 1.0469798657718121, 1.0221258783076692, 1.0, 1.0, 1.1428571428571428, 1.275, 17.0, 1.0785340314136125, 1.0, 1.0056057303020867, 1.0, 1.0676779463243875, 1.0, 1.0666666666666667, 1.0, 1.0176322418136021, 1.0, 1.9642857142857142, 1.0158730158730158, 1.0594059405940595, 1.75, 1.1627240143369175, 1.0, 1.6666666666666667, 2.142857142857143, 1.0075757575757576, 1.4878048780487805, 1.3333333333333333, 1.0, 1.0866666666666667, 1.0, 1.0, 19.0, 1.1851851851851851, 1.0439882697947214, 1.5384615384615385, 13.5, 15.0, 3.5833333333333335, 1.0588235294117647, 1.0859030837004404, 1.1794871794871795, 1.0, 1.0, 1.0268722466960352, 1.0, 1.0, 1.1372549019607843, 1.0, 1.0, 1.0, 1.001501360608051, 1.151417004048583, 1.1689189189189189, 1.0490272373540857, 1.0264005151320026, 1.2037914691943128, 2.0, 1.0833333333333333, 1.0, 25.0, 1.0, 1.110197733836925, 1.0, 1.0788016112789527, 2.0, 1.0, 1.1045498547918684, 1.0727272727272728, 1.0, 1.0, 2.0, 1.3333333333333333, 3.0, 1.124508519003932, 1.0, 1.1603773584905661, 1.0, 4.2, 1.0, 4.25, 1.0, 1.75, 1.0, 1.0, 1.0, 1.2771084337349397, 1.1745283018867925, 1.0, 1.0588235294117647, 17.0, 1.0, 1.6666666666666667, 1.3636363636363635, 1.0, 1.6666666666666667, 1.7037037037037037, 1.0, 1.1304347826086956, 1.5, 1.2264150943396226, 1.5, 1.1300703082747432, 1.0566685746994848, 1.3181818181818181, 1.0290556900726393, 1.0, 35.0, 1.0, 1.0, 1.0, 1.2916666666666667, 1.0444444444444445, 1.196232339089482, 1.0, 1.626086956521739, 1.375, 1.0, 1.3103448275862069, 1.0, 1.0, 1.0, 1.4482758620689655, 2.0, 1.2983682983682985, 1.0, 3.6666666666666665, 3.3, 1.5238095238095237, 1.21875, 1.574468085106383, 1.0, 1.0, 1.303921568627451, 25.0, 1.0, 1.012341130963345, 1.0, 1.056338028169014, 1.1705756929637527, 1.6666666666666667, 4.0, 1.575, 1.0062849162011174, 1.3333333333333333, 1.263157894736842, 1.0, 1.0960451977401129, 1.027027027027027, 20.0, 1.0128676470588236, 1.303030303030303, 2.0, 1.0, 2.0, 1.0958029197080292, 16.0, 1.208955223880597, 1.0029850746268656, 1.0047348484848484, 1.0583090379008746, 1.0, 1.0, 1.4615384615384615, 1.0, 2.6363636363636362, 1.0261780104712042, 1.0, 1.075070159027128, 16.0, 1.4655172413793103, 21.0, 2.52, 1.2, 1.0, 1.0, 1.0, 1.0594462540716612, 1.5319148936170213, 1.013868613138686, 2.0, 2.0, 1.0, 1.2043795620437956, 1.0, 1.25, 1.2945205479452055, 2.923076923076923, 1.0, 1.3, 1.0, 1.0, 2.0, 1.0, 1.1, 17.0, 1.0952380952380953, 1.0027775117325928, 1.0, 1.0630252100840336, 1.3333333333333333, 1.0255009107468125, 1.0, 1.052568697729988, 1.0, 1.1237218813905931, 1.0, 1.0, 1.1949458483754514, 1.380952380952381, 1.0007651109410864, 2.6666666666666665, 1.021374829001368, 1.0639175257731959, 16.0, 2.3333333333333335, 1.0181031090122, 1.120879120879121, 1.0, 1.0, 1.0736842105263158, 1.0, 1.6666666666666667, 1.0677370797792274, 1.1111111111111112, 1.0, 1.0103185284881113, 1.5, 1.8421052631578947, 1.0, 1.013323464100666, 1.0, 3.0, 1.0495356037151702, 1.0926517571884984, 2.588235294117647, 1.0, 1.5714285714285714, 1.0, 1.0014619883040936, 3.1666666666666665, 25.0, 1.1167883211678833, 1.0784480317190597, 1.0298507462686568, 1.0549645390070923, 1.0964777947932618, 1.375, 1.4666666666666666, 1.3181818181818181, 1.082051282051282, 12.0, 1.0, 4.714285714285714, 1.4, 1.0869565217391304, 1.0, 1.0, 2.0, 1.1658536585365853, 1.5, 2.0, 1.1566820276497696, 1.1287128712871286, 1.2555205047318612, 3.1538461538461537, 1.606060606060606, 1.0, 1.0, 1.0277777777777777, 2.0, 1.0909090909090908, 1.125, 1.0641509433962264, 1.0, 1.0, 1.326797385620915, 1.0204081632653061, 1.3201754385964912, 1.0, 30.0, 1.0, 1.0, 1.0, 1.25, 1.0726558664702994, 1.0203619909502262, 1.0324675324675325, 1.0521822772634364, 1.4540816326530612, 1.0, 8.666666666666666, 1.0150431565967941, 1.0334928229665072, 2.0, 1.102510460251046, 1.0, 1.1070811744386875, 1.0815845319500117, 2.0, 5.2727272727272725, 1.1205673758865249, 1.2222222222222223, 1.0620393514067807, 1.0, 25.0, 15.0, 1.0, 1.0, 1.0660146699266504, 1.0, 1.0, 1.0, 2.5, 1.3937823834196892, 1.25, 1.0184331797235022, 1.5185185185185186, 1.4823529411764707, 1.0089605734767024, 1.0, 1.0006632399270436, 1.189252336448598, 26.0, 2.0, 25.0, 1.619047619047619, 1.1253978357733927, 1.1396396396396395, 2.0, 1.0096755833807627, 1.6, 1.0, 1.3333333333333333, 2.0, 1.0625, 1.3333333333333333, 1.0, 2.0, 1.097893432465923, 1.84375, 1.5, 2.0, 3.090909090909091, 3.5, 1.3666666666666667, 1.0003623188405797, 1.007559848803024, 1.0132075471698114, 1.0603948896631823, 1.0593220338983051, 1.147896879240163, 1.0, 1.0, 1.0599201065246338, 1.163372859025033, 1.15, 1.4464285714285714, 1.4833333333333334, 1.0, 1.1531165311653115, 1.3478260869565217, 1.6666666666666667, 4.636363636363637, 1.1333333333333333, 1.0833333333333333, 4.5, 1.005350960025181, 15.5, 1.5015673981191222, 1.0541847692433806, 1.09375, 1.0, 1.0097440132122213, 1.0, 21.0, 1.0547945205479452, 1.0952380952380953, 1.608695652173913, 22.0, 1.0, 1.0, 1.1422413793103448, 1.0, 1.052562417871222, 1.1, 1.0, 1.2777777777777777, 1.0833333333333333, 1.3933333333333333, 1.0, 21.0, 1.5961538461538463, 1.0, 1.3089887640449438, 1.1515957446808511, 1.15625, 18.0, 1.4407894736842106, 1.5384615384615385, 1.0074585635359117, 1.0, 1.0888888888888888, 1.0, 1.0, 1.0432692307692308, 1.5, 3.0, 1.5, 1.0, 1.5, 1.0, 1.0846774193548387, 1.3593073593073592, 1.0, 1.0, 1.5, 1.0, 1.0, 1.0, 1.1455938697318007, 1.1111111111111112, 1.0248756218905473, 1.236220472440945, 2.7857142857142856, 1.1159420289855073, 1.0, 1.2826086956521738, 1.0, 1.0, 1.0, 1.0439177413733007, 1.75, 5.25, 1.5, 1.0, 1.0, 1.0, 1.0, 23.0, 1.0413761041376104, 2.0, 1.550561797752809, 1.5, 1.0094314906995023, 15.0, 1.3333333333333333, 1.0126262626262625, 1.3333333333333333, 1.4447592067988668, 1.1666666666666667, 2.5714285714285716, 1.5, 1.0, 1.1814432989690722, 1.2222222222222223, 5.75, 1.5, 1.173913043478261, 25.0, 1.0, 1.0, 1.0, 1.6304347826086956, 1.6666666666666667, 1.0895522388059702, 1.0019588638589618, 1.0, 1.0, 1.0, 1.0506756756756757, 1.0033688328624213, 1.0579304834198962, 1.0, 1.5, 1.004756242568371, 1.5, 1.0588235294117647, 1.0251479289940828, 1.0, 1.4736842105263157, 1.0, 1.4606060606060607, 1.0, 1.1304347826086956, 1.088235294117647, 1.078125, 1.2286995515695067, 1.6666666666666667, 1.0, 1.2530120481927711, 3.1666666666666665, 2.25, 3.0, 2.0, 1.33125, 1.001768659356208, 1.1540697674418605, 1.0, 17.0, 2.0, 1.3636363636363635, 1.0447284345047922, 1.173913043478261, 1.28, 13.0, 3.125, 21.0, 1.3146067415730338, 25.0, 1.0, 1.0, 1.5, 1.6666666666666667, 1.0688637481554353, 1.6666666666666667, 1.0, 25.0, 1.052488070892979, 1.145922746781116, 1.0194075587334015, 1.0, 1.0857142857142856, 1.0434782608695652, 1.2317073170731707, 1.0, 1.6206896551724137, 1.1436170212765957, 1.1030927835051547, 1.2333333333333334, 20.0, 1.1176470588235294, 1.0, 1.0769230769230769, 1.0751734772552044, 1.0, 1.1538461538461537, 1.2608695652173914, 13.5, 1.0, 1.0769230769230769, 1.0616534329752452, 20.0, 1.0, 1.3043478260869565, 1.0743243243243243, 1.1886792452830188, 1.0833333333333333, 2.0, 1.2063492063492063, 1.08125, 5.4, 1.0426608821402747, 1.0220135016143235, 1.0289085545722714, 1.7142857142857142, 1.0, 1.0, 16.0, 1.7666666666666666, 1.0842105263157895, 15.0, 1.0, 1.143103448275862, 1.0, 1.2857142857142858, 1.038985220528337, 1.049689440993789, 1.2941176470588236, 1.0076335877862594, 1.0847953216374269, 1.0741169658367111, 2.0, 5.8, 1.0661157024793388, 1.0288533413066228, 1.0, 1.1830985915492958, 1.0107047279214987, 1.2543859649122806, 1.006377014716188, 22.0, 1.0668103448275863, 1.0, 18.0, 1.141812865497076, 1.1886792452830188, 1.014477766287487, 1.4382022471910112, 1.044080604534005, 1.0583333333333333, 1.303030303030303, 1.0012626262626263, 1.2210526315789474, 3.0, 1.0360360360360361, 1.048780487804878, 2.0, 1.6, 1.0, 1.0360619772384478, 1.1367521367521367, 1.0, 1.0504118911174785, 1.66, 1.0893525949705725, 1.3061224489795917, 2.0, 1.0810055865921788, 1.4, 1.2384428223844282, 1.0, 1.2222222222222223, 1.0533649570115624, 1.16006600660066, 1.8387096774193548, 1.0, 1.1111111111111112, 1.9375, 1.0, 1.2173913043478262, 1.1407035175879396, 1.9230769230769231, 1.0533333333333332, 1.3020134228187918, 1.0, 1.0, 1.0888208269525268, 2.0, 1.2857142857142858, 1.0, 1.4077669902912622, 1.0, 1.002797691904179, 1.0, 1.0528142821720803, 1.3636363636363635, 2.0, 1.3920595533498759, 1.193633952254642, 1.0067613252197432, 1.2101910828025477, 1.048780487804878, 1.25, 1.0092153765139547, 1.0273972602739727, 2.0, 1.0, 1.0, 1.4691780821917808, 6.8, 1.0, 1.2790697674418605, 1.4242424242424243, 1.0859375, 1.218978102189781, 2.0, 1.0015037593984963, 4.0, 1.1990950226244343, 1.0677570093457944, 1.3, 1.0254677754677755, 1.0, 1.0, 1.0602284527518173, 1.0, 1.004149377593361, 1.0052910052910053, 5.142857142857143, 1.0285714285714285, 1.7777777777777777, 1.25, 1.0, 1.3170731707317074, 28.0, 1.0218181818181817, 1.4090909090909092, 1.0344827586206897, 1.0213625866050808, 1.0, 1.375, 1.0, 29.0, 1.0, 1.066175043663885, 1.0945054945054946, 1.2566137566137565, 6.75, 1.0, 1.3571428571428572, 1.0163461538461538, 1.1201117318435754, 1.3421052631578947, 1.3571428571428572, 1.0068027210884354, 1.0686653771760155, 2.0, 1.0508953817153628, 1.0049875311720697, 1.0, 1.0, 1.0, 1.0950704225352113, 1.251101321585903, 1.0, 1.0, 1.1916376306620209, 1.0, 1.0769230769230769, 1.0, 1.4, 1.6444444444444444, 1.105263157894737, 1.0215987791994365, 1.2222222222222223, 1.0, 1.0166320166320166, 1.4264705882352942, 1.59375, 1.1018593371059013, 1.1450676982591876, 1.0272679601468275, 1.0, 1.0, 2.0, 1.1092896174863387, 1.0015948963317385, 1.0709779179810726, 1.0242470763534564, 1.5217391304347827, 1.0, 1.1408450704225352, 1.0, 1.0, 1.6271186440677967, 1.0, 1.5, 1.3805104408352669, 27.0, 1.0666666666666667]
origin-census_12.27 	max: 35.0000	99th: 26.0100	95th: 13.0250	median: 1.0948	mean: 2.3753

...Done, result: results.csv

WORKLOAD-FINISHED | Type: QueryWorkload | Progress: 3/3 | Workload-time: 83.375163 | Model-update-time: 0.000000


Experiment Summary: #data-update-times=1, #drift=1 | total-time=175.485339