Input arguments = Namespace(data_update='valueskew', update_size=8000, dataset='census', debug=False, drift_test='js', model_update='adapt', model='naru', end2end=False, query_seed=0, random_seed=42, num_workload=3)
JSON-passed parameters = {'data_updater': {'skew_ratio': '1e-2'}, 'random_seed': 32, 'naru': {'epochs': 0}}
MODEL-PATH=/home/kangping/code_copy/SAUCE/models/end2end/naru/origin-census-22.5MB-model27.255-data14.989-300epochs-seed0.pt
DATASET-PATH=/home/kangping/code_copy/SAUCE/data/census/end2end/census_int.npy
Workloads: ['QueryWorkload', 'DataUpdateWorkload', 'QueryWorkload']

WORKLOAD-START | Type: QueryWorkload | Progress: 1/3
Going to run: ['python', '/home/kangping/code_copy/SAUCE/Naru/eval_model.py', '--dataset=census', '--model=naru', '--query_seed=0', '--end2end', '--eval_type=first_estimate', '--num_workload=3', '--data_update=valueskew', '--model_update=adapt', '--random_seed=42']
Torch device: cuda:1
GET-MODEL-PATH=./models/end2end/naru/origin-census-22.5MB-model27.255-data14.989-300epochs-seed0.pt
ckpts [PosixPath('/home/kangping/code_copy/SAUCE/models/end2end/naru/origin-census-22.5MB-model27.255-data14.989-300epochs-seed0.pt')]
Validate Argument: DATASET="census" is valid.
load_csv_dataset - census (32561, 13)
Parsing... done, took 0.0s
Loading ckpt: /home/kangping/code_copy/SAUCE/models/end2end/naru/origin-census-22.5MB-model27.255-data14.989-300epochs-seed0.pt
query_seed:0
origin-census_12.27 	max: 4.0000	99th: 3.0000	95th: 2.0000	median: 1.0437	mean: 1.2090
ReportEsts: [1.0, 1.1515368120085776, 1.2183098591549295, 2.0, 1.0655737704918034, 1.1309012875536482, 1.0, 1.2142857142857142, 1.0, 1.0, 1.0, 1.163265306122449, 2.5, 1.1216216216216217, 1.3355704697986577, 1.5, 1.0480769230769231, 1.0, 1.0, 1.0, 3.0, 2.0, 1.4123314065510597, 2.5, 1.0743243243243243, 1.4, 1.0, 1.0032175032175032, 1.0, 1.0550199858923113, 1.0277051751176163, 1.3513513513513513, 1.0491803278688525, 1.0, 1.0, 1.2232142857142858, 1.5, 1.022964509394572, 1.375, 1.0120945574491478, 1.0, 1.0, 1.0, 1.0, 1.08, 1.1333333333333333, 1.0, 1.0273546782716816, 1.0, 4.0, 1.0, 1.2727272727272727, 1.0, 1.263157894736842, 1.0825688073394495, 2.0, 1.0432098765432098, 1.75, 1.006006006006006, 1.0194805194805194, 1.125, 1.0, 1.1923076923076923, 1.205128205128205, 1.0, 1.0, 1.0, 1.0076211213935764, 1.0, 1.1666666666666667, 1.6071428571428572, 1.2941176470588236, 1.6666666666666667, 1.0, 1.0250458155161881, 1.0, 1.0, 1.411764705882353, 1.5, 1.0, 1.0, 1.0, 1.0, 1.3333333333333333, 1.2882882882882882, 1.0, 1.0, 1.0952380952380953, 1.0324364172502765, 1.0, 1.0612244897959184, 1.0, 1.032258064516129, 2.0, 1.0980392156862746, 1.5, 1.0506050605060506, 2.5, 1.5483870967741935, 1.5, 1.0, 1.0, 1.0, 1.0, 1.0, 1.1023622047244095, 1.016822429906542, 1.2222222222222223, 1.1507246376811595, 1.032258064516129, 1.0724637681159421, 1.0, 1.3043478260869565, 1.2222222222222223, 1.5454545454545454, 1.0, 3.0, 1.1379310344827587, 3.0, 1.048158640226629, 2.0, 1.1672, 1.0147058823529411, 1.25, 1.0085561497326203, 1.0666666666666667, 1.0061393681380237, 1.018900843268392, 1.1818181818181819, 1.1081677704194262, 1.0, 1.0017841213202499, 1.0, 1.0, 2.0, 1.0, 1.0209863588667367, 1.0, 1.0, 1.5555555555555556, 1.0, 2.1875, 1.0, 1.0, 2.0, 1.0, 1.0, 1.1363636363636365, 1.0015690376569037, 1.2079207920792079, 1.105263157894737, 1.2, 2.0, 1.0, 1.0, 1.5, 3.0, 1.0, 1.0, 1.3333333333333333, 1.02, 1.5, 1.4444444444444444, 1.0769230769230769, 1.2043010752688172, 1.009861932938856, 1.0426829268292683, 1.0153067096328692, 1.0125958378970428, 1.1914893617021276, 1.0091594827586208, 1.2, 1.0, 1.0, 1.7058823529411764, 1.4473684210526316, 1.5, 1.0619678334910123, 1.098518995492595, 1.0408163265306123, 1.0, 1.2580645161290323, 1.065217391304348, 1.0260869565217392, 1.263157894736842, 1.0297705581189558, 1.5, 1.0, 1.1245674740484428, 1.0321543408360128, 1.5365853658536586, 1.125, 1.0052368483694358, 1.0, 1.1, 1.1111111111111112, 1.0388540734109222, 1.0, 1.0175438596491229, 1.062857142857143, 1.0, 1.0851063829787233, 1.3786407766990292, 1.0666666666666667, 2.0, 1.5555555555555556, 1.0, 1.0488227146814404, 4.0, 1.0, 1.0939947780678851, 1.07, 1.1538461538461537, 2.1666666666666665, 1.0, 1.1, 1.0769230769230769, 1.0061555679910466, 1.0346820809248556, 1.2602739726027397, 1.0, 1.2857142857142858, 1.0095389507154213, 1.4857142857142858, 2.0, 1.2114537444933922, 1.0, 1.0, 1.0, 1.0, 1.0, 1.3, 1.1538461538461537, 1.107843137254902, 1.0, 1.0, 1.0, 1.4, 1.0332005312084993, 1.0, 1.0, 1.082066869300912, 2.0, 1.0, 1.0, 1.25, 1.45, 1.0, 1.0, 1.0851063829787233, 1.0, 1.0061349693251533, 1.206451612903226, 1.2, 1.0, 1.0, 2.5, 1.0478260869565217, 1.793103448275862, 1.0341071940384063, 1.0, 1.0, 1.5555555555555556, 1.0571428571428572, 2.0, 1.0, 1.3333333333333333, 1.0149253731343284, 2.0, 1.2142857142857142, 1.088235294117647, 1.0, 1.0, 2.0, 1.033953287197232, 1.0398406374501992, 1.0, 1.0423728813559323, 1.0, 1.0, 2.1818181818181817, 1.2926829268292683, 1.0075757575757576, 1.5, 1.0123253903040264, 1.0, 1.041899441340782, 1.5, 1.0344827586206897, 1.0, 1.2857142857142858, 1.0067390490453014, 1.5, 1.0011025358324146, 1.1391304347826088, 1.0, 1.0, 1.0384615384615385, 1.037754114230397, 1.06, 1.2222222222222223, 2.0, 1.0, 1.105263157894737, 1.0633802816901408, 1.0078616352201257, 2.0, 1.0275229357798166, 1.2, 1.0, 1.0, 1.0, 1.0, 1.065, 1.0, 1.0, 1.0, 1.0656324582338903, 1.0, 1.0075962405046994, 1.0, 1.000301750150875, 1.375, 1.0, 1.0880713489409142, 1.2727272727272727, 1.0, 1.0055045871559634, 1.0, 1.0922700886037275, 1.0, 1.277456647398844, 1.0, 1.013990988854636, 1.0, 1.0, 2.0, 2.0, 3.0, 1.2831858407079646, 1.105263157894737, 1.0659898477157361, 1.0, 1.1, 1.0196078431372548, 3.0, 1.0, 1.0, 1.5, 1.0, 1.0, 1.6666666666666667, 1.0666666666666667, 1.0, 1.1, 1.0063541130001716, 1.3333333333333333, 1.0, 1.0, 1.0, 1.0027816411682893, 1.3333333333333333, 1.0, 1.1428571428571428, 1.0, 1.2222222222222223, 1.0, 1.1004431314623337, 1.054054054054054, 1.0, 1.2483221476510067, 1.2291666666666667, 1.0, 1.0, 3.0, 1.0, 1.0, 1.0588235294117647, 1.0208333333333333, 1.1538461538461537, 1.3225806451612903, 1.0, 1.2736842105263158, 1.1428571428571428, 1.0, 1.0459770114942528, 1.0, 1.0, 1.0, 1.0, 2.0, 1.4645892351274787, 1.0, 1.0, 1.625, 1.6153846153846154, 1.0833333333333333, 1.5348837209302326, 1.0, 1.0, 1.1764705882352942, 1.0454545454545454, 1.0, 1.0208333333333333, 1.1428571428571428, 1.0, 1.011536444677504, 1.074766355140187, 1.0, 1.1071428571428572, 1.5333333333333334, 1.0, 1.0, 1.0, 1.25, 1.2959183673469388, 1.2608695652173914, 4.0, 1.2210526315789474, 1.0512820512820513, 1.7, 1.0, 1.0212856534695616, 1.0, 1.3, 1.0807823129251701, 1.1216216216216217, 1.1835443037974684, 1.03125, 1.180722891566265, 1.0, 1.0, 1.0016460905349793, 1.4, 1.0317460317460319, 1.0, 1.0, 1.0, 1.0252808988764044, 1.0, 1.5, 1.0833333333333333, 1.0, 1.0, 2.0, 1.3513513513513513, 1.0, 1.0, 1.2205438066465257, 1.091743119266055, 1.0022438294689604, 1.1428571428571428, 1.2608695652173914, 1.0, 1.0, 1.4444444444444444, 1.0, 1.0210040983606556, 1.0264735264735265, 1.0, 1.0139402560455193, 1.0909090909090908, 1.0, 1.105263157894737, 2.0, 1.1111111111111112, 1.0, 1.0, 1.0564015792442187, 1.069767441860465, 1.0357142857142858, 1.0, 1.0, 1.5, 1.1379310344827587, 1.016304347826087, 1.0769230769230769, 1.0489236790606653, 1.0, 2.0, 1.0, 1.4285714285714286, 1.3073170731707318, 1.0, 1.0, 1.0, 1.0, 1.023728813559322, 1.0, 1.0, 1.0, 1.0, 1.6808510638297873, 1.0, 1.0769230769230769, 1.0, 2.090909090909091, 1.1978891820580475, 1.0111940298507462, 1.5138888888888888, 1.0, 2.0, 1.0, 1.2857142857142858, 1.0, 1.07532281205165, 1.0925925925925926, 1.2857142857142858, 1.0, 1.03770197486535, 1.1428571428571428, 1.0, 1.0173029387530899, 1.0032102728731942, 1.21875, 1.0525568181818181, 1.0920863309352518, 1.8333333333333333, 2.0, 1.0, 1.0387931034482758, 1.0289562289562288, 1.0, 1.240506329113924, 1.1607142857142858, 1.1967213114754098, 1.2857142857142858, 3.0, 1.1390870185449358, 1.003218020917136, 1.0, 1.2872727272727273, 1.6666666666666667, 1.0612244897959184, 1.375, 1.031666097644247, 1.1403508771929824, 1.0, 3.0, 1.0, 1.3448275862068966, 1.0, 1.0055248618784531, 1.183651226158038, 1.0566310837705808, 1.0135338345864662, 1.1726907630522088, 1.0, 1.059179869524697, 1.0, 1.0545454545454545, 1.0, 1.2913907284768211, 1.0, 1.0, 2.0, 2.0, 4.0, 1.0, 2.0, 1.0649350649350648, 1.0, 1.1818181818181819, 1.042999475616151, 1.0033594624860023, 1.1703296703296704, 1.02, 1.0957446808510638, 1.0, 1.0, 1.0, 1.0, 1.0084033613445378, 1.2857142857142858, 1.050074183976261, 1.5, 2.0, 1.2702702702702702, 1.0153846153846153, 1.128787878787879, 1.0, 1.1568627450980393, 1.0, 1.393939393939394, 1.263157894736842, 1.2, 1.5, 1.0416666666666667, 3.0, 1.0, 1.0, 2.0, 1.0, 1.0393450839528862, 1.0170255383074611, 1.0, 1.3125, 1.0, 1.0833333333333333, 1.0037950664136623, 1.0, 1.1909722222222223, 1.8, 1.067448680351906, 2.0, 1.0, 1.0203784570596797, 1.0, 1.1111111111111112, 1.0, 1.0323965651834504, 1.4601769911504425, 1.14, 1.0357142857142858, 1.0254237288135593, 2.0, 1.25, 1.0, 1.2272727272727273, 2.0, 1.0104347826086957, 1.0, 1.0082644628099173, 1.0864745011086474, 1.6666666666666667, 1.0, 1.0157894736842106, 1.0, 1.0, 1.0247844827586208, 1.0, 1.0526315789473684, 1.1111111111111112, 1.135135135135135, 1.0051819184123485, 1.0, 1.4, 1.1859756097560976, 1.0253164556962024, 1.0236184361385003, 1.0, 1.0523012552301256, 1.25, 1.0435383552176918, 1.0, 1.0, 1.52, 1.125, 1.0712143928035982, 1.185430463576159, 1.0050270688321732, 1.0507364975450082, 1.2162162162162162, 1.103448275862069, 1.5, 1.0, 1.1176470588235294, 1.0052356020942408, 1.0333333333333334, 1.0, 1.2, 1.22, 1.0, 1.0, 1.2142857142857142, 1.0, 1.0476190476190477, 1.0300387596899225, 1.0, 1.076271186440678, 1.5, 1.0, 1.0, 1.0, 1.2857142857142858, 1.0021739130434784, 1.0158730158730158, 1.7407407407407407, 1.0, 1.0, 1.08, 1.0032722513089005, 1.0, 1.0, 1.0, 1.0952380952380953, 1.1428571428571428, 1.0, 3.0, 1.0327463251346238, 1.3333333333333333, 1.0, 1.0, 1.0585585585585586, 1.4285714285714286, 1.3125, 1.088235294117647, 1.75, 1.375, 1.0, 1.0, 1.0, 1.5932203389830508, 1.0, 1.0215625875105012, 1.1368421052631579, 1.0301624129930393, 1.0, 1.0365212821860221, 1.0374401393121462, 1.3043478260869565, 1.041237113402062, 1.0, 1.0, 1.0133372851215174, 2.0, 1.0617283950617284, 1.5, 1.2173913043478262, 1.0, 1.3333333333333333, 1.1210131332082551, 2.0, 1.0, 1.3333333333333333, 1.6666666666666667, 1.0118694362017804, 1.3875968992248062, 1.1428571428571428, 1.0612088752869167, 1.0317460317460319, 1.6666666666666667, 1.1, 1.0, 1.0, 1.0, 1.0, 1.0571428571428572, 1.1035186129525751, 1.0, 1.5, 2.0, 1.0, 1.0, 1.0, 1.0963855421686748, 1.0422295081967212, 1.0193798449612403, 1.0, 1.2234042553191489, 1.0083526682134571, 3.0, 1.2142857142857142, 1.0036101083032491, 1.0, 1.4, 1.0, 1.2597402597402598, 1.2127659574468086, 1.1062992125984252, 1.029378951283005, 1.057934508816121, 1.1743119266055047, 1.0, 1.1044083526682134, 1.0275862068965518, 1.5, 1.0, 1.0140679953106682, 1.0, 1.0, 1.0, 1.0102654867256637, 1.0144230769230769, 1.0338983050847457, 1.2692307692307692, 1.2833333333333334, 2.0, 1.0297029702970297, 1.5, 1.0, 1.0416666666666667, 1.0, 1.1625, 1.0, 1.3636363636363635, 1.0087350915504787, 1.0087336244541485, 1.0595744680851065, 1.0, 1.0037105751391466, 1.0, 1.088235294117647, 1.0, 1.0295081967213116, 1.0, 1.0, 1.1666666666666667, 1.0, 1.036549707602339, 1.0, 1.0, 1.25, 1.0847457627118644, 1.0050661412890516, 1.36, 1.0344827586206897, 1.7352941176470589, 1.043132803632236, 1.0062770117308089, 1.0, 1.2357142857142858, 1.0, 1.2857142857142858, 1.0438871473354232, 1.5, 1.0, 1.2222222222222223, 1.09375, 1.2122448979591838, 1.0, 1.0, 1.0, 1.6666666666666667, 1.2535211267605635, 1.0909090909090908, 1.1118012422360248, 1.05, 1.0305343511450382, 1.1194029850746268, 1.0061349693251533, 1.0108202443280978, 1.0897531787584143, 1.0476190476190477, 1.0, 1.7692307692307692, 1.0681818181818181, 1.1428571428571428, 1.0, 1.0, 1.3636363636363635, 1.0157697614823575, 1.3157894736842106, 1.0325825825825825, 1.0, 2.0, 1.0529327610872676, 1.0, 1.0, 1.0, 1.0, 1.6666666666666667, 1.0, 1.3902439024390243, 1.0222222222222221, 1.0, 1.0, 1.072192513368984, 1.1720093823299453, 1.0538827258320127, 1.0, 1.1125, 1.049645390070922, 1.0364188163884673, 1.0204081632653061, 1.1705128205128206, 1.0, 1.0816326530612246, 1.0224358974358974, 1.0833333333333333, 1.0638629283489096, 1.0951219512195123, 3.0, 1.2297297297297298, 1.2962962962962963, 2.0, 3.0, 1.0, 1.2, 1.073394495412844, 1.0, 1.1428571428571428, 3.0, 2.0, 3.0, 1.0062893081761006, 1.3725490196078431, 1.75, 1.1454545454545455, 1.2, 1.0, 1.2595419847328244, 1.0011901219875037, 1.0912670007158196, 1.008443908323281, 1.6666666666666667, 1.6, 3.0, 1.0, 1.0, 1.1956521739130435, 1.0046439628482973, 1.0, 1.193058568329718, 1.0, 1.3783783783783783, 1.0888888888888888, 1.0, 1.3804347826086956, 1.0907668231611893, 1.2222222222222223, 1.202247191011236, 1.2857142857142858, 1.224283305227656, 1.1140350877192982, 1.5833333333333333, 1.0, 1.019659239842726, 1.5, 1.0, 1.0, 1.0, 1.16, 1.0213551278671236, 1.0, 1.0529144274493591, 1.3333333333333333, 1.1282051282051282, 1.0510204081632653, 1.0, 2.0, 1.0045112781954888, 1.1096774193548387, 1.0500268961807424, 1.1098317094774137, 1.1712328767123288, 1.0, 1.0, 1.0297029702970297, 1.0, 1.05, 1.0356768100734524, 1.2656826568265682, 1.0, 1.0, 1.0975609756097562, 1.75, 1.0, 1.0, 1.0133537206931702, 1.0, 1.0416666666666667, 2.0, 1.0, 1.0, 1.054054054054054, 1.1363636363636365, 1.3214285714285714, 1.0115942028985507, 1.5, 1.2, 1.0, 1.0, 1.0, 1.0595181861124232, 1.163758389261745, 1.0510396975425331, 1.3333333333333333, 2.0, 1.1680790960451977, 2.0, 1.1363636363636365, 1.4563106796116505, 1.4615384615384615, 1.0976377952755905, 1.1060779816513762, 1.2941176470588236, 1.0, 1.5, 1.0, 1.356687898089172, 1.0, 1.0221230351251698, 1.2061108234075608, 1.2, 1.0, 1.3035714285714286, 1.0, 1.6666666666666667, 1.0, 1.3333333333333333, 1.4, 1.0, 2.5, 1.0170261066969353, 1.0, 1.0, 1.05, 1.24, 1.0250965250965252]
origin-census_12.27 	max: 4.0000	99th: 3.0000	95th: 2.0000	median: 1.0437	mean: 1.2090

...Done, result: results.csv

WORKLOAD-FINISHED | Type: QueryWorkload | Progress: 1/3 | Workload-time: 88.401847 | Model-update-time: 0.000000


WORKLOAD-START | Type: DataUpdateWorkload | Progress: 2/3
Going to run: ['python', '/home/kangping/code_copy/SAUCE/Naru/eval_model.py', '--model=naru', '--data_update=valueskew', '--dataset=census', '--drift_test=js', '--end2end', '--update_size=8000', '--query_seed=0', '--eval_type=drift']
Torch device: cuda:1
GET-MODEL-PATH=./models/end2end/naru/origin-census-22.5MB-model27.255-data14.989-300epochs-seed0.pt
GET-DATASET-PATH=./data/census/end2end/census_int.npy
ValueSample - START
ValueSample - END
load_npy_dataset_from_path - df.shape = (39073, 13)
Parsing... done, took 0.0s
Data updated!
Previous data size: (32561, 13), new data size: (6512, 13)
[0.0000000e+00 4.7683716e-07 5.0663948e-06 1.9669533e-06 4.1723251e-07
 5.9604645e-07 4.1127205e-06 2.5033951e-06 9.0599060e-06 7.1525574e-07
 4.1723251e-07 8.8482499e-03 3.7074089e-05]
Distance score: 0.0006854350795038044
SAUCE Drift detection: True
Detection latency: 0.0037s

DRIFT-DETECTED after 2-th workload
Going to run: ['python', '/home/kangping/code_copy/SAUCE/Naru/incremental_train.py', '--dataset=census', '--end2end', '--model=naru', '--model_update=adapt', '--update_size=8000', '--epochs=0']
Torch device: cuda:1
GET-MODEL-PATH=./models/end2end/naru/origin-census-22.5MB-model27.255-data14.989-300epochs-seed0.pt
update_size: 6512
AdaptTask - START
GET-DATASET-PATH=./data/census/end2end/census_int.npy
load_npy_dataset_from_path - df.shape = (39073, 13)
Parsing... done, took 0.0s
done, took 0.0s
dataset size: 39073
train data shape: torch.Size([6512, 13]), transfer data shape:torch.Size([1302, 13])
Training done; evaluating likelihood on full data:
Epoch None Iter 0, test loss 18.7704 nats / 27.0799 bits
Saved to: /home/kangping/code_copy/SAUCE/models/end2end/naru/origin-census-22.5MB-model27.255-data14.989-300epochs-seed0.pt
AdaptTask - END

WORKLOAD-FINISHED | Type: DataUpdateWorkload | Progress: 2/3 | Workload-time: 1.932438 | Model-update-time: 3.869539


WORKLOAD-START | Type: QueryWorkload | Progress: 3/3
Going to run: ['python', '/home/kangping/code_copy/SAUCE/Naru/eval_model.py', '--dataset=census', '--model=naru', '--end2end', '--query_seed=0', '--eval_type=estimate', '--num_workload=3', '--data_update=valueskew', '--model_update=adapt', '--random_seed=42']
Torch device: cuda:1
GET-MODEL-PATH=./models/end2end/naru/origin-census-22.5MB-model27.255-data14.989-300epochs-seed0.pt
ckpts [PosixPath('/home/kangping/code_copy/SAUCE/models/end2end/naru/origin-census-22.5MB-model27.255-data14.989-300epochs-seed0.pt')]
Validate Argument: DATASET="census" is valid.
data size: 39073, total size: 39073, split index: [32560 39073]
Parsing... done, took 0.0s
Loading ckpt: /home/kangping/code_copy/SAUCE/models/end2end/naru/origin-census-22.5MB-model27.255-data14.989-300epochs-seed0.pt
query_seed:0
origin-census_12.27 	max: 5.0000	99th: 3.4460	95th: 2.0000	median: 1.1000	mean: 1.3152
ReportEsts: [1.0879120879120878, 1.0, 1.0172413793103448, 1.0, 1.0, 1.0185185185185186, 1.047872340425532, 1.4907407407407407, 1.0, 1.0, 1.0443571027512633, 1.094240837696335, 1.2407407407407407, 1.1381074168797953, 1.0, 1.0553797468354431, 2.0, 1.0491803278688525, 1.0, 2.0, 1.318840579710145, 1.1363636363636365, 1.0, 1.0, 1.0, 1.3333333333333333, 1.2222222222222223, 1.3076923076923077, 1.1428571428571428, 1.0271528316524439, 1.0327510917030567, 1.183673469387755, 1.130083127387104, 1.0656108597285068, 1.3846153846153846, 1.125, 1.0, 2.0, 1.25, 1.0253164556962024, 1.1538461538461537, 1.0, 2.0, 1.0488652627274586, 1.0, 1.6666666666666667, 1.0, 1.0833333333333333, 1.0, 1.0, 1.011207411835027, 1.5384615384615385, 1.0, 1.9411764705882353, 1.0044843049327354, 1.2242424242424241, 1.4166666666666667, 1.1530534351145039, 1.1869158878504673, 1.3333333333333333, 1.1851851851851851, 1.2272727272727273, 1.0164835164835164, 1.0, 1.2838709677419355, 1.0199508062312108, 1.1513616212792908, 1.0281083818688275, 1.0327272727272727, 1.6, 1.264367816091954, 1.0677966101694916, 2.0, 1.0190721649484535, 1.0014721627408993, 1.0, 1.25, 1.4242424242424243, 1.0378719567177637, 1.6, 1.3157894736842106, 1.0, 1.0, 1.0, 1.0601503759398496, 2.0, 1.2142857142857142, 1.0, 1.31, 1.0115207373271888, 1.0, 2.0, 1.0133779264214047, 2.0, 1.0740740740740742, 1.2222222222222223, 4.0, 2.0, 1.015625, 2.6, 1.3, 1.1983471074380165, 1.5, 1.12, 1.4827586206896552, 1.0408163265306123, 1.4772727272727273, 1.25, 1.039788798793136, 1.1111111111111112, 1.0, 1.8142857142857143, 3.4444444444444446, 1.056622851365015, 1.0, 1.0, 1.0743801652892562, 1.0, 1.0, 1.0, 1.0, 1.0, 3.0, 1.32, 1.4285714285714286, 1.5, 1.3615635179153094, 1.1195286195286196, 1.1704545454545454, 1.0, 1.0543041029766693, 1.2148653034728985, 1.1446808510638298, 2.0, 1.2, 1.1258741258741258, 1.0, 1.0565583634175693, 2.0, 1.0, 1.0, 2.0, 1.0, 1.75, 1.0, 1.0, 1.0380106976214862, 1.3260942198463082, 1.0, 1.3333333333333333, 1.1352201257861636, 1.0, 1.0106323447118075, 1.2765957446808511, 1.0, 1.064039408866995, 1.0555555555555556, 1.0, 1.6666666666666667, 1.0008278145695364, 1.8, 1.1088082901554404, 1.1758720930232558, 1.001543209876543, 1.0, 1.029723589549413, 1.0174216027874565, 2.0, 1.0769230769230769, 1.0555555555555556, 1.0606060606060606, 1.118421052631579, 1.0240441466298777, 1.16403785488959, 1.2958034800409417, 1.2146341463414634, 2.0, 1.25, 1.0, 1.6666666666666667, 3.6, 1.0, 1.042857142857143, 1.1611842105263157, 1.0, 1.12109375, 2.2857142857142856, 1.8571428571428572, 1.0, 1.5, 1.0, 1.0634920634920635, 1.0, 1.3333333333333333, 2.0, 1.0303418022299398, 1.0, 1.0344827586206897, 1.0, 1.0163934426229508, 1.1428571428571428, 1.0, 1.0583756345177664, 1.0035300050428644, 1.0392156862745099, 1.6451612903225807, 2.0, 1.5, 1.0, 1.5, 1.0, 1.0769230769230769, 1.005569306930693, 4.0, 2.0, 1.008230452674897, 1.2663316582914572, 2.0, 1.010307153164296, 1.1428571428571428, 1.625, 1.0053218633812058, 1.0, 1.0, 1.391304347826087, 1.1058823529411765, 1.1304347826086956, 1.7647058823529411, 1.1450892857142858, 1.1851851851851851, 2.5, 1.010443864229765, 1.0, 1.0281310478296932, 1.0, 2.0, 1.2222222222222223, 2.0, 1.0, 1.1438075742067553, 1.0353982300884956, 1.0, 1.1456953642384107, 1.0, 1.3368421052631578, 1.0, 1.3333333333333333, 1.0, 1.0318431568431568, 1.1255334281650071, 1.1714285714285715, 1.5416666666666667, 1.0, 1.457142857142857, 1.0, 2.125, 1.033745781777278, 1.019108280254777, 1.1956521739130435, 1.2662337662337662, 1.0115328467153284, 1.0, 1.25, 1.3076923076923077, 1.303030303030303, 2.0, 1.2032967032967032, 1.0, 1.0288659793814432, 1.0, 1.0713450292397662, 1.0, 1.0625, 1.0, 1.0079133694294045, 1.0, 1.1560975609756097, 1.3061224489795917, 1.126984126984127, 1.4, 1.2248376623376624, 1.0, 1.25, 1.2173913043478262, 1.0619469026548674, 1.3902439024390243, 1.0, 1.0, 1.0745341614906831, 1.0, 2.0, 1.0, 1.1, 1.112026359143328, 1.25, 1.1636363636363636, 1.2222222222222223, 2.0, 1.1111111111111112, 1.038140210679259, 1.108695652173913, 1.0, 1.0, 1.0494279176201373, 3.0, 2.0, 1.469387755102041, 1.0, 1.0, 1.0, 1.0182399398270026, 1.095350669818755, 1.3461538461538463, 1.182972718720602, 3.857142857142857, 1.0484567901234567, 2.0, 1.25, 1.0, 2.0, 3.0, 1.0315029534018814, 1.0, 1.0730110775427997, 1.6, 1.0, 1.1990927419354838, 1.1016949152542372, 1.0, 1.0, 2.0, 1.3333333333333333, 4.0, 1.0601092896174864, 2.0, 1.020316027088036, 1.0, 2.0, 1.0, 1.0, 1.0, 1.1666666666666667, 1.0, 1.0, 1.0, 1.0480769230769231, 1.0156862745098039, 1.0, 1.1277683134582623, 2.0, 1.0, 2.0, 1.1333333333333333, 1.0, 2.3333333333333335, 1.037037037037037, 1.0, 1.3214285714285714, 2.1666666666666665, 1.2641509433962264, 1.0, 1.2054758107389687, 1.0032292787944026, 1.2, 1.0199530516431925, 1.0, 2.0, 1.0, 1.0, 1.0851063829787233, 1.2083333333333333, 1.0217391304347827, 1.0437862202189312, 1.0, 1.043103448275862, 1.0795454545454546, 3.0, 1.1047619047619048, 1.0, 1.0, 1.0, 1.2608695652173914, 2.0, 1.5489260143198091, 1.0, 1.0138888888888888, 1.8, 1.4761904761904763, 1.34375, 1.0710659898477157, 2.0, 2.0, 1.2333333333333334, 2.0, 1.0, 1.007496800146279, 1.0, 1.1297836938435941, 1.331807780320366, 3.0, 2.0, 1.5365853658536586, 1.0447971781305114, 2.0, 1.0869565217391304, 1.0, 1.0624133148404993, 1.162162162162162, 1.1111111111111112, 1.0619307832422586, 1.5, 1.3333333333333333, 1.0, 2.0, 1.1261595547309833, 1.0, 1.0759493670886076, 1.0701754385964912, 1.0556603773584905, 1.1627906976744187, 1.75, 1.0, 1.1111111111111112, 1.5294117647058822, 1.2916666666666667, 1.0846560846560847, 1.0, 1.0056509945750451, 2.0, 1.2695473251028806, 3.0, 1.0, 1.1923076923076923, 1.0, 1.0, 1.0, 1.0407751312071054, 1.5, 1.0099537859936012, 2.0, 2.0, 1.5, 2.0, 2.0, 1.1176470588235294, 1.3703703703703705, 2.3125, 1.0, 1.0833333333333333, 1.0, 1.0, 3.0, 1.2307692307692308, 1.174757281553398, 1.6666666666666667, 1.0, 1.0395990472409686, 1.0, 1.0533333333333332, 1.6666666666666667, 1.0816696914700545, 1.0, 1.0144300144300145, 1.0, 1.07, 2.0, 1.0, 1.2705479452054795, 1.1153846153846154, 1.0034832172260926, 1.3333333333333333, 1.016153978346795, 1.077534791252485, 1.04, 2.0, 1.0384814718839077, 1.5591397849462365, 1.0, 1.0, 1.423529411764706, 1.0, 1.3333333333333333, 1.3444730077120823, 1.1, 2.0, 1.0348144754924415, 1.5, 1.2666666666666666, 1.0, 1.0849923430321593, 1.0, 2.0, 1.0, 1.1290322580645162, 1.1458333333333333, 1.0, 1.1, 1.0, 1.0281481481481483, 1.076219512195122, 3.0, 1.0615384615384615, 1.0168376742962377, 1.3807641633728591, 1.0445368171021379, 1.3563218390804597, 1.375, 1.375, 1.1075949367088607, 1.0334928229665072, 2.0, 1.0, 1.1818181818181819, 1.3333333333333333, 1.2222222222222223, 1.0, 1.0, 2.0, 1.5654761904761905, 1.5, 2.0, 1.3471502590673574, 1.3734939759036144, 1.5055762081784387, 1.75, 1.25, 1.25, 1.0, 1.2222222222222223, 2.0, 2.0, 1.4444444444444444, 1.0314685314685315, 1.0, 1.0, 1.375, 1.0133779264214047, 1.2603305785123966, 1.0, 1.4285714285714286, 1.0, 1.0, 1.0, 1.0, 1.0107627515208235, 1.0066964285714286, 1.1344227727991565, 1.0087994214079075, 1.120331950207469, 1.0, 2.0, 1.0943544171458441, 1.0424528301886793, 3.0, 1.1304347826086956, 1.0, 1.053601340033501, 1.1026689625484287, 3.0, 1.3636363636363635, 1.14, 1.1111111111111112, 1.1245163336504915, 1.0, 2.0, 1.186335403726708, 1.0, 1.0, 1.01628664495114, 1.0, 1.0, 1.0, 1.4666666666666666, 1.0161290322580645, 1.1111111111111112, 1.0102685624012637, 1.1818181818181819, 1.188235294117647, 1.2158273381294964, 1.0, 1.0290786136939982, 1.2454128440366972, 2.0, 3.0, 1.0384615384615385, 1.0, 1.08343949044586, 1.0807174887892377, 2.0, 1.2518010291595196, 1.6, 1.0, 1.6666666666666667, 2.0, 1.1013824884792627, 1.3333333333333333, 1.0, 2.0, 1.1150234741784038, 1.2222222222222223, 1.5909090909090908, 1.1428571428571428, 1.5, 4.5, 1.2457627118644068, 1.0399137001078749, 1.0124463968204163, 1.089928057553957, 1.0599294947121034, 1.1635514018691588, 1.0311720698254363, 1.0, 1.0, 1.0021872265966754, 1.027534418022528, 1.5, 1.3333333333333333, 1.4149377593360997, 1.0, 1.1363636363636365, 1.1555555555555554, 1.2962962962962963, 1.4545454545454546, 1.0813953488372092, 1.3076923076923077, 1.0, 1.0046665975318885, 3.0, 1.2842377260981912, 1.0399423677259265, 1.6842105263157894, 1.0, 1.0235988200589972, 1.0, 4.0, 1.2784810126582278, 1.1794871794871795, 1.380952380952381, 1.0, 1.0, 1.0, 1.0288461538461537, 1.0, 1.036979969183359, 1.0783132530120483, 1.0, 1.7222222222222223, 1.1796116504854368, 1.1775956284153006, 1.0, 2.0, 1.7307692307692308, 1.0, 1.1277777777777778, 1.3117932148626819, 1.0277777777777777, 1.2394366197183098, 1.2774193548387096, 1.0555555555555556, 1.0096993210475267, 1.0, 1.0863309352517985, 1.0, 1.0, 1.2743801652892561, 1.0, 3.0, 1.5, 1.0, 1.0416666666666667, 1.0, 1.0843373493975903, 1.2314410480349345, 1.0, 1.0, 2.0, 2.0, 1.0, 1.0, 1.0842911877394636, 1.2, 1.5, 1.119047619047619, 2.0, 1.318840579710145, 2.0, 1.0175438596491229, 2.0, 1.0, 1.0, 1.0436619718309859, 1.4, 1.4285714285714286, 1.0038326945509082, 4.0, 1.0, 2.0, 1.0, 2.0, 1.0071270582452692, 3.0, 1.2626262626262625, 1.0344827586206897, 1.00625, 2.0, 1.6666666666666667, 1.217476681394207, 1.5, 1.175257731958763, 1.6111111111111112, 1.3636363636363635, 2.5, 1.0, 1.3874709976798143, 1.054054054054054, 2.0, 1.6578947368421053, 1.037037037037037, 5.0, 1.0, 1.0, 1.0, 1.1136363636363635, 2.0, 1.1614321608040201, 1.0496108949416343, 1.0, 1.0, 1.0, 1.0287539936102237, 1.030827474310438, 1.1773934030571198, 1.0, 1.3251748251748252, 1.0222310440651052, 3.0, 1.0588235294117647, 1.004524886877828, 1.0, 1.2173913043478262, 1.0, 1.076271186440678, 1.0, 1.044776119402985, 1.0397727272727273, 1.1574803149606299, 1.7733333333333334, 3.0, 1.0, 1.472972972972973, 1.0, 3.0, 3.0, 2.0, 2.0, 1.1404844290657439, 1.102102102102102, 1.0, 1.8, 2.0, 1.6666666666666667, 1.3605947955390334, 1.0384615384615385, 1.7142857142857142, 1.0, 1.1818181818181819, 2.0, 1.070754716981132, 2.0, 1.0, 1.0, 1.625, 1.5517241379310345, 1.038594073053067, 2.3333333333333335, 1.0, 1.1428571428571428, 1.0102459016393444, 1.0149812734082397, 1.0766738660907127, 1.0, 1.1490384615384615, 1.0909090909090908, 1.435483870967742, 1.0, 2.0, 1.0580524344569289, 1.0721649484536082, 1.027027027027027, 2.0, 1.4705882352941178, 1.0, 1.4615384615384615, 1.0369967355821545, 1.0, 1.075, 1.0740740740740742, 1.0, 1.0, 1.4615384615384615, 1.1333333333333333, 1.0, 1.0, 1.3461538461538463, 1.0151515151515151, 1.1111111111111112, 1.0, 2.0, 1.1153846153846154, 1.15, 3.8, 1.013763440860215, 1.017502917152859, 1.1324639670555936, 1.3636363636363635, 1.0, 1.0, 2.16, 1.0212765957446808, 1.1674008810572687, 2.0, 2.0, 1.1551312649164678, 2.0, 1.0410958904109588, 1.029633059381873, 1.0, 1.0461538461538462, 1.2254901960784315, 1.0303030303030303, 1.1994334277620398, 2.0, 1.171585989767808, 1.314516129032258, 1.0281300438090846, 1.0, 1.025, 1.0765724703737465, 1.176, 1.0246663405771783, 2.0, 1.0790513833992095, 2.0, 3.0, 1.1180223285486444, 1.0526315789473684, 1.1227887617065557, 1.3181818181818181, 1.0070838252656436, 1.0585106382978724, 1.1333333333333333, 1.1037555697008274, 1.0714285714285714, 2.25, 1.3493975903614457, 1.4333333333333333, 2.0, 1.085667215815486, 2.0, 1.2760736196319018, 1.1893939393939394, 1.0, 1.0086850790342192, 3.0, 1.07568688439606, 1.4375, 3.0, 1.625, 1.4, 1.0526315789473684, 2.0, 1.3, 1.2052540415704387, 1.0401854714064915, 1.6, 1.0, 1.2906976744186047, 1.4545454545454546, 1.0, 1.2608695652173914, 1.0561797752808988, 1.3333333333333333, 1.358974358974359, 1.0613496932515338, 1.125, 1.0, 1.345123799898939, 3.0, 1.2857142857142858, 1.0, 1.0, 1.0, 1.0383774805489991, 1.0, 1.1020408163265305, 1.0666666666666667, 2.0, 1.5827338129496402, 1.4285714285714286, 1.0718685831622177, 1.2880434782608696, 1.3098591549295775, 1.5714285714285714, 1.0154531168150864, 1.0337531486146097, 2.0, 1.0, 1.0, 1.273037542662116, 1.023670082967301, 2.0, 1.048780487804878, 1.5161290322580645, 1.06062424969988, 1.0825396825396825, 2.0, 1.0933753943217666, 3.0, 1.0871559633027523, 1.0472972972972974, 1.0769230769230769, 1.001974333662389, 1.0, 1.0, 1.0265035677879715, 2.0, 1.1311475409836065, 1.0526315789473684, 1.6666666666666667, 1.2571428571428571, 1.4074074074074074, 1.0333333333333334, 1.0, 1.2682926829268293, 2.0, 1.1178571428571429, 1.2, 1.0, 1.0223700120918984, 1.0, 1.125, 2.0, 2.0, 1.0, 1.1830464556727744, 1.1629213483146068, 1.1137957911145753, 1.0, 1.0, 1.1111111111111112, 1.063768115942029, 1.0025510204081634, 1.4795417348608837, 1.4666666666666666, 1.0422515635858234, 1.0147140994598622, 3.0, 1.1199226305609284, 1.013828867761452, 1.0, 1.0, 1.0, 1.121771217712177, 1.270306258322237, 1.5, 1.0, 1.0683229813664596, 1.0, 1.2307692307692308, 1.0, 1.0, 1.3148148148148149, 1.6666666666666667, 1.0122941312920437, 1.0235849056603774, 1.0, 1.0, 1.1551724137931034, 1.0344827586206897, 1.193574297188755, 1.4181494661921707, 1.0386725894956885, 1.0, 1.0, 2.0, 1.0776892430278884, 1.075503355704698, 1.013215859030837, 1.0265921178235375, 1.038, 2.0, 1.2073921971252566, 1.0, 1.0, 1.0618556701030928, 1.0, 2.0, 1.0241635687732342, 1.0, 1.0625]
origin-census_12.27 	max: 5.0000	99th: 3.4460	95th: 2.0000	median: 1.1000	mean: 1.3152

...Done, result: results.csv

WORKLOAD-FINISHED | Type: QueryWorkload | Progress: 3/3 | Workload-time: 84.451296 | Model-update-time: 0.000000


Experiment Summary: #data-update-times=1, #drift=1 | total-time=178.708712