Input arguments = Namespace(data_update='tupleskew', update_size=8000, dataset='census', debug=False, drift_test='js', model_update='adapt', model='naru', end2end=False, query_seed=0, random_seed=42, num_workload=3)
JSON-passed parameters = {'data_updater': {'skew_ratio': '1e-2'}, 'random_seed': 3, 'naru': {'epochs': 0}}
MODEL-PATH=/home/kangping/code_copy/SAUCE/models/end2end/naru/origin-census-22.5MB-model27.255-data14.989-300epochs-seed0.pt
DATASET-PATH=/home/kangping/code_copy/SAUCE/data/census/end2end/census_int.npy
Workloads: ['QueryWorkload', 'DataUpdateWorkload', 'QueryWorkload']

WORKLOAD-START | Type: QueryWorkload | Progress: 1/3
Going to run: ['python', '/home/kangping/code_copy/SAUCE/Naru/eval_model.py', '--dataset=census', '--model=naru', '--query_seed=0', '--end2end', '--eval_type=first_estimate', '--num_workload=3', '--data_update=tupleskew', '--model_update=adapt', '--random_seed=42']
Torch device: cuda:1
GET-MODEL-PATH=./models/end2end/naru/origin-census-22.5MB-model27.255-data14.989-300epochs-seed0.pt
ckpts [PosixPath('/home/kangping/code_copy/SAUCE/models/end2end/naru/origin-census-22.5MB-model27.255-data14.989-300epochs-seed0.pt')]
Validate Argument: DATASET="census" is valid.
load_csv_dataset - census (32561, 13)
Parsing... done, took 0.0s
Loading ckpt: /home/kangping/code_copy/SAUCE/models/end2end/naru/origin-census-22.5MB-model27.255-data14.989-300epochs-seed0.pt
query_seed:0
origin-census_12.27 	max: 6.0000	99th: 3.0000	95th: 2.0000	median: 1.0441	mean: 1.2065
ReportEsts: [1.0, 1.0974114441416893, 1.1830985915492958, 2.0, 1.0, 1.0321888412017168, 1.1666666666666667, 1.2857142857142858, 1.0, 1.0, 1.0, 1.2312925170068028, 2.142857142857143, 1.1369863013698631, 1.3537414965986394, 1.0, 1.117948717948718, 1.0, 1.0, 1.0, 1.6666666666666667, 2.0, 1.3371868978805395, 2.5, 1.0460526315789473, 1.4, 1.0, 1.0259953932214545, 1.0, 1.0406771690571361, 1.023784631468897, 1.3513513513513513, 1.0338983050847457, 1.2222222222222223, 1.0, 1.2321428571428572, 1.5, 1.022964509394572, 1.125, 1.0320478001086366, 1.0, 1.0, 1.0, 1.0, 1.08, 1.1333333333333333, 1.0, 1.0276741293532339, 1.0, 4.0, 1.0, 1.2727272727272727, 1.0, 1.25, 1.055045871559633, 6.0, 1.051948051948052, 1.75, 1.00175482577087, 1.0127388535031847, 1.1379310344827587, 1.0909090909090908, 1.1538461538461537, 1.2435897435897436, 1.0, 1.0, 1.0, 1.0142465753424657, 1.0, 1.1666666666666667, 1.40625, 1.2941176470588236, 1.6666666666666667, 1.0, 1.0140500916310324, 1.0, 1.0, 1.411764705882353, 1.5, 1.0, 1.0, 1.0, 1.0, 1.3333333333333333, 1.2767857142857142, 1.0714285714285714, 1.0, 1.0454545454545454, 1.0179901871706343, 1.0, 1.04, 1.0, 1.0483870967741935, 2.0, 1.065359477124183, 1.5, 1.076662908680947, 2.0, 1.5483870967741935, 1.5, 1.0, 1.0, 1.0, 1.0, 1.0, 1.0071428571428571, 1.0411214953271029, 1.1851851851851851, 1.1183098591549296, 1.032258064516129, 1.2105263157894737, 1.0, 1.2826086956521738, 1.3333333333333333, 1.5151515151515151, 1.0, 3.0, 1.1724137931034482, 3.0, 1.0315985130111525, 2.0, 1.136, 1.0391566265060241, 1.25, 1.0084835630965006, 1.0666666666666667, 1.0109415101985681, 1.0781538461538462, 1.2580645161290323, 1.1811764705882353, 1.0, 1.0283882783882783, 1.0, 1.0, 2.0, 1.0, 1.0417558886509637, 1.0, 1.0, 1.5555555555555556, 1.0, 2.3333333333333335, 1.0, 1.0, 2.0, 1.0, 1.0, 1.1818181818181819, 1.0170212765957447, 1.0082644628099173, 1.1578947368421053, 1.2, 2.0, 1.0, 1.0, 1.5, 1.5, 1.0, 1.0, 1.3333333333333333, 1.1, 1.5, 1.4444444444444444, 1.0769230769230769, 1.1789473684210525, 1.028397565922921, 1.0058823529411764, 1.0035263337504265, 1.0114879649890591, 1.1914893617021276, 1.062393647192286, 1.2, 1.0, 1.0, 1.6470588235294117, 1.520100502512563, 1.25, 1.0829715388326098, 1.1191242755956214, 1.0490196078431373, 1.0, 1.278688524590164, 1.065217391304348, 1.1016949152542372, 1.3157894736842106, 1.0040675459139652, 1.5, 1.0, 1.1443661971830985, 1.0771704180064308, 1.5180722891566265, 1.125, 1.001657589391428, 1.0, 1.0666666666666667, 1.0869565217391304, 1.0355416293643689, 1.0, 1.0175438596491229, 1.16, 1.0, 1.0196078431372548, 1.3689320388349515, 1.0666666666666667, 2.0, 1.4, 1.0, 1.0024238227146813, 4.0, 1.0, 1.0548926014319808, 1.0388349514563107, 1.25, 2.3333333333333335, 1.0, 1.1714285714285715, 1.0192307692307692, 1.0729510657460222, 1.046242774566474, 1.2328767123287672, 1.0, 1.2857142857142858, 1.0465890183028286, 1.5294117647058822, 2.0, 1.2276785714285714, 1.0, 1.0, 1.0, 1.0, 1.0, 1.368421052631579, 1.1111111111111112, 1.1225490196078431, 1.0, 1.0, 1.0, 1.4, 1.0737051792828685, 1.0, 1.0, 1.119496855345912, 2.0, 1.0, 1.0, 1.25, 1.6111111111111112, 1.0, 1.0, 1.0425531914893618, 1.0, 1.0, 1.5454545454545454, 1.3333333333333333, 1.0, 1.0, 1.6666666666666667, 1.0391304347826087, 1.7333333333333334, 1.0086730268863833, 1.0, 1.0, 1.5555555555555556, 1.0285714285714285, 1.0, 1.0, 1.3333333333333333, 1.0151515151515151, 2.0, 1.1428571428571428, 1.0, 1.0, 1.0, 2.0, 1.046642961723489, 1.0852390852390852, 1.0, 1.0197740112994351, 1.0, 1.0, 1.8181818181818181, 1.2926829268292683, 1.0038022813688212, 1.25, 1.109577922077922, 1.0, 1.1145251396648044, 1.5, 1.0434782608695652, 1.0, 1.1538461538461537, 1.020244461420932, 1.5, 1.0022050716648292, 1.1391304347826088, 1.0, 1.0, 1.0384615384615385, 1.0056285178236397, 1.04, 1.2222222222222223, 2.0, 1.0, 1.1454545454545455, 1.0211267605633803, 1.0660377358490567, 2.0, 1.2674418604651163, 1.4, 1.0, 1.0, 1.0, 1.0, 1.0597014925373134, 1.0, 1.0, 1.0, 1.007900677200903, 1.0, 1.0212710426725826, 1.0, 1.0159362549800797, 1.1, 1.0, 1.0066889632107023, 1.2727272727272727, 1.0, 1.0359108781127129, 1.0, 1.0867705468988695, 1.0, 1.118043844856661, 1.0, 1.0004742708086318, 1.0, 1.0, 1.0, 2.0, 3.0, 1.2035398230088497, 1.105263157894737, 1.0659898477157361, 1.0, 1.1111111111111112, 1.0196078431372548, 3.0, 1.0120481927710843, 1.0, 1.5, 1.0, 1.0, 1.6666666666666667, 1.0666666666666667, 1.0, 1.3, 1.0180319422977846, 1.5, 1.0, 1.0, 1.0, 1.0194714881780251, 1.3333333333333333, 1.0, 1.1428571428571428, 1.0, 1.1578947368421053, 1.0, 1.0781476121562952, 1.063063063063063, 1.0, 1.1735015772870663, 1.3333333333333333, 1.0, 1.0, 3.0, 1.0, 1.0, 1.125, 1.0416666666666667, 1.1538461538461537, 1.2576687116564418, 1.0, 1.3444444444444446, 1.1428571428571428, 1.0, 1.0, 1.0, 1.0, 1.0, 2.0, 2.0, 1.4563380281690141, 1.0, 1.0, 1.625, 1.6153846153846154, 1.0, 1.5348837209302326, 1.0, 1.0, 1.1764705882352942, 1.078125, 1.0, 1.0208333333333333, 1.1587301587301588, 1.0, 1.0088912133891212, 1.0648148148148149, 1.0, 1.0, 1.5333333333333334, 1.0, 1.0, 1.0, 1.25, 1.351063829787234, 1.2083333333333333, 4.0, 1.303370786516854, 1.0512820512820513, 1.5, 1.0, 1.0093789078782827, 1.0, 1.3, 1.0644891122278057, 1.1216216216216217, 1.1761006289308176, 1.2692307692307692, 1.1566265060240963, 1.0, 1.0, 1.048559670781893, 1.2, 1.0538461538461539, 1.0, 1.0369515011547343, 1.0, 1.010958904109589, 1.0, 1.5, 1.0833333333333333, 1.0, 1.0, 2.0, 1.25, 1.0, 1.0, 1.2279635258358663, 1.072072072072072, 1.0284218399401646, 1.0714285714285714, 1.173913043478261, 1.0, 1.0, 1.4351851851851851, 1.0, 1.021157786885246, 1.0316265060240963, 1.0, 1.017923186344239, 1.0909090909090908, 1.0, 1.105263157894737, 2.0, 1.1111111111111112, 1.0, 1.0, 1.0115323011211959, 1.0659536541889483, 1.0740740740740742, 1.0, 1.0, 1.5, 1.0879120879120878, 1.0434782608695652, 1.083916083916084, 1.0229007633587786, 1.0, 2.0, 1.0, 1.1428571428571428, 1.417989417989418, 1.0, 1.0, 1.0, 1.0, 1.0671378091872792, 1.0, 1.0, 1.0, 1.0, 1.6808510638297873, 1.0, 1.1538461538461537, 1.0909090909090908, 2.090909090909091, 1.1820580474934037, 1.0081180811808117, 1.4861111111111112, 1.0, 2.0, 1.0434782608695652, 1.2857142857142858, 1.0, 1.0467877094972067, 1.1394849785407726, 1.2857142857142858, 1.0, 1.0269299820466786, 1.0, 1.0, 1.0091792656587473, 1.057784911717496, 1.1142857142857143, 1.0426136363636365, 1.0242914979757085, 1.5714285714285714, 2.0, 1.0434782608695652, 1.0131004366812226, 1.007462686567164, 1.0, 1.2098765432098766, 1.1206896551724137, 1.2116182572614107, 1.3142857142857143, 3.0, 1.1589259796806968, 1.0024193548387097, 1.0, 1.298181818181818, 5.0, 1.0612244897959184, 1.8333333333333333, 1.0123762376237624, 1.1016949152542372, 1.0, 3.0, 1.0, 1.2580645161290323, 1.0, 1.103030303030303, 1.214086081609838, 1.0283500616305687, 1.0045112781954888, 1.1450980392156862, 1.0, 1.0200372786579683, 2.0, 1.183673469387755, 1.0, 1.4338235294117647, 1.0, 1.0, 2.0, 2.0, 2.0, 1.0, 2.0, 1.0389610389610389, 1.0, 1.1818181818181819, 1.048767697954903, 1.0279955207166853, 1.0390243902439025, 1.0101010101010102, 1.1318681318681318, 1.0, 1.0, 1.0, 1.0, 1.0762331838565022, 1.0, 1.0347222222222223, 1.5, 2.0, 1.3055555555555556, 1.0153846153846153, 1.2016129032258065, 1.0, 1.1349480968858132, 1.0, 1.4242424242424243, 1.2, 1.2, 1.5, 1.0416666666666667, 3.0, 1.0, 1.0, 2.0, 1.0, 1.043772450087712, 1.0410615923885829, 1.0, 1.28125, 1.0, 1.04, 1.0154142581888246, 1.0, 1.2382671480144405, 1.8, 1.0489913544668588, 2.0, 1.0, 1.0800582241630277, 1.0, 1.0555555555555556, 1.0, 1.0253925179298313, 1.4336283185840708, 1.1176470588235294, 1.037037037037037, 1.0392638036809816, 2.0, 1.6666666666666667, 1.0, 1.1363636363636365, 2.0, 1.0017211703958693, 1.0, 1.0252100840336134, 1.0425531914893618, 1.5384615384615385, 1.0, 1.144578313253012, 1.0, 1.0, 1.0202047413793103, 1.0, 1.0526315789473684, 1.25, 1.2, 1.0006581112207964, 1.0, 1.3333333333333333, 1.201219512195122, 1.018987341772152, 1.053657418023389, 1.0, 1.0235546038543897, 1.25, 1.0132450331125828, 1.0, 1.0, 1.4074074074074074, 1.125, 1.08095952023988, 1.1523178807947019, 1.003087610961019, 1.055921052631579, 1.25, 1.0919540229885059, 1.5, 1.0, 1.0961538461538463, 1.0104712041884816, 1.0333333333333334, 1.0, 1.3333333333333333, 1.1633333333333333, 1.0, 1.0, 1.1428571428571428, 1.0, 1.0476190476190477, 1.0271317829457365, 1.0, 1.0423728813559323, 1.5, 1.0, 1.0, 1.0, 1.3265306122448979, 1.0293478260869566, 1.0952380952380953, 1.7407407407407407, 1.0, 1.0, 1.051948051948052, 1.0019672131147541, 1.0, 1.0, 1.0, 1.0849056603773586, 1.1428571428571428, 1.0, 3.0, 1.0308543152379566, 1.411764705882353, 1.0, 1.0, 1.053811659192825, 1.25, 1.3125, 1.0776699029126213, 1.75, 1.375, 1.0, 1.0, 1.0, 1.5932203389830508, 1.0, 1.0799289520426287, 1.1020408163265305, 1.052132701421801, 1.0, 1.023121387283237, 1.001088376142795, 1.1, 1.063157894736842, 1.0, 1.0, 1.0163495838287753, 2.0, 1.011764705882353, 1.3043478260869565, 1.108695652173913, 1.0, 1.3333333333333333, 1.1097560975609757, 2.0, 1.0, 1.25, 1.6666666666666667, 1.0267062314540059, 1.4186046511627908, 1.0434782608695652, 1.0681555641124374, 1.0317460317460319, 1.6666666666666667, 1.15, 1.0434782608695652, 1.0, 1.0, 1.0, 1.0571428571428572, 1.1114535182331793, 1.0, 1.5, 2.0, 1.0, 1.0, 1.0, 1.105263157894737, 1.0282054599560098, 1.0004752851711027, 1.0, 1.1886304909560723, 1.02899217671422, 3.0, 1.2142857142857142, 1.0126353790613718, 1.0, 1.4736842105263157, 1.0, 1.2435897435897436, 1.4184397163120568, 1.0485074626865671, 1.013759761993306, 1.0796915167095116, 1.0856269113149848, 1.0, 1.1206496519721578, 1.013986013986014, 1.5, 1.004739336492891, 1.0115606936416186, 1.0, 1.0, 1.0, 1.0031960227272727, 1.0048309178743962, 1.0338983050847457, 1.2222222222222223, 1.2833333333333334, 2.0, 1.0594059405940595, 1.4285714285714286, 1.0, 1.1041666666666667, 1.0, 1.21875, 1.0, 1.4285714285714286, 1.0005039475894506, 1.0086580086580086, 1.0204918032786885, 1.0, 1.0202452473047485, 1.0, 1.1176470588235294, 1.0, 1.0032894736842106, 1.0, 1.0, 1.1428571428571428, 1.0, 1.0941358024691359, 1.0, 1.0, 1.3333333333333333, 1.0847457627118644, 1.0079029071408412, 1.38, 1.0, 1.7352941176470589, 1.0419501133786848, 1.0023723568849923, 1.0, 1.2627737226277371, 1.0, 1.3142857142857143, 1.0571428571428572, 1.5, 1.0, 1.1111111111111112, 1.09375, 1.2857142857142858, 1.0, 1.0, 1.0, 1.25, 1.2816901408450705, 1.0909090909090908, 1.0807453416149069, 1.0161290322580645, 1.0444874274661509, 1.0869565217391304, 1.0445859872611465, 1.0195462478184991, 1.0311394196744514, 1.2380952380952381, 1.0, 1.7692307692307692, 1.205128205128205, 1.0952380952380953, 1.0176211453744493, 1.0, 1.3636363636363635, 1.0001940617116243, 1.3297872340425532, 1.0201750482124314, 1.0, 2.0, 1.0399486191393705, 1.0, 1.0, 1.0, 1.0, 1.6666666666666667, 1.0, 1.1951219512195121, 1.0222222222222221, 1.0, 1.0, 1.0837837837837838, 1.2223430279967382, 1.0288808664259927, 1.0, 1.0875, 1.070921985815603, 1.04434250764526, 1.0416666666666667, 1.109356014580802, 1.0, 1.1110204081632653, 1.0940438871473355, 1.1666666666666667, 1.046743295019157, 1.1113861386138615, 3.0, 1.2027027027027026, 1.3333333333333333, 2.0, 2.5, 1.0, 1.4, 1.073394495412844, 1.0, 1.2857142857142858, 3.0, 2.0, 3.0, 1.0182975338106603, 1.3461538461538463, 1.75, 1.1818181818181819, 1.2, 1.0, 1.16793893129771, 1.010207145001501, 1.0717047451669597, 1.0024183796856105, 1.6666666666666667, 1.6, 3.0, 1.0, 1.0, 1.2222222222222223, 1.0462249614791987, 1.0, 1.2874186550976139, 1.0, 1.4166666666666667, 1.1395348837209303, 1.0, 1.4111111111111112, 1.153973509933775, 1.2380952380952381, 1.1235955056179776, 1.2857142857142858, 1.2039800995024876, 1.0964912280701755, 1.5833333333333333, 1.0, 1.0570652173913044, 1.5, 1.0, 1.0, 1.0, 1.0806060606060606, 1.0120167189132707, 1.0, 1.0028937577511368, 1.3333333333333333, 1.0512820512820513, 1.1020408163265305, 1.0, 2.0, 1.03859649122807, 1.1390728476821192, 1.0478752017213555, 1.093368237347295, 1.1712328767123288, 1.0, 1.0, 1.0297029702970297, 1.0, 1.0, 1.044579533941236, 1.2427536231884058, 1.0, 1.0, 1.1268292682926828, 1.6666666666666667, 1.0, 1.0, 1.0175025588536335, 1.0, 1.1904761904761905, 2.0, 1.0, 1.0, 1.0833333333333333, 1.0909090909090908, 1.3571428571428572, 1.017391304347826, 1.5, 1.1304347826086956, 1.0, 1.0, 1.0, 1.071411511822307, 1.1747967479674797, 1.0623818525519848, 1.3333333333333333, 1.0, 1.2002902757619738, 1.3333333333333333, 1.0416666666666667, 1.3368983957219251, 1.5833333333333333, 1.0933333333333333, 1.0540983606557377, 1.375, 1.0, 1.5, 1.0, 1.3067484662576687, 1.0, 1.0399596367305752, 1.1780475467880627, 1.2, 1.0, 1.2901785714285714, 1.0, 1.3333333333333333, 1.0, 1.3333333333333333, 1.2666666666666666, 1.0, 2.5, 1.0045402951191829, 1.0, 1.0, 1.05, 1.2, 1.0308880308880308]
origin-census_12.27 	max: 6.0000	99th: 3.0000	95th: 2.0000	median: 1.0441	mean: 1.2065

...Done, result: results.csv

WORKLOAD-FINISHED | Type: QueryWorkload | Progress: 1/3 | Workload-time: 84.393148 | Model-update-time: 0.000000


WORKLOAD-START | Type: DataUpdateWorkload | Progress: 2/3
Going to run: ['python', '/home/kangping/code_copy/SAUCE/Naru/eval_model.py', '--model=naru', '--data_update=tupleskew', '--dataset=census', '--drift_test=js', '--end2end', '--update_size=8000', '--query_seed=0', '--eval_type=drift']
Torch device: cuda:1
GET-MODEL-PATH=./models/end2end/naru/origin-census-22.5MB-model27.255-data14.989-300epochs-seed0.pt
GET-DATASET-PATH=./data/census/end2end/census_int.npy
TupleSkewSample - START
0.01
TupleSkewSample - END
load_npy_dataset_from_path - df.shape = (39073, 13)
Parsing... done, took 0.0s
Data updated!
Previous data size: (32561, 13), new data size: (6512, 13)
[1.7583370e-05 1.4841557e-05 2.7978420e-04 4.5406818e-04 1.6814470e-04
 3.4272671e-05 7.8320503e-05 4.2921305e-04 9.0003014e-06 5.7007670e-03
 1.8068552e-03 1.1187792e-04 5.5700541e-04]
Distance score: 0.0007432103157043457
SAUCE Drift detection: True
Detection latency: 0.0036s

DRIFT-DETECTED after 2-th workload
Going to run: ['python', '/home/kangping/code_copy/SAUCE/Naru/incremental_train.py', '--dataset=census', '--end2end', '--model=naru', '--model_update=adapt', '--update_size=8000', '--epochs=0']
Torch device: cuda:1
GET-MODEL-PATH=./models/end2end/naru/origin-census-22.5MB-model27.255-data14.989-300epochs-seed0.pt
update_size: 6512
AdaptTask - START
GET-DATASET-PATH=./data/census/end2end/census_int.npy
load_npy_dataset_from_path - df.shape = (39073, 13)
Parsing... done, took 0.0s
done, took 0.0s
dataset size: 39073
train data shape: torch.Size([6512, 13]), transfer data shape:torch.Size([1302, 13])
Training done; evaluating likelihood on full data:
Epoch None Iter 0, test loss 18.6532 nats / 26.9108 bits
Saved to: /home/kangping/code_copy/SAUCE/models/end2end/naru/origin-census-22.5MB-model27.255-data14.989-300epochs-seed0.pt
AdaptTask - END

WORKLOAD-FINISHED | Type: DataUpdateWorkload | Progress: 2/3 | Workload-time: 1.935508 | Model-update-time: 3.836126


WORKLOAD-START | Type: QueryWorkload | Progress: 3/3
Going to run: ['python', '/home/kangping/code_copy/SAUCE/Naru/eval_model.py', '--dataset=census', '--model=naru', '--end2end', '--query_seed=0', '--eval_type=estimate', '--num_workload=3', '--data_update=tupleskew', '--model_update=adapt', '--random_seed=42']
Torch device: cuda:1
GET-MODEL-PATH=./models/end2end/naru/origin-census-22.5MB-model27.255-data14.989-300epochs-seed0.pt
ckpts [PosixPath('/home/kangping/code_copy/SAUCE/models/end2end/naru/origin-census-22.5MB-model27.255-data14.989-300epochs-seed0.pt')]
Validate Argument: DATASET="census" is valid.
data size: 39073, total size: 39073, split index: [32560 39073]
Parsing... done, took 0.0s
Loading ckpt: /home/kangping/code_copy/SAUCE/models/end2end/naru/origin-census-22.5MB-model27.255-data14.989-300epochs-seed0.pt
query_seed:0
origin-census_12.27 	max: 31.0000	99th: 25.0100	95th: 5.3367	median: 1.1039	mean: 2.1968
ReportEsts: [1.1, 1.0, 1.0166666666666666, 1.0, 1.4, 1.1180555555555556, 1.1117388575015694, 1.4954128440366972, 1.0, 1.0, 1.0717131474103585, 1.236024844720497, 1.0588235294117647, 1.0990338164251208, 1.2461538461538462, 1.0180809533593589, 1.2901023890784984, 1.297872340425532, 1.0, 30.0, 1.6428571428571428, 1.5357142857142858, 1.0, 1.1, 1.0, 1.5, 27.0, 1.211895910780669, 1.1428571428571428, 1.0216143840856924, 1.0782187355791417, 1.1538461538461537, 1.0514285714285714, 1.0503597122302157, 1.7272727272727273, 1.0, 1.0, 1.5, 1.0, 1.3056042031523643, 1.3762376237623761, 1.0, 13.5, 1.037953795379538, 1.0, 1.3333333333333333, 1.0, 1.1518987341772151, 1.0, 1.0, 1.1947960618846696, 1.2727272727272727, 1.0, 2.1333333333333333, 1.0537124802527646, 1.4, 1.625, 1.0458715596330275, 1.1545454545454545, 1.1428571428571428, 1.041025641025641, 1.0129870129870129, 1.175, 1.1666666666666667, 1.1182266009852218, 1.077056946727255, 1.140490390987409, 1.0022539444027048, 1.0653846153846154, 1.5, 1.6666666666666667, 1.0161290322580645, 1.3333333333333333, 1.0045801526717557, 1.0597435536142032, 1.0, 1.4285714285714286, 21.0, 1.019538188277087, 1.2, 28.0, 1.0, 1.0, 16.0, 1.1219211822660098, 2.0, 1.16, 1.0, 4.142857142857143, 1.0405727923627686, 1.0, 2.0, 1.0463576158940397, 1.0, 1.1875, 1.4666666666666666, 7.25, 1.0, 1.178988326848249, 1.6, 1.2, 1.1209677419354838, 1.1465968586387434, 1.0869565217391304, 1.7959183673469388, 1.250783699059561, 1.5454545454545454, 2.0, 1.0584478420747048, 23.0, 1.0, 1.1411764705882352, 2.4, 1.1067157313707452, 1.0, 1.0, 3.2, 1.0, 1.0, 1.0, 1.0, 1.0, 3.0, 1.0857142857142856, 2.5, 1.0, 1.191860465116279, 1.1378676470588236, 1.3068181818181819, 1.0, 1.1825842696629214, 1.0053835800807538, 1.0388026607538803, 1.0, 1.1, 1.2829457364341086, 1.0, 1.0928571428571427, 2.0, 1.0, 1.0, 2.0, 1.0, 2.25, 1.0, 1.0, 1.01612012807773, 1.04597364568082, 1.0, 1.0743187448389762, 1.1163658991910392, 1.0, 1.010120888389092, 6.75, 1.0, 1.2372881355932204, 1.0514018691588785, 1.9090909090909092, 1.0, 1.0469247528071057, 1.4, 1.087179487179487, 1.2067448680351907, 1.1574539363484087, 1.1379310344827587, 1.0308517773306505, 1.050656660412758, 23.0, 1.9333333333333333, 1.1176470588235294, 1.2127272727272727, 1.0694444444444444, 1.022644927536232, 1.2124183006535947, 1.1838006230529594, 1.2169491525423728, 1.0, 1.5, 1.0, 1.7941176470588236, 1.5, 1.0, 1.0422535211267605, 1.0919881305637982, 1.0, 1.108695652173913, 2.142857142857143, 2.4, 1.0, 1.5, 1.0, 1.0921985815602837, 1.0, 1.1666666666666667, 1.0, 1.0175058653672622, 1.0826446280991735, 1.5517241379310345, 1.0, 1.0161290322580645, 1.0625, 1.0, 1.081151832460733, 1.07854297097325, 1.0816326530612246, 1.02, 1.0, 1.0, 1.0, 1.5, 1.0, 1.3, 1.0106295993458707, 1.5, 25.0, 1.4385964912280702, 1.091703056768559, 1.0, 1.0044025157232706, 1.1666666666666667, 11.0, 1.0018414849734827, 1.0, 1.0, 1.2592592592592593, 1.153061224489796, 1.25, 1.3125, 1.1150442477876106, 1.2962962962962963, 2.0, 1.0263396911898275, 1.0, 1.0624553890078516, 1.0, 1.0, 1.010204081632653, 2.0, 21.0, 1.0329787234042553, 1.0740740740740742, 1.0, 1.1329113924050633, 1.0, 1.2089041095890412, 1.171875, 2.0, 1.0, 1.2767857142857142, 1.005596362364463, 1.2727272727272727, 1.0161290322580645, 1.3333333333333333, 1.4230769230769231, 1.0, 1.4885057471264367, 1.053274139844617, 1.1102941176470589, 1.1439588688946016, 1.0383631713554988, 1.021154693697664, 1.0, 2.0, 1.1428571428571428, 1.0924369747899159, 25.0, 1.1277777777777778, 1.0, 1.0, 1.0, 1.090566037735849, 1.0, 1.0666666666666667, 1.0, 1.0008267879288963, 1.0, 1.0090671316477768, 1.5365853658536586, 1.119718309859155, 1.75, 1.0197547683923707, 1.0, 1.6666666666666667, 1.7142857142857142, 1.1147540983606556, 1.05, 1.5, 1.0, 1.0283687943262412, 1.0, 1.0, 1.0, 1.1481481481481481, 1.051589369463262, 1.5384615384615385, 1.8823529411764706, 2.4642857142857144, 1.2641165755919854, 1.8888888888888888, 1.0816471423500178, 1.205128205128205, 1.0, 1.0, 1.1084715374271628, 1.0, 1.0, 1.2083333333333333, 1.0, 1.0, 1.0, 1.0019905213270142, 1.1252045826513912, 1.0058823529411764, 1.038036809815951, 1.12, 1.36, 2.0, 1.0833333333333333, 1.0, 1.0, 1.0, 1.0643195666892349, 1.0, 1.0901970692268823, 2.0, 1.0, 1.1996425836099056, 1.1090909090909091, 1.0, 1.0, 2.0, 1.3333333333333333, 3.0, 1.1808118081180812, 1.0, 1.0394431554524362, 1.0, 2.0, 1.0, 4.4, 1.0, 1.75, 1.0, 1.0, 1.0, 1.6666666666666667, 1.1346153846153846, 1.2, 1.0098522167487685, 21.0, 1.0, 1.6666666666666667, 2.142857142857143, 1.0, 1.6666666666666667, 1.6071428571428572, 1.0, 1.0869565217391304, 1.5, 1.2105263157894737, 1.5, 1.1914113642314743, 1.0813093980992607, 1.7307692307692308, 1.1411625148279954, 1.0, 28.0, 1.0, 1.0, 1.4042553191489362, 1.1875, 1.851063829787234, 1.1418658442559753, 1.0, 1.4661016949152543, 1.390625, 1.0, 1.1652173913043478, 1.0, 1.0, 1.0, 1.173913043478261, 2.0, 1.5823095823095823, 1.0, 5.4, 1.3, 1.6666666666666667, 1.0707964601769913, 5.0, 1.0, 1.0, 1.0135746606334841, 18.0, 1.0, 1.0016435354273192, 1.0, 1.0056022408963585, 1.1880530973451326, 1.6666666666666667, 1.4666666666666666, 2.489795918367347, 1.0835433921498019, 1.3333333333333333, 1.2105263157894737, 1.0, 1.0194986072423398, 1.5616438356164384, 5.833333333333333, 1.0415913200723328, 1.967741935483871, 2.0, 1.0, 2.0, 1.8461538461538463, 1.9230769230769231, 1.1940298507462686, 1.1746987951807228, 1.0384615384615385, 1.073008849557522, 1.25, 1.0, 1.3846153846153846, 1.3, 1.1923076923076923, 1.3080808080808082, 1.0, 1.0895310279488395, 19.0, 1.2580645161290323, 24.0, 28.0, 1.3225806451612903, 1.0, 1.0, 1.0, 1.0796862097440132, 1.0784313725490196, 1.0351899041378474, 2.0, 2.0, 1.5, 1.135135135135135, 1.0, 1.6111111111111112, 1.4692307692307693, 2.6153846153846154, 1.0, 2.5384615384615383, 1.0, 1.0, 2.0, 1.0625, 1.101010101010101, 1.1484098939929328, 1.0476190476190477, 1.0230837525895236, 1.0, 1.0506912442396312, 1.6666666666666667, 1.193771626297578, 2.0, 1.0293025722619995, 1.0, 1.1347150259067358, 1.0, 1.0, 1.0173611111111112, 1.380952380952381, 1.0168709215342988, 1.1376518218623481, 1.0658990256864482, 1.0623700623700623, 14.0, 2.0, 1.0240384615384615, 1.502857142857143, 1.0, 1.0, 1.024390243902439, 1.0, 1.3333333333333333, 1.2170035671819264, 1.1111111111111112, 1.0, 1.0337338262476894, 1.5, 1.2666666666666666, 1.0, 1.0172672672672673, 1.0, 3.0, 1.2745098039215685, 1.803030303030303, 25.0, 1.0, 1.4285714285714286, 1.0, 1.029940119760479, 1.0515463917525774, 22.0, 1.1111111111111112, 1.0713884204609332, 1.124952812382031, 1.0306062389640964, 1.2173202614379084, 1.375, 1.375, 1.1793478260869565, 1.1395348837209303, 11.333333333333334, 1.0, 4.714285714285714, 1.4, 1.1304347826086956, 1.0, 1.0, 2.0, 1.4919354838709677, 2.0, 2.0, 1.5527950310559007, 1.3373493975903614, 1.4214285714285715, 1.018796992481203, 1.260053619302949, 1.25, 1.0, 1.0277777777777777, 2.0, 1.2, 1.25, 1.048780487804878, 1.0, 1.0, 1.640625, 1.0501672240802675, 1.6324786324786325, 1.0, 1.0601092896174864, 1.0, 1.0, 1.0, 1.0, 1.0055350553505535, 1.0741573033707865, 1.0088316931617463, 1.0043795620437956, 1.2064220183486238, 1.0, 4.428571428571429, 1.1041442411194833, 1.0985915492957747, 2.0, 1.0166666666666666, 1.0, 1.056099732858415, 1.075226375667518, 2.0, 1.2727272727272727, 1.0679012345679013, 1.2222222222222223, 1.061399577437736, 1.0, 18.0, 1.184, 1.0, 1.0, 1.020875150541951, 1.0, 1.0, 1.0, 1.25, 1.0398406374501992, 1.2272727272727273, 1.1003372681281618, 1.5, 1.0348837209302326, 1.0762942779291553, 1.0, 1.0534140017286084, 28.0, 30.0, 2.0, 1.0460526315789473, 1.0892857142857142, 1.0993464052287583, 1.160427807486631, 2.0, 1.0420740740740742, 1.6, 1.0, 1.3333333333333333, 2.0, 1.2232558139534884, 1.3333333333333333, 1.0, 2.0, 23.0, 1.1111111111111112, 1.5, 1.1458333333333333, 3.25, 3.5, 1.1061946902654867, 1.1228604031951313, 1.0180646524403127, 1.03584229390681, 1.05720823798627, 1.3125, 1.1548117154811715, 1.0, 1.0, 1.0282764811490126, 1.0729833546734955, 1.6428571428571428, 1.33852140077821, 1.2304526748971194, 1.0, 1.1818181818181819, 1.3478260869565217, 1.6666666666666667, 3.0833333333333335, 1.1411764705882352, 1.0416666666666667, 1.6, 1.0146596858638743, 25.0, 1.4402332361516035, 1.0471993410214169, 1.3157894736842106, 1.0, 1.0327011118378024, 1.0, 5.25, 1.1948051948051948, 1.0434782608695652, 2.1818181818181817, 4.333333333333333, 1.0, 1.0, 1.0225988700564972, 1.0, 1.0370275791624106, 1.1257861635220126, 1.0, 1.2777777777777777, 1.467065868263473, 1.0685279187817258, 1.0, 26.0, 1.6226415094339623, 1.0, 1.1614906832298137, 1.0115236875800255, 1.125, 1.3333333333333333, 1.0061349693251533, 1.65, 1.024523542600897, 1.0, 1.5348837209302326, 1.0909090909090908, 1.0, 5.0, 1.0, 16.0, 1.5, 1.0, 1.4594594594594594, 1.0, 1.0391304347826087, 1.2446351931330473, 1.0, 1.0, 1.5, 1.0, 1.0, 1.0, 1.0153256704980842, 1.1111111111111112, 1.0594405594405594, 1.0578512396694215, 3.0714285714285716, 1.1323529411764706, 1.0, 1.1355932203389831, 1.0, 1.0, 1.0, 1.039142755933404, 1.75, 1.0481927710843373, 1.057577763070814, 1.0, 1.0, 1.0, 1.0, 14.0, 1.0189176245210727, 2.0, 1.0198019801980198, 1.4285714285714286, 1.038179148311307, 19.0, 1.3333333333333333, 1.0315256452139823, 4.333333333333333, 1.2179836512261581, 1.1666666666666667, 1.2266666666666666, 1.5, 1.0, 1.2954048140043763, 1.2063492063492063, 1.6666666666666667, 2.0, 1.2608695652173914, 23.0, 1.0, 1.0, 1.0, 1.3181818181818181, 1.25, 1.1759802408150664, 1.038048780487805, 1.0, 1.0, 1.0, 1.1209150326797386, 1.046967575137348, 1.0011783189316574, 1.0, 1.1256830601092895, 1.063681976071015, 1.5, 1.0, 1.0073421439060206, 1.0, 1.2727272727272727, 1.0, 1.1933701657458564, 1.0, 1.2260869565217392, 1.0446927374301676, 1.0451127819548873, 1.5695652173913044, 1.6666666666666667, 1.0, 1.3905325443786982, 1.2, 1.75, 3.0, 2.0, 1.0530546623794212, 1.0260475651189127, 1.0809968847352025, 1.0, 1.0574712643678161, 2.0, 2.0, 1.1172638436482085, 1.3625, 1.2916666666666667, 1.7619047619047619, 1.84375, 16.0, 1.1224489795918366, 31.0, 1.0, 1.0, 1.5, 1.2282608695652173, 1.1119728550654386, 1.6666666666666667, 1.0, 23.0, 1.0414035087719298, 1.1169811320754717, 1.067099567099567, 1.0, 1.2764976958525345, 1.0, 1.0574712643678161, 1.0, 2.9310344827586206, 1.0103626943005182, 1.102803738317757, 1.2333333333333334, 2.5384615384615383, 1.1176470588235294, 1.0, 1.0769230769230769, 1.0039653929343908, 1.0, 1.1794871794871795, 1.2608695652173914, 20.0, 1.0, 1.0769230769230769, 1.3799533799533799, 16.0, 1.0, 1.25, 1.0725552050473186, 1.1886792452830188, 1.0833333333333333, 2.0, 1.2222222222222223, 1.0892857142857142, 3.6, 1.0909706546275395, 1.0242903131401815, 1.1454319453076445, 1.2, 1.0, 1.0, 1.2169811320754718, 1.7333333333333334, 1.0072202166064983, 21.0, 1.0, 1.0215869311551926, 1.0, 1.2857142857142858, 1.006459655485041, 8.0, 1.2884615384615385, 1.0161290322580645, 1.0652818991097923, 1.0039592760180995, 1.0, 2.1666666666666665, 1.2396694214876034, 1.0702855349858802, 1.0, 1.1451612903225807, 1.0150044130626654, 1.1794871794871795, 1.0198495612202256, 21.0, 1.211734693877551, 1.0, 27.0, 1.121345029239766, 1.04, 1.3041666666666667, 1.4444444444444444, 1.0236612702366128, 1.0177215189873419, 1.3333333333333333, 1.0569461827284106, 1.1873727087576376, 2.25, 1.445945945945946, 1.5925925925925926, 2.0, 1.6666666666666667, 1.0, 1.4125, 1.2330827067669172, 1.0, 1.0041264266900791, 1.0594594594594595, 1.0898296334537945, 1.0416666666666667, 2.0, 1.2732342007434945, 1.4, 1.051948051948052, 1.0, 1.1, 1.0255356618726152, 1.0754437869822486, 5.4, 1.0, 1.0344827586206897, 1.7, 1.0, 1.2173913043478262, 1.391304347826087, 5.333333333333333, 1.2692307692307692, 1.118421052631579, 1.0, 1.0, 1.2994413407821228, 2.0, 1.2857142857142858, 1.0, 1.2409638554216869, 1.0, 1.0412056799372769, 1.0, 1.7209302325581395, 1.4747474747474747, 2.0, 1.2395348837209301, 1.016554578375582, 1.0658942795076032, 1.2247191011235956, 1.5614035087719298, 1.4285714285714286, 1.0687671232876712, 1.0635721493440968, 2.0, 1.0, 1.0, 1.4899328859060403, 1.1521739130434783, 1.0, 1.2285714285714286, 1.5161290322580645, 1.1449451887941535, 1.205128205128205, 1.0, 1.0023082650781832, 4.0, 1.0724637681159421, 1.0210772833723654, 1.3, 1.069175991861648, 1.0, 1.0, 1.001010101010101, 1.0, 1.3675213675213675, 1.2664359861591696, 2.5, 1.0, 1.6037735849056605, 1.25, 1.0, 1.1818181818181819, 16.0, 1.2210526315789474, 2.1724137931034484, 1.489795918367347, 1.1313672922252012, 1.0, 1.125, 1.0, 23.0, 1.0, 1.023425499231951, 1.146652497343252, 1.1616666666666666, 1.0, 1.0, 1.2857142857142858, 1.1036217303822937, 1.0563002680965148, 1.3996889580093312, 1.2666666666666666, 1.085537779185807, 1.0197156398104266, 2.0, 1.1527377521613833, 1.015899581589958, 1.0, 1.0, 1.0, 1.1979522184300342, 1.2232456140350878, 1.0625, 1.0, 1.5435684647302905, 1.0, 1.9230769230769231, 1.0, 1.4, 1.511111111111111, 1.894736842105263, 1.026843291119571, 1.1910112359550562, 1.0, 1.85, 1.125, 1.0357142857142858, 1.0625507717303007, 1.1277372262773722, 1.1091510474090407, 1.0, 1.0, 2.0, 1.324853228962818, 1.0056772100567721, 1.1305785123966943, 1.008942076697215, 1.02, 2.0, 1.204968944099379, 1.0, 1.5, 9.5, 1.0, 1.5, 1.0323624595469256, 23.0, 1.0666666666666667]
origin-census_12.27 	max: 31.0000	99th: 25.0100	95th: 5.3367	median: 1.1039	mean: 2.1968

...Done, result: results.csv

WORKLOAD-FINISHED | Type: QueryWorkload | Progress: 3/3 | Workload-time: 88.343684 | Model-update-time: 0.000000


Experiment Summary: #data-update-times=1, #drift=1 | total-time=178.561975