Input arguments = Namespace(data_update='tupleskew', update_size=8000, dataset='census', debug=False, drift_test='js', model_update='adapt', model='naru', end2end=False, query_seed=0, random_seed=42, num_workload=3)
JSON-passed parameters = {'data_updater': {'skew_ratio': '1e-2'}, 'random_seed': 64, 'naru': {'epochs': 0}}
MODEL-PATH=/home/kangping/code_copy/SAUCE/models/end2end/naru/origin-census-22.5MB-model27.255-data14.989-300epochs-seed0.pt
DATASET-PATH=/home/kangping/code_copy/SAUCE/data/census/end2end/census_int.npy
Workloads: ['QueryWorkload', 'DataUpdateWorkload', 'QueryWorkload']

WORKLOAD-START | Type: QueryWorkload | Progress: 1/3
Going to run: ['python', '/home/kangping/code_copy/SAUCE/Naru/eval_model.py', '--dataset=census', '--model=naru', '--query_seed=0', '--end2end', '--eval_type=first_estimate', '--num_workload=3', '--data_update=tupleskew', '--model_update=adapt', '--random_seed=42']
Torch device: cuda:1
GET-MODEL-PATH=./models/end2end/naru/origin-census-22.5MB-model27.255-data14.989-300epochs-seed0.pt
ckpts [PosixPath('/home/kangping/code_copy/SAUCE/models/end2end/naru/origin-census-22.5MB-model27.255-data14.989-300epochs-seed0.pt')]
Validate Argument: DATASET="census" is valid.
load_csv_dataset - census (32561, 13)
Parsing... done, took 0.0s
Loading ckpt: /home/kangping/code_copy/SAUCE/models/end2end/naru/origin-census-22.5MB-model27.255-data14.989-300epochs-seed0.pt
query_seed:0
origin-census_12.27 	max: 7.0000	99th: 3.0000	95th: 2.0000	median: 1.0472	mean: 1.2083
ReportEsts: [1.0, 1.1690856313497824, 1.0140845070422535, 2.0, 1.0307692307692307, 1.05793991416309, 1.0, 1.2142857142857142, 1.0, 1.0, 1.0, 1.1700680272108843, 2.142857142857143, 1.1369863013698631, 1.2208588957055215, 1.5, 1.1065989847715736, 1.0, 1.0, 1.0, 1.5, 2.0, 1.3333333333333333, 2.5, 1.0392156862745099, 1.4, 1.0, 1.0216251638269986, 1.0, 1.0547848577474723, 1.0253528489283847, 1.3513513513513513, 1.0655737704918034, 1.1111111111111112, 1.0, 1.2053571428571428, 1.5, 1.012396694214876, 1.25, 1.0165654334621756, 1.0, 1.0, 1.0, 1.0, 1.04, 1.1333333333333333, 1.0, 1.0027231467473525, 1.0, 4.0, 1.0, 1.1666666666666667, 1.0, 1.0833333333333333, 1.0963302752293578, 1.0, 1.0123456790123457, 1.75, 1.024352730069213, 1.0063694267515924, 1.1379310344827587, 1.0, 1.1730769230769231, 1.2692307692307692, 1.0, 1.0, 1.0, 1.0306236080178173, 1.0, 1.1666666666666667, 1.4516129032258065, 1.2222222222222223, 1.6666666666666667, 1.0, 1.0189370800244348, 1.0, 1.0, 1.411764705882353, 2.0, 1.0, 1.0, 1.0, 1.0, 1.3333333333333333, 1.2327586206896552, 1.0714285714285714, 1.0, 1.0952380952380953, 1.0297794117647059, 1.0, 1.0469798657718121, 1.0, 1.0, 2.0, 1.0457516339869282, 1.5, 1.082766439909297, 1.3333333333333333, 1.5824175824175823, 1.4583333333333333, 1.0, 1.0, 1.0, 1.0, 1.0, 1.2334801762114538, 1.0065420560747664, 1.2222222222222223, 1.1473988439306357, 1.0666666666666667, 1.1159420289855073, 1.0, 1.3043478260869565, 1.3333333333333333, 1.5151515151515151, 1.0, 3.0, 1.0689655172413792, 3.0, 1.0135135135135136, 2.0, 1.0792, 1.0298507462686568, 1.25, 1.0180275715800635, 1.0666666666666667, 1.015743756786102, 1.0738584125038309, 1.231578947368421, 1.1357466063348416, 1.0, 1.0151380231522706, 1.0, 1.0, 2.0, 1.0, 1.0209863588667367, 1.0, 1.0, 1.5555555555555556, 1.0, 2.1875, 1.0, 1.0, 2.0, 1.0, 1.0, 1.1818181818181819, 1.0084388185654007, 1.2708333333333333, 1.0526315789473684, 1.2, 2.0, 1.0, 1.0, 1.0, 3.0, 1.0, 1.5, 1.3333333333333333, 1.1, 1.5, 1.4444444444444444, 1.0769230769230769, 1.2064631956912029, 1.014, 1.0301204819277108, 1.014849240535026, 1.0358543417366948, 1.1789473684210525, 1.073967889908257, 1.2, 1.0, 1.0, 1.588235294117647, 1.42018779342723, 1.5, 1.0604629192253188, 1.054732775273664, 1.096774193548387, 1.0, 1.2580645161290323, 1.0888888888888888, 1.0535714285714286, 1.263157894736842, 1.0172327672327672, 1.5, 1.0, 1.069078947368421, 1.0739549839228295, 1.5949367088607596, 1.0909090909090908, 1.0428605256926355, 1.0, 1.0666666666666667, 1.0869565217391304, 1.0570277529095793, 1.0, 1.0, 1.062857142857143, 1.0, 1.0408163265306123, 1.3980582524271845, 1.0666666666666667, 2.0, 1.5555555555555556, 1.0, 1.0169014084507042, 2.0, 1.0, 1.1836158192090396, 1.0808080808080809, 1.1538461538461537, 2.0, 1.0, 1.1714285714285715, 1.0384615384615385, 1.0016787912702854, 1.1445086705202312, 1.1917808219178083, 1.0, 1.2857142857142858, 1.0294599018003274, 1.3, 2.0, 1.2141280353200883, 1.0, 1.0, 1.0, 1.0, 1.0, 1.4444444444444444, 1.1538461538461537, 1.0735294117647058, 1.0, 1.0, 1.0, 1.4, 1.1015936254980079, 1.0, 1.0, 1.1265822784810127, 2.0, 1.0, 1.0, 1.25, 1.6111111111111112, 1.0, 1.0, 1.0638297872340425, 1.0, 1.0, 1.2466666666666666, 1.3333333333333333, 1.0, 1.0714285714285714, 2.5, 1.0347826086956522, 1.793103448275862, 1.0283748925193466, 1.0, 1.0, 1.5555555555555556, 1.0285714285714285, 1.3333333333333333, 1.0, 1.3333333333333333, 1.005, 2.0, 1.1428571428571428, 1.2352941176470589, 1.0, 1.0, 2.0, 1.0048339638503574, 1.0524193548387097, 1.0, 1.0451977401129944, 1.0, 1.0, 2.0, 1.3170731707317074, 1.003787878787879, 1.5, 1.103896103896104, 1.0, 1.1368715083798884, 1.5, 1.0084033613445378, 1.0, 1.0975609756097562, 1.000187195806814, 1.5, 1.0044296788482836, 1.0916666666666666, 1.0, 1.0, 1.0384615384615385, 1.0693266832917705, 1.04, 1.2222222222222223, 2.0, 1.0, 1.125, 1.0774647887323943, 1.0408805031446542, 2.0, 1.1354166666666667, 1.4, 1.0, 1.0, 1.0, 1.0, 1.0544554455445545, 1.0, 1.0, 1.0, 1.0358342665173572, 1.0, 1.004492362982929, 1.0, 1.000301750150875, 1.1578947368421053, 1.0, 1.0914158305462653, 1.2727272727272727, 1.0, 1.0238532110091743, 1.0, 1.0794378246257257, 1.0, 1.186046511627907, 1.0, 1.0585724448660185, 1.0, 1.0, 2.0, 2.0, 3.0, 1.168141592920354, 1.105263157894737, 1.0880829015544042, 1.0, 1.0, 1.0392156862745099, 3.0, 1.0119047619047619, 1.0, 1.25, 1.0, 1.0, 1.6666666666666667, 1.1538461538461537, 1.0, 1.3, 1.00326292289198, 1.263157894736842, 1.2, 1.0, 1.0, 1.008415147265077, 1.6666666666666667, 1.0, 1.1224489795918366, 1.0, 1.2941176470588236, 1.0, 1.1004431314623337, 1.063063063063063, 1.0, 1.15527950310559, 1.2291666666666667, 1.0, 1.0, 3.0, 1.0, 1.0, 1.1612903225806452, 1.0416666666666667, 1.1538461538461537, 1.2974683544303798, 1.0, 1.2872340425531914, 1.1428571428571428, 1.0, 1.0, 1.0, 1.0, 1.0, 1.0, 2.0, 1.502906976744186, 1.0, 1.0, 1.625, 1.6923076923076923, 1.125, 1.5116279069767442, 1.0, 1.0, 1.1764705882352942, 1.078125, 1.0, 1.0, 1.1746031746031746, 1.0, 1.0051840331778124, 1.0849056603773586, 1.0, 1.037037037037037, 1.6, 1.0, 1.0, 1.1875, 1.25, 1.3368421052631578, 1.2608695652173914, 4.0, 1.2473118279569892, 1.0512820512820513, 1.25, 1.0, 1.033161068044789, 1.0, 1.1818181818181819, 1.0928632846087705, 1.1182432432432432, 1.1835443037974684, 1.1, 1.144578313253012, 1.0, 1.0, 1.0016460905349793, 1.2, 1.0384615384615385, 1.0, 1.0531177829099307, 1.0, 1.0310734463276836, 1.0, 1.5, 1.0833333333333333, 1.0, 1.0, 2.0, 1.4285714285714286, 1.0, 1.0, 1.303225806451613, 1.0530973451327434, 1.0269259536275244, 1.1428571428571428, 1.3043478260869565, 1.0, 1.0625, 1.4259259259259258, 1.0, 1.0247950819672131, 1.0063663075416258, 1.0, 1.011664295874822, 1.0909090909090908, 1.0, 1.105263157894737, 2.0, 1.1111111111111112, 1.0, 1.0, 1.012920448478377, 1.099264705882353, 1.0545454545454545, 1.0, 1.0, 1.5, 1.1, 1.005464480874317, 1.0909090909090908, 1.0407766990291263, 1.0, 2.0, 1.0, 1.2857142857142858, 1.34, 1.0, 1.0, 1.0, 1.0, 1.0202702702702702, 1.0, 1.0, 1.0, 1.0, 1.880952380952381, 1.0, 1.1538461538461537, 1.0909090909090908, 2.090909090909091, 1.1899736147757256, 1.0051660516605165, 1.4583333333333333, 1.0, 2.0, 1.0434782608695652, 1.2857142857142858, 1.0, 1.0497198879551821, 1.1721854304635762, 1.1428571428571428, 1.0, 1.0933572710951527, 1.0, 1.0, 1.01786205001374, 1.0818619582664526, 1.2380952380952381, 1.0383522727272727, 1.0057092665788319, 1.5714285714285714, 2.0, 1.0144927536231885, 1.0517241379310345, 1.041077441077441, 1.0, 1.2727272727272727, 1.1607142857142858, 1.2016460905349795, 1.2, 3.0, 1.186478454680535, 1.008110300081103, 1.0, 1.3345454545454545, 2.0, 1.0816326530612246, 1.5714285714285714, 1.0245817685216798, 1.1016949152542372, 1.0, 3.0, 1.0, 1.21875, 1.0, 1.1131498470948011, 1.219539584503088, 1.0374844554983123, 1.0015037593984963, 1.123076923076923, 1.0, 1.0452003727865797, 2.0, 1.0, 1.0, 1.455223880597015, 1.0, 1.0, 2.0, 2.0, 2.0, 1.0, 2.0, 1.025974025974026, 1.0, 1.1818181818181819, 1.0445726271630833, 1.0474057484135872, 1.109375, 1.05, 1.10752688172043, 1.0, 1.0, 1.0, 1.0, 1.0423452768729642, 1.1666666666666667, 1.037566428440535, 1.3333333333333333, 2.0, 1.2702702702702702, 1.0153846153846153, 1.0681003584229392, 1.0, 1.146482122260669, 1.0, 1.4545454545454546, 1.2, 1.2, 1.5, 1.0416666666666667, 2.6666666666666665, 1.0, 1.0, 2.0, 1.0, 1.0339988305070587, 1.0410615923885829, 1.0, 1.28125, 1.0909090909090908, 1.04, 1.0047664442326025, 1.0, 1.2163120567375887, 1.8, 1.0429799426934097, 2.0, 1.0, 1.0870253164556962, 1.0, 1.1111111111111112, 1.0, 1.0344153304653891, 1.3008849557522124, 1.2127659574468086, 1.037037037037037, 1.0279126213592233, 2.0, 1.6666666666666667, 1.0, 1.2727272727272727, 2.0, 1.039355992844365, 1.0, 1.0608695652173914, 1.0687022900763359, 1.5384615384615385, 1.0, 1.0857142857142856, 1.0, 1.0, 1.0172413793103448, 1.0, 1.0619469026548674, 1.1111111111111112, 1.1666666666666667, 1.0038389821213118, 1.0, 1.3333333333333333, 1.1554878048780488, 1.0316455696202531, 1.0268287090116945, 1.0, 1.151673640167364, 1.25, 1.0141034251175285, 1.0, 1.0, 1.4074074074074074, 1.125, 1.0854572713643178, 1.1324503311258278, 1.0026933435936898, 1.0735785953177257, 1.2162162162162162, 1.103448275862069, 1.7222222222222223, 1.0, 1.163265306122449, 1.0209424083769634, 1.0666666666666667, 1.0, 1.2, 1.1733333333333333, 1.0, 1.0, 1.4285714285714286, 1.0, 1.0476190476190477, 1.057170542635659, 1.0, 1.1101694915254237, 1.5, 1.0, 1.0, 1.0, 1.3265306122448979, 1.0228260869565218, 1.1349206349206349, 1.6785714285714286, 1.0, 1.0, 1.0534979423868314, 1.0115619546247818, 1.0, 1.0, 1.0, 1.07981220657277, 1.1428571428571428, 1.0, 3.0, 1.023577354096929, 1.263157894736842, 1.0, 1.0, 1.1032863849765258, 1.25, 1.3125, 1.11, 1.75, 1.3275862068965518, 1.0, 1.0, 1.0, 1.6206896551724137, 1.0, 1.0802487414865265, 1.1134020618556701, 1.0309597523219813, 1.0, 1.0199684708355228, 1.0080539834566826, 1.1, 1.0918918918918918, 1.0, 1.0, 1.0290443942814147, 2.0, 1.131578947368421, 2.3076923076923075, 1.2717391304347827, 1.0, 1.3333333333333333, 1.0637898686679175, 2.0, 1.0, 1.3333333333333333, 1.6666666666666667, 1.0237388724035608, 1.310077519379845, 1.0909090909090908, 1.0861393891934221, 1.0317460317460319, 1.6666666666666667, 1.15, 1.0, 1.0, 1.0, 1.0, 1.0277777777777777, 1.04642166344294, 1.0, 1.5, 2.0, 1.0, 1.0, 1.0, 1.0459770114942528, 1.0286047113642247, 1.023764258555133, 1.0, 1.1855670103092784, 1.023930050621261, 3.0, 1.2142857142857142, 1.0036101083032491, 1.0, 1.4, 1.0, 1.3661971830985915, 1.0638297872340425, 1.084942084942085, 1.0304946076608406, 1.0396039603960396, 1.1498470948012232, 1.0, 1.1252900232018561, 1.0275862068965518, 1.4166666666666667, 1.0192307692307692, 1.0080924855491329, 1.0, 1.0, 1.0, 1.0114572144647334, 1.0144230769230769, 1.0, 1.2222222222222223, 1.2833333333333334, 2.0, 1.0495049504950495, 1.4285714285714286, 1.0, 1.0833333333333333, 1.0, 1.21875, 1.0, 1.3636363636363635, 1.0183031132398221, 1.0129870129870129, 1.0120481927710843, 1.0, 1.0033879164313948, 1.0, 1.0294117647058822, 1.0, 1.0032894736842106, 1.0, 1.0, 1.1666666666666667, 1.0, 1.0645645645645645, 1.0, 1.0, 1.0, 1.0847457627118644, 1.0056006720806496, 1.4, 1.0, 1.7941176470588236, 1.0466970387243735, 1.0668569546602262, 1.0, 1.3307692307692307, 1.0, 1.4, 1.0571428571428572, 1.5, 1.0, 1.0, 1.0606060606060606, 1.199192462987887, 1.0, 1.0, 1.0, 1.6666666666666667, 1.1971830985915493, 1.0909090909090908, 1.0993788819875776, 1.0, 1.0778443113772456, 1.0613207547169812, 1.0091463414634145, 1.0195462478184991, 1.1164750957854406, 1.8095238095238095, 1.0, 1.6428571428571428, 1.205128205128205, 1.0952380952380953, 1.013215859030837, 1.0, 1.3636363636363635, 1.0207646031437998, 1.2755102040816326, 1.0093938059591956, 1.0, 2.0, 1.0583006535947712, 1.0, 1.0, 1.0, 1.0, 1.6666666666666667, 1.0, 1.1951219512195121, 1.069767441860465, 1.0, 1.0, 1.017766497461929, 1.1686590436590436, 1.0225525371604305, 1.0, 1.05, 1.0291970802919708, 1.0427480916030534, 1.0416666666666667, 1.1398252184769038, 1.0, 1.113469387755102, 1.0, 1.0833333333333333, 1.033282904689864, 1.0871670702179177, 4.5, 1.2027027027027026, 1.2962962962962963, 2.0, 3.0, 1.0, 1.2, 1.0636363636363637, 1.0, 7.0, 3.0, 2.0, 3.0, 1.0, 1.4, 1.75, 1.1636363636363636, 1.1666666666666667, 1.0, 1.2061068702290076, 1.0041778573560132, 1.0683251576734407, 1.01676206050695, 1.6666666666666667, 1.6, 3.0, 1.0, 1.0, 1.1956521739130435, 1.0770416024653313, 1.0, 1.210412147505423, 1.0, 1.3421052631578947, 1.1395348837209303, 1.0, 1.3368421052631578, 1.1407528641571194, 1.0952380952380953, 1.1797752808988764, 1.2857142857142858, 1.2120200333889817, 1.043859649122807, 1.6666666666666667, 1.0, 1.0485175202156334, 1.5, 1.0, 1.0, 1.0, 1.136969696969697, 1.0103252452245741, 1.0, 1.0074410913600662, 1.3333333333333333, 1.1794871794871795, 1.0918367346938775, 1.0, 2.0, 1.0185463659147869, 1.1543624161073827, 1.0274341043571813, 1.0952797202797202, 1.1476510067114094, 1.0, 1.0, 1.0426065162907268, 1.0, 1.05, 1.0834248079034028, 1.2656826568265682, 1.0, 1.0, 1.1121951219512196, 1.6666666666666667, 1.0, 1.0, 1.0151896187506286, 1.0, 1.1363636363636365, 2.0, 1.0, 1.0, 1.054054054054054, 1.0909090909090908, 1.2857142857142858, 1.03768115942029, 1.5, 1.21875, 1.0, 1.0, 1.0, 1.0954822954822956, 1.190934065934066, 1.0463137996219283, 1.3333333333333333, 1.0, 1.2002902757619738, 1.3333333333333333, 1.0416666666666667, 1.4423076923076923, 1.5833333333333333, 1.0331665740226053, 1.0010368066355624, 1.375, 1.0, 1.5, 1.0, 1.217142857142857, 1.0, 1.0158698866436668, 1.1564051638530288, 1.2, 1.0, 1.3258928571428572, 1.0, 2.3333333333333335, 1.0, 1.3333333333333333, 1.1111111111111112, 1.0, 2.5, 1.0220417633410672, 1.0, 1.0, 1.0, 1.24, 1.0096525096525097]
origin-census_12.27 	max: 7.0000	99th: 3.0000	95th: 2.0000	median: 1.0472	mean: 1.2083

...Done, result: results.csv

WORKLOAD-FINISHED | Type: QueryWorkload | Progress: 1/3 | Workload-time: 84.784407 | Model-update-time: 0.000000


WORKLOAD-START | Type: DataUpdateWorkload | Progress: 2/3
Going to run: ['python', '/home/kangping/code_copy/SAUCE/Naru/eval_model.py', '--model=naru', '--data_update=tupleskew', '--dataset=census', '--drift_test=js', '--end2end', '--update_size=8000', '--query_seed=0', '--eval_type=drift']
Torch device: cuda:1
GET-MODEL-PATH=./models/end2end/naru/origin-census-22.5MB-model27.255-data14.989-300epochs-seed0.pt
GET-DATASET-PATH=./data/census/end2end/census_int.npy
TupleSkewSample - START
0.01
TupleSkewSample - END
load_npy_dataset_from_path - df.shape = (39073, 13)
Parsing... done, took 0.0s
Data updated!
Previous data size: (32561, 13), new data size: (6512, 13)
[1.3816357e-04 5.7619810e-04 5.3465366e-05 4.7087669e-06 1.8596649e-05
 8.4817410e-05 1.5491247e-04 1.2874603e-05 8.3446503e-07 7.7462196e-04
 7.9274178e-06 6.6757202e-05 8.4805489e-04]
Distance score: 0.00021091791859362274
SAUCE Drift detection: True
Detection latency: 0.0036s

DRIFT-DETECTED after 2-th workload
Going to run: ['python', '/home/kangping/code_copy/SAUCE/Naru/incremental_train.py', '--dataset=census', '--end2end', '--model=naru', '--model_update=adapt', '--update_size=8000', '--epochs=0']
Torch device: cuda:1
GET-MODEL-PATH=./models/end2end/naru/origin-census-22.5MB-model27.255-data14.989-300epochs-seed0.pt
update_size: 6512
AdaptTask - START
GET-DATASET-PATH=./data/census/end2end/census_int.npy
load_npy_dataset_from_path - df.shape = (39073, 13)
Parsing... done, took 0.0s
done, took 0.0s
dataset size: 39073
train data shape: torch.Size([6512, 13]), transfer data shape:torch.Size([1302, 13])
Training done; evaluating likelihood on full data:
Epoch None Iter 0, test loss 19.0044 nats / 27.4176 bits
Saved to: /home/kangping/code_copy/SAUCE/models/end2end/naru/origin-census-22.5MB-model27.255-data14.989-300epochs-seed0.pt
AdaptTask - END

WORKLOAD-FINISHED | Type: DataUpdateWorkload | Progress: 2/3 | Workload-time: 1.952638 | Model-update-time: 3.882312


WORKLOAD-START | Type: QueryWorkload | Progress: 3/3
Going to run: ['python', '/home/kangping/code_copy/SAUCE/Naru/eval_model.py', '--dataset=census', '--model=naru', '--end2end', '--query_seed=0', '--eval_type=estimate', '--num_workload=3', '--data_update=tupleskew', '--model_update=adapt', '--random_seed=42']
Torch device: cuda:1
GET-MODEL-PATH=./models/end2end/naru/origin-census-22.5MB-model27.255-data14.989-300epochs-seed0.pt
ckpts [PosixPath('/home/kangping/code_copy/SAUCE/models/end2end/naru/origin-census-22.5MB-model27.255-data14.989-300epochs-seed0.pt')]
Validate Argument: DATASET="census" is valid.
data size: 39073, total size: 39073, split index: [32560 39073]
Parsing... done, took 0.0s
Loading ckpt: /home/kangping/code_copy/SAUCE/models/end2end/naru/origin-census-22.5MB-model27.255-data14.989-300epochs-seed0.pt
query_seed:0
origin-census_12.27 	max: 33.0000	99th: 25.0000	95th: 14.0250	median: 1.0992	mean: 2.4501
ReportEsts: [1.076086956521739, 1.0, 1.0, 1.0, 1.4, 1.2, 1.0474722564734895, 1.6185567010309279, 1.0, 1.0, 1.0851190476190475, 1.0, 1.3846153846153846, 1.0787589498806682, 1.208955223880597, 1.0817610062893082, 1.415929203539823, 1.2553191489361701, 1.0, 11.0, 2.0, 1.4210526315789473, 1.0, 1.1, 1.0, 1.5, 1.0409556313993173, 1.4977168949771689, 1.2857142857142858, 1.044513861772745, 1.0336677814938684, 1.5945945945945945, 1.0347767556652456, 1.2045977011494253, 1.6363636363636365, 2.1481481481481484, 1.0, 2.0, 4.0, 1.9, 1.0307692307692307, 1.0, 23.0, 1.104322527015794, 1.0, 1.3333333333333333, 1.0, 1.058139534883721, 1.0, 1.0, 1.0, 1.4615384615384615, 1.0, 2.066666666666667, 1.0213740458015268, 23.0, 1.5, 1.0734811165845648, 1.2019230769230769, 1.0, 1.0829015544041452, 20.0, 20.0, 1.3333333333333333, 1.2451612903225806, 1.0339193579208867, 1.0431746031746032, 1.0298913043478262, 1.0146520146520146, 1.5, 1.3433962264150943, 1.4464285714285714, 1.3333333333333333, 1.012639029322548, 1.0082523625715427, 1.0, 1.4285714285714286, 1.7966101694915255, 1.0396600566572238, 1.2, 1.196969696969697, 1.0, 1.0, 21.0, 1.0901639344262295, 2.0, 1.1904761904761905, 1.0, 1.6666666666666667, 1.1415730337078651, 1.0, 2.0, 1.0668789808917198, 1.0, 1.0689655172413792, 1.5333333333333334, 14.5, 1.0, 1.0323624595469256, 7.4, 1.2469135802469136, 1.4285714285714286, 1.7741935483870968, 1.0454545454545454, 1.3, 1.0326633165829147, 1.4318181818181819, 2.0, 1.052025340756383, 3.272727272727273, 1.0, 1.0, 5.111111111111111, 1.268891069676153, 1.0, 1.0, 1.0529729729729729, 1.0, 1.0, 1.0, 1.0, 1.0, 3.0, 1.434782608695652, 19.0, 1.0, 1.6833976833976834, 1.0123674911660778, 1.073394495412844, 1.0, 1.05, 1.0572972972972974, 1.004250797024442, 11.0, 1.2, 1.1666666666666667, 1.0, 1.004942767950052, 2.0, 1.0, 1.0, 2.0, 1.0, 1.5217391304347827, 1.0, 1.0, 1.0351992733053252, 1.0681818181818181, 1.0, 1.0277154398563735, 1.1047443006777573, 1.0, 1.0360970107163001, 28.0, 1.0, 1.1783783783783783, 1.0140845070422535, 1.3333333333333333, 1.0, 1.0004991680532447, 1.4, 1.0421052631578946, 1.2271386430678466, 1.0096308186195826, 1.1724137931034482, 1.004921446148022, 1.1797520661157024, 21.0, 1.1538461538461537, 1.7647058823529411, 1.0128476174987804, 1.0909090909090908, 1.0226077812828602, 1.1549520766773163, 1.4601036269430052, 1.2293729372937294, 1.0, 1.5, 1.0, 7.75, 1.8, 1.0, 1.1875, 1.304832713754647, 1.0, 1.2475728155339805, 2.4285714285714284, 2.0, 1.0, 1.5, 1.0, 1.0875912408759123, 1.0, 1.0, 1.0, 1.0632360934951983, 1.12991452991453, 2.103448275862069, 1.0, 1.2549019607843137, 1.7058823529411764, 1.0, 1.0048543689320388, 1.007235142118863, 1.06, 1.8214285714285714, 1.0, 1.0, 1.0, 1.5, 2.0, 1.0, 1.0563334418756105, 3.0, 26.0, 1.625, 1.3089005235602094, 1.0, 1.0387949718248808, 1.1666666666666667, 1.1796875, 1.0329629629629629, 1.0, 1.0, 1.0419161676646707, 1.0718232044198894, 1.3, 1.105263157894737, 1.1517857142857142, 1.2592592592592593, 2.0, 1.0921177587844255, 1.0, 1.0202702702702702, 1.0, 1.0, 1.58, 2.0, 8.666666666666666, 1.087115284298383, 1.0740740740740742, 1.0, 1.1741935483870967, 1.0, 1.4938271604938271, 1.0135135135135136, 2.0, 1.0, 25.0, 1.0222608695652173, 1.0142857142857142, 21.0, 1.1428571428571428, 1.3461538461538463, 1.0, 1.0606060606060606, 1.047670639219935, 1.2025862068965518, 1.2280701754385965, 1.152897657213317, 1.0, 1.0, 1.3333333333333333, 1.2307692307692308, 1.0384615384615385, 24.0, 1.2119565217391304, 1.0, 1.33402489626556, 1.0, 1.1335113484646195, 1.0, 1.0666666666666667, 1.0, 1.0241566014160766, 1.0, 1.8111111111111111, 1.5609756097560976, 1.0743034055727554, 1.75, 1.0117728531855956, 1.0, 1.3333333333333333, 1.380952380952381, 1.0546875, 1.435897435897436, 1.1666666666666667, 1.0, 1.2301587301587302, 1.0, 1.0, 1.0, 1.1481481481481481, 1.4814814814814814, 1.5384615384615385, 2.3333333333333335, 3.5714285714285716, 8.666666666666666, 1.0588235294117647, 1.0194594594594595, 1.1538461538461537, 1.0, 1.0, 1.0548726953467955, 1.0, 1.0, 1.2340425531914894, 1.0, 1.0, 1.0, 1.016396550090039, 1.1743892165122156, 1.353846153846154, 1.005540166204986, 1.3962264150943395, 1.2413793103448276, 2.0, 1.0833333333333333, 1.0, 1.0, 1.0, 1.0504607283896445, 1.0, 1.1389551843012464, 2.0, 1.0, 1.181159420289855, 1.3333333333333333, 1.0, 1.0, 2.0, 1.3333333333333333, 20.0, 1.2387862796833773, 1.0, 1.0089485458612975, 1.0, 22.0, 1.0, 22.0, 1.0, 2.0, 1.0, 1.0, 1.0, 1.4473684210526316, 1.3876651982378854, 1.0, 1.0064412238325282, 20.0, 1.0, 1.6666666666666667, 1.3636363636363635, 1.0, 1.6666666666666667, 1.04, 1.0, 1.6666666666666667, 1.5, 1.320754716981132, 1.5, 1.248246087425796, 1.049915872125631, 1.2272727272727273, 1.1354916067146283, 1.0, 20.0, 1.0, 1.0, 1.0222222222222221, 1.0491803278688525, 1.5, 1.0984743411927878, 1.0, 1.2222222222222223, 1.359375, 1.0, 1.3563218390804597, 1.0, 1.0, 1.0, 1.3478260869565217, 2.0, 1.6165413533834587, 1.0, 3.096774193548387, 1.3, 1.4761904761904763, 1.25, 1.5593220338983051, 1.0, 2.0, 1.0047619047619047, 24.0, 1.0, 1.0318131666053696, 1.0, 1.1392, 1.0416666666666667, 4.333333333333333, 1.4339622641509433, 1.4318181818181819, 1.0243067442656624, 2.0, 1.7826086956521738, 1.0, 1.144904458598726, 1.0277777777777777, 3.2, 1.111324376199616, 1.9411764705882353, 2.0, 1.0, 2.0, 1.0919540229885059, 1.3580246913580247, 1.3012048192771084, 1.2053571428571428, 1.0736452061139417, 8.333333333333334, 1.0, 1.0, 1.4615384615384615, 1.0253164556962024, 2.2083333333333335, 1.2043010752688172, 1.0, 1.0433493041295916, 22.0, 13.0, 23.0, 23.0, 1.25, 1.0, 1.0, 1.0, 1.0588952071486597, 1.2891566265060241, 1.007785888077859, 2.0, 10.0, 1.5, 1.7142857142857142, 1.0, 1.125, 1.4919354838709677, 2.923076923076923, 1.0, 1.2, 1.0, 1.0, 2.0, 2.3125, 1.148936170212766, 1.0197934595524958, 1.0476190476190477, 1.0116403142884858, 1.0, 1.0603448275862069, 1.3333333333333333, 1.005, 2.0, 1.5396825396825398, 1.0, 1.1111111111111112, 1.0, 1.0, 1.1770491803278689, 1.380952380952381, 1.011450980392157, 1.139344262295082, 1.0138466734211415, 1.1322645290581161, 8.8, 2.0, 1.0155433646812957, 1.2324324324324325, 1.0, 1.0, 1.048780487804878, 1.0, 1.6666666666666667, 1.1114115738236885, 1.1111111111111112, 1.0, 1.0604215456674473, 1.0, 1.2666666666666666, 1.0, 1.0345334313005143, 1.0, 3.0, 1.2692307692307692, 1.8333333333333333, 25.0, 1.0, 1.4285714285714286, 1.0, 1.1672297297297298, 23.0, 28.0, 1.0116279069767442, 1.038420204191295, 1.0465782873522036, 1.0832815413300187, 1.2990033222591362, 1.375, 1.375, 1.2, 1.1826923076923077, 19.0, 1.0, 2.090909090909091, 1.4, 1.4444444444444444, 1.0, 1.0, 2.0, 3.0, 1.5, 2.0, 1.3763440860215055, 1.0666666666666667, 1.219435736677116, 1.2094972067039107, 1.2211538461538463, 1.75, 1.0, 1.5833333333333333, 2.0, 1.3333333333333333, 1.125, 1.1254901960784314, 1.0, 1.0, 1.4027777777777777, 1.0136286201022147, 1.3108108108108107, 1.0, 17.0, 1.0, 1.0, 1.0, 1.0, 1.1238770685579196, 1.0111358574610245, 1.0525778458397141, 1.01148313791853, 1.1890756302521008, 1.0, 25.0, 1.0824502455414835, 1.028436018957346, 2.0, 1.0121457489878543, 1.0, 1.033085194375517, 1.0395338208409506, 2.0, 1.2727272727272727, 1.178082191780822, 1.2777777777777777, 1.0404733429848303, 1.0, 19.0, 7.4, 1.0, 1.0, 1.000787401574803, 1.0, 1.0, 1.0, 1.1764705882352942, 1.2181818181818183, 1.3061224489795917, 1.02568093385214, 1.3888888888888888, 1.651685393258427, 1.1482142857142856, 1.0, 1.0386589120766336, 1.013011152416357, 30.0, 2.0, 4.0, 1.7142857142857142, 1.0079171741778319, 1.0571428571428572, 2.0, 1.0140370578326783, 1.6, 1.0, 1.3333333333333333, 2.0, 1.0180995475113122, 1.3333333333333333, 1.0, 2.0, 31.0, 1.195364238410596, 1.5, 1.2571428571428571, 1.375, 3.5, 1.1395348837209303, 1.0627552914964724, 1.0292001692763437, 1.0423572744014733, 1.0549828178694158, 1.284263959390863, 1.0716145833333333, 1.0, 1.0, 1.0708240534521158, 1.0600750938673342, 1.5333333333333334, 1.0, 1.4222222222222223, 1.0, 1.0860759493670886, 1.0909090909090908, 1.7142857142857142, 1.1, 1.1866666666666668, 1.2592592592592593, 1.2, 1.0418876501785908, 23.0, 1.296398891966759, 1.0242502627111794, 1.0, 1.0, 1.0072060268588274, 1.0, 1.62, 1.2133333333333334, 1.4375, 1.0909090909090908, 33.0, 1.0, 1.0, 1.0741482965931863, 1.0, 1.0190574298223023, 1.0346820809248556, 1.0, 1.2777777777777777, 1.1023255813953488, 1.3176100628930818, 1.0, 21.0, 1.2692307692307692, 1.0, 1.0218579234972678, 1.1637426900584795, 1.2894736842105263, 9.666666666666666, 1.2105263157894737, 1.5384615384615385, 1.0257891770011274, 1.0, 1.0599339310995752, 1.0, 1.0, 1.1721311475409837, 1.0, 3.0, 1.5, 1.0, 1.1363636363636365, 1.0, 1.0239043824701195, 1.0446428571428572, 1.0, 1.0, 1.0, 1.0, 1.0, 1.0, 1.2723577235772359, 1.1111111111111112, 1.0326086956521738, 1.1487603305785123, 1.5, 1.0845070422535212, 1.0, 1.2608695652173914, 1.0, 1.0, 1.0, 1.0210378681626928, 1.75, 1.0115830115830116, 2.857142857142857, 1.0, 1.0, 1.0, 1.0, 31.0, 1.0307028672925653, 2.0, 1.0813953488372092, 1.5789473684210527, 1.0074096028452875, 23.0, 1.3333333333333333, 1.06640625, 1.3333333333333333, 1.1832167832167833, 1.1666666666666667, 1.0095890410958903, 1.5, 1.0, 1.0650095602294456, 1.2380952380952381, 1.6666666666666667, 1.1186991869918699, 1.2173913043478262, 18.0, 1.0, 1.0, 1.0, 1.3142857142857143, 1.25, 1.2066246056782335, 1.046487603305785, 1.0, 1.0, 1.0, 1.1308724832214765, 1.0565792326035117, 1.0873706004140786, 1.0, 1.0344827586206897, 1.0643924875431199, 11.5, 1.0625, 1.0, 1.0, 1.2727272727272727, 1.0, 1.077319587628866, 1.0, 1.0148148148148148, 1.1340782122905029, 1.2936507936507937, 1.4703196347031964, 1.6666666666666667, 1.0, 1.475609756097561, 1.4, 2.642857142857143, 3.0, 2.0, 1.3502824858757063, 1.0263639692420359, 1.1127596439169138, 2.0, 5.166666666666667, 2.0, 1.4583333333333333, 1.0242587601078168, 1.173913043478261, 1.7857142857142858, 1.0520833333333333, 4.571428571428571, 2.210526315789474, 1.329608938547486, 22.0, 1.0, 1.0, 1.5, 1.1331360946745561, 1.0277518656716418, 1.6666666666666667, 1.0, 14.0, 1.0062937062937063, 1.0714285714285714, 1.0655737704918034, 1.0, 1.0841121495327102, 1.0434782608695652, 1.435483870967742, 1.0, 2.206896551724138, 1.1673306772908367, 1.0754716981132075, 1.1666666666666667, 15.0, 1.1176470588235294, 1.0, 1.0769230769230769, 1.0630996309963099, 1.0, 20.0, 1.3333333333333333, 16.0, 1.0, 2.4615384615384617, 1.2108786610878661, 15.0, 1.0, 1.1538461538461537, 1.0488599348534202, 1.2075471698113207, 1.0833333333333333, 2.0, 1.1746031746031746, 1.1005917159763314, 5.2, 1.1818181818181819, 1.0430750822614419, 1.0554862842892767, 1.5238095238095237, 1.0, 1.0, 1.1110134095405584, 1.0740740740740742, 1.0518518518518518, 22.0, 1.0, 1.5, 1.0, 1.2857142857142858, 1.01384632845307, 1.0631067961165048, 1.25, 1.0583333333333333, 1.2420749279538905, 1.0575581395348836, 2.0, 1.3134328358208955, 1.3934426229508197, 1.0489335006273526, 1.0, 1.1884057971014492, 1.0119375573921028, 1.5204081632653061, 1.0318733584155604, 19.0, 1.062327095199349, 1.0, 24.0, 1.0325318246110324, 1.12, 1.210414452709883, 1.1789473684210525, 1.0530209617755857, 1.0179948586118253, 1.4166666666666667, 1.0605867346938775, 1.0712830957230142, 2.25, 1.5, 1.1904761904761905, 2.0, 4.857142857142857, 1.0, 1.15695067264574, 1.1627906976744187, 1.0, 1.007475156098848, 1.6923076923076923, 1.1432318992654775, 1.0416666666666667, 2.0, 1.02803738317757, 1.4, 1.0835443037974684, 1.0, 1.1, 1.0016835016835017, 1.0573643410852713, 5.8, 1.0, 1.0465116279069768, 1.6, 1.0, 1.6071428571428572, 1.0383561643835617, 24.0, 1.2125, 1.0810810810810811, 1.0, 1.0, 1.142042509072058, 2.0, 1.5, 1.0, 1.27, 1.0, 1.0382456140350877, 1.0, 2.6666666666666665, 1.058411214953271, 2.0, 1.2395348837209301, 1.0187172448215622, 1.0212474297464016, 1.2808988764044944, 1.2328767123287672, 1.25, 1.0518479127891518, 1.0004957858205255, 2.0, 1.0, 1.0, 1.3877551020408163, 1.119496855345912, 1.0, 1.2571428571428571, 1.3823529411764706, 1.0969325153374234, 1.1619718309859155, 1.0, 1.0556499575191165, 4.0, 1.1626794258373205, 1.1343669250645996, 1.4, 1.0242248062015504, 1.0, 1.0, 1.045407636738906, 1.0, 1.1587982832618027, 2.727272727272727, 2.142857142857143, 2.6176470588235294, 1.2363636363636363, 1.2083333333333333, 1.0, 1.3414634146341464, 29.0, 1.1087719298245613, 1.3636363636363635, 23.0, 1.0193621867881548, 1.0, 1.125, 1.0, 17.0, 1.0, 1.0831330128205128, 1.1825307950727884, 1.1349397590361445, 1.0, 1.5, 2.8947368421052633, 1.0982318271119842, 1.0198019801980198, 1.5109612141652613, 1.2666666666666666, 1.0430726170113513, 1.0471862309031135, 2.0, 1.14019520851819, 1.0472027972027973, 1.0, 1.0, 1.0, 1.0132450331125828, 1.2948435434111945, 1.0588235294117647, 1.0, 1.160883280757098, 1.0, 1.12, 1.0, 1.4, 1.03125, 2.2777777777777777, 1.0239518633540372, 1.18348623853211, 1.0, 1.0144822592324403, 1.2413793103448276, 1.103448275862069, 1.0140845070422535, 1.1486725663716815, 1.0900926185798485, 1.0, 1.0, 2.0, 1.264887063655031, 1.069112627986348, 1.1891418563922942, 1.026070178587454, 1.1506849315068493, 1.0, 1.288840262582057, 1.0, 1.0, 1.8421052631578947, 1.0, 1.5, 1.1727019498607243, 21.0, 1.0]
origin-census_12.27 	max: 33.0000	99th: 25.0000	95th: 14.0250	median: 1.0992	mean: 2.4501

...Done, result: results.csv

WORKLOAD-FINISHED | Type: QueryWorkload | Progress: 3/3 | Workload-time: 86.069554 | Model-update-time: 0.000000


Experiment Summary: #data-update-times=1, #drift=1 | total-time=176.828675