Input arguments = Namespace(data_update='sample', update_size=8000, dataset='census', debug=False, drift_test='js', model_update='adapt', model='naru', end2end=False, query_seed=0, random_seed=42, num_workload=3)
JSON-passed parameters = {'data_updater': {'skew_ratio': '1e-2'}, 'random_seed': 45, 'naru': {'epochs': 0}}
MODEL-PATH=/home/kangping/code_copy/SAUCE/models/end2end/naru/origin-census-22.5MB-model27.255-data14.989-300epochs-seed0.pt
DATASET-PATH=/home/kangping/code_copy/SAUCE/data/census/end2end/census_int.npy
Workloads: ['QueryWorkload', 'DataUpdateWorkload', 'QueryWorkload']

WORKLOAD-START | Type: QueryWorkload | Progress: 1/3
Going to run: ['python', '/home/kangping/code_copy/SAUCE/Naru/eval_model.py', '--dataset=census', '--model=naru', '--query_seed=0', '--end2end', '--eval_type=first_estimate', '--num_workload=3', '--data_update=sample', '--model_update=adapt', '--random_seed=42']
Torch device: cuda:1
GET-MODEL-PATH=./models/end2end/naru/origin-census-22.5MB-model27.255-data14.989-300epochs-seed0.pt
ckpts [PosixPath('/home/kangping/code_copy/SAUCE/models/end2end/naru/origin-census-22.5MB-model27.255-data14.989-300epochs-seed0.pt')]
Validate Argument: DATASET="census" is valid.
load_csv_dataset - census (32561, 13)
Parsing... done, took 0.0s
Loading ckpt: /home/kangping/code_copy/SAUCE/models/end2end/naru/origin-census-22.5MB-model27.255-data14.989-300epochs-seed0.pt
query_seed:0
origin-census_12.27 	max: 4.5000	99th: 3.0000	95th: 2.0000	median: 1.0500	mean: 1.2155
ReportEsts: [1.0, 1.135306553911205, 1.1971830985915493, 2.0, 1.0615384615384615, 1.055793991416309, 1.0, 1.2142857142857142, 1.0, 1.0, 1.0, 1.1224489795918366, 2.142857142857143, 1.1690140845070423, 1.2922077922077921, 1.5, 1.09, 1.0, 1.0, 1.0, 3.0, 2.0, 1.283236994219653, 2.5, 1.06, 1.4, 1.0, 1.0113525786571522, 1.0, 1.0317422995532566, 1.0261369576581285, 1.3783783783783783, 1.0327868852459017, 1.2222222222222223, 1.0, 1.2410714285714286, 1.5, 1.0020408163265306, 1.1428571428571428, 1.0065181966322652, 1.0, 1.0, 1.0, 1.0, 1.08, 1.1590909090909092, 1.0, 1.0172360726377347, 1.0, 4.0, 1.0, 1.1666666666666667, 1.0, 1.5, 1.0825688073394495, 4.0, 1.0308641975308641, 1.75, 1.0027527527527527, 1.0064102564102564, 1.125, 1.2, 1.1730769230769231, 1.2692307692307692, 1.0, 1.0, 1.0, 1.0032520325203251, 1.0, 1.1666666666666667, 1.3636363636363635, 1.2222222222222223, 1.6666666666666667, 1.0, 1.0177153329260844, 1.0, 1.0, 1.411764705882353, 2.0, 1.0, 1.0, 1.0, 1.0, 1.3333333333333333, 1.2543859649122806, 1.0714285714285714, 1.0, 1.0952380952380953, 1.0573801434503587, 1.0, 1.0469798657718121, 1.0, 1.0161290322580645, 2.0, 1.0718954248366013, 1.5, 1.0235798499464095, 1.5, 1.5319148936170213, 1.5, 1.0, 1.0, 1.0, 1.0, 1.0, 1.0071942446043165, 1.006585136406397, 1.2222222222222223, 1.2066869300911853, 1.032258064516129, 1.0579710144927537, 1.0, 1.3043478260869565, 1.2222222222222223, 1.5454545454545454, 1.0, 3.0, 1.1724137931034482, 3.0, 1.009009009009009, 2.0, 1.1488, 1.0615384615384615, 1.25, 1.0128893662728249, 1.0666666666666667, 1.0161115133960898, 1.0447227191413238, 1.231578947368421, 1.1130820399113082, 1.0, 1.0080142475512022, 1.0, 1.0, 2.0, 1.0, 1.0668859649122806, 1.0, 1.0, 1.4444444444444444, 1.0, 2.3333333333333335, 1.0, 1.0, 2.0, 1.0, 1.0, 1.1363636363636365, 1.0154009559214021, 1.161904761904762, 1.105263157894737, 1.2, 2.0, 1.0, 1.0, 1.5, 3.0, 1.0, 1.0, 1.3333333333333333, 1.1, 1.5, 1.4444444444444444, 1.0769230769230769, 1.1893805309734513, 1.0256410256410255, 1.0301204819277108, 1.0106541413678543, 1.024376731301939, 1.1851851851851851, 1.1188769414575865, 1.2, 1.0, 1.0, 1.588235294117647, 1.3504464285714286, 1.5, 1.0972629521016617, 1.0573084352865423, 1.0686274509803921, 1.0, 1.2682926829268293, 1.065217391304348, 1.0825688073394495, 1.2105263157894737, 1.0141300964830378, 1.5, 1.0, 1.076158940397351, 1.0546623794212218, 1.4318181818181819, 1.0909090909090908, 1.0047585058291697, 1.0, 1.0666666666666667, 1.0869565217391304, 1.0086839749328558, 1.0, 1.0689655172413792, 1.062857142857143, 1.0, 1.0, 1.3495145631067962, 1.1428571428571428, 2.0, 1.5555555555555556, 1.0, 1.0332409972299168, 2.0, 1.0, 1.0047961630695443, 1.1505376344086022, 1.1538461538461537, 2.3333333333333335, 1.0, 1.1, 1.0384615384615385, 1.012751487673562, 1.115606936416185, 1.2465753424657535, 1.0, 1.2857142857142858, 1.02442996742671, 1.4054054054054055, 2.0, 1.2702078521939955, 1.0, 1.0, 1.0, 1.0, 1.0, 1.5294117647058822, 1.1111111111111112, 1.1225490196078431, 1.0, 1.0, 1.0, 1.4, 1.0345285524568393, 1.0, 1.0, 1.2535211267605635, 2.0, 1.0, 1.0, 1.25, 1.6111111111111112, 1.0, 1.0, 1.0425531914893618, 1.0, 1.0123456790123457, 1.385185185185185, 1.0, 1.0, 1.0714285714285714, 2.5, 1.0304347826086957, 1.793103448275862, 1.0194898251648037, 1.0, 1.0, 1.5555555555555556, 1.0285714285714285, 2.0, 1.0, 1.4545454545454546, 1.0497512437810945, 2.0, 1.1428571428571428, 1.1470588235294117, 1.0, 1.0, 2.0, 1.0402523933855528, 1.0114942528735633, 1.0, 1.0254237288135593, 1.0, 1.0, 1.9090909090909092, 1.2926829268292683, 1.0193050193050193, 1.25, 1.0422077922077921, 1.0, 1.0782122905027933, 1.5, 1.0810810810810811, 1.0, 1.1842105263157894, 1.0149756645451142, 1.5, 1.0088987764182424, 1.096234309623431, 1.0, 1.0, 1.0384615384615385, 1.130801687763713, 1.08, 1.2222222222222223, 2.0, 1.0, 1.1666666666666667, 1.0845070422535212, 1.0361635220125787, 2.0, 1.248091603053435, 1.4, 1.0, 1.0, 1.0, 1.0, 1.065, 1.0, 1.0, 1.0, 1.0089585666293392, 1.0, 1.0010232796111538, 1.0, 1.008446455505279, 1.2941176470588236, 1.0, 1.0624303232998886, 1.2727272727272727, 1.0, 1.0416775884665792, 1.0, 1.1112129544760159, 1.0, 1.2676864244741874, 1.0, 1.0215793217927436, 1.0, 1.0, 2.0, 2.0, 3.0, 1.2123893805309736, 1.105263157894737, 1.0714285714285714, 1.0, 1.0344827586206897, 1.0196078431372548, 3.0, 1.0120481927710843, 1.0, 1.5, 1.0, 1.0, 1.6666666666666667, 1.0714285714285714, 1.0, 1.4, 1.0128718037919637, 1.263157894736842, 1.0, 1.0, 1.0, 1.0159944367176634, 1.3333333333333333, 1.0, 1.1428571428571428, 1.0, 1.2222222222222223, 1.0, 1.0844250363901018, 1.1441441441441442, 1.0, 1.1104477611940298, 1.25, 1.0, 1.0, 3.0, 1.0, 1.0, 1.125, 1.0434782608695652, 1.125, 1.2654320987654322, 1.0, 1.2736842105263158, 1.1428571428571428, 1.0, 1.12987012987013, 1.0, 1.0, 1.0, 1.0, 2.0, 1.46875, 1.0, 1.0, 1.625, 1.4615384615384615, 1.1354166666666667, 1.5116279069767442, 1.0, 1.0, 1.1764705882352942, 1.0952380952380953, 1.0, 1.0208333333333333, 1.0476190476190477, 1.0, 1.0136626379400946, 1.074766355140187, 1.0, 1.0357142857142858, 1.5333333333333334, 1.0, 1.0, 1.0666666666666667, 1.25, 1.309278350515464, 1.2608695652173914, 4.5, 1.2473118279569892, 1.0512820512820513, 1.95, 1.0, 1.0137333615043314, 1.0, 1.1818181818181819, 1.0798640611724724, 1.1182432432432432, 1.1987179487179487, 4.125, 1.1566265060240963, 1.0, 1.0, 1.0465116279069768, 1.0, 1.0153846153846153, 1.0, 1.0577367205542725, 1.0, 1.0082872928176796, 1.0, 1.5, 1.0833333333333333, 1.0, 1.0, 2.0, 1.2195121951219512, 1.0, 1.0, 1.235474006116208, 1.1226415094339623, 1.0209424083769634, 1.1428571428571428, 1.2173913043478262, 1.0, 1.0666666666666667, 1.4074074074074074, 1.0, 1.0174180327868851, 1.0188398611799703, 1.0, 1.020483641536273, 1.0909090909090908, 1.0, 1.131578947368421, 2.0, 1.1333333333333333, 1.0, 1.0, 1.0197544046983449, 1.0135593220338983, 1.045045045045045, 1.0, 1.0, 1.5, 1.076086956521739, 1.1467391304347827, 1.055944055944056, 1.0151515151515151, 1.0, 2.0, 1.0, 1.0, 1.3604060913705585, 1.0, 1.0, 1.0, 1.0, 1.055944055944056, 1.0, 1.0, 1.0, 1.0, 1.880952380952381, 1.0, 1.0769230769230769, 1.0, 2.090909090909091, 1.1846965699208443, 1.0081180811808117, 1.5416666666666667, 1.0, 2.0, 1.0, 1.2857142857142858, 1.0, 1.0482517482517482, 1.1346153846153846, 1.2857142857142858, 1.0, 1.0251346499102334, 1.0, 1.0, 1.0128520645337709, 1.0497592295345104, 1.054054054054054, 1.0490056818181819, 1.0275270758122743, 1.8333333333333333, 2.0, 1.0147058823529411, 1.0129310344827587, 1.0175084175084175, 1.0, 1.240506329113924, 1.1607142857142858, 1.1726907630522088, 1.2285714285714286, 3.0, 1.1342329545454546, 1.0384294068504596, 1.0, 1.309090909090909, 1.6666666666666667, 1.0408163265306123, 1.5714285714285714, 1.0118641174462273, 1.0655737704918034, 1.0, 1.5, 1.0, 1.21875, 1.0, 1.0340909090909092, 1.1947194719471947, 1.0059931506849316, 1.0121765601217656, 1.1496062992125984, 1.0, 1.0629077353215284, 2.0, 1.16, 1.0, 1.2264150943396226, 1.0, 1.0, 2.0, 2.0, 4.0, 1.0, 2.0, 1.12987012987013, 1.0, 1.1818181818181819, 1.0456213948610382, 1.009705113848451, 1.1151832460732984, 1.04, 1.0729166666666667, 1.0, 1.0, 1.0, 1.0, 1.056105610561056, 1.1666666666666667, 1.0557523774007085, 1.5, 2.0, 1.2702702702702702, 1.0153846153846153, 1.0, 1.0, 1.1153402537485582, 1.0, 1.4848484848484849, 1.263157894736842, 1.2, 1.5, 1.0625, 2.6666666666666665, 1.0, 1.0, 2.0, 1.0, 1.053295464038092, 1.043064596895343, 1.0, 1.28125, 1.0, 1.0833333333333333, 1.0466732869910627, 1.0, 1.1827586206896552, 1.8, 1.0612244897959184, 2.0, 1.0, 1.0465793304221251, 1.0, 1.0555555555555556, 1.0, 1.02958349552355, 1.2654867256637168, 1.2954545454545454, 1.0178571428571428, 1.043103448275862, 2.0, 1.6666666666666667, 1.0, 1.2727272727272727, 2.0, 1.0413080895008606, 1.0, 1.0608695652173914, 1.0571736785329018, 1.6666666666666667, 1.0, 1.1242603550295858, 1.0, 1.0, 1.009698275862069, 1.0, 1.0619469026548674, 1.4285714285714286, 1.1666666666666667, 1.0032905561039815, 1.0, 1.3333333333333333, 1.1280487804878048, 1.0569620253164558, 1.057784911717496, 1.0, 1.0528242677824269, 1.25, 1.0293115201090661, 1.0, 1.0, 1.4615384615384615, 1.125, 1.0667166416791605, 1.033112582781457, 1.009619084263178, 1.0682196339434276, 1.2162162162162162, 1.0919540229885059, 1.5555555555555556, 1.0, 1.14, 1.068062827225131, 1.0666666666666667, 1.0, 1.3, 1.17, 1.0, 1.0, 1.4285714285714286, 1.0, 1.0476190476190477, 1.0058479532163742, 1.0, 1.0338983050847457, 1.5, 1.0, 1.0, 1.0, 1.3265306122448979, 1.0141304347826088, 1.1031746031746033, 1.6785714285714286, 1.0, 1.0, 1.0657894736842106, 1.0756980802792322, 1.0, 1.0, 1.0, 1.07981220657277, 1.1428571428571428, 1.0, 3.0, 1.0197933343035948, 1.3333333333333333, 1.0, 1.0, 1.119047619047619, 1.25, 1.3125, 1.099009900990099, 1.75, 1.3508771929824561, 2.0, 1.0, 1.0, 1.5932203389830508, 1.0, 1.0669786487276982, 1.125, 1.062200956937799, 1.0, 1.0328428796636888, 1.00569176882662, 1.1538461538461537, 1.030612244897959, 1.0, 1.0, 1.0193798449612403, 2.0, 1.1025641025641026, 1.6666666666666667, 1.2173913043478262, 1.0, 1.3333333333333333, 1.0666041275797373, 2.0, 1.0, 1.3333333333333333, 1.6666666666666667, 1.0445103857566767, 1.4728682170542635, 1.1428571428571428, 1.0852895148669797, 1.0317460317460319, 1.6666666666666667, 1.2, 1.0, 1.0, 1.0, 1.0, 1.0277777777777777, 1.0836254381572359, 1.0, 1.5, 2.0, 1.0, 1.0, 1.0, 1.0790513833992095, 1.0201540436456995, 1.0228488089450656, 1.0, 1.2105263157894737, 1.0027688047992616, 3.0, 1.2142857142857142, 1.0036101083032491, 1.0, 1.4, 1.0, 1.5275590551181102, 1.2836879432624113, 1.180672268907563, 1.0145035329118632, 1.0023866348448687, 1.18348623853211, 1.0, 1.1496519721577727, 1.006896551724138, 1.4166666666666667, 1.004739336492891, 1.0289017341040463, 1.0, 1.0, 1.0, 1.0114572144647334, 1.0384615384615385, 1.0517241379310345, 1.1379310344827587, 1.2833333333333334, 2.0, 1.1485148514851484, 1.5, 1.0, 1.1041666666666667, 1.0769230769230769, 1.16875, 1.0, 1.3636363636363635, 1.023181589114732, 1.0086580086580086, 1.008097165991903, 1.0, 1.0012114359554192, 1.0, 1.088235294117647, 1.0, 1.022950819672131, 1.0, 1.0, 1.0, 1.0, 1.0350364963503649, 1.0, 1.0, 1.3333333333333333, 1.1101694915254237, 1.0022402688322598, 1.34, 1.0, 1.7647058823529411, 1.0435276305828918, 1.0191924488725748, 1.0, 1.193103448275862, 1.0, 1.4285714285714286, 1.0537974683544304, 1.5, 1.0, 1.2222222222222223, 1.0606060606060606, 1.204054054054054, 1.0, 1.0, 1.0, 1.6666666666666667, 1.2112676056338028, 1.0909090909090908, 1.0807453416149069, 1.0677966101694916, 1.0203703703703704, 1.1029411764705883, 1.0445859872611465, 1.0066760365425158, 1.0238931834153198, 1.1904761904761905, 1.0, 1.7692307692307692, 1.175, 1.0476190476190477, 1.0220264317180616, 1.0, 1.2727272727272727, 1.0103921568627452, 1.3157894736842106, 1.015505020673361, 1.0, 2.0, 1.051975051975052, 1.0, 1.0, 1.0, 1.0, 1.6666666666666667, 1.0, 1.3170731707317074, 1.0, 1.0, 1.0, 1.0415584415584416, 1.1692667706708268, 1.0455974842767295, 1.0, 1.1125, 1.0425531914893618, 1.034848484848485, 1.0638297872340425, 1.1513240857503153, 1.0, 1.1379591836734695, 1.0219435736677116, 1.0833333333333333, 1.041158536585366, 1.1004901960784315, 3.0, 1.2162162162162162, 1.2962962962962963, 2.0, 3.0, 1.0, 1.4, 1.073394495412844, 1.0, 3.5, 3.0, 2.0, 3.0, 1.0199203187250996, 1.3725490196078431, 1.75, 1.1636363636363636, 1.1666666666666667, 1.0, 1.2061068702290076, 1.0, 1.0328590785907859, 1.0004020908725373, 1.6666666666666667, 1.6, 3.0, 1.0, 1.0, 1.2222222222222223, 1.078582434514638, 1.0, 1.2809110629067244, 1.0, 1.3421052631578947, 1.065217391304348, 1.0, 1.351063829787234, 1.1501650165016502, 1.0952380952380953, 1.146067415730337, 1.2, 1.291814946619217, 1.043859649122807, 1.6666666666666667, 1.0, 1.020997375328084, 1.5, 1.0, 1.0, 1.0, 1.1090909090909091, 1.0116159008776457, 1.0, 1.0033181252592285, 1.3333333333333333, 1.205128205128205, 1.0510204081632653, 1.0, 2.0, 1.0111505321844907, 1.186206896551724, 1.0360408821947285, 1.084848484848485, 1.1324503311258278, 1.0, 1.0, 1.077720207253886, 1.0, 1.05, 1.0578778135048232, 1.2206405693950177, 1.0, 1.0, 1.0975609756097562, 1.5833333333333333, 1.0, 1.0, 1.0371413667188316, 1.0, 1.3888888888888888, 2.0, 1.0, 1.0, 1.0833333333333333, 1.0909090909090908, 1.2857142857142858, 1.0724637681159421, 1.5, 1.0985915492957747, 1.0, 1.0, 1.0, 1.0668252080856124, 1.1684636118598384, 1.0765595463137996, 1.3333333333333333, 2.0, 1.2587519025875191, 2.0, 1.4705882352941178, 1.4367816091954022, 1.4615384615384615, 1.0495012234142669, 1.0734557595993321, 1.2941176470588236, 1.0, 1.5, 1.0, 1.3229813664596273, 1.0, 1.0115822536317236, 1.1810344827586208, 1.2, 1.0, 1.3482142857142858, 1.0, 1.6666666666666667, 1.0, 1.3333333333333333, 1.3555555555555556, 1.0, 2.5, 1.0045610034207526, 1.0, 1.0, 1.05, 1.2, 1.0250965250965252]
origin-census_12.27 	max: 4.5000	99th: 3.0000	95th: 2.0000	median: 1.0500	mean: 1.2155

...Done, result: results.csv

WORKLOAD-FINISHED | Type: QueryWorkload | Progress: 1/3 | Workload-time: 84.204574 | Model-update-time: 0.000000


WORKLOAD-START | Type: DataUpdateWorkload | Progress: 2/3
Going to run: ['python', '/home/kangping/code_copy/SAUCE/Naru/eval_model.py', '--model=naru', '--data_update=sample', '--dataset=census', '--drift_test=js', '--end2end', '--update_size=8000', '--query_seed=0', '--eval_type=drift']
Torch device: cuda:1
GET-MODEL-PATH=./models/end2end/naru/origin-census-22.5MB-model27.255-data14.989-300epochs-seed0.pt
GET-DATASET-PATH=./data/census/end2end/census_int.npy
Sample - START
Sample - END
load_npy_dataset_from_path - df.shape = (39073, 13)
Parsing... done, took 0.0s
Data updated!
Previous data size: (32561, 13), new data size: (6512, 13)
[4.0531158e-06 6.8545341e-06 1.0132790e-06 1.3113022e-06 4.7683716e-07
 8.3446503e-07 4.1127205e-06 2.8848648e-05 1.7881393e-07 2.8526783e-04
 3.6954880e-06 1.2516975e-05 1.6093254e-06]
Distance score: 2.6982565032085404e-05
SAUCE Drift detection: False
Detection latency: 0.0037s

WORKLOAD-FINISHED | Type: DataUpdateWorkload | Progress: 2/3 | Workload-time: 1.933658 | Model-update-time: 0.000000


WORKLOAD-START | Type: QueryWorkload | Progress: 3/3
Going to run: ['python', '/home/kangping/code_copy/SAUCE/Naru/eval_model.py', '--dataset=census', '--model=naru', '--end2end', '--query_seed=0', '--eval_type=estimate', '--num_workload=3', '--data_update=sample', '--model_update=adapt', '--random_seed=42']
Torch device: cuda:1
GET-MODEL-PATH=./models/end2end/naru/origin-census-22.5MB-model27.255-data14.989-300epochs-seed0.pt
ckpts [PosixPath('/home/kangping/code_copy/SAUCE/models/end2end/naru/origin-census-22.5MB-model27.255-data14.989-300epochs-seed0.pt')]
Validate Argument: DATASET="census" is valid.
data size: 39073, total size: 39073, split index: [32560 39073]
Parsing... done, took 0.0s
Loading ckpt: /home/kangping/code_copy/SAUCE/models/end2end/naru/origin-census-22.5MB-model27.255-data14.989-300epochs-seed0.pt
query_seed:0
origin-census_12.27 	max: 5.0000	99th: 3.5050	95th: 2.0769	median: 1.0930	mean: 1.3322
ReportEsts: [1.3406593406593406, 1.0, 1.4761904761904763, 1.0, 1.1666666666666667, 1.0783132530120483, 1.0257309941520467, 1.4102564102564104, 1.0, 2.0, 1.0428410372040586, 1.244047619047619, 1.2592592592592593, 1.1259445843828715, 1.140625, 1.0966453674121406, 1.2413249211356467, 1.0344827586206897, 1.0, 2.0, 1.6376811594202898, 1.0769230769230769, 1.0, 1.3, 2.0, 1.5, 1.1458333333333333, 1.3443983402489628, 1.2222222222222223, 1.0374196063145587, 1.012203094356069, 1.3478260869565217, 1.0119638826185102, 1.0515695067264574, 1.5384615384615385, 1.1428571428571428, 1.0, 2.0, 1.25, 1.3544303797468353, 1.1929824561403508, 1.0, 2.0, 1.0637639290136194, 1.5, 1.5, 1.0, 1.247191011235955, 1.0, 2.0, 1.006578947368421, 1.04, 1.0, 2.0625, 1.043740573152338, 1.125, 1.4444444444444444, 1.001560671088568, 1.2314814814814814, 1.6666666666666667, 1.21875, 1.1139705882352942, 1.0476190476190477, 1.1428571428571428, 1.0103626943005182, 1.0567735758736236, 1.0849673202614378, 1.0511060259344012, 1.036231884057971, 1.2857142857142858, 1.2352941176470589, 1.309090909090909, 2.0, 1.0092071611253197, 1.0082688716991197, 1.6666666666666667, 1.2857142857142858, 1.6, 1.008108108108108, 1.6, 1.1666666666666667, 2.0, 1.0, 3.0, 1.1130876747141043, 1.0, 1.0612244897959184, 1.0, 1.0857142857142856, 1.0162412993039442, 1.0, 1.0, 1.010135135135135, 1.0, 1.1320754716981132, 1.3125, 4.0, 2.0, 1.0365448504983388, 1.8, 1.1604938271604939, 1.171875, 1.1864406779661016, 1.12, 1.5263157894736843, 1.0867208672086721, 1.4285714285714286, 1.3333333333333333, 1.0063587058163457, 3.0, 1.0, 1.1162790697674418, 2.8, 1.1716697936210132, 2.0, 1.0, 1.0465116279069768, 1.0, 2.0, 1.0, 1.0, 1.0, 1.5, 1.2692307692307692, 1.1666666666666667, 1.5, 1.3846153846153846, 1.0940959409594095, 1.0467289719626167, 2.0, 1.8571428571428572, 1.0064205457463884, 1.014207650273224, 1.0, 1.0, 1.1702127659574468, 1.0, 1.183673469387755, 3.0, 3.0, 2.0, 2.0, 1.0, 2.130434782608696, 1.0, 2.0, 1.0196775986659254, 1.008676182479709, 1.0, 1.0070848093352782, 1.1237562189054726, 1.0, 1.016260162601626, 1.0, 1.0, 1.2295081967213115, 1.042654028436019, 1.1363636363636365, 1.0, 1.0097520661157025, 1.8, 1.067357512953368, 1.105702364394993, 1.1212624584717608, 1.1515151515151516, 1.181592039800995, 1.0373665480427046, 4.0, 1.0625, 1.0, 1.020471894517696, 1.2658227848101267, 1.0067105432959091, 1.0156985871271587, 1.2241545893719807, 1.2287145242070117, 1.0, 1.0, 1.0, 2.0, 1.6666666666666667, 1.0, 1.054421768707483, 1.2, 2.0, 1.048, 2.7142857142857144, 1.4285714285714286, 1.0, 1.5, 1.0, 1.0151515151515151, 2.0, 1.1666666666666667, 1.0, 1.0336608442503639, 1.0856164383561644, 1.0740740740740742, 1.0, 1.0327868852459017, 1.15625, 1.0, 1.082051282051282, 1.0734978540772533, 1.2156862745098038, 1.4444444444444444, 1.0, 1.0, 1.0, 2.0, 2.0, 1.1428571428571428, 1.0429157462922058, 1.5, 2.0, 1.25, 1.2222222222222223, 1.0, 1.0253057781526782, 1.1428571428571428, 3.0, 1.0005082038623494, 1.0, 1.0, 1.225, 1.0504451038575668, 1.04, 1.25, 1.1567328918322295, 1.0571428571428572, 2.5, 1.0125, 1.0, 1.0227744704416448, 1.0, 1.0, 1.2291666666666667, 3.0, 1.3333333333333333, 1.0446663163426169, 1.14, 2.0, 1.127388535031847, 1.0, 1.2755102040816326, 1.0933333333333333, 2.0, 1.0, 1.6666666666666667, 1.0233739837398375, 1.0287769784172662, 2.0, 1.0526315789473684, 1.2758620689655173, 1.0, 1.0163934426229508, 1.032008830022075, 1.1317365269461077, 1.0810810810810811, 1.0701754385964912, 1.0222156398104265, 1.0, 1.3333333333333333, 1.5833333333333333, 1.0334728033472804, 2.0, 1.1022727272727273, 1.0, 1.0779661016949154, 1.0, 1.0154577883472058, 1.0, 1.0625, 2.0, 1.013715710723192, 1.5, 1.0257289879931388, 1.3404255319148937, 1.0193548387096774, 1.1666666666666667, 1.0388349514563107, 2.0, 1.25, 1.04, 1.0534351145038168, 1.15, 1.0, 1.0, 1.0463576158940397, 1.0, 1.0, 3.0, 1.1612903225806452, 1.076555023923445, 1.1111111111111112, 2.0, 1.2439024390243902, 1.126463700234192, 1.263157894736842, 1.0021045247281655, 1.0434782608695652, 1.0, 1.0, 1.005249343832021, 1.0, 1.0, 1.4081632653061225, 1.0, 1.0, 1.0, 1.013870541611625, 1.168595041322314, 1.3020134228187918, 1.030608291359938, 1.1888888888888889, 1.0029940119760479, 2.0, 1.25, 1.0, 1.0, 2.0, 1.053193808589492, 1.0, 1.0898477157360407, 1.6, 2.0, 1.12930823759472, 1.0833333333333333, 1.0, 1.0, 2.0, 1.6666666666666667, 3.0, 1.0665024630541873, 2.0, 1.1050119331742243, 2.0, 1.8571428571428572, 1.0, 1.5, 1.0, 1.75, 1.0, 2.0, 1.0, 1.4155844155844155, 1.0318725099601593, 1.1428571428571428, 1.0863787375415281, 2.0, 1.0, 2.0, 1.25, 1.0, 1.6666666666666667, 1.0689655172413792, 1.0, 1.12, 1.8333333333333333, 1.323076923076923, 1.5, 1.173654314308899, 1.0878928987194412, 1.0384615384615385, 1.0232288037166086, 1.0, 2.0, 1.0, 1.0, 1.108695652173913, 1.0363636363636364, 1.065217391304348, 1.1270553064275037, 1.0, 1.128, 1.2083333333333333, 3.0, 1.0377358490566038, 1.0, 2.0, 1.0, 1.3333333333333333, 2.0, 1.4988066825775657, 1.0, 2.0, 1.4, 1.2, 1.0175438596491229, 1.079646017699115, 1.0, 1.0, 1.1636363636363636, 2.0, 1.0, 1.0040160642570282, 1.0, 1.084355828220859, 1.1434426229508197, 2.6666666666666665, 1.3, 1.5957446808510638, 1.0184070796460176, 1.3333333333333333, 1.0434782608695652, 1.0, 1.0758226037195995, 1.155844155844156, 1.5555555555555556, 1.1079545454545454, 1.5151515151515151, 2.0, 1.0, 3.0, 1.0, 1.105263157894737, 1.0123456790123457, 1.0683229813664596, 1.0126879699248121, 1.0010834236186348, 1.2, 1.0, 1.125, 1.1702127659574468, 1.5, 1.1157894736842104, 1.0, 1.0295925335761438, 2.0, 1.25, 2.0, 1.0, 1.0689655172413792, 1.0, 1.0, 1.0, 1.019952114924182, 2.0, 1.0324996979581975, 2.0, 2.5, 3.0, 1.087378640776699, 2.0, 1.1111111111111112, 1.496, 2.4285714285714284, 1.0, 1.3333333333333333, 1.0, 1.0, 2.0, 1.125, 1.0186915887850467, 1.032520325203252, 1.0454545454545454, 1.0278888347147732, 2.0, 1.0517241379310345, 1.6666666666666667, 1.0264900662251655, 3.0, 1.0324389267120544, 2.0, 1.1144640998959416, 1.0, 1.0, 1.1573426573426573, 1.1153846153846154, 1.0015693659761455, 2.25, 1.0275086505190312, 1.0121951219512195, 3.0, 2.0, 1.00427793621986, 1.235897435897436, 1.0, 2.0, 1.0212765957446808, 1.0, 1.3333333333333333, 1.1328976034858387, 1.0, 2.0, 1.0354022988505747, 1.5, 1.1875, 1.0, 1.0307346326836582, 1.0, 1.5, 1.263157894736842, 1.16, 1.1046511627906976, 2.0, 1.1111111111111112, 1.0, 1.0668693009118542, 1.411764705882353, 1.75, 1.0146520146520146, 1.073097004671613, 1.15117994100295, 1.053989202159568, 1.2560386473429952, 1.8571428571428572, 1.75, 1.0052910052910053, 1.0336538461538463, 1.75, 2.0, 1.0128205128205128, 1.1666666666666667, 1.0769230769230769, 1.0, 1.0, 5.0, 1.75, 1.5, 1.3333333333333333, 1.3548387096774193, 1.12, 1.2331288343558282, 1.75, 1.0, 1.0, 1.0, 1.2857142857142858, 2.0, 1.4444444444444444, 1.0, 1.0708955223880596, 2.0, 1.0, 1.3376623376623376, 1.0083752093802345, 1.2741935483870968, 1.0, 3.0, 1.0, 1.0, 1.0, 1.25, 1.0325779036827196, 1.0177777777777777, 1.0728494623655913, 1.004472920696325, 1.11864406779661, 1.0, 1.1818181818181819, 1.0818666666666668, 1.1594202898550725, 2.0, 1.0205338809034907, 1.0, 1.0137987012987013, 1.0512648309827626, 2.0, 1.4545454545454546, 1.0588235294117647, 1.0476190476190477, 1.032809467159226, 1.0, 2.0, 1.0263157894736843, 1.0, 2.0, 1.0243803331978871, 1.0, 1.0, 1.0, 1.3125, 1.0854700854700854, 1.0612244897959184, 1.0374800637958532, 1.1304347826086956, 1.1744186046511629, 1.0567567567567568, 1.0, 1.037940379403794, 1.001930501930502, 3.0, 2.0, 1.0478468899521531, 3.5, 1.0789968652037618, 1.0346534653465347, 2.0, 1.00573230151906, 1.1428571428571428, 2.0, 1.3333333333333333, 2.0, 1.0218340611353711, 1.3333333333333333, 1.0, 2.0, 1.1306179775280898, 1.065217391304348, 1.1379310344827587, 1.5, 1.0909090909090908, 4.0, 1.2, 1.0549612689044634, 1.0231389383310647, 1.0536044362292052, 1.0291153415453527, 1.1527777777777777, 1.0299251870324189, 1.0, 1.0, 1.0439709882139618, 1.0963541666666667, 1.7333333333333334, 1.1136363636363635, 1.2560975609756098, 1.0, 1.0471464019851116, 1.1521739130434783, 1.5217391304347827, 1.2727272727272727, 1.0340909090909092, 1.037037037037037, 1.0, 1.0193981335849849, 2.0, 1.220159151193634, 1.0409046374918354, 1.2, 1.0, 1.0186222808174028, 1.0, 2.0, 1.0921052631578947, 1.297872340425532, 1.3043478260869565, 2.0, 1.0, 1.0, 1.0460921843687374, 2.0, 1.027820710973725, 1.0609756097560976, 1.0, 1.5, 1.2580645161290323, 1.1898016997167138, 1.0, 2.0, 1.5961538461538463, 1.0, 1.063953488372093, 1.0735294117647058, 1.1111111111111112, 1.13013698630137, 1.2838709677419355, 1.2666666666666666, 1.0151937552272094, 1.0, 4.0, 1.3333333333333333, 1.0, 1.1768488745980707, 1.5, 3.0, 1.5, 1.0, 1.1369863013698631, 2.0, 1.1286307053941909, 1.1645021645021645, 2.0, 1.0, 1.5, 1.0, 2.0, 1.0, 1.0526315789473684, 1.5555555555555556, 3.0, 1.136, 1.8571428571428572, 1.2941176470588236, 2.0, 1.0925925925925926, 1.0, 1.0, 1.0, 1.0329246935201402, 1.4, 1.4, 1.0354384370740572, 2.0, 1.5, 1.0, 1.0, 2.0, 1.1237006237006237, 3.0, 1.03, 1.6666666666666667, 1.0147315371195968, 5.0, 2.3333333333333335, 1.038486842105263, 1.5, 3.4, 1.263157894736842, 2.0, 2.5, 1.0, 1.0945179584120983, 1.0405405405405406, 1.5, 1.125, 1.0, 1.75, 1.0, 1.0, 1.0, 1.0222222222222221, 1.75, 1.143519950510362, 1.0427860696517413, 1.0, 1.0, 1.0, 1.1152542372881356, 1.0433834750381512, 1.0779991521831285, 2.0, 1.2037659717552118, 1.0092236740968485, 1.5, 1.2941176470588236, 1.0119760479041917, 1.0, 1.5714285714285714, 1.0, 1.0646551724137931, 1.0, 1.0287769784172662, 1.0285714285714285, 1.1639344262295082, 1.4506437768240343, 2.0, 1.0, 1.5384615384615385, 1.0, 1.6, 3.0, 3.0, 1.0330549756437022, 1.008029197080292, 1.0518731988472623, 1.0, 3.0, 3.0, 1.2941176470588236, 1.028125, 1.1, 1.5625, 1.0399680255795363, 1.1538461538461537, 1.0571428571428572, 1.0957446808510638, 2.0, 2.0, 1.0, 1.4444444444444444, 1.107883817427386, 1.0283941780004773, 1.6666666666666667, 1.3333333333333333, 1.1842105263157894, 1.0280246069719754, 1.0321285140562249, 1.065217391304348, 1.0, 1.080568720379147, 1.2727272727272727, 1.2537313432835822, 1.0, 2.074074074074074, 1.005281690140845, 1.0476190476190477, 1.0857142857142856, 1.2647058823529411, 1.4666666666666666, 1.0, 1.3846153846153846, 1.035858031467252, 1.0, 1.0, 1.0344827586206897, 1.106060606060606, 1.0, 1.1538461538461537, 2.6666666666666665, 2.0, 1.0, 1.3461538461538463, 1.0251572327044025, 1.0161290322580645, 1.0769230769230769, 3.0, 1.0394736842105263, 1.054054054054054, 4.0, 1.0625615763546798, 1.0186263096623982, 1.0178983833718245, 1.4615384615384615, 1.0, 1.0, 1.0, 1.6285714285714286, 1.05019305019305, 2.0, 2.0, 1.0811764705882352, 2.0, 1.0579710144927537, 1.0124174071542493, 1.043010752688172, 1.0806451612903225, 1.016, 1.2094395280235988, 1.0648307515777395, 3.0, 1.1428571428571428, 1.3170731707317074, 1.024390243902439, 1.0, 1.0410958904109588, 1.0026978417266188, 1.290909090909091, 1.0032120661964947, 2.0, 1.0141242937853108, 2.0, 2.0, 1.0389972144846797, 1.018181818181818, 1.1343126967471144, 1.0232558139534884, 1.0360576923076923, 1.0498687664041995, 1.1724137931034482, 1.0604501607717043, 1.134297520661157, 2.2, 1.2043010752688172, 1.3870967741935485, 4.0, 2.0, 1.0, 1.0565104166666666, 1.0148148148148148, 1.0, 1.0091679640200657, 1.0, 1.0130057803468209, 1.375, 2.0, 1.0871836078746484, 1.8, 1.125, 1.0, 1.3, 1.0231032515687393, 1.0603318250377074, 3.0, 1.0, 1.353658536585366, 1.5, 1.0, 1.12, 1.105263157894737, 3.0, 1.1058823529411765, 1.1139240506329113, 1.375, 1.0, 1.129149377593361, 2.0, 2.0, 1.0, 1.0515463917525774, 1.0, 1.0502919898893053, 1.0, 1.0070372976776918, 1.024390243902439, 1.5, 1.1564625850340136, 1.223021582733813, 1.0364912280701755, 1.0, 1.3235294117647058, 1.4285714285714286, 1.0026434047052604, 1.0720490546755237, 2.0, 1.0, 1.0, 1.3206896551724139, 1.1504018369690012, 1.0, 1.035294117647059, 2.032258064516129, 1.0940012368583798, 1.1395348837209303, 1.0, 1.2158590308370043, 4.0, 1.0648148148148149, 1.036281179138322, 1.1818181818181819, 1.0269192422731805, 1.1666666666666667, 1.0, 1.0488058151609554, 1.0, 1.0509803921568628, 1.010204081632653, 1.7, 1.2285714285714286, 1.5961538461538463, 1.0333333333333334, 2.0, 1.1020408163265305, 2.0, 1.0201342281879195, 1.12, 2.0, 1.0101613867304244, 2.0, 1.1, 2.0, 2.0, 1.0, 1.0810810810810811, 1.0870488322717622, 1.090765588003157, 1.25, 4.0, 1.2352941176470589, 1.046556741028128, 1.0179028132992327, 1.3965785381026439, 1.5714285714285714, 1.0009548058561426, 1.0278250993753548, 2.0, 1.1485053037608486, 1.00168776371308, 2.0, 2.0, 1.0, 1.082236842105263, 1.2113223854796888, 1.2352941176470589, 1.0, 1.2887323943661972, 1.0, 1.2307692307692308, 1.0, 1.1666666666666667, 1.28, 1.4444444444444444, 1.019381507623913, 1.0518867924528301, 1.0, 1.3732394366197183, 1.0303030303030303, 1.1290322580645162, 1.04, 1.10989010989011, 1.0865487674169345, 1.0, 1.0, 2.0, 1.2264150943396226, 1.0225941422594143, 1.088646967340591, 1.0090556274256144, 1.027402862985685, 1.0, 1.2674897119341564, 2.0, 1.3333333333333333, 1.25, 1.0, 1.0, 1.0067936082671514, 2.0, 1.0666666666666667]
origin-census_12.27 	max: 5.0000	99th: 3.5050	95th: 2.0769	median: 1.0930	mean: 1.3322

...Done, result: results.csv

WORKLOAD-FINISHED | Type: QueryWorkload | Progress: 3/3 | Workload-time: 88.412176 | Model-update-time: 0.000000


Experiment Summary: #data-update-times=1, #drift=0 | total-time=174.602639