Input arguments = Namespace(data_update='tupleskew', update_size=8000, dataset='census', debug=False, drift_test='js', model_update='adapt', model='naru', end2end=False, query_seed=0, random_seed=42, num_workload=3)
JSON-passed parameters = {'data_updater': {'skew_ratio': '1e-2'}, 'random_seed': 72, 'naru': {'epochs': 0}}
MODEL-PATH=/home/kangping/code_copy/SAUCE/models/end2end/naru/origin-census-22.5MB-model27.255-data14.989-300epochs-seed0.pt
DATASET-PATH=/home/kangping/code_copy/SAUCE/data/census/end2end/census_int.npy
Workloads: ['QueryWorkload', 'DataUpdateWorkload', 'QueryWorkload']

WORKLOAD-START | Type: QueryWorkload | Progress: 1/3
Going to run: ['python', '/home/kangping/code_copy/SAUCE/Naru/eval_model.py', '--dataset=census', '--model=naru', '--query_seed=0', '--end2end', '--eval_type=first_estimate', '--num_workload=3', '--data_update=tupleskew', '--model_update=adapt', '--random_seed=42']
Torch device: cuda:1
GET-MODEL-PATH=./models/end2end/naru/origin-census-22.5MB-model27.255-data14.989-300epochs-seed0.pt
ckpts [PosixPath('/home/kangping/code_copy/SAUCE/models/end2end/naru/origin-census-22.5MB-model27.255-data14.989-300epochs-seed0.pt')]
Validate Argument: DATASET="census" is valid.
load_csv_dataset - census (32561, 13)
Parsing... done, took 0.0s
Loading ckpt: /home/kangping/code_copy/SAUCE/models/end2end/naru/origin-census-22.5MB-model27.255-data14.989-300epochs-seed0.pt
query_seed:0
origin-census_12.27 	max: 4.0000	99th: 3.0000	95th: 2.0000	median: 1.0437	mean: 1.2013
ReportEsts: [1.0, 1.1606628242074928, 1.2183098591549295, 2.0, 1.0153846153846153, 1.0836909871244635, 1.0, 1.2142857142857142, 1.0, 1.0, 1.0, 1.163265306122449, 2.142857142857143, 1.1216216216216217, 1.24375, 1.0, 1.0634146341463415, 1.0, 1.0, 1.0, 1.5, 2.0, 1.2870905587668593, 2.5, 1.0816326530612246, 1.2, 1.0, 1.0149739583333333, 1.0, 1.0465553726781096, 1.032932566649242, 1.3783783783783783, 1.0701754385964912, 1.1111111111111112, 1.0, 1.2321428571428572, 1.5, 1.0183673469387755, 1.125, 1.0109829763866007, 1.0, 1.0, 1.0, 1.0, 1.08, 1.186046511627907, 1.0, 1.0078668683812406, 1.0, 4.0, 1.0, 1.1666666666666667, 1.0, 1.263157894736842, 1.0963302752293578, 1.0, 1.037037037037037, 1.75, 1.0082582582582582, 1.0127388535031847, 1.064516129032258, 1.0909090909090908, 1.1923076923076923, 1.2307692307692308, 1.0, 1.0, 1.0, 1.0118854673149649, 1.0, 1.1666666666666667, 1.3432835820895523, 1.2941176470588236, 1.6666666666666667, 1.0, 1.0103848503359805, 1.0, 1.0, 1.5, 2.0, 1.0, 1.0, 1.0, 1.0, 1.3333333333333333, 1.3, 1.0714285714285714, 1.0, 1.0454545454545454, 1.0151731524455552, 1.0, 1.0612244897959184, 1.0, 1.0161290322580645, 2.0, 1.065359477124183, 1.5, 1.0224839400428265, 1.0, 1.5319148936170213, 1.5, 1.0, 1.0, 1.0, 1.0, 1.0, 1.2727272727272727, 1.0065420560747664, 1.2222222222222223, 1.1642228739002933, 1.032258064516129, 1.463768115942029, 1.0, 1.326086956521739, 1.4444444444444444, 1.5454545454545454, 1.0, 3.0, 1.1379310344827587, 3.0, 1.0146252285191957, 2.0, 1.1216, 1.0298507462686568, 1.25, 1.0003534817956876, 1.0666666666666667, 1.0141837564368958, 1.0287727539635936, 1.231578947368421, 1.1230425055928412, 1.0, 1.0089047195013356, 1.0, 1.0, 2.0, 1.0, 1.0462365591397849, 1.0, 1.0, 1.5555555555555556, 1.0, 2.1875, 1.0, 1.0, 2.0, 1.0, 1.0, 1.1818181818181819, 1.0274046211714132, 1.2323232323232323, 1.0526315789473684, 1.2, 2.0, 1.0, 1.0, 1.0, 1.5, 1.0, 1.0, 1.3333333333333333, 1.0204081632653061, 1.5, 1.4444444444444444, 1.0769230769230769, 1.1218697829716193, 1.0729783037475344, 1.0, 1.0164361822715937, 1.0148188803512623, 1.1428571428571428, 1.0540236353404615, 1.2, 1.0, 1.0, 1.588235294117647, 1.4975247524752475, 1.25, 1.0670152091254752, 1.0708306503541531, 1.0851063829787233, 1.0, 1.2682926829268293, 1.065217391304348, 1.1683168316831682, 1.3157894736842106, 1.0162809556484311, 1.5, 1.0, 1.1016949152542372, 1.0514469453376205, 1.2989690721649485, 1.0909090909090908, 1.0075775515036705, 1.0, 1.0666666666666667, 1.0869565217391304, 1.0214861235452104, 1.0, 1.0357142857142858, 1.022857142857143, 1.0, 1.1590909090909092, 1.3592233009708738, 1.0666666666666667, 2.0, 1.5555555555555556, 1.0, 1.006578947368421, 3.0, 1.0, 1.0194647201946472, 1.1382978723404256, 1.1538461538461537, 2.3333333333333335, 1.0, 1.1285714285714286, 1.0576923076923077, 1.0290814857471926, 1.0867052023121386, 1.1917808219178083, 1.0, 1.2857142857142858, 1.0177993527508091, 1.2682926829268293, 2.0, 1.206140350877193, 1.0, 1.0, 1.0, 1.0, 1.0, 1.4444444444444444, 1.25, 1.0833333333333333, 1.0, 1.0, 1.0, 1.4, 1.0318725099601593, 1.0, 1.0, 1.0853658536585367, 2.0, 1.0, 1.0, 1.25, 1.5263157894736843, 1.0, 1.0, 1.0638297872340425, 1.0, 1.0123456790123457, 1.289655172413793, 1.3333333333333333, 1.0, 1.0, 2.5, 1.0434782608695652, 1.7333333333333334, 1.0048724562912008, 1.0, 1.0, 1.5555555555555556, 1.0, 2.0, 1.0, 1.4545454545454546, 1.0, 2.0, 1.1428571428571428, 1.1764705882352942, 1.0, 1.0, 2.0, 1.0953035509736542, 1.0135922330097087, 1.0, 1.0706214689265536, 1.0, 1.0, 1.8181818181818181, 1.2926829268292683, 1.003787878787879, 1.25, 1.0349025974025974, 1.0, 1.0223463687150838, 1.5, 1.0166666666666666, 1.0, 1.2162162162162162, 1.0155893536121674, 1.5, 1.0022099447513813, 1.1592920353982301, 1.0, 1.0, 1.08, 1.0535626535626537, 1.08, 1.2222222222222223, 2.0, 1.0, 1.0677966101694916, 1.0140845070422535, 1.0157232704402517, 2.0, 1.11986301369863, 1.4, 1.0, 1.0, 1.0, 1.0, 1.0812182741116751, 1.0, 1.0, 1.0, 1.0291153415453527, 1.0, 1.0059125964010283, 1.0, 1.011287370347773, 1.0476190476190477, 1.0, 1.0590858416945375, 1.2727272727272727, 1.0, 1.0132802124833997, 1.0, 1.0785212343415826, 1.0, 1.1797153024911031, 1.0, 1.0300439667806547, 1.0, 1.0, 2.0, 2.0, 3.0, 1.1946902654867257, 1.105263157894737, 1.0824742268041236, 1.0, 1.0344827586206897, 1.0196078431372548, 3.0, 1.0119047619047619, 1.0, 1.5, 1.0, 1.0, 1.6666666666666667, 1.0, 1.0, 1.1, 1.0261033831358406, 1.3333333333333333, 1.0, 1.0, 1.0, 1.0382671480144405, 1.3333333333333333, 1.0, 1.1428571428571428, 1.0, 1.1578947368421053, 1.0, 1.0781476121562952, 1.0673076923076923, 1.0, 1.2, 1.1666666666666667, 1.0, 1.0, 3.0, 1.0, 1.0, 1.0909090909090908, 1.0208333333333333, 1.125, 1.2275449101796407, 1.0, 1.21, 1.1428571428571428, 1.0, 1.0344827586206897, 1.0, 1.0, 1.0, 2.0, 2.0, 1.5205882352941176, 1.0, 1.0, 1.625, 1.6153846153846154, 1.2604166666666667, 1.5348837209302326, 1.0, 1.0, 1.1428571428571428, 1.0952380952380953, 1.0, 1.0208333333333333, 1.1746031746031746, 1.0, 1.0051840331778124, 1.074766355140187, 1.0, 1.037037037037037, 1.4, 1.0, 1.0, 1.0625, 1.25, 1.2959183673469388, 1.2083333333333333, 4.0, 1.1485148514851484, 1.0512820512820513, 1.45, 1.0, 1.0065030417453324, 1.0, 1.3, 1.066275167785235, 1.1182432432432432, 1.1987179487179487, 1.121212121212121, 1.1325301204819278, 1.0, 1.0, 1.031275720164609, 1.0, 1.023076923076923, 1.0, 1.023094688221709, 1.0, 1.0310734463276836, 1.0, 1.5, 1.0416666666666667, 1.0, 1.0, 2.0, 1.3157894736842106, 1.0, 1.0, 1.2095808383233533, 1.0625, 1.0276738967838444, 1.119047619047619, 1.2173913043478262, 1.0, 1.0666666666666667, 1.3703703703703705, 1.0, 1.009733606557377, 1.007785888077859, 1.0, 1.0051209103840684, 1.0909090909090908, 1.0, 1.105263157894737, 2.0, 1.1111111111111112, 1.0, 1.0, 1.0442071542979179, 1.0310344827586206, 1.0357142857142858, 1.0, 1.0, 1.5, 1.064516129032258, 1.005464480874317, 1.062937062937063, 1.009416195856874, 1.0, 2.0, 1.0, 1.4285714285714286, 1.3535353535353536, 1.0, 1.0, 1.0, 1.0, 1.0449826989619377, 1.0, 1.0, 1.0, 1.0, 1.880952380952381, 1.0, 1.2307692307692308, 1.1, 2.090909090909091, 1.1530343007915567, 1.0014781966001478, 1.4861111111111112, 1.0, 2.0, 1.0434782608695652, 1.2857142857142858, 1.0, 1.0504555010511563, 1.174778761061947, 1.2857142857142858, 1.0, 1.0754039497307002, 1.1428571428571428, 1.0, 1.021793103448276, 1.0385232744783306, 1.0985915492957747, 1.0440340909090908, 1.0730442978322337, 1.8333333333333333, 2.0, 1.0298507462686568, 1.0043290043290043, 1.024915824915825, 1.0, 1.225, 1.2037037037037037, 1.1821862348178138, 1.3142857142857143, 3.0, 1.1751287711552612, 1.0196882690730107, 1.0, 1.3272727272727274, 1.0, 1.0408163265306123, 1.5714285714285714, 1.015534312051895, 1.0833333333333333, 1.0, 3.0, 1.0, 1.3448275862068966, 1.0, 1.1063829787234043, 1.1934065934065934, 1.0265424503427667, 1.0090225563909774, 1.1274131274131274, 1.0, 1.0330848089468778, 2.0, 1.0175438596491229, 1.0, 1.2341772151898733, 1.0, 1.0, 2.0, 2.0, 2.0, 1.0, 2.0, 1.077922077922078, 1.0, 1.1818181818181819, 1.0503408495018354, 1.009331840238895, 1.1151832460732984, 1.07, 1.03, 1.0, 1.0, 1.0, 1.0, 1.037837837837838, 1.0, 1.0277727355236885, 1.5, 2.0, 1.236842105263158, 1.0153846153846153, 1.1872509960159363, 1.0, 1.1418685121107266, 1.0, 1.3333333333333333, 1.263157894736842, 1.0, 1.5, 1.0625, 3.0, 1.0, 1.0, 2.0, 1.0, 1.0197978447915796, 1.0120180270405608, 1.0, 1.25, 1.0909090909090908, 1.0833333333333333, 1.0028544243577546, 1.0, 1.1951219512195121, 1.8, 1.0520231213872833, 2.0, 1.0, 1.1266375545851528, 1.0, 1.0588235294117647, 1.0, 1.005703422053232, 1.4513274336283186, 1.2666666666666666, 1.037037037037037, 1.0392638036809816, 2.0, 1.25, 1.0, 1.2272727272727273, 2.0, 1.0189328743545611, 1.0, 1.0427350427350428, 1.104847801578354, 1.5384615384615385, 1.0, 1.165644171779141, 1.0, 1.0, 1.0264008620689655, 1.0, 1.0619469026548674, 1.4285714285714286, 1.2352941176470589, 1.0027421300866513, 1.0, 1.3333333333333333, 1.146341463414634, 1.018987341772152, 1.0960788809905986, 1.0, 1.0742677824267783, 1.25, 1.0349554489376285, 1.0, 1.0, 1.4615384615384615, 1.125, 1.0764617691154423, 1.1788079470198676, 1.0076952674105426, 1.07, 1.2328767123287672, 1.0919540229885059, 1.6666666666666667, 1.0, 1.0754716981132075, 1.0209424083769634, 1.0333333333333334, 1.0, 1.4333333333333333, 1.1433333333333333, 1.0, 1.0, 1.1428571428571428, 1.0, 1.0952380952380953, 1.0484496124031009, 1.0, 1.0172413793103448, 1.5, 1.0, 1.0, 1.0, 1.3673469387755102, 1.041304347826087, 1.1507936507936507, 1.7407407407407407, 1.0, 1.0, 1.08, 1.0154886561954626, 1.0, 1.0, 1.0, 1.0952380952380953, 1.0714285714285714, 1.0, 3.0, 1.0043661766846166, 1.263157894736842, 1.0, 1.0, 1.0444444444444445, 1.25, 1.3125, 1.0471698113207548, 1.75, 1.4, 1.0, 1.0, 1.0, 1.5932203389830508, 1.0, 1.0403536289747612, 1.1020408163265305, 1.0175706646294882, 1.0, 1.0144508670520231, 1.0193730953417501, 1.0344827586206897, 1.041237113402062, 1.0, 1.0, 1.0677701436602123, 2.0, 1.0886075949367089, 1.5789473684210527, 1.2608695652173914, 1.0, 1.3333333333333333, 1.0375234521575984, 2.0, 1.0, 1.25, 1.6666666666666667, 1.0252225519287834, 1.372093023255814, 1.0909090909090908, 1.0904088050314464, 1.0158730158730158, 1.6666666666666667, 1.1, 1.0, 1.0, 1.0, 1.0, 1.0571428571428572, 1.1074718526100307, 1.0, 1.5, 2.0, 1.0, 1.0, 1.0, 1.038022813688213, 1.0327485380116959, 1.0452061599602582, 1.0, 1.1704834605597965, 1.0069508804448564, 3.0, 1.2142857142857142, 1.0306859205776173, 1.0, 1.5555555555555556, 1.0, 1.2679738562091503, 1.446808510638298, 1.146938775510204, 1.0223131275567126, 1.105263157894737, 1.1498470948012232, 1.0, 1.1473317865429233, 1.0283687943262412, 1.5, 1.0047169811320755, 1.0369942196531792, 1.0, 1.0, 1.0, 1.003909026297086, 1.0097087378640777, 1.0338983050847457, 1.1785714285714286, 1.2833333333333334, 2.0, 1.118811881188119, 1.5, 1.0, 1.0833333333333333, 1.0769230769230769, 1.2125, 1.0, 1.3043478260869565, 1.0057114060137746, 1.0176211453744493, 1.008097165991903, 1.0, 1.0062111801242235, 1.0, 1.0588235294117647, 1.0, 1.0132890365448506, 1.0, 1.0, 1.1666666666666667, 1.0, 1.0661654135338345, 1.0, 1.0, 1.0, 1.0847457627118644, 1.0106412769532345, 1.38, 1.0344827586206897, 1.8235294117647058, 1.0298841987299217, 1.031415835279134, 1.0, 1.2357142857142858, 1.0, 1.2857142857142858, 1.0438871473354232, 1.5, 1.0, 1.1111111111111112, 1.0606060606060606, 1.2549295774647888, 1.0, 1.0, 1.0, 1.25, 1.323943661971831, 1.0909090909090908, 1.0745341614906831, 1.0158730158730158, 1.0131332082551594, 1.0975609756097562, 1.0718954248366013, 1.0321116928446772, 1.0429491768074446, 1.6666666666666667, 1.0, 1.7692307692307692, 1.236842105263158, 1.0952380952380953, 1.0088105726872247, 1.0, 1.3636363636363635, 1.0125761446256631, 1.3297872340425532, 1.0276449491930664, 1.0, 2.0, 1.0551283722142577, 1.0, 1.0, 1.0, 1.0, 1.6666666666666667, 1.0, 1.1951219512195121, 1.0434782608695652, 1.0, 1.0, 1.020356234096692, 1.2323924362839134, 1.0754716981132075, 1.0, 1.0625, 1.099290780141844, 1.033282904689864, 1.1363636363636365, 1.149874055415617, 1.0, 1.0489795918367346, 1.025078369905956, 1.0833333333333333, 1.062208398133748, 1.1281407035175879, 3.0, 1.2567567567567568, 1.2962962962962963, 2.0, 1.875, 1.0, 1.1333333333333333, 1.0636363636363637, 1.0, 3.5, 3.0, 2.0, 3.0, 1.05078125, 1.3725490196078431, 1.75, 1.1272727272727272, 1.1666666666666667, 1.0, 1.183206106870229, 1.0017830609212481, 1.0466872639890148, 1.0008048289738432, 1.6666666666666667, 1.6, 3.0, 1.0, 1.0, 1.2222222222222223, 1.00462249614792, 1.0, 1.1691973969631237, 1.0, 1.457142857142857, 1.101123595505618, 1.0, 1.3368421052631578, 1.1314935064935066, 1.1904761904761905, 1.2134831460674158, 1.2, 1.2604166666666667, 1.1228070175438596, 1.5, 1.0, 1.0064683053040104, 1.5, 1.0, 1.0, 1.0, 1.1575757575757575, 1.0240549828178693, 1.0, 1.0082678792889623, 1.3333333333333333, 1.205128205128205, 1.1020408163265305, 1.0, 2.0, 1.0, 1.1944444444444444, 1.022592791823561, 1.0746140651801028, 1.14, 1.0, 1.0, 1.032258064516129, 1.0, 1.05, 1.05, 1.2077464788732395, 1.0, 1.0, 1.1121951219512196, 1.75, 1.0, 1.0, 1.0124735942058143, 1.0, 1.1363636363636365, 2.0, 1.0, 1.0, 1.1142857142857143, 1.0909090909090908, 1.2857142857142858, 1.0434782608695652, 1.5, 1.1470588235294117, 1.0, 1.0, 1.0, 1.0473966845668923, 1.1187096774193548, 1.1323251417769375, 1.3333333333333333, 2.0, 1.1950867052023122, 2.0, 1.08, 1.3992537313432836, 1.5833333333333333, 1.0379746835443038, 1.0274753758424053, 1.375, 1.0, 1.5, 1.0, 1.3831168831168832, 1.0, 1.0005821851348728, 1.2541733979536887, 1.5, 1.0, 1.3035714285714286, 1.0, 2.0, 1.0, 1.3333333333333333, 1.2666666666666666, 1.0, 2.5, 1.0329171396140748, 1.0, 1.0, 1.0, 1.2, 1.0444015444015444]
origin-census_12.27 	max: 4.0000	99th: 3.0000	95th: 2.0000	median: 1.0437	mean: 1.2013

...Done, result: results.csv

WORKLOAD-FINISHED | Type: QueryWorkload | Progress: 1/3 | Workload-time: 85.299849 | Model-update-time: 0.000000


WORKLOAD-START | Type: DataUpdateWorkload | Progress: 2/3
Going to run: ['python', '/home/kangping/code_copy/SAUCE/Naru/eval_model.py', '--model=naru', '--data_update=tupleskew', '--dataset=census', '--drift_test=js', '--end2end', '--update_size=8000', '--query_seed=0', '--eval_type=drift']
Torch device: cuda:1
GET-MODEL-PATH=./models/end2end/naru/origin-census-22.5MB-model27.255-data14.989-300epochs-seed0.pt
GET-DATASET-PATH=./data/census/end2end/census_int.npy
TupleSkewSample - START
0.01
TupleSkewSample - END
load_npy_dataset_from_path - df.shape = (39073, 13)
Parsing... done, took 0.0s
Data updated!
Previous data size: (32561, 13), new data size: (6512, 13)
[4.9650669e-05 2.3394823e-04 2.0396709e-04 2.4521351e-04 3.7968159e-05
 3.8146973e-05 2.5570393e-05 1.2099743e-05 1.2814999e-05 5.4554939e-03
 1.9204617e-04 6.6816807e-05 1.4464259e-03]
Distance score: 0.000616935605648905
SAUCE Drift detection: True
Detection latency: 0.0037s

DRIFT-DETECTED after 2-th workload
Going to run: ['python', '/home/kangping/code_copy/SAUCE/Naru/incremental_train.py', '--dataset=census', '--end2end', '--model=naru', '--model_update=adapt', '--update_size=8000', '--epochs=0']
Torch device: cuda:1
GET-MODEL-PATH=./models/end2end/naru/origin-census-22.5MB-model27.255-data14.989-300epochs-seed0.pt
update_size: 6512
AdaptTask - START
GET-DATASET-PATH=./data/census/end2end/census_int.npy
load_npy_dataset_from_path - df.shape = (39073, 13)
Parsing... done, took 0.0s
done, took 0.0s
dataset size: 39073
train data shape: torch.Size([6512, 13]), transfer data shape:torch.Size([1302, 13])
Training done; evaluating likelihood on full data:
Epoch None Iter 0, test loss 18.4450 nats / 26.6105 bits
Saved to: /home/kangping/code_copy/SAUCE/models/end2end/naru/origin-census-22.5MB-model27.255-data14.989-300epochs-seed0.pt
AdaptTask - END

WORKLOAD-FINISHED | Type: DataUpdateWorkload | Progress: 2/3 | Workload-time: 1.998015 | Model-update-time: 3.815732


WORKLOAD-START | Type: QueryWorkload | Progress: 3/3
Going to run: ['python', '/home/kangping/code_copy/SAUCE/Naru/eval_model.py', '--dataset=census', '--model=naru', '--end2end', '--query_seed=0', '--eval_type=estimate', '--num_workload=3', '--data_update=tupleskew', '--model_update=adapt', '--random_seed=42']
Torch device: cuda:1
GET-MODEL-PATH=./models/end2end/naru/origin-census-22.5MB-model27.255-data14.989-300epochs-seed0.pt
ckpts [PosixPath('/home/kangping/code_copy/SAUCE/models/end2end/naru/origin-census-22.5MB-model27.255-data14.989-300epochs-seed0.pt')]
Validate Argument: DATASET="census" is valid.
data size: 39073, total size: 39073, split index: [32560 39073]
Parsing... done, took 0.0s
Loading ckpt: /home/kangping/code_copy/SAUCE/models/end2end/naru/origin-census-22.5MB-model27.255-data14.989-300epochs-seed0.pt
query_seed:0
origin-census_12.27 	max: 31.0000	99th: 25.0000	95th: 14.0000	median: 1.0960	mean: 2.4124
ReportEsts: [1.3666666666666667, 1.0, 1.75, 1.0, 1.2, 1.108974358974359, 1.0409221902017292, 1.6804123711340206, 1.0, 1.0, 1.0456338028169014, 1.3673469387755102, 1.7307692307692308, 1.027906976744186, 1.2173913043478262, 1.012396694214876, 1.0387365911799762, 1.2553191489361701, 1.0, 20.0, 1.7424242424242424, 1.3157894736842106, 1.0, 1.375, 1.0, 1.5, 1.768041237113402, 1.401673640167364, 1.5714285714285714, 1.0821696012952844, 1.0355082112738572, 1.6486486486486487, 1.0208380013443872, 1.0784313725490196, 1.6363636363636365, 1.0040160642570282, 1.0, 2.0, 1.25, 1.0232741617357002, 1.0220588235294117, 1.0, 20.0, 1.0398727465535524, 1.0, 1.3333333333333333, 1.0, 1.5384615384615385, 1.0, 1.0, 1.0228843219958719, 1.4444444444444444, 1.0, 2.1333333333333333, 1.0179372197309418, 1.0424528301886793, 1.375, 1.0046875, 1.2429906542056075, 1.25, 1.0052910052910053, 11.0, 22.0, 1.1666666666666667, 1.15, 1.0041787790697674, 1.0065530799475753, 1.0346408558329088, 1.025925925925926, 1.4, 1.08018154311649, 1.0161290322580645, 1.3333333333333333, 1.0225063938618926, 1.014485049833887, 1.0, 1.4285714285714286, 23.0, 1.0314232902033271, 1.2, 3.7142857142857144, 1.0, 1.0, 25.0, 1.040920716112532, 2.0, 1.1666666666666667, 1.0, 2.3529411764705883, 1.0442890442890442, 1.0, 2.0, 1.0, 1.0, 1.0701754385964912, 1.4, 16.0, 1.0, 1.0735785953177257, 4.6, 1.3205128205128205, 1.4672131147540983, 7.0, 1.9166666666666667, 1.6938775510204083, 1.0896739130434783, 1.5, 2.0, 1.0284916201117318, 4.444444444444445, 1.0, 1.0769230769230769, 2.6666666666666665, 1.244976076555024, 1.0, 1.0, 25.0, 1.0, 1.0, 1.0, 1.0, 1.0, 3.0, 1.434782608695652, 22.0, 1.0, 1.4119601328903655, 1.108348134991119, 1.2159090909090908, 1.0, 1.962962962962963, 1.0242666666666667, 1.0140237324703345, 1.0, 1.1, 1.4194915254237288, 1.0, 1.4307692307692308, 19.0, 1.0, 1.0, 2.0, 1.0, 1.5909090909090908, 1.0, 1.0, 1.0300718629076837, 1.0874086565486227, 1.0, 1.0384615384615385, 1.0716783216783217, 1.0, 1.0443812233285918, 2.2777777777777777, 1.0, 1.217142857142857, 1.1185567010309279, 1.3333333333333333, 5.75, 1.002322495023225, 1.4, 1.095505617977528, 1.2386530014641288, 1.0115321252059308, 1.103448275862069, 3.3333333333333335, 1.056390977443609, 18.0, 3.3125, 1.3529411764705883, 1.1114808652246255, 1.3780487804878048, 1.0308788598574823, 1.0771604938271604, 1.3509933774834437, 1.1497659906396256, 1.0, 1.25, 1.0, 1.141025641025641, 1.5, 1.0, 1.1544715447154472, 1.1337579617834395, 1.0, 1.0964912280701755, 2.4285714285714284, 1.4615384615384615, 1.0, 1.5, 1.0, 1.0909090909090908, 1.0, 1.0, 1.0, 1.0650735294117648, 1.0745033112582782, 1.2083333333333333, 1.0, 1.196078431372549, 2.6363636363636362, 1.0, 1.0634146341463415, 1.021019442984761, 1.0192307692307692, 1.75, 1.0, 1.0, 1.0, 1.5, 1.0, 1.4444444444444444, 1.072663810883706, 3.0, 22.0, 2.096774193548387, 1.1548117154811715, 1.0, 1.0131636682755594, 1.1666666666666667, 1.0050438014335015, 1.0113603262452666, 1.0, 1.0, 1.3357142857142856, 1.0308988764044944, 1.3, 1.05, 1.2257336343115124, 1.054054054054054, 2.0, 1.0282331511839709, 1.0, 1.0110084262027725, 1.0, 1.0, 1.1313131313131313, 2.0, 22.0, 1.0225485055060304, 1.2954545454545454, 1.0, 1.1788079470198676, 1.0, 1.1699346405228759, 1.171875, 2.0, 1.0, 1.0731707317073171, 1.0618705035971223, 1.0, 1.145922746781116, 1.34375, 1.1428571428571428, 1.0, 1.0169491525423728, 1.0749414519906324, 1.3110047846889952, 2.590909090909091, 1.1041666666666667, 1.0008896797153024, 1.0, 2.0, 1.2307692307692308, 1.0855855855855856, 20.0, 1.0578947368421052, 1.0, 1.1993127147766323, 1.0, 1.0351515151515152, 1.0, 1.1333333333333333, 1.0, 1.0774847870182556, 1.0, 6.333333333333333, 1.0, 1.0641891891891893, 2.0, 1.1577484364141766, 1.0, 1.3333333333333333, 1.4285714285714286, 1.1240875912408759, 1.024390243902439, 1.1666666666666667, 1.0, 1.1111111111111112, 1.0, 1.0, 1.0, 1.1111111111111112, 1.0511282490716938, 1.5384615384615385, 3.6363636363636362, 14.0, 1.0506329113924051, 1.1176470588235294, 1.000355745286375, 1.2307692307692308, 1.0, 1.0, 1.005279366476023, 1.0, 1.0, 1.0740740740740742, 1.0, 1.0, 1.0, 1.0079696394686908, 1.1469859620148637, 1.1920529801324504, 1.0061680801850423, 25.0, 1.0070684523809523, 2.0, 1.0833333333333333, 1.0, 1.0, 1.0, 1.0056942619360492, 1.0, 1.0965937976614133, 2.0, 1.0, 1.0905678085405912, 1.1454545454545455, 25.0, 1.0, 2.0, 1.3333333333333333, 3.0, 1.0304182509505704, 1.0, 1.0375275938189845, 1.0, 14.0, 1.0, 25.0, 1.0, 1.75, 1.0, 1.0, 1.0, 1.223529411764706, 1.1077586206896552, 1.1666666666666667, 1.1335616438356164, 27.0, 1.0, 1.6666666666666667, 1.3636363636363635, 1.0, 6.333333333333333, 1.04, 1.0, 1.6538461538461537, 4.833333333333333, 1.042857142857143, 1.5, 1.1573537163943068, 1.0162464985994397, 1.2272727272727273, 1.0432242990654206, 1.0, 20.0, 1.0, 1.0, 1.565217391304348, 1.3064516129032258, 1.0444444444444445, 1.0571030640668524, 1.0, 1.0254237288135593, 1.375, 1.0, 1.2962962962962963, 1.0, 1.0, 1.0, 1.5, 2.0, 1.7118226600985222, 1.0, 10.666666666666666, 1.3, 1.4285714285714286, 1.0884955752212389, 1.1388888888888888, 1.0, 1.0, 1.3254716981132075, 20.0, 1.0, 1.010891268832819, 1.0, 1.0637636080870918, 1.1676891615541922, 1.6666666666666667, 1.0201729106628241, 2.1315789473684212, 1.033655567490154, 1.3333333333333333, 1.263157894736842, 1.0, 1.175, 1.0, 7.5, 1.0146788990825688, 1.34375, 2.0, 1.0, 2.0, 2.0, 1.0457063711911356, 1.2537313432835822, 1.1117824773413898, 1.076339497392129, 1.2, 1.25, 1.0, 1.9473684210526316, 1.3287671232876712, 1.2916666666666667, 1.1581632653061225, 1.0, 1.009230076542098, 18.0, 2.6923076923076925, 16.0, 2.5, 1.2916666666666667, 1.0, 1.0, 1.0, 1.0095503382411462, 17.0, 1.042633304992105, 2.0, 1.3333333333333333, 1.5, 1.2467532467532467, 1.0, 1.125, 1.48, 2.6153846153846154, 1.0, 1.2, 1.0, 1.0, 2.0, 1.1428571428571428, 1.0851063829787233, 1.441860465116279, 1.0476190476190477, 1.0247668997668997, 1.0, 1.1214953271028036, 1.6666666666666667, 1.135042735042735, 2.0, 1.1141955835962145, 1.0, 1.134375, 1.0, 1.0, 1.2384341637010676, 1.380952380952381, 1.0113528855250709, 26.0, 1.0218355510064825, 1.1605206073752712, 1.5333333333333334, 2.0, 1.0283468625177168, 1.343915343915344, 1.0, 1.0, 1.048780487804878, 1.0, 1.3333333333333333, 1.0694960212201592, 1.1111111111111112, 1.0, 1.101628021706956, 1.5, 1.2, 1.0, 1.068649885583524, 1.0, 3.0, 1.0298925735637552, 1.9189189189189189, 2.48, 1.0, 1.5714285714285714, 1.0, 1.0253353204172877, 17.0, 4.444444444444445, 1.1859504132231404, 1.0176348547717842, 1.124580380455054, 1.1073015873015872, 1.116584564860427, 1.375, 4.375, 1.0632183908045978, 1.0398009950248757, 17.0, 1.0, 1.4545454545454546, 1.6, 1.1304347826086956, 1.0, 1.0, 2.0, 6.666666666666667, 1.5, 2.0, 1.1857142857142857, 1.0571428571428572, 1.1787878787878787, 11.0, 1.081720430107527, 1.25, 1.0, 1.0571428571428572, 2.0, 2.727272727272727, 1.25, 1.1267605633802817, 1.0, 1.0, 1.625, 1.003338898163606, 1.1814345991561181, 1.0, 24.0, 1.0, 1.0, 1.0, 1.0, 1.0056206088992974, 1.0602409638554218, 1.0450914712702912, 1.0025460717749757, 1.2268518518518519, 1.0, 21.0, 1.0105670103092783, 1.1857142857142857, 2.0, 1.0857142857142856, 1.0, 1.0453421269579555, 1.0432347670250897, 2.0, 1.2727272727272727, 1.2698412698412698, 1.2777777777777777, 1.0314812492161043, 1.0, 19.0, 5.4, 1.0, 1.0, 1.031758957654723, 1.0, 1.0, 1.0, 1.25, 1.1166666666666667, 1.0192307692307692, 1.0661703887510339, 1.4444444444444444, 1.0348837209302326, 1.124780316344464, 1.0, 1.0224455611390284, 1.1333973128598849, 25.0, 2.0, 1.75, 8.666666666666666, 1.0128440366972478, 1.0288461538461537, 2.0, 1.0305143853530951, 1.4, 1.0, 1.3333333333333333, 2.0, 1.0813397129186604, 1.3333333333333333, 1.0, 2.0, 1.5331010452961673, 1.0277777777777777, 1.3235294117647058, 3.5555555555555554, 1.375, 3.5, 1.3412698412698412, 1.0413966882649388, 1.0047293746715713, 1.1137254901960785, 1.0984578884934757, 1.0368852459016393, 1.0412249705535925, 1.0, 1.0, 1.0643144260830728, 1.0699745547073791, 1.3529411764705883, 1.0218623481781377, 1.4811715481171548, 1.0, 1.1231979030144168, 1.0232558139534884, 1.6666666666666667, 1.0909090909090908, 1.1176470588235294, 1.6538461538461537, 1.4, 1.0108367198082735, 15.0, 1.3147632311977715, 1.0075331060185553, 1.736842105263158, 1.0, 1.0095332018408942, 1.0, 25.0, 1.3289473684210527, 1.065217391304348, 1.0909090909090908, 12.0, 1.0, 1.0, 1.0153846153846153, 1.0, 1.0225352112676056, 1.1666666666666667, 1.0, 1.2777777777777777, 1.1822660098522169, 1.2057971014492754, 1.0, 31.0, 1.346938775510204, 1.0, 1.0514285714285714, 1.0658602150537635, 1.15625, 1.1073582629674306, 1.4452054794520548, 1.5384615384615385, 1.019657399606852, 1.0, 1.3506493506493507, 1.0909090909090908, 1.0, 1.206583427922815, 1.5, 3.0, 1.5, 1.0, 1.0714285714285714, 1.0, 1.1387755102040817, 1.2424242424242424, 1.0, 19.0, 1.0, 1.0, 1.0, 1.0, 1.1468253968253967, 1.1111111111111112, 1.0735294117647058, 1.2258064516129032, 1.5, 1.5588235294117647, 1.0, 1.0508474576271187, 1.0, 1.0, 1.0, 1.0648648648648649, 1.75, 1.3625, 1.0087290502793296, 1.0, 1.0, 1.0, 1.0, 30.0, 1.0308390550448039, 2.0, 1.2, 2.0, 3.2857142857142856, 27.0, 1.3333333333333333, 1.031614785992218, 1.3333333333333333, 2.5555555555555554, 1.1666666666666667, 1.0508474576271187, 1.5, 1.0, 1.0293577981651376, 1.358974358974359, 1.6666666666666667, 4.166666666666667, 1.7407407407407407, 11.666666666666666, 1.0, 1.0, 1.0, 1.3142857142857143, 1.25, 1.1676479702510072, 1.0251256281407035, 1.0, 1.0, 1.0, 1.223728813559322, 1.0316197031619703, 1.0597381342062193, 1.0, 1.0401234567901234, 1.0309597523219813, 1.5, 1.0, 1.0389221556886228, 1.0, 1.4, 1.0, 1.3838383838383839, 1.0, 1.0074074074074073, 1.0168539325842696, 1.0573770491803278, 1.737991266375546, 1.6666666666666667, 1.0, 1.4556962025316456, 1.4, 10.5, 3.0, 2.0, 2.090909090909091, 1.0461208437611726, 1.1174698795180722, 1.5, 1.2128712871287128, 2.0, 1.7857142857142858, 1.0169491525423728, 1.1111111111111112, 1.7857142857142858, 29.0, 1.5483870967741935, 1.2954545454545454, 1.1055276381909547, 21.0, 1.0, 1.0, 1.5, 1.9326923076923077, 1.0265382808830437, 1.6666666666666667, 1.0, 4.25, 1.103731343283582, 1.1721311475409837, 1.1131221719457014, 1.0, 1.0490196078431373, 1.44, 1.3709677419354838, 1.0, 2.357142857142857, 1.0260869565217392, 1.2476190476190476, 1.4, 1.0833333333333333, 1.0526315789473684, 1.0, 1.0769230769230769, 1.0845954931658663, 1.0, 1.15600624024961, 1.3666666666666667, 25.0, 1.0, 1.0769230769230769, 21.0, 23.0, 1.0, 2.076923076923077, 1.0578778135048232, 1.1428571428571428, 1.0833333333333333, 2.0, 1.2063492063492063, 1.1581920903954803, 1.0416666666666667, 1.2452107279693487, 1.0909090909090908, 1.0120689655172415, 1.1714285714285715, 1.0, 1.0, 14.0, 1.6666666666666667, 1.1416666666666666, 28.0, 1.0, 3.125, 1.0, 1.0684931506849316, 1.0371867421180274, 1.059670781893004, 1.0153846153846153, 1.1391304347826088, 1.0176470588235293, 1.0372881355932204, 2.0, 1.0047835990888383, 1.371900826446281, 1.0023932987634623, 1.0, 1.0806451612903225, 1.0320284697508897, 1.163265306122449, 1.000070067264574, 23.0, 1.0266666666666666, 1.0, 16.0, 1.026354319180088, 1.12, 1.1774530271398747, 1.1733333333333333, 1.2004920049200491, 1.2094972067039107, 1.375, 1.0596241088788074, 1.0512820512820513, 2.25, 1.527027027027027, 1.5185185185185186, 2.0, 1.0253968253968253, 1.0, 1.0712945590994372, 1.1196581196581197, 1.0, 1.0091506751954513, 18.0, 1.1175247009880396, 1.0416666666666667, 2.0, 1.0357339197361188, 1.4, 1.8055555555555556, 1.0, 1.1, 1.0629450299060097, 1.0936507936507935, 2.0, 1.0, 1.0843373493975903, 1.6, 1.0, 1.2608695652173914, 1.244343891402715, 1.6428571428571428, 1.425, 1.4026845637583893, 1.125, 1.0, 1.1234243697478992, 2.0, 1.2857142857142858, 1.0, 1.2771084337349397, 1.0, 1.0011413520632133, 1.0, 1.1417142857142857, 6.555555555555555, 1.5, 1.2569444444444444, 5.75, 1.012951601908657, 1.0340909090909092, 1.7017543859649122, 1.4285714285714286, 1.0486223662884928, 1.0630490956072352, 2.0, 1.0, 1.0, 1.4403973509933774, 1.25, 1.0, 1.101123595505618, 2.225806451612903, 1.037713612256924, 1.0758620689655172, 1.0, 1.043247344461305, 4.0, 1.1347826086956523, 1.0045558086560364, 1.4, 1.0452442159383033, 1.0, 1.0, 1.0205973223480946, 1.0, 1.0924369747899159, 1.7567567567567568, 2.727272727272727, 1.0588235294117647, 1.5925925925925926, 1.25, 1.0, 1.3902439024390243, 18.0, 1.065743944636678, 1.3636363636363635, 1.6, 1.0410132689987937, 1.0, 1.125, 1.0, 21.0, 1.0, 1.0749395648670428, 1.3604395604395605, 1.1136549468520032, 1.0, 1.0, 1.2142857142857142, 1.0109780439121756, 1.005249343832021, 1.7766497461928934, 1.2666666666666666, 1.3529411764705883, 1.0815417392988573, 2.0, 1.050185873605948, 1.0083892617449663, 2.0, 1.0, 1.0, 1.0566037735849056, 1.284309342869915, 1.0, 1.0, 1.308880308880309, 22.0, 1.68, 1.0, 1.4, 1.4444444444444444, 1.105263157894737, 1.0069104744157156, 1.0045454545454546, 1.0, 1.6666666666666667, 1.206896551724138, 1.103448275862069, 1.0268774703557313, 1.272045028142589, 1.1091811414392059, 1.0, 1.0, 2.0, 1.1363636363636365, 1.0478589420654911, 1.053125, 1.0096132349653477, 1.097165991902834, 1.0, 1.2802690582959642, 1.0, 1.0, 1.04739336492891, 1.0, 1.5, 1.0453020134228188, 18.0, 2.4375]
origin-census_12.27 	max: 31.0000	99th: 25.0000	95th: 14.0000	median: 1.0960	mean: 2.4124

...Done, result: results.csv

WORKLOAD-FINISHED | Type: QueryWorkload | Progress: 3/3 | Workload-time: 89.967343 | Model-update-time: 0.000000


Experiment Summary: #data-update-times=1, #drift=1 | total-time=181.151124