Input arguments = Namespace(data_update='valueskew', update_size=8000, dataset='census', debug=False, drift_test='js', model_update='adapt', model='naru', end2end=False, query_seed=0, random_seed=42, num_workload=3)
JSON-passed parameters = {'data_updater': {'skew_ratio': '1e-2'}, 'random_seed': 92, 'naru': {'epochs': 0}}
MODEL-PATH=/home/kangping/code_copy/SAUCE/models/end2end/naru/origin-census-22.5MB-model27.255-data14.989-300epochs-seed0.pt
DATASET-PATH=/home/kangping/code_copy/SAUCE/data/census/end2end/census_int.npy
Workloads: ['QueryWorkload', 'DataUpdateWorkload', 'QueryWorkload']

WORKLOAD-START | Type: QueryWorkload | Progress: 1/3
Going to run: ['python', '/home/kangping/code_copy/SAUCE/Naru/eval_model.py', '--dataset=census', '--model=naru', '--query_seed=0', '--end2end', '--eval_type=first_estimate', '--num_workload=3', '--data_update=valueskew', '--model_update=adapt', '--random_seed=42']
Torch device: cuda:1
GET-MODEL-PATH=./models/end2end/naru/origin-census-22.5MB-model27.255-data14.989-300epochs-seed0.pt
ckpts [PosixPath('/home/kangping/code_copy/SAUCE/models/end2end/naru/origin-census-22.5MB-model27.255-data14.989-300epochs-seed0.pt')]
Validate Argument: DATASET="census" is valid.
load_csv_dataset - census (32561, 13)
Parsing... done, took 0.0s
Loading ckpt: /home/kangping/code_copy/SAUCE/models/end2end/naru/origin-census-22.5MB-model27.255-data14.989-300epochs-seed0.pt
query_seed:0
origin-census_12.27 	max: 7.0000	99th: 3.0000	95th: 2.0000	median: 1.0425	mean: 1.2126
ReportEsts: [1.0, 1.1724890829694323, 1.1338028169014085, 2.0, 1.0317460317460319, 1.113733905579399, 1.0, 1.2857142857142858, 1.0, 1.0, 1.0, 1.183673469387755, 2.142857142857143, 1.1369863013698631, 1.259493670886076, 1.0, 1.0430622009569377, 1.0, 1.0, 1.0, 1.0, 2.0, 1.2851637764932562, 2.5, 1.0192307692307692, 1.4, 1.0, 1.0009621552277101, 1.0, 1.0406771690571361, 1.0130684788290643, 1.3783783783783783, 1.0491803278688525, 1.0, 1.0, 1.2232142857142858, 1.5, 1.0020449897750512, 1.375, 1.0126512651265127, 1.0, 1.0, 1.0, 1.0, 1.0, 1.108695652173913, 1.0, 1.0081694402420576, 1.0, 4.0, 1.0, 1.2727272727272727, 1.0, 1.0434782608695652, 1.1238532110091743, 1.0, 1.0679012345679013, 1.75, 1.023303457106274, 1.0127388535031847, 1.1123595505617978, 1.0909090909090908, 1.1923076923076923, 1.2179487179487178, 1.0, 1.0, 1.0, 1.0264721772015126, 1.0, 1.1666666666666667, 1.7647058823529411, 1.2222222222222223, 1.6666666666666667, 1.0, 1.0177153329260844, 1.0, 1.0, 1.5, 2.0, 1.0, 1.0, 1.0, 1.0, 1.3333333333333333, 1.2543859649122806, 1.0714285714285714, 1.0, 1.1219512195121952, 1.026947754353804, 1.0, 1.0469798657718121, 1.0, 1.0483870967741935, 2.0, 1.0392156862745099, 1.5, 1.1027713625866051, 1.25, 1.6, 1.5, 1.0, 1.0, 1.0, 1.0, 1.0, 1.0571428571428572, 1.0, 1.1481481481481481, 1.1278409090909092, 1.032258064516129, 1.289855072463768, 1.0, 1.3043478260869565, 1.2222222222222223, 1.5151515151515151, 1.0, 3.0, 1.103448275862069, 3.0, 1.0108108108108107, 2.0, 1.1448, 1.0298507462686568, 1.25, 1.016260162601626, 1.0666666666666667, 1.0110325573017518, 1.0689444783404516, 1.1470588235294117, 1.1383219954648527, 1.0, 1.0, 1.0, 1.0, 2.0, 1.0, 1.110730593607306, 1.0, 1.5, 1.5555555555555556, 1.0, 2.5, 1.0, 1.0, 2.0, 1.0, 1.0, 1.1818181818181819, 1.0318402590393956, 1.22, 1.2105263157894737, 1.2, 2.0, 1.0, 1.0, 1.5, 3.0, 1.0, 1.0, 1.3333333333333333, 1.08, 1.5, 1.4444444444444444, 1.0769230769230769, 1.1789473684210525, 1.0453648915187377, 1.0058823529411764, 1.0130914101975195, 1.0176114474408366, 1.2240437158469946, 1.0319559228650137, 1.0, 1.0, 1.0, 1.7058823529411764, 1.4069767441860466, 1.25, 1.088221037324285, 1.0611719253058596, 1.0408163265306123, 1.0, 1.278688524590164, 1.065217391304348, 1.0254237288135593, 1.368421052631579, 1.016534597866101, 1.75, 1.0, 1.1092150170648465, 1.045016077170418, 1.3125, 1.125, 1.0119817876827222, 1.0, 1.0666666666666667, 1.1111111111111112, 1.0231871083258728, 1.0, 1.0545454545454545, 1.023391812865497, 1.0, 1.0625, 1.3592233009708738, 1.0666666666666667, 2.0, 1.5555555555555556, 1.0, 1.0031260854463355, 4.0, 1.0, 1.0219512195121951, 1.07, 1.1538461538461537, 2.1666666666666665, 1.0, 1.042857142857143, 1.0769230769230769, 1.1024059222702036, 1.0867052023121386, 1.2328767123287672, 1.0, 1.5, 1.0311475409836066, 1.2093023255813953, 2.0, 1.2731481481481481, 1.0, 1.0, 1.0, 1.0, 1.0, 1.368421052631579, 1.1538461538461537, 1.142156862745098, 1.0, 1.0, 1.0, 1.4, 1.0092961487383798, 1.0, 1.0, 1.0886850152905199, 2.0, 1.0, 1.0, 1.25, 1.45, 1.0, 1.0, 1.0638297872340425, 1.0, 1.0, 1.3169014084507042, 1.0909090909090908, 1.0, 1.0, 2.5, 1.0434782608695652, 1.793103448275862, 1.0186861313868614, 1.0, 1.0, 1.4444444444444444, 1.0, 1.3333333333333333, 1.0, 1.3333333333333333, 1.0199004975124377, 2.0, 1.1428571428571428, 1.088235294117647, 1.0, 1.0, 2.0, 1.021362956633198, 1.0255402750491158, 1.0, 1.0282485875706215, 1.0, 1.0, 1.8181818181818181, 1.2926829268292683, 1.0076335877862594, 1.5, 1.0283806343906512, 1.0, 1.058659217877095, 1.5, 1.1009174311926606, 1.0, 1.0975609756097562, 1.0153963124881202, 1.5, 1.0011037527593818, 1.0607287449392713, 1.0, 1.0, 1.0, 1.112033195020747, 1.04, 1.2222222222222223, 2.0, 1.0, 1.0862068965517242, 1.0070921985815602, 1.0440251572327044, 2.0, 1.0348101265822784, 1.4, 1.0, 1.0, 1.0, 1.0, 1.07035175879397, 1.0, 1.0, 1.0, 1.0276179516685846, 1.0, 1.0048556095067722, 1.0, 1.0048265460030166, 1.1578947368421053, 1.0, 1.0323299888517279, 1.2727272727272727, 1.0, 1.0110091743119265, 1.0, 1.0675221509318669, 1.0, 1.1510416666666667, 1.0, 1.03153900877401, 1.0, 1.0, 2.0, 2.0, 3.0, 1.238938053097345, 1.105263157894737, 1.0659898477157361, 1.0, 1.0714285714285714, 1.0196078431372548, 3.0, 1.0119047619047619, 1.0, 1.5, 1.0, 1.0, 1.6666666666666667, 1.25, 1.0, 1.1, 1.0164077500436377, 1.3333333333333333, 1.2, 1.0, 1.0, 1.0256776034236805, 1.3333333333333333, 1.0, 1.1428571428571428, 1.0, 1.4666666666666666, 1.0, 1.0567375886524824, 1.135135135135135, 1.0, 1.1661442006269593, 1.25, 1.0, 1.0, 3.0, 1.0, 1.0, 1.1612903225806452, 1.1458333333333333, 1.1538461538461537, 1.2974683544303798, 1.0, 1.2736842105263158, 1.1428571428571428, 1.0, 1.0689655172413792, 1.0, 1.0, 1.0, 2.0, 2.0, 1.5619335347432024, 1.0, 1.0, 1.625, 1.6153846153846154, 1.2604166666666667, 1.5116279069767442, 1.0, 2.0, 1.1764705882352942, 1.0952380952380953, 1.0, 1.0, 1.2063492063492063, 1.0, 1.0078369905956113, 1.055045871559633, 1.0, 1.0, 1.4, 1.0, 1.0, 1.0, 1.25, 1.3368421052631578, 1.2608695652173914, 4.5, 1.2340425531914894, 1.0256410256410255, 1.5, 1.0, 1.011463109629012, 1.0, 1.3, 1.0752961082910322, 1.1182432432432432, 1.154320987654321, 4.714285714285714, 1.144578313253012, 1.0, 1.0, 1.0065843621399178, 1.0, 1.0236220472440944, 1.0, 1.023094688221709, 1.0, 1.0195530726256983, 1.0, 1.5, 1.0833333333333333, 1.0, 1.0, 2.0, 1.3513513513513513, 1.0, 1.0, 1.2059701492537314, 1.043859649122807, 1.0142109199700822, 1.1904761904761905, 1.2173913043478262, 1.0, 1.1875, 1.4351851851851851, 1.0, 1.0253073770491803, 1.0019464720194646, 1.0, 1.0113798008534851, 1.0909090909090908, 1.0, 1.105263157894737, 2.0, 1.0888888888888888, 1.0, 1.0, 1.002032955274984, 1.081374321880651, 1.1047619047619048, 1.0, 1.0, 1.5, 1.1, 1.0054347826086956, 1.062937062937063, 1.0287907869481765, 1.0, 2.0, 1.0, 1.1428571428571428, 1.3673469387755102, 1.0, 1.0, 1.0, 1.0, 1.0633802816901408, 1.0, 1.0, 1.3333333333333333, 1.0, 1.8372093023255813, 1.0, 1.1538461538461537, 1.0909090909090908, 2.090909090909091, 1.1741424802110818, 1.0081180811808117, 1.3888888888888888, 1.0, 2.0, 1.0454545454545454, 1.2857142857142858, 1.0, 1.0631205673758866, 1.1132075471698113, 1.2857142857142858, 1.0, 1.073608617594255, 1.3333333333333333, 1.0, 1.0100899918189254, 1.0064205457463884, 1.0684931506849316, 1.0482954545454546, 1.047378104875805, 1.8333333333333333, 2.0, 1.0289855072463767, 1.0107758620689655, 1.0303030303030303, 1.0, 1.2564102564102564, 1.1403508771929824, 1.2016460905349795, 1.2285714285714286, 3.0, 1.1622998544395924, 1.00402252614642, 1.0, 1.3527272727272728, 1.6666666666666667, 1.1020408163265305, 1.8333333333333333, 1.0224479344486173, 1.1016949152542372, 1.0, 3.0, 1.0, 1.3448275862068966, 1.0, 1.0489913544668588, 1.1652360515021458, 1.0070701845145715, 1.027820710973725, 1.1274131274131274, 1.0, 1.0396085740913328, 1.0, 1.0344827586206897, 1.0, 1.308724832214765, 1.0, 1.0, 2.0, 2.0, 2.0, 1.0, 2.0, 1.025974025974026, 1.0, 1.1818181818181819, 1.0293654955427374, 1.026875699888018, 1.0757575757575757, 1.02, 1.1704545454545454, 1.0, 1.0, 1.0, 1.0, 1.0572916666666667, 1.1666666666666667, 1.0543761638733706, 1.5, 2.0, 1.175, 1.0153846153846153, 1.0492957746478873, 1.0, 1.116493656286044, 1.0, 1.393939393939394, 1.263157894736842, 1.2, 1.5, 1.0416666666666667, 2.6666666666666665, 1.0, 1.0, 2.0, 1.0, 1.0396792247932503, 1.0300450676014021, 1.0, 1.25, 1.0, 1.0833333333333333, 1.0456349206349207, 1.0, 1.1993006993006994, 1.8, 1.0801186943620178, 2.0, 1.0, 1.0771470160116448, 1.0, 1.0588235294117647, 1.0, 1.0043668122270741, 1.3982300884955752, 1.2127659574468086, 1.0, 1.0023612750885478, 2.0, 1.6666666666666667, 1.0, 1.1363636363636365, 2.0, 1.005190311418685, 1.0, 1.0, 1.0526315789473684, 1.5384615384615385, 1.0, 1.0795454545454546, 1.0, 1.0, 1.0105064655172413, 1.0, 1.0526315789473684, 1.25, 1.2, 1.0041854829827073, 1.0, 1.3333333333333333, 1.201219512195122, 1.0, 1.0113636363636365, 1.0, 1.0213675213675213, 1.25, 1.051532033426184, 1.0, 1.0, 1.4615384615384615, 1.125, 1.0862068965517242, 1.1125827814569536, 1.0085370585952658, 1.0422077922077921, 1.2328767123287672, 1.0919540229885059, 1.5, 1.0, 1.14, 1.0104712041884816, 1.0666666666666667, 1.0, 1.2333333333333334, 1.1266666666666667, 1.0, 1.0, 1.1428571428571428, 1.0, 1.0476190476190477, 1.0281007751937985, 1.0, 1.0169491525423728, 1.5, 1.0, 1.0, 1.0, 1.3061224489795917, 1.0184782608695653, 1.2698412698412698, 1.8076923076923077, 1.0, 1.0, 1.0246913580246915, 1.043848167539267, 1.0, 1.0, 1.0, 1.15, 1.1428571428571428, 1.0, 3.0, 1.0020375491194877, 1.263157894736842, 1.0, 1.0, 1.0829493087557605, 1.25, 1.4, 1.0571428571428572, 1.9090909090909092, 1.4528301886792452, 2.0, 1.0, 1.0, 1.5161290322580645, 1.0, 1.0756302521008403, 1.148936170212766, 1.0488188976377952, 1.0, 1.0225959012086179, 1.0174140182847191, 1.4285714285714286, 1.041237113402062, 1.0, 1.0, 1.0190114068441065, 2.0, 1.131578947368421, 1.6666666666666667, 1.173913043478261, 1.0, 1.3333333333333333, 1.0150093808630394, 2.0, 1.0, 1.3333333333333333, 1.6666666666666667, 1.0044510385756678, 1.426356589147287, 1.0909090909090908, 1.0827478532396566, 1.0317460317460319, 1.6666666666666667, 1.15, 1.0, 1.0, 1.0, 1.0, 1.0277777777777777, 1.0836254381572359, 1.0, 1.5, 2.0, 1.0, 1.0, 1.0, 1.0963855421686748, 1.0286047113642247, 1.012025012025012, 1.0, 1.1302211302211302, 1.0308329498389324, 3.0, 1.2142857142857142, 1.0054446460980035, 1.0, 1.5555555555555556, 1.0, 1.065934065934066, 1.1843971631205674, 1.0, 1.0066939382670137, 1.0344827586206897, 1.0214067278287462, 1.0, 1.1763341067285382, 1.0344827586206897, 1.5833333333333333, 1.009433962264151, 1.0184971098265896, 1.0, 1.0, 1.0, 1.0172848397551315, 1.0144230769230769, 1.0166666666666666, 1.2222222222222223, 1.2833333333333334, 2.0, 1.0396039603960396, 1.4285714285714286, 1.0, 1.0208333333333333, 1.0, 1.25, 1.0, 1.3636363636363635, 1.0125871746895732, 1.013157894736842, 1.0160642570281124, 1.0, 1.0120190368637574, 1.0, 1.1176470588235294, 1.0, 1.0066006600660067, 1.0, 1.0, 1.1666666666666667, 1.0, 1.0992248062015504, 1.0, 1.0, 1.3333333333333333, 1.0932203389830508, 1.015121814617754, 1.36, 1.0344827586206897, 1.8235294117647058, 1.054302103250478, 1.047198275862069, 1.0, 1.2183098591549295, 1.0, 1.2285714285714286, 1.0504731861198737, 1.5, 1.0, 1.0, 1.0606060606060606, 1.2255845942228336, 1.0, 1.0, 1.0, 1.25, 1.295774647887324, 1.0909090909090908, 1.0869565217391304, 1.0327868852459017, 1.0887096774193548, 1.1780104712041886, 1.0825082508250825, 1.0088028169014085, 1.1490536277602523, 1.2857142857142858, 1.0, 1.7692307692307692, 1.3428571428571427, 1.0952380952380953, 1.026431718061674, 1.0, 1.2727272727272727, 1.044809407948094, 1.2755102040816326, 1.0054093567251463, 1.0, 2.0, 1.0687788778877887, 1.0, 1.0, 1.0, 1.0, 1.6666666666666667, 1.0, 1.3414634146341464, 1.0, 1.0, 1.0, 1.028205128205128, 1.1551502697148728, 1.0222905457340508, 1.0, 1.1875, 1.0071428571428571, 1.0255255255255256, 1.0638297872340425, 1.0934131736526946, 1.0, 1.0636734693877552, 1.0188087774294672, 1.0833333333333333, 1.0435446906035142, 1.0924574209245743, 2.25, 1.2702702702702702, 1.3333333333333333, 2.0, 1.875, 1.0, 1.4, 1.0833333333333333, 1.0, 7.0, 3.0, 2.0, 3.0, 1.0182975338106603, 1.3725490196078431, 1.75, 1.1636363636363636, 1.2, 1.0, 1.183206106870229, 1.0056463595839524, 1.0283305227655986, 1.0008048289738432, 1.6666666666666667, 1.6, 3.0, 1.0, 1.0, 1.1702127659574468, 1.0169491525423728, 1.0, 1.2245119305856833, 1.0, 1.3421052631578947, 1.1136363636363635, 1.0, 1.3956043956043955, 1.0560606060606061, 1.3015873015873016, 1.1797752808988764, 1.2, 1.2346938775510203, 1.0350877192982457, 1.5, 2.0, 1.0318302387267904, 1.5, 1.0, 1.0, 1.0, 1.1981818181818182, 1.0573144104803494, 1.0, 1.0181893344357171, 1.3333333333333333, 1.1794871794871795, 1.0714285714285714, 1.0, 2.0, 1.0185463659147869, 1.1700680272108843, 1.015599784830554, 1.1411657559198543, 1.14, 1.0, 1.0, 1.0072639225181599, 1.0, 1.05, 1.0444444444444445, 1.1786941580756014, 1.0, 1.0, 1.1121951219512196, 1.6666666666666667, 1.0, 1.0, 1.0076451061261442, 1.0, 1.25, 2.0, 1.0, 1.0, 1.0263157894736843, 1.0, 1.3214285714285714, 1.0115942028985507, 1.5, 1.164179104477612, 1.0, 1.0, 1.0, 1.0781062244652728, 1.1590909090909092, 1.1219281663516067, 1.3333333333333333, 1.0, 1.1115591397849462, 2.0, 1.04, 1.4204545454545454, 1.4615384615384615, 1.0231192660550459, 1.0716666666666668, 1.375, 1.0, 1.5, 1.0, 1.2383720930232558, 1.0, 1.036091283804162, 1.2408098028769312, 1.2, 1.0, 1.2901785714285714, 1.0, 1.6666666666666667, 1.0, 1.3333333333333333, 1.3555555555555556, 1.0, 2.5, 1.0034168564920274, 1.0, 1.0, 1.0, 1.2, 1.027027027027027]
origin-census_12.27 	max: 7.0000	99th: 3.0000	95th: 2.0000	median: 1.0425	mean: 1.2126

...Done, result: results.csv

WORKLOAD-FINISHED | Type: QueryWorkload | Progress: 1/3 | Workload-time: 85.889701 | Model-update-time: 0.000000


WORKLOAD-START | Type: DataUpdateWorkload | Progress: 2/3
Going to run: ['python', '/home/kangping/code_copy/SAUCE/Naru/eval_model.py', '--model=naru', '--data_update=valueskew', '--dataset=census', '--drift_test=js', '--end2end', '--update_size=8000', '--query_seed=0', '--eval_type=drift']
Torch device: cuda:1
GET-MODEL-PATH=./models/end2end/naru/origin-census-22.5MB-model27.255-data14.989-300epochs-seed0.pt
GET-DATASET-PATH=./data/census/end2end/census_int.npy
ValueSample - START
ValueSample - END
load_npy_dataset_from_path - df.shape = (39073, 13)
Parsing... done, took 0.0s
Data updated!
Previous data size: (32561, 13), new data size: (6512, 13)
[8.52346420e-06 3.09944153e-06 5.03063202e-05 1.01327896e-06
 1.13248825e-06 5.36441803e-07 1.41859055e-05 1.72853470e-06
 2.20537186e-06 3.86953354e-04 8.87703896e-03 7.86781311e-06
 6.31809235e-06]
Distance score: 0.0007200699765235186
SAUCE Drift detection: True
Detection latency: 0.0037s

DRIFT-DETECTED after 2-th workload
Going to run: ['python', '/home/kangping/code_copy/SAUCE/Naru/incremental_train.py', '--dataset=census', '--end2end', '--model=naru', '--model_update=adapt', '--update_size=8000', '--epochs=0']
Torch device: cuda:1
GET-MODEL-PATH=./models/end2end/naru/origin-census-22.5MB-model27.255-data14.989-300epochs-seed0.pt
update_size: 6512
AdaptTask - START
GET-DATASET-PATH=./data/census/end2end/census_int.npy
load_npy_dataset_from_path - df.shape = (39073, 13)
Parsing... done, took 0.0s
done, took 0.0s
dataset size: 39073
train data shape: torch.Size([6512, 13]), transfer data shape:torch.Size([1302, 13])
Training done; evaluating likelihood on full data:
Epoch None Iter 0, test loss 18.9015 nats / 27.2691 bits
Saved to: /home/kangping/code_copy/SAUCE/models/end2end/naru/origin-census-22.5MB-model27.255-data14.989-300epochs-seed0.pt
AdaptTask - END

WORKLOAD-FINISHED | Type: DataUpdateWorkload | Progress: 2/3 | Workload-time: 1.932841 | Model-update-time: 3.951100


WORKLOAD-START | Type: QueryWorkload | Progress: 3/3
Going to run: ['python', '/home/kangping/code_copy/SAUCE/Naru/eval_model.py', '--dataset=census', '--model=naru', '--end2end', '--query_seed=0', '--eval_type=estimate', '--num_workload=3', '--data_update=valueskew', '--model_update=adapt', '--random_seed=42']
Torch device: cuda:1
GET-MODEL-PATH=./models/end2end/naru/origin-census-22.5MB-model27.255-data14.989-300epochs-seed0.pt
ckpts [PosixPath('/home/kangping/code_copy/SAUCE/models/end2end/naru/origin-census-22.5MB-model27.255-data14.989-300epochs-seed0.pt')]
Validate Argument: DATASET="census" is valid.
data size: 39073, total size: 39073, split index: [32560 39073]
Parsing... done, took 0.0s
Loading ckpt: /home/kangping/code_copy/SAUCE/models/end2end/naru/origin-census-22.5MB-model27.255-data14.989-300epochs-seed0.pt
query_seed:0
origin-census_12.27 	max: 5.0000	99th: 3.0000	95th: 2.1683	median: 1.0833	mean: 1.3146
ReportEsts: [1.3068181818181819, 1.0, 1.0408163265306123, 1.0, 1.0, 1.0119047619047619, 1.0179398148148149, 1.4608695652173913, 1.0, 1.0, 1.0272980501392757, 1.1686046511627908, 1.2075471698113207, 1.1486146095717884, 1.1587301587301588, 1.073051948051948, 1.1906158357771262, 1.0727272727272728, 2.0, 3.0, 1.5072463768115942, 1.0454545454545454, 2.0, 1.3333333333333333, 2.0, 1.5, 1.088235294117647, 1.2913385826771653, 1.1, 1.0451713395638629, 1.0200517464424321, 1.3191489361702127, 1.0762671719564187, 1.0623556581986142, 1.5, 1.0401459854014599, 1.0, 1.0, 1.0, 1.25, 1.180327868852459, 1.0, 2.0, 1.078472078056882, 1.0, 2.0, 1.0, 1.1827956989247312, 1.0, 1.0, 1.0448921880523152, 1.0384615384615385, 1.0, 1.9444444444444444, 1.035928143712575, 1.8, 1.3333333333333333, 1.0116913484021823, 1.2641509433962264, 1.2857142857142858, 1.2406417112299466, 1.5, 1.188976377952756, 1.2857142857142858, 1.0923913043478262, 1.0379164711403097, 1.0554123711340206, 1.0349455558369207, 1.0145985401459854, 1.5454545454545454, 1.4404761904761905, 1.1818181818181819, 1.3333333333333333, 1.0374609781477628, 1.0121722846441947, 1.3333333333333333, 1.1111111111111112, 1.4, 1.0044444444444445, 1.6, 1.425, 1.0, 1.0, 2.0, 1.0283251231527093, 2.0, 1.0204081632653061, 3.0, 1.0405679513184585, 1.0468384074941453, 1.0, 2.0, 1.0460526315789473, 1.0, 1.0517241379310345, 1.1764705882352942, 4.0, 1.0, 1.063973063973064, 2.2, 1.2125, 1.184, 2.5, 1.0, 1.5535714285714286, 1.2522796352583587, 1.2708333333333333, 2.0, 1.0048201705598814, 1.1277777777777778, 1.0, 1.2857142857142858, 2.9, 1.384009009009009, 1.0, 1.0, 1.4, 1.0, 1.0, 1.0, 1.0, 1.0, 3.0, 1.3333333333333333, 1.3488372093023255, 1.0, 1.3397435897435896, 1.1146384479717812, 1.018181818181818, 2.0, 1.1428571428571428, 1.0377922784121805, 1.0010604453870626, 1.0, 1.0, 1.1152542372881356, 1.0, 1.0343778521448128, 2.0, 2.0, 1.0, 2.0, 1.0, 1.6521739130434783, 1.0, 1.0, 1.0176457693993863, 1.01887316125451, 1.3333333333333333, 1.4058823529411764, 1.114018691588785, 2.0, 1.026508742244783, 1.6, 1.0, 1.15, 1.0390243902439025, 1.3157894736842106, 1.0, 1.003977461054027, 1.6, 1.0206185567010309, 1.2063732928679818, 1.0258620689655173, 1.0303030303030303, 1.1627680311890838, 1.0070175438596491, 2.0, 1.1538461538461537, 1.0476190476190477, 1.1844660194174756, 1.1168831168831168, 1.0277044854881265, 1.1646341463414633, 1.2864583333333333, 1.240066225165563, 1.0, 1.0, 1.0, 2.1666666666666665, 1.5, 1.0, 1.0, 1.1556291390728477, 1.0, 1.0725806451612903, 1.8888888888888888, 1.4285714285714286, 1.0, 1.5, 1.0, 1.0229007633587786, 1.0, 1.6666666666666667, 1.0, 1.028056112224449, 1.003220611916264, 1.0357142857142858, 1.0, 1.015625, 1.1764705882352942, 1.0, 1.0477386934673367, 1.0814576634512325, 1.2592592592592593, 1.3243243243243243, 1.0, 1.25, 1.0, 1.5, 1.0, 1.1333333333333333, 1.0163449564134495, 2.5, 2.0, 1.0350877192982457, 1.3384615384615384, 1.0, 1.007111482953357, 1.1428571428571428, 1.0225255972696246, 1.0001435956346927, 1.0, 1.0, 1.2519685039370079, 1.053125, 1.0416666666666667, 1.5, 1.182232346241458, 1.0769230769230769, 2.75, 1.0286707211120765, 1.0, 1.0159067535138842, 1.0, 1.0, 1.175257731958763, 2.0, 1.2857142857142858, 1.0091047040971168, 1.1153846153846154, 1.0, 1.0925925925925926, 1.0, 1.169435215946844, 1.0533333333333332, 2.0, 1.0, 1.0206896551724138, 1.053017091035926, 1.0141843971631206, 2.0, 1.1612903225806452, 1.25, 1.0, 1.2644628099173554, 1.0283842794759825, 1.0703703703703704, 1.375, 1.038036809815951, 1.017959664360371, 1.0, 2.5, 1.5384615384615385, 1.016597510373444, 2.0, 1.1428571428571428, 1.0, 1.2444444444444445, 1.0, 1.039306358381503, 1.0, 1.0, 2.0, 1.009504132231405, 1.0, 1.0222634508348794, 1.3404255319148937, 1.0321543408360128, 1.5, 1.0137741046831956, 1.0, 1.25, 1.4285714285714286, 1.0714285714285714, 1.275, 1.3333333333333333, 1.0, 1.0875912408759123, 1.0, 1.0, 1.0, 1.1, 1.3306772908366533, 1.4, 1.0, 2.0, 1.0757575757575757, 1.0526315789473684, 1.056005895357406, 1.2142857142857142, 1.0, 2.0, 1.0323450134770888, 1.0, 2.0, 1.673913043478261, 1.0, 1.0, 1.0, 1.0189204229271007, 1.1210653753026634, 1.1847133757961783, 1.0027333073018352, 1.3272727272727274, 1.1258278145695364, 2.0, 1.25, 1.0, 2.0, 1.0, 1.0185818026484408, 1.0, 1.0589123867069485, 1.6, 1.0, 1.139454094292804, 1.0847457627118644, 2.0, 2.0, 3.0, 1.6666666666666667, 3.0, 1.1246753246753247, 1.0, 1.046770601336303, 1.0, 4.0, 1.0, 1.0769230769230769, 1.0, 1.75, 1.0, 1.0, 1.0, 1.2682926829268293, 1.024793388429752, 1.0, 1.062295081967213, 4.0, 1.0, 2.3333333333333335, 1.0, 1.0, 1.6666666666666667, 1.0, 1.0, 1.04, 1.8333333333333333, 1.2295081967213115, 1.5, 1.1152752649263376, 1.0956239870340356, 1.2727272727272727, 1.0510688836104514, 1.0, 2.0, 1.0, 1.0, 1.1555555555555554, 1.0344827586206897, 1.2173913043478262, 1.2469788519637461, 1.0, 1.4036697247706422, 1.2266666666666666, 1.0, 1.0545454545454545, 1.0, 1.0, 1.0, 1.2380952380952381, 3.0, 1.4797136038186158, 1.0, 1.0769230769230769, 1.5, 1.1851851851851851, 1.037037037037037, 1.020671834625323, 1.0, 1.0, 1.164319248826291, 3.0, 1.0, 1.0118916941090377, 1.0, 1.031294452347084, 1.2083333333333333, 2.3333333333333335, 1.2040816326530612, 1.697674418604651, 1.031520609629373, 3.0, 1.0416666666666667, 1.0, 1.0357142857142858, 1.12987012987013, 1.5, 1.0341113105924595, 1.4705882352941178, 2.0, 1.0, 2.0, 3.0, 1.1428571428571428, 1.077922077922078, 1.005952380952381, 1.0324118207816968, 1.1095890410958904, 1.5, 1.0, 1.2857142857142858, 1.0066666666666666, 1.5217391304347827, 1.1099476439790577, 1.0, 1.0109301806825786, 2.0, 1.3863636363636365, 2.0, 2.0, 1.064516129032258, 1.0, 1.0, 1.0, 1.042037186742118, 3.0, 1.0198517101171969, 2.0, 3.0, 2.0, 1.1634877384196185, 1.0, 1.0526315789473684, 1.52, 1.8823529411764706, 1.0, 1.2, 1.0, 1.0, 2.0, 1.3888888888888888, 1.1308411214953271, 1.020536462699078, 1.0869565217391304, 1.0349975763451285, 1.0, 1.0085836909871244, 1.25, 1.07871198568873, 4.0, 1.1829642248722316, 2.0, 1.1457446808510638, 1.0, 1.0, 1.204225352112676, 1.1481481481481481, 1.015845890942986, 1.1176470588235294, 1.0134089736977823, 1.027027027027027, 1.105263157894737, 2.0, 1.0068606276203786, 1.3626373626373627, 2.0, 1.0, 1.127906976744186, 1.0, 1.3333333333333333, 1.0991957104557641, 1.0, 1.0, 1.0228310502283104, 1.0, 1.0526315789473684, 1.0, 1.0319940476190477, 2.0, 3.0, 2.0, 1.0764872521246458, 1.0384615384615385, 1.0, 1.25, 1.0, 1.0298062593144561, 1.25, 1.6, 1.011070110701107, 1.1139240506329113, 1.05121776504298, 1.035672514619883, 1.143491124260355, 1.5714285714285714, 1.4375, 1.073446327683616, 1.0469483568075117, 2.0, 2.0, 1.5, 1.4, 1.0833333333333333, 1.0, 4.0, 3.0, 3.0, 1.3333333333333333, 2.0, 1.2425742574257426, 1.1428571428571428, 1.2693498452012384, 1.0078125, 2.0, 1.1111111111111112, 1.0, 1.1142857142857143, 2.0, 1.4, 1.0, 1.0436363636363637, 1.0, 1.0, 1.2857142857142858, 1.0217755443886096, 1.3438914027149322, 1.0, 1.3488372093023255, 1.0, 2.0, 1.0, 1.5, 1.0199350950394066, 1.0220264317180616, 1.020582329317269, 1.0039859886459717, 1.1728395061728396, 1.3333333333333333, 1.055045871559633, 1.0714853057982525, 1.1111111111111112, 2.0, 1.0439330543933054, 1.0, 1.012965964343598, 1.0235527184679727, 2.0, 1.3636363636363635, 1.0333333333333334, 1.1, 1.0497001403598316, 1.0, 2.0, 1.1795918367346938, 1.0, 1.0, 1.0068576038725292, 1.0, 1.0, 2.0, 1.5, 1.0418410041841004, 1.0869565217391304, 1.009353078721746, 1.2380952380952381, 1.244186046511628, 1.0431266846361187, 1.0, 1.014686248331108, 1.1991701244813278, 3.0, 4.0, 1.75, 1.4166666666666667, 1.0782334384858043, 1.0384615384615385, 2.0, 1.008564087924636, 1.3333333333333333, 1.0, 2.0, 2.0, 1.0892018779342723, 1.6666666666666667, 1.0, 2.0, 1.0, 1.069164265129683, 1.2592592592592593, 1.0145631067961165, 1.2, 5.0, 1.3185840707964602, 1.0763416477702192, 1.001348267994192, 1.0677655677655677, 1.0283687943262412, 1.1869158878504673, 1.0733249051833123, 1.0, 2.0, 1.1170731707317074, 1.11096256684492, 1.3529411764705883, 1.0889328063241106, 1.3097345132743363, 1.0, 1.0037406483790523, 1.0625, 1.4583333333333333, 1.0, 1.1111111111111112, 1.1153846153846154, 1.0, 1.0720017588215895, 3.0, 1.2126582278481013, 1.0457478964136917, 2.0476190476190474, 1.0, 1.0161421816403065, 1.0, 1.2619047619047619, 1.1973684210526316, 1.1224489795918366, 1.4545454545454546, 1.3157894736842106, 1.0, 2.0, 1.0934959349593496, 1.0, 1.0377310061601643, 1.023391812865497, 1.0, 1.7222222222222223, 1.196078431372549, 1.1863013698630136, 2.0, 2.0, 1.6041666666666667, 1.0, 1.0714285714285714, 1.041388518024032, 1.0571428571428572, 1.0, 1.2745098039215685, 1.1176470588235294, 1.0214135759272218, 1.0, 2.5, 1.0, 1.0, 1.1942857142857144, 1.5, 3.0, 1.5, 1.0, 1.2432432432432432, 2.0, 1.1428571428571428, 1.106837606837607, 1.0, 1.0, 1.0, 1.0, 1.0, 1.0, 1.165289256198347, 1.2222222222222223, 1.0, 1.1300813008130082, 1.8571428571428572, 1.393939393939394, 1.0, 1.0338983050847457, 1.0, 1.0, 1.0, 1.0594815340909092, 2.0, 1.0141843971631206, 1.0433542498573873, 3.0, 1.0, 1.0, 1.0, 2.0, 1.0542279411764706, 2.0, 1.0297029702970297, 1.7, 1.0290602591520945, 1.0, 1.6666666666666667, 1.0266386825960607, 1.5, 1.16, 1.263157894736842, 1.2, 1.5, 1.0, 1.1024667931688805, 1.0694444444444444, 1.25, 2.0, 1.0, 3.0, 2.0, 1.0, 1.0, 1.0465116279069768, 1.25, 1.1762086513994912, 1.0430950048971597, 1.0, 2.0, 1.0, 1.0737179487179487, 1.0254584681769148, 1.0388109000825765, 1.0, 1.5245901639344261, 1.0026850786344457, 3.0, 1.3125, 1.0251107828655834, 1.0, 1.4782608695652173, 1.0, 1.0508474576271187, 1.0, 1.0217391304347827, 1.1055900621118013, 1.178294573643411, 1.3775933609958506, 1.6666666666666667, 1.0, 1.5539568345323742, 1.0, 2.0, 3.0, 2.0, 1.1721854304635762, 1.0, 1.064896755162242, 2.0, 1.3, 2.0, 1.2777777777777777, 1.1557632398753894, 1.0375, 1.1428571428571428, 1.0375, 3.0, 1.0833333333333333, 1.1624365482233503, 2.0, 1.0, 1.0, 1.2, 1.031055900621118, 1.0034586119437399, 2.0, 1.0, 1.2577319587628866, 1.0609670637701472, 1.0264150943396226, 1.05793991416309, 1.0, 1.1943127962085307, 1.3333333333333333, 1.2328767123287672, 1.0, 1.9285714285714286, 1.0828729281767955, 1.0648148148148149, 1.0285714285714285, 2.0, 1.411764705882353, 1.0, 1.2307692307692308, 1.0378651280201947, 1.0, 2.3333333333333335, 1.16, 2.0, 1.0, 1.3846153846153846, 1.2768361581920904, 2.0, 1.0, 1.36, 1.1178343949044587, 1.0327868852459017, 1.0769230769230769, 2.0, 1.0657894736842106, 1.0449438202247192, 2.8333333333333335, 1.0717391304347825, 1.0075647366889728, 1.10727969348659, 1.3333333333333333, 2.0, 1.0, 1.2571428571428571, 1.6470588235294117, 1.0, 2.0, 1.0, 1.0952380952380953, 2.0, 1.0, 1.0125750538121672, 1.0031094527363185, 1.046875, 1.0078740157480315, 1.1391304347826088, 1.0638778971170153, 1.0, 2.2, 1.2479338842975207, 1.0492857142857144, 1.0, 1.0133333333333334, 1.0200181983621475, 1.1612903225806452, 1.0044126917419627, 3.0, 1.0530973451327434, 1.0, 3.0, 1.100864553314121, 1.125, 1.1330603889457522, 1.0340909090909092, 1.0106635071090047, 1.0595854922279793, 1.0303030303030303, 1.0280791320995533, 1.1502057613168724, 2.75, 1.1666666666666667, 1.3666666666666667, 2.0, 2.0, 3.0, 1.3, 1.0909090909090908, 1.0, 1.0435707599353246, 1.15, 1.0251603354711396, 1.2653061224489797, 3.0, 1.1663861505169513, 1.6, 1.4, 1.0, 1.3333333333333333, 1.0426651081239042, 1.0580357142857142, 2.5, 1.0, 1.3703703703703705, 1.1428571428571428, 1.0, 1.1785714285714286, 1.1846153846153846, 3.0, 1.139240506329114, 1.1666666666666667, 1.8571428571428572, 1.0, 1.1699625868519508, 2.0, 1.5714285714285714, 1.0, 1.0510204081632653, 1.0, 1.0071880883107993, 1.0, 1.1944444444444444, 1.3235294117647058, 2.0, 1.1348314606741574, 1.0225173210161662, 1.0195121951219512, 1.0552486187845305, 1.338235294117647, 1.5714285714285714, 1.0153439153439154, 1.0240549828178693, 2.0, 2.0, 2.0, 1.273037542662116, 1.011441647597254, 2.0, 1.0602409638554218, 1.9310344827586208, 1.0698663426488457, 1.0222929936305734, 1.0, 1.011296660117878, 3.0, 1.008888888888889, 1.0157303370786517, 1.0833333333333333, 1.0069444444444444, 1.6666666666666667, 1.0, 1.0020387359836902, 1.0, 1.126086956521739, 1.0357142857142858, 1.7777777777777777, 1.1081081081081081, 1.5185185185185186, 1.1111111111111112, 1.0, 1.0576923076923077, 2.0, 1.1335740072202165, 1.1111111111111112, 1.1140939597315436, 1.0371046228710463, 1.0, 1.3333333333333333, 2.0, 3.0, 1.0, 1.0433017591339648, 1.131434830230011, 1.10641627543036, 1.5, 1.5, 1.0526315789473684, 1.0510597302504816, 1.121212121212121, 1.411764705882353, 1.8666666666666667, 1.0253786328284895, 1.0566073819085868, 2.0, 1.1206735266604304, 1.0050420168067227, 1.0, 1.0, 1.0, 1.1501706484641638, 1.249099099099099, 1.2352941176470589, 1.0, 1.2877697841726619, 1.0, 1.1538461538461537, 1.0, 1.4, 1.3773584905660377, 1.368421052631579, 1.0106840088259204, 1.0285714285714285, 1.0, 1.25, 1.0757575757575757, 1.4482758620689655, 1.062700964630225, 1.1752380952380952, 1.0456932773109244, 1.0, 1.0, 2.0, 1.2759295499021526, 1.0826306913996628, 1.054945054945055, 1.0136666067254092, 1.0, 2.0, 1.1876288659793814, 1.0, 1.6666666666666667, 1.0, 2.0, 1.3333333333333333, 1.0580698835274542, 2.0, 1.0666666666666667]
origin-census_12.27 	max: 5.0000	99th: 3.0000	95th: 2.1683	median: 1.0833	mean: 1.3146

...Done, result: results.csv

WORKLOAD-FINISHED | Type: QueryWorkload | Progress: 3/3 | Workload-time: 85.914732 | Model-update-time: 0.000000


Experiment Summary: #data-update-times=1, #drift=1 | total-time=177.760993