Input arguments = Namespace(data_update='tupleskew', update_size=8000, dataset='census', debug=False, drift_test='js', model_update='adapt', model='naru', end2end=False, query_seed=0, random_seed=42, num_workload=3)
JSON-passed parameters = {'data_updater': {'skew_ratio': '1e-2'}, 'random_seed': 84, 'naru': {'epochs': 0}}
MODEL-PATH=/home/kangping/code_copy/SAUCE/models/end2end/naru/origin-census-22.5MB-model27.255-data14.989-300epochs-seed0.pt
DATASET-PATH=/home/kangping/code_copy/SAUCE/data/census/end2end/census_int.npy
Workloads: ['QueryWorkload', 'DataUpdateWorkload', 'QueryWorkload']

WORKLOAD-START | Type: QueryWorkload | Progress: 1/3
Going to run: ['python', '/home/kangping/code_copy/SAUCE/Naru/eval_model.py', '--dataset=census', '--model=naru', '--query_seed=0', '--end2end', '--eval_type=first_estimate', '--num_workload=3', '--data_update=tupleskew', '--model_update=adapt', '--random_seed=42']
Torch device: cuda:1
GET-MODEL-PATH=./models/end2end/naru/origin-census-22.5MB-model27.255-data14.989-300epochs-seed0.pt
ckpts [PosixPath('/home/kangping/code_copy/SAUCE/models/end2end/naru/origin-census-22.5MB-model27.255-data14.989-300epochs-seed0.pt')]
Validate Argument: DATASET="census" is valid.
load_csv_dataset - census (32561, 13)
Parsing... done, took 0.0s
Loading ckpt: /home/kangping/code_copy/SAUCE/models/end2end/naru/origin-census-22.5MB-model27.255-data14.989-300epochs-seed0.pt
query_seed:0
origin-census_12.27 	max: 7.0000	99th: 3.0000	95th: 2.0000	median: 1.0458	mean: 1.2157
ReportEsts: [1.0, 1.217687074829932, 1.1267605633802817, 2.0, 1.0317460317460319, 1.03862660944206, 1.0, 1.2857142857142858, 1.0, 1.0, 1.0, 1.183673469387755, 2.142857142857143, 1.1690140845070423, 1.3178807947019868, 1.5, 1.0738916256157636, 1.0, 1.0, 1.0, 1.2, 2.0, 1.233140655105973, 2.5, 1.0460526315789473, 1.2, 1.0, 1.0035403926617317, 1.0, 1.0427933223606867, 1.0154208050182958, 1.4054054054054055, 1.0701754385964912, 1.1111111111111112, 1.0, 1.2589285714285714, 1.5, 1.0020449897750512, 1.125, 1.0617070357554788, 1.0, 1.0, 1.0, 1.0, 1.04, 1.1590909090909092, 1.0, 1.0232198142414861, 1.0, 4.0, 1.0, 1.2727272727272727, 1.0, 1.1666666666666667, 1.0779816513761469, 2.0, 1.0185185185185186, 1.75, 1.022517911975435, 1.0, 1.1379310344827587, 1.0909090909090908, 1.1923076923076923, 1.1923076923076923, 1.0, 1.0, 1.0, 1.024349750968456, 1.0, 1.1666666666666667, 1.3235294117647058, 1.2222222222222223, 1.6666666666666667, 1.0, 1.032376298106292, 1.0, 1.0, 1.411764705882353, 2.0, 1.0, 1.0, 1.0, 1.0, 1.3333333333333333, 1.2882882882882882, 1.0, 1.0, 1.069767441860465, 1.0224919671545876, 1.0, 1.0469798657718121, 1.0, 1.0163934426229508, 2.0, 1.0326797385620916, 1.5, 1.0224839400428265, 1.5, 1.565217391304348, 1.4583333333333333, 1.0, 1.0, 1.0, 1.0, 1.0, 1.0035714285714286, 1.0132575757575757, 1.2222222222222223, 1.2140672782874617, 1.032258064516129, 1.173913043478261, 1.0, 1.3043478260869565, 1.4444444444444444, 1.5454545454545454, 1.0, 3.0, 1.1724137931034482, 3.0, 1.000900900900901, 2.0, 1.1576, 1.055045871559633, 1.25, 1.0024805102763996, 1.0666666666666667, 1.0096685704006836, 1.0351550960118168, 1.2061855670103092, 1.0842332613390928, 1.0, 1.0222617987533393, 1.0, 1.0, 2.0, 1.0, 1.0462365591397849, 1.0, 1.0, 1.4444444444444444, 1.0, 2.3333333333333335, 1.0, 1.0, 2.0, 1.0, 1.0, 1.1818181818181819, 1.0073761854583771, 1.3118279569892473, 1.0555555555555556, 1.2, 2.0, 1.0, 1.0, 1.5, 3.0, 1.0, 1.5, 1.3333333333333333, 1.04, 1.5, 1.4444444444444444, 1.0769230769230769, 1.1851851851851851, 1.0974025974025974, 1.0, 1.0024937655860349, 1.0, 1.2375690607734806, 1.0599886813808714, 1.2, 1.0, 1.0, 1.6470588235294117, 1.4684466019417475, 1.25, 1.0589622641509433, 1.048293625241468, 1.0196078431372548, 1.0, 1.2580645161290323, 1.0888888888888888, 1.0423728813559323, 1.3157894736842106, 1.0213779700332268, 1.5, 1.0, 1.1168384879725086, 1.045016077170418, 1.5180722891566265, 1.125, 1.0281790196542742, 1.0, 1.0666666666666667, 1.1111111111111112, 1.0404655326768129, 1.0, 1.0, 1.0294117647058822, 1.0, 1.0625, 1.3398058252427185, 1.0666666666666667, 2.0, 1.5555555555555556, 1.0, 1.009349030470914, 5.0, 1.0, 1.045346062052506, 1.1758241758241759, 1.1538461538461537, 2.1666666666666665, 1.0, 1.2142857142857142, 1.0769230769230769, 1.0456407255705091, 1.046242774566474, 1.2465753424657535, 1.0, 1.2857142857142858, 1.0227642276422764, 1.1063829787234043, 2.0, 1.2790697674418605, 1.0, 1.0, 1.0, 1.0, 1.0, 1.368421052631579, 1.1538461538461537, 1.1127450980392157, 1.0, 1.0, 1.0, 1.4, 1.0225763612217795, 1.0, 1.0, 1.119496855345912, 2.0, 1.0, 1.0, 1.25, 1.5263157894736843, 1.0, 1.0, 1.0425531914893618, 1.0, 1.0123456790123457, 1.25503355704698, 1.0909090909090908, 1.0, 1.0714285714285714, 2.5, 1.0347826086956522, 1.793103448275862, 1.0031527658354829, 1.0, 1.0, 1.5555555555555556, 1.0285714285714285, 2.0, 1.0, 1.4545454545454546, 1.0099502487562189, 2.0, 1.2142857142857142, 1.1176470588235294, 1.0, 1.0, 2.0, 1.0277300085984522, 1.0574712643678161, 1.0, 1.0508474576271187, 1.0, 1.0, 1.8181818181818181, 1.2926829268292683, 1.0193050193050193, 1.25, 1.114448051948052, 1.0, 1.1033519553072626, 1.5, 1.0344827586206897, 1.0, 1.1842105263157894, 1.0100207978823974, 1.5, 1.0044296788482836, 1.1801801801801801, 1.0, 1.0, 1.0384615384615385, 1.0578358208955223, 1.0, 1.2222222222222223, 2.0, 1.0, 1.05, 1.0774647887323943, 1.0125786163522013, 2.0, 1.0244648318042813, 1.4, 1.0, 1.0, 1.0, 1.0, 1.0492610837438423, 1.0, 1.0, 1.0, 1.0347624565469293, 1.0, 1.0059125964010283, 1.0, 1.003318250377074, 1.1578947368421053, 1.0, 1.0635451505016722, 1.2727272727272727, 1.0, 1.0070773263433814, 1.0, 1.077910174152154, 1.0, 1.108695652173913, 1.0, 1.0461423964276855, 1.0, 1.0, 2.0, 2.0, 3.0, 1.2212389380530972, 1.105263157894737, 1.0769230769230769, 1.0, 1.0, 1.0196078431372548, 3.0, 1.0120481927710843, 1.0, 1.25, 1.0, 1.0, 1.6666666666666667, 1.2, 1.0, 1.1, 1.0017173278378841, 1.3333333333333333, 1.2, 1.0, 1.0, 1.0159944367176634, 1.3333333333333333, 1.0, 1.1428571428571428, 1.0, 1.375, 1.0, 1.0765895953757225, 1.1081081081081081, 1.0, 1.1411042944785277, 1.2291666666666667, 1.0, 1.0, 3.0, 1.0, 1.0, 1.0588235294117647, 1.0208333333333333, 1.125, 1.3225806451612903, 1.0, 1.2474226804123711, 1.1428571428571428, 1.0, 1.0459770114942528, 1.0, 1.0, 1.0, 1.0, 2.0, 1.5432835820895523, 1.0, 1.0, 1.625, 1.5384615384615385, 1.0104166666666667, 1.5116279069767442, 1.0, 1.0, 1.1428571428571428, 1.1129032258064515, 1.0, 1.0204081632653061, 1.1428571428571428, 1.0, 1.0228097459823744, 1.0849056603773586, 1.0, 1.0769230769230769, 1.5333333333333334, 1.0, 1.0, 1.125, 1.25, 1.309278350515464, 1.2608695652173914, 4.5, 1.4320987654320987, 1.0512820512820513, 1.35, 1.0, 1.0145894122551062, 1.0, 1.3, 1.0689655172413792, 1.125, 1.154320987654321, 1.5714285714285714, 1.144578313253012, 1.0, 1.0, 1.05679012345679, 1.0, 1.0, 1.0, 1.0277136258660509, 1.0, 1.064139941690962, 1.0, 1.5, 1.0833333333333333, 1.0, 1.0, 2.0, 1.3888888888888888, 1.0, 1.0, 1.157593123209169, 1.072072072072072, 1.0545998504113687, 1.0952380952380953, 1.173913043478261, 1.0, 1.0625, 1.4814814814814814, 1.0, 1.0220799180327869, 1.005839416058394, 1.0, 1.0184921763869133, 1.0909090909090908, 1.0, 1.1578947368421053, 2.0, 1.1333333333333333, 1.0, 1.0, 1.0742142693278274, 1.0621669626998225, 1.0943396226415094, 1.0, 1.0, 1.5, 1.1123595505617978, 1.016304347826087, 1.034965034965035, 1.020952380952381, 1.0, 2.0, 1.0, 1.2857142857142858, 1.3814432989690721, 1.0, 1.0, 1.0, 1.0, 1.0342465753424657, 1.0, 1.0, 1.0, 1.0, 1.6808510638297873, 1.0, 1.1538461538461537, 1.0, 2.090909090909091, 1.1688654353562005, 1.000738552437223, 1.5277777777777777, 1.0, 2.0, 1.0, 1.2857142857142858, 1.0, 1.0526685393258426, 1.1419354838709677, 1.2857142857142858, 1.0, 1.0843806104129263, 1.1428571428571428, 1.0, 1.0286031657872814, 1.0112359550561798, 1.0384615384615385, 1.0454545454545454, 1.0705218617771508, 1.8333333333333333, 2.0, 1.0, 1.0153172866520788, 1.0047138047138047, 1.0, 1.240506329113924, 1.2264150943396226, 1.1726907630522088, 1.2571428571428571, 3.0, 1.135846372688478, 1.0313757039420757, 1.0, 1.269090909090909, 2.4, 1.0612244897959184, 1.5714285714285714, 1.00375554796859, 1.1016949152542372, 1.0, 3.0, 1.0, 1.2580645161290323, 1.0, 1.12, 1.2482758620689656, 1.0222602739726028, 1.0105263157894737, 1.0855018587360594, 1.0, 1.0274930102516309, 2.0, 1.0740740740740742, 1.0, 1.3541666666666667, 1.0, 1.0, 2.0, 2.0, 4.0, 1.0, 2.0, 1.077922077922078, 1.0, 1.2727272727272727, 1.0419507079181962, 1.0109433962264152, 1.109375, 1.1, 1.1444444444444444, 1.0, 1.0, 1.0, 1.0, 1.0084033613445378, 1.1428571428571428, 1.0431098010316875, 1.5, 2.0, 1.2702702702702702, 1.0153846153846153, 1.1078066914498141, 1.0, 1.116493656286044, 1.0, 1.3636363636363635, 1.263157894736842, 1.0, 1.5, 1.0625, 3.0, 1.0, 1.0, 2.0, 1.0, 1.0318269150446913, 1.0480721081622433, 1.0, 1.3125, 1.0909090909090908, 1.04, 1.0066857688634192, 1.0, 1.1028938906752412, 1.6, 1.067448680351906, 2.0, 1.0, 1.0262008733624455, 1.0, 1.0555555555555556, 1.0, 1.0323965651834504, 1.4513274336283186, 1.0178571428571428, 1.0, 1.0095351609058403, 2.0, 2.5, 1.0, 1.1818181818181819, 2.0, 1.0265017667844523, 1.0, 1.0338983050847457, 1.0698689956331877, 1.4285714285714286, 1.0, 1.1377245508982037, 1.0, 1.0, 1.0083512931034482, 1.0, 1.0619469026548674, 1.25, 1.1666666666666667, 1.0096345514950167, 1.0, 1.4, 1.2073170731707317, 1.0128205128205128, 1.0106604866743916, 1.0, 1.0460251046025104, 1.25, 1.01889338731444, 1.0, 1.0, 1.4615384615384615, 1.125, 1.0764617691154423, 1.1920529801324504, 1.003078106964217, 1.0826306913996628, 1.2162162162162162, 1.0919540229885059, 1.5, 1.0, 1.0754716981132075, 1.0418848167539267, 1.0666666666666667, 1.0, 1.3333333333333333, 1.2033333333333334, 1.0, 1.0, 1.7857142857142858, 1.0, 1.0952380952380953, 1.0184108527131783, 1.0, 1.0847457627118644, 1.5, 1.0, 1.0, 1.0, 1.2857142857142858, 1.041304347826087, 1.2380952380952381, 1.6785714285714286, 1.0, 1.0, 1.0296610169491525, 1.0028440166265586, 1.0, 1.0, 1.0, 1.07981220657277, 1.0714285714285714, 1.0, 3.0, 1.0163003929559016, 1.3333333333333333, 1.0, 1.0, 1.0981308411214954, 1.25, 1.3125, 1.0277777777777777, 1.75, 1.4, 2.0, 1.0, 1.0, 1.6491228070175439, 1.0, 1.0852298081213745, 1.08, 1.008327024981075, 1.0, 1.0341565948502365, 1.0163256421419242, 1.3666666666666667, 1.057591623036649, 1.0, 1.0, 1.0659392049883087, 2.0, 1.0886075949367089, 1.5789473684210527, 1.2391304347826086, 1.0, 1.3333333333333333, 1.0159474671669793, 2.0, 1.0, 1.3333333333333333, 1.6666666666666667, 1.0118694362017804, 1.426356589147287, 1.1428571428571428, 1.0706291007333075, 1.0476190476190477, 1.6666666666666667, 1.15, 1.0434782608695652, 1.0, 1.0, 1.0, 1.0571428571428572, 1.0852557673019056, 1.0, 1.5, 2.0, 1.0, 1.0, 1.0, 1.06640625, 1.0303383897316218, 1.0811921891058582, 1.0, 1.1917098445595855, 1.024033930254477, 3.0, 1.2142857142857142, 1.010948905109489, 1.0, 1.4, 1.0, 1.1479289940828403, 1.177304964539007, 1.03690036900369, 1.0, 1.037037037037037, 1.2110091743119267, 1.0, 1.1241299303944317, 1.0551724137931036, 1.5, 1.0141509433962264, 1.0069848661233993, 1.0, 1.0, 1.0, 1.0239217107647698, 1.0240384615384615, 1.0166666666666666, 1.2692307692307692, 1.2833333333333334, 2.0, 1.0, 1.4285714285714286, 1.0, 1.1041666666666667, 1.0, 1.19375, 1.0, 1.3636363636363635, 1.0120947421468167, 1.0087336244541485, 1.0163265306122449, 1.0, 1.0200773471570805, 1.0, 1.0588235294117647, 1.0, 1.020066889632107, 1.0, 1.0, 1.0, 1.0, 1.104361370716511, 1.0, 1.0, 1.3333333333333333, 1.1101694915254237, 1.023795871559633, 1.34, 1.0, 1.8529411764705883, 1.031039640987285, 1.008823834734766, 1.0, 1.2536231884057971, 1.0, 1.4, 1.0471698113207548, 1.5, 1.0, 1.2857142857142858, 1.0606060606060606, 1.169291338582677, 1.0, 1.0, 1.0, 1.25, 1.2112676056338028, 1.0909090909090908, 1.0745341614906831, 1.0158730158730158, 1.1816192560175054, 1.1538461538461537, 1.0479233226837061, 1.00385423966363, 1.1740531829170024, 1.9047619047619047, 1.0, 1.7692307692307692, 1.1063829787234043, 1.1428571428571428, 1.0, 1.0, 1.2727272727272727, 1.004657481078983, 1.2626262626262625, 1.0411809235427707, 1.0, 2.0, 1.0292397660818713, 1.0, 1.0, 1.0, 1.0, 1.6666666666666667, 1.0, 1.1951219512195121, 1.0, 1.0, 1.0, 1.0779569892473118, 1.1253753753753755, 1.0010025062656642, 1.0, 1.025, 1.0283687943262412, 1.0270676691729324, 1.1111111111111112, 1.1571609632446134, 1.0, 1.123265306122449, 1.0595611285266457, 1.0833333333333333, 1.0705329153605017, 1.1004901960784315, 4.5, 1.1756756756756757, 1.2962962962962963, 2.0, 1.6666666666666667, 1.0, 1.1333333333333333, 1.073394495412844, 1.0, 7.0, 3.0, 2.0, 3.0, 1.01875, 1.3725490196078431, 1.75, 1.1636363636363636, 1.2, 1.0, 1.1908396946564885, 1.0071834780005986, 1.0402592971682019, 1.0068355448331323, 1.6666666666666667, 1.6, 3.0, 1.0, 1.0, 1.1702127659574468, 1.03015873015873, 1.0, 1.1529284164859002, 1.0, 1.2439024390243902, 1.1136363636363635, 1.0, 1.309278350515464, 1.1169871794871795, 1.0161290322580645, 1.146067415730337, 1.2, 1.2604166666666667, 1.0701754385964912, 1.6666666666666667, 1.0, 1.0064683053040104, 1.5, 1.0, 1.0, 1.0, 1.1145454545454545, 1.0363830925628679, 1.0, 1.0074410913600662, 1.3333333333333333, 1.0256410256410255, 1.0816326530612246, 1.0, 2.0, 1.0116632860040569, 1.1944444444444444, 1.0381925766541151, 1.063667232597623, 1.1712328767123288, 1.0, 1.0, 1.0221130221130221, 1.0, 1.05, 1.0344478216818642, 1.2798507462686568, 1.0, 1.0, 1.0731707317073171, 1.6666666666666667, 1.0, 1.0, 1.012631150045839, 1.0, 1.0416666666666667, 2.0, 1.0, 1.0, 1.054054054054054, 1.0909090909090908, 1.25, 1.0260869565217392, 1.5, 1.21875, 1.0, 1.0, 1.0, 1.0430227374052607, 1.1991701244813278, 1.0623818525519848, 1.3333333333333333, 1.5, 1.1438450899031811, 2.0, 1.25, 1.467710371819961, 1.5833333333333333, 1.0787386341652156, 1.0651573716178906, 1.2941176470588236, 1.0, 1.5, 1.0, 1.3653846153846154, 1.0, 1.0238426385853368, 1.2568807339449541, 1.2, 1.0, 1.3973214285714286, 1.0, 1.3333333333333333, 1.0, 1.3333333333333333, 1.288888888888889, 1.0, 2.5, 1.0256111757857975, 1.0, 1.0, 1.05, 1.2, 1.027027027027027]
origin-census_12.27 	max: 7.0000	99th: 3.0000	95th: 2.0000	median: 1.0458	mean: 1.2157

...Done, result: results.csv

WORKLOAD-FINISHED | Type: QueryWorkload | Progress: 1/3 | Workload-time: 85.120687 | Model-update-time: 0.000000


WORKLOAD-START | Type: DataUpdateWorkload | Progress: 2/3
Going to run: ['python', '/home/kangping/code_copy/SAUCE/Naru/eval_model.py', '--model=naru', '--data_update=tupleskew', '--dataset=census', '--drift_test=js', '--end2end', '--update_size=8000', '--query_seed=0', '--eval_type=drift']
Torch device: cuda:1
GET-MODEL-PATH=./models/end2end/naru/origin-census-22.5MB-model27.255-data14.989-300epochs-seed0.pt
GET-DATASET-PATH=./data/census/end2end/census_int.npy
TupleSkewSample - START
0.01
TupleSkewSample - END
load_npy_dataset_from_path - df.shape = (39073, 13)
Parsing... done, took 0.0s
Data updated!
Previous data size: (32561, 13), new data size: (6512, 13)
[2.2113323e-05 3.1232834e-05 2.0265579e-05 6.8426132e-05 3.0934811e-05
 1.7690659e-04 9.7811222e-05 4.0799379e-04 2.7382374e-04 1.1879265e-02
 1.8900633e-03 9.0777874e-05 1.4160275e-03]
Distance score: 0.0012619724730029702
SAUCE Drift detection: True
Detection latency: 0.0036s

DRIFT-DETECTED after 2-th workload
Going to run: ['python', '/home/kangping/code_copy/SAUCE/Naru/incremental_train.py', '--dataset=census', '--end2end', '--model=naru', '--model_update=adapt', '--update_size=8000', '--epochs=0']
Torch device: cuda:1
GET-MODEL-PATH=./models/end2end/naru/origin-census-22.5MB-model27.255-data14.989-300epochs-seed0.pt
update_size: 6512
AdaptTask - START
GET-DATASET-PATH=./data/census/end2end/census_int.npy
load_npy_dataset_from_path - df.shape = (39073, 13)
Parsing... done, took 0.0s
done, took 0.0s
dataset size: 39073
train data shape: torch.Size([6512, 13]), transfer data shape:torch.Size([1302, 13])
Training done; evaluating likelihood on full data:
Epoch None Iter 0, test loss 19.7568 nats / 28.5030 bits
Saved to: /home/kangping/code_copy/SAUCE/models/end2end/naru/origin-census-22.5MB-model27.255-data14.989-300epochs-seed0.pt
AdaptTask - END

WORKLOAD-FINISHED | Type: DataUpdateWorkload | Progress: 2/3 | Workload-time: 1.944115 | Model-update-time: 3.761376


WORKLOAD-START | Type: QueryWorkload | Progress: 3/3
Going to run: ['python', '/home/kangping/code_copy/SAUCE/Naru/eval_model.py', '--dataset=census', '--model=naru', '--end2end', '--query_seed=0', '--eval_type=estimate', '--num_workload=3', '--data_update=tupleskew', '--model_update=adapt', '--random_seed=42']
Torch device: cuda:1
GET-MODEL-PATH=./models/end2end/naru/origin-census-22.5MB-model27.255-data14.989-300epochs-seed0.pt
ckpts [PosixPath('/home/kangping/code_copy/SAUCE/models/end2end/naru/origin-census-22.5MB-model27.255-data14.989-300epochs-seed0.pt')]
Validate Argument: DATASET="census" is valid.
data size: 39073, total size: 39073, split index: [32560 39073]
Parsing... done, took 0.0s
Loading ckpt: /home/kangping/code_copy/SAUCE/models/end2end/naru/origin-census-22.5MB-model27.255-data14.989-300epochs-seed0.pt
query_seed:0
origin-census_12.27 	max: 32.0000	99th: 26.0000	95th: 13.5250	median: 1.1168	mean: 2.4551
ReportEsts: [1.3370786516853932, 1.0, 1.1136363636363635, 1.0, 1.4, 1.0769230769230769, 1.0560916767189386, 1.3916666666666666, 1.0, 1.0, 1.0483503981797497, 1.272108843537415, 1.0185185185185186, 1.1925133689839573, 1.11864406779661, 1.0136674259681093, 1.0142566191446027, 1.297872340425532, 1.0, 20.0, 1.2465753424657535, 1.368421052631579, 1.0, 1.0, 1.0, 6.333333333333333, 20.0, 1.386266094420601, 1.4285714285714286, 1.0068130204390613, 1.0351571083278401, 1.6756756756756757, 1.0393284268629255, 1.0137299771167048, 1.7894736842105263, 1.0632911392405062, 1.0, 1.5, 1.0, 11.5, 1.0225563909774436, 1.0, 26.0, 1.0725158562367865, 1.0, 1.3333333333333333, 1.0, 1.3404255319148937, 1.0, 1.0, 1.002854781759447, 1.2727272727272727, 1.0, 2.2666666666666666, 1.0, 1.0731343283582089, 1.625, 1.093061224489796, 1.2547169811320755, 1.1428571428571428, 1.0880829015544042, 1.7777777777777777, 1.34375, 1.0, 1.1597633136094674, 1.0108375320847989, 1.1514930808448653, 1.0895601483836779, 1.1896551724137931, 1.5, 1.0155642023346303, 1.3793103448275863, 1.3333333333333333, 1.0030211480362539, 1.0609499789827659, 1.0, 1.2857142857142858, 21.0, 1.0539568345323742, 1.2, 4.833333333333333, 1.0, 1.0, 30.0, 1.129750982961992, 2.0, 1.1666666666666667, 1.0, 1.2293577981651376, 1.120734908136483, 1.0, 2.0, 1.244299674267101, 1.0, 1.2291666666666667, 1.4, 27.0, 1.0, 1.0678571428571428, 1.6, 1.0126582278481013, 1.098360655737705, 4.5, 1.1304347826086956, 1.1046511627906976, 1.0283505154639174, 1.0847457627118644, 2.0, 1.0301974448315911, 1.3681318681318682, 1.0, 1.0384615384615385, 2.4, 1.2188420019627086, 1.0, 1.0, 1.0921787709497206, 23.0, 1.0, 1.0, 1.0, 1.0, 3.0, 1.903225806451613, 2.4615384615384617, 1.0, 1.337386018237082, 1.1643835616438356, 1.2045454545454546, 1.0, 1.052991452991453, 1.0522552255225524, 1.116686114352392, 1.0, 2.3333333333333335, 1.2007299270072993, 1.0, 1.0502958579881656, 2.0, 1.0, 1.0, 2.0, 1.0, 1.5217391304347827, 1.0, 1.0, 1.0549126389834353, 1.0131508319914118, 1.0, 1.2095096582466567, 1.1354100445009536, 1.0, 1.006861063464837, 1.1168831168831168, 1.0, 1.2485875706214689, 1.0177777777777777, 1.3333333333333333, 1.3333333333333333, 1.0291958340447327, 1.4, 1.3125, 1.1688500727802038, 1.1896869244935544, 1.1379310344827587, 1.0919967899613336, 1.0018115942028984, 17.0, 3.6, 1.1176470588235294, 1.1946488294314381, 1.2317073170731707, 1.0343638052275441, 1.1062874251497006, 1.234375, 1.1797752808988764, 1.0, 1.5, 1.0, 9.666666666666666, 1.2857142857142858, 1.0, 1.2945205479452055, 1.353846153846154, 1.0, 1.1187739463601531, 2.4285714285714284, 2.2, 1.0, 1.5, 1.0, 1.320754716981132, 1.0, 1.1666666666666667, 1.0, 1.0226401314588278, 1.1720067453625633, 1.2083333333333333, 1.0, 1.1568627450980393, 1.46875, 1.0, 1.0096852300242132, 1.0534787123572171, 1.603448275862069, 1.7857142857142858, 1.0, 1.0, 1.0, 13.5, 1.0, 1.3076923076923077, 1.021410579345088, 1.5, 12.5, 10.0, 1.5668449197860963, 1.0, 1.0716332378223496, 1.1666666666666667, 8.0, 1.0104204887355985, 1.0, 1.0, 1.1954887218045114, 1.2929936305732483, 1.2, 1.1428571428571428, 1.230263157894737, 1.2777777777777777, 2.0, 1.0371024734982333, 1.0, 1.009523157029323, 1.0, 1.0, 1.1515151515151516, 2.0, 2.3636363636363638, 1.116304347826087, 1.3295454545454546, 1.0, 1.3779527559055118, 1.0, 1.2677966101694915, 1.171875, 2.0, 1.0, 1.2608695652173914, 1.0315862547726484, 1.1, 10.666666666666666, 1.9411764705882353, 1.3846153846153846, 1.0, 2.0588235294117645, 1.134453781512605, 1.11482254697286, 1.0196078431372548, 1.0411140583554377, 1.0586868999690306, 1.0, 3.25, 1.1428571428571428, 1.0125523012552302, 13.0, 1.3314606741573034, 1.0, 1.1884057971014492, 1.0, 1.1215733015494636, 1.0, 1.0666666666666667, 2.0, 1.0144742443593018, 1.0, 1.0726643598615917, 1.0327868852459017, 1.0677966101694916, 1.5, 1.0514851485148515, 1.0, 1.3333333333333333, 1.380952380952381, 1.1328125, 1.5, 3.0, 1.0, 1.2, 1.0, 1.0, 1.0, 1.5517241379310345, 1.1045296167247387, 1.5384615384615385, 2.073170731707317, 1.8571428571428572, 1.0451127819548873, 2.25, 1.0184115523465704, 1.1794871794871795, 1.0, 1.0, 1.0271231658514897, 1.0, 1.0, 1.16, 1.0, 1.0, 1.0, 1.0455066921606118, 1.1873417721518988, 1.4384615384615385, 1.0151574038087836, 4.0, 1.3636363636363635, 2.0, 1.0833333333333333, 1.0, 1.0, 1.0, 1.0746897163120568, 1.0, 1.084097859327217, 2.0, 1.0, 1.123513710264499, 1.0727272727272728, 1.0, 1.0, 2.0, 1.3333333333333333, 3.0, 1.0566265060240965, 1.0, 1.0675, 1.0, 4.2, 1.0, 28.0, 1.0, 1.75, 1.0, 1.0, 1.0, 1.606060606060606, 1.1606425702811245, 1.2, 1.0473083197389885, 17.0, 1.0, 1.6666666666666667, 1.3636363636363635, 1.0, 1.6666666666666667, 1.12, 1.0, 1.1304347826086956, 1.5, 1.320754716981132, 1.5, 1.1655263157894737, 1.0316122233930454, 1.2272727272727273, 1.1182926829268294, 1.0, 24.0, 1.0, 1.0, 1.0, 1.2916666666666667, 1.446808510638298, 1.0803072625698324, 1.0, 1.4128440366972477, 1.40625, 1.0, 1.1203703703703705, 1.0, 1.0, 1.0, 1.391304347826087, 2.0, 1.5768321513002364, 1.0, 21.0, 1.4444444444444444, 1.1935483870967742, 1.185483870967742, 1.6538461538461537, 1.0, 2.0, 1.5142857142857142, 18.0, 1.0, 1.1235113330772186, 4.0, 1.013353115727003, 1.1258278145695364, 1.6666666666666667, 22.0, 1.5, 1.000687757909216, 2.0, 1.263157894736842, 1.0, 1.0069252077562327, 1.027027027027027, 22.0, 1.183673469387755, 1.2647058823529411, 2.0, 1.0, 2.0, 1.5308641975308641, 2.6923076923076925, 1.1686746987951808, 1.003030303030303, 1.1172199170124482, 1.0226876090750436, 1.0, 1.0, 1.3076923076923077, 1.1731843575418994, 1.7826086956521738, 1.046242774566474, 1.0, 1.0519598906107566, 21.0, 14.0, 22.0, 26.0, 1.3548387096774193, 1.0, 1.0, 1.0, 1.0447219983883964, 19.0, 1.0743006993006994, 2.0, 2.0, 1.5, 3.4782608695652173, 1.0, 1.5714285714285714, 1.4, 1.2222222222222223, 1.0, 1.3, 1.0, 1.0, 2.0, 2.111111111111111, 1.0660377358490567, 1.0654993514915694, 1.0476190476190477, 1.0098741529525654, 1.0, 1.0263157894736843, 1.6666666666666667, 1.038655462184874, 2.0, 1.9743589743589745, 1.0, 1.1622760800842993, 1.0, 1.0, 1.21160409556314, 1.380952380952381, 1.0634659651430451, 1.3364928909952607, 1.0047855370436016, 1.3630136986301369, 28.0, 2.0, 1.016707364092019, 1.535, 1.0, 1.0, 1.0365853658536586, 1.0, 1.3333333333333333, 1.0961436872688854, 1.1111111111111112, 1.0, 1.0466222645099905, 1.5, 1.2666666666666666, 1.0, 1.0629114850036576, 1.0, 3.0, 1.0120307622020863, 11.0, 1.875, 1.0, 1.5714285714285714, 1.0, 1.0575221238938053, 8.0, 19.0, 1.137037037037037, 1.0389986824769433, 1.050575514475061, 1.004566210045662, 1.0202808112324493, 1.375, 1.375, 1.0569620253164558, 1.138121546961326, 16.0, 1.0, 1.037037037037037, 1.6, 1.5925925925925926, 1.0, 1.0, 2.0, 17.0, 1.5, 2.0, 1.0040160642570282, 1.0792079207920793, 1.379182156133829, 20.0, 1.1713554987212276, 1.125, 1.0, 1.0277777777777777, 2.0, 3.0, 1.125, 1.1205673758865249, 2.0, 1.0, 1.3376623376623376, 1.1222780569514237, 1.3865546218487395, 1.0, 14.0, 1.0, 1.0, 1.0, 1.0, 1.0046317739694304, 1.0207373271889402, 1.026755031909671, 1.0123247945867568, 1.3826530612244898, 1.0, 2.64, 1.0747761979989467, 1.1082474226804124, 2.0, 1.0, 1.0, 1.1114058355437666, 1.0528746247979681, 2.0, 1.2727272727272727, 1.2380952380952381, 1.1111111111111112, 1.0195806837499213, 1.0, 32.0, 1.1878453038674033, 1.0, 1.0, 1.049717057396928, 1.0, 1.0, 1.0, 1.25, 1.2173913043478262, 1.3181818181818181, 1.0422077922077921, 1.2962962962962963, 1.5465116279069768, 1.006578947368421, 1.0, 1.0747581354441513, 1.0143249313701024, 23.0, 25.0, 20.0, 2.782608695652174, 1.1653386454183268, 1.0358744394618835, 2.0, 1.044793152639087, 1.4, 1.0, 1.3333333333333333, 2.0, 1.039301310043668, 1.3333333333333333, 1.0, 2.0, 1.6470588235294117, 1.0703986429177268, 1.2121212121212122, 2.0, 1.375, 3.5, 1.2033898305084745, 1.1239984738649371, 1.0443878092810874, 1.1119402985074627, 1.1108179419525066, 1.2797927461139897, 1.0738853503184713, 1.0, 1.0, 1.0629213483146067, 1.0047675804529201, 1.2777777777777777, 1.0538783093358104, 1.446351931330472, 1.0, 1.0012224938875305, 1.0454545454545454, 1.619047619047619, 1.1, 1.0666666666666667, 1.125, 1.4, 1.0507719069362904, 21.0, 1.2301790281329923, 1.0068295034549253, 1.0294117647058822, 1.0, 1.0130729769981797, 1.0, 5.75, 1.48, 1.1794871794871795, 1.0, 23.0, 1.0, 1.0, 1.0133587786259541, 1.0, 1.0301745635910224, 1.0609756097560976, 1.0, 2.388888888888889, 1.2901785714285714, 1.1965811965811965, 1.0, 17.0, 1.5192307692307692, 1.0, 1.174863387978142, 1.0477489768076398, 1.125, 1.0256642512077294, 1.4305555555555556, 1.4615384615384615, 1.007348863006101, 1.0, 14.0, 1.0909090909090908, 1.0, 1.5696202531645569, 1.5, 3.0, 1.5, 1.0, 1.380281690140845, 1.0, 1.2103174603174602, 1.1931330472103003, 1.0, 1.0, 1.5, 1.0, 1.0, 1.0, 1.180722891566265, 1.1111111111111112, 1.5797101449275361, 1.2195121951219512, 1.4, 1.2394366197183098, 1.0, 1.2608695652173914, 1.0, 1.0, 1.0, 1.0147731269785438, 1.75, 1.2377450980392157, 1.0688622754491017, 1.0, 1.0, 1.0, 1.0, 21.0, 1.0075376884422111, 2.0, 1.02, 1.4285714285714286, 1.0149783208513994, 20.0, 1.3333333333333333, 1.0109710168658916, 1.3333333333333333, 1.1090909090909091, 2.736842105263158, 1.0971428571428572, 1.5, 1.0, 1.2668161434977578, 1.253968253968254, 1.25, 3.0, 1.2608695652173914, 27.0, 1.0, 1.0, 1.0, 1.3428571428571427, 1.25, 1.1623396934626211, 1.095904095904096, 1.0, 1.0, 1.0, 1.0433333333333332, 1.0233425708804094, 1.068890814558059, 1.0, 1.2252032520325202, 1.0062646828504307, 1.5, 1.0, 1.0044776119402985, 1.0, 1.875, 1.0, 1.5128205128205128, 1.0, 1.2956521739130435, 1.3065693430656935, 1.0737704918032787, 1.555084745762712, 1.6666666666666667, 1.0, 1.4242424242424243, 1.4, 22.0, 3.0, 2.0, 1.1428571428571428, 1.0519195612431445, 1.0174927113702623, 1.5, 4.5, 2.0, 1.5, 1.1337386018237081, 1.075, 1.7142857142857142, 1.2127659574468086, 3.7142857142857144, 4.0, 1.2, 24.0, 1.0, 1.0, 1.5, 1.1044776119402986, 1.0811075716736094, 1.6666666666666667, 1.0, 20.0, 1.0412938747419134, 1.0859375, 1.07451403887689, 1.0, 1.0235849056603774, 1.0434782608695652, 1.3387096774193548, 1.0, 1.6206896551724137, 1.0488245931283906, 1.1030927835051547, 1.263157894736842, 4.0, 1.1176470588235294, 1.0, 1.0769230769230769, 1.0471028037383177, 1.0, 1.14066985645933, 1.5, 18.0, 1.0, 1.0769230769230769, 1.115702479338843, 28.0, 1.0, 1.2, 1.215151515151515, 1.169811320754717, 1.0833333333333333, 2.0, 1.2857142857142858, 1.0340909090909092, 6.0, 1.2871287128712872, 1.0109510086455331, 1.0736906211936663, 1.1428571428571428, 1.0, 1.0, 1.2380952380952381, 2.033333333333333, 1.2555066079295154, 21.0, 1.0, 1.16, 1.0, 1.0555555555555556, 1.018345407805562, 9.666666666666666, 1.3076923076923077, 1.2549019607843137, 1.2485207100591715, 1.0160183066361557, 2.0, 1.0097542437294147, 1.2396694214876034, 1.0076169749727966, 1.0, 1.2567567567567568, 1.0894472361809044, 1.0808823529411764, 1.0547063555913114, 26.0, 23.0, 1.0, 29.0, 1.1982633863965269, 1.2181818181818183, 1.2370129870129871, 1.16, 1.085812356979405, 1.084985835694051, 1.375, 1.0089974293059125, 1.0448979591836736, 7.5, 1.00990099009901, 1.5555555555555556, 2.0, 14.0, 1.0, 2.1739130434782608, 1.1282051282051282, 1.0, 1.0169552025700517, 2.111111111111111, 1.0145083288554542, 1.4166666666666667, 2.0, 1.1889880952380953, 1.4, 1.065625, 1.0, 1.1, 1.0126173708920188, 1.0245775729646698, 3.25, 1.0, 1.451219512195122, 1.6, 1.0, 1.2608695652173914, 4.285714285714286, 1.1129032258064515, 1.0666666666666667, 1.0608108108108107, 1.125, 1.0, 1.1114632857897517, 2.0, 1.5, 1.0, 1.1134020618556701, 1.0, 1.0227754237288136, 1.0, 1.0541237113402062, 1.4782608695652173, 2.0, 1.2403628117913832, 1.0351944958983859, 1.0851851851851853, 1.1847133757961783, 1.032258064516129, 1.4285714285714286, 1.019365250134481, 1.0622131565527793, 2.0, 1.0, 1.0, 1.1890909090909092, 1.2203389830508475, 1.0, 1.0454545454545454, 1.5161290322580645, 1.0891758917589176, 1.20817843866171, 2.0, 1.7872340425531914, 4.0, 1.0319634703196348, 1.0193236714975846, 1.4, 1.0640473627556513, 1.0, 1.0, 1.1566018423746163, 1.0, 1.231111111111111, 1.1477272727272727, 2.5, 1.6, 1.2830188679245282, 1.2666666666666666, 1.0, 1.3658536585365855, 31.0, 1.0638297872340425, 1.3636363636363635, 2.8, 1.060145808019441, 1.0, 1.25, 1.0, 26.0, 1.0, 1.0145067698259187, 1.170731707317073, 1.2013888888888888, 1.0, 1.0, 1.1428571428571428, 1.054968287526427, 1.064516129032258, 1.5947712418300655, 1.3571428571428572, 1.0097219082070992, 1.0564764841942946, 2.0, 1.171641791044776, 1.0425716768027802, 1.0, 1.0, 1.0, 1.1993127147766323, 1.2789330922242315, 1.0, 1.0, 1.2956204379562044, 1.0, 1.0769230769230769, 1.0, 1.4, 1.2835820895522387, 1.1666666666666667, 1.0040705563093624, 1.0890052356020943, 1.0, 1.5396825396825398, 1.1724137931034482, 1.0344827586206897, 1.08582995951417, 1.3121495327102803, 1.0245859213250517, 1.0, 1.0, 2.0, 1.1968503937007875, 1.0451063829787235, 1.0014471780028944, 1.0001344025805294, 6.2, 1.0, 1.1967871485943775, 1.0, 1.5, 1.197452229299363, 1.0, 8.666666666666666, 8.0, 17.0, 1.0666666666666667]
origin-census_12.27 	max: 32.0000	99th: 26.0000	95th: 13.5250	median: 1.1168	mean: 2.4551

...Done, result: results.csv

WORKLOAD-FINISHED | Type: QueryWorkload | Progress: 3/3 | Workload-time: 87.159282 | Model-update-time: 0.000000


Experiment Summary: #data-update-times=1, #drift=1 | total-time=178.039580