Input arguments = Namespace(data_update='valueskew', update_size=8000, dataset='census', debug=False, drift_test='js', model_update='adapt', model='naru', end2end=False, query_seed=0, random_seed=42, num_workload=3)
JSON-passed parameters = {'data_updater': {'skew_ratio': '1e-2'}, 'random_seed': 44, 'naru': {'epochs': 0}}
MODEL-PATH=/home/kangping/code_copy/SAUCE/models/end2end/naru/origin-census-22.5MB-model27.255-data14.989-300epochs-seed0.pt
DATASET-PATH=/home/kangping/code_copy/SAUCE/data/census/end2end/census_int.npy
Workloads: ['QueryWorkload', 'DataUpdateWorkload', 'QueryWorkload']

WORKLOAD-START | Type: QueryWorkload | Progress: 1/3
Going to run: ['python', '/home/kangping/code_copy/SAUCE/Naru/eval_model.py', '--dataset=census', '--model=naru', '--query_seed=0', '--end2end', '--eval_type=first_estimate', '--num_workload=3', '--data_update=valueskew', '--model_update=adapt', '--random_seed=42']
Torch device: cuda:1
GET-MODEL-PATH=./models/end2end/naru/origin-census-22.5MB-model27.255-data14.989-300epochs-seed0.pt
ckpts [PosixPath('/home/kangping/code_copy/SAUCE/models/end2end/naru/origin-census-22.5MB-model27.255-data14.989-300epochs-seed0.pt')]
Validate Argument: DATASET="census" is valid.
load_csv_dataset - census (32561, 13)
Parsing... done, took 0.0s
Loading ckpt: /home/kangping/code_copy/SAUCE/models/end2end/naru/origin-census-22.5MB-model27.255-data14.989-300epochs-seed0.pt
query_seed:0
origin-census_12.27 	max: 5.0000	99th: 3.0000	95th: 2.0000	median: 1.0460	mean: 1.2061
ReportEsts: [1.0, 1.1648590021691974, 1.204225352112676, 2.0, 1.0153846153846153, 1.0836909871244635, 1.0, 1.2142857142857142, 1.0, 1.0, 1.0, 1.1768707482993197, 2.142857142857143, 1.1369863013698631, 1.3178807947019868, 1.5, 1.0686274509803921, 1.0, 1.0, 1.0, 3.0, 2.0, 1.2620423892100192, 2.5, 1.0258064516129033, 1.4, 1.0, 1.0112251443232843, 1.0, 1.041147425346814, 1.0227391531625718, 1.3513513513513513, 1.0166666666666666, 1.1111111111111112, 1.0, 1.25, 1.5, 1.0208333333333333, 1.125, 1.0195545898967953, 1.0, 1.0, 1.0, 1.0, 1.0, 1.108695652173913, 1.0, 1.0305581540380417, 1.0, 4.0, 1.0, 1.2727272727272727, 1.0, 1.2, 1.0504587155963303, 1.0, 1.0, 1.75, 1.0037537537537538, 1.0, 1.1123595505617978, 1.0909090909090908, 1.1923076923076923, 1.1923076923076923, 1.0, 1.0, 1.0, 1.004885993485342, 1.0, 1.1666666666666667, 1.3846153846153846, 1.2222222222222223, 1.6666666666666667, 1.0, 1.0354306658521686, 1.0, 1.0, 1.3333333333333333, 2.0, 1.0, 1.0, 1.0, 1.0, 1.3333333333333333, 1.2767857142857142, 1.1538461538461537, 1.0, 1.1219512195121952, 1.0433972806854164, 1.0, 1.0612244897959184, 1.0, 1.0163934426229508, 2.0, 1.047945205479452, 1.5, 1.0754504504504505, 1.5, 1.5483870967741935, 1.5, 1.0, 1.0, 1.0, 1.0, 1.0, 1.0256410256410255, 1.0299065420560747, 1.1851851851851851, 1.1574344023323615, 1.0666666666666667, 1.463768115942029, 1.0, 1.3043478260869565, 1.3333333333333333, 1.5454545454545454, 1.0, 3.0, 1.103448275862069, 3.0, 1.0136986301369864, 2.0, 1.1464, 1.0582822085889572, 1.25, 1.0102509720749382, 1.1, 1.0067258541834814, 1.0503597122302157, 1.2580645161290323, 1.1180400890868596, 1.0, 1.0142475512021372, 1.0, 1.0, 2.0, 1.0, 1.0668859649122806, 1.0, 1.5, 1.5555555555555556, 1.0, 2.3333333333333335, 1.0, 1.0, 2.0, 1.0, 1.0, 1.1818181818181819, 1.0121757543673902, 1.0990990990990992, 1.105263157894737, 1.2, 2.0, 1.0, 1.0, 1.5, 1.5, 1.0, 1.0, 1.3333333333333333, 1.04, 1.5, 1.625, 1.0769230769230769, 1.2108108108108109, 1.0119760479041917, 1.0058479532163742, 1.0076527698458024, 1.020419426048565, 1.160621761658031, 1.1182089552238805, 1.0, 1.0, 1.0, 1.588235294117647, 1.5433673469387754, 1.5, 1.1309823677581865, 1.1236316806181583, 1.0303030303030303, 1.0, 1.248, 1.0888888888888888, 1.0535714285714286, 1.3157894736842106, 1.0167249126310534, 1.5, 1.0, 1.0942760942760943, 1.0353697749196142, 1.6578947368421053, 1.0909090909090908, 1.010182334833057, 1.0, 1.0666666666666667, 1.1111111111111112, 1.0316920322291854, 1.0, 1.0, 1.1314285714285715, 1.0, 1.0625, 1.3592233009708738, 1.0666666666666667, 2.0, 1.5555555555555556, 1.0, 1.039222741993523, 4.0, 1.0, 1.0214797136038185, 1.0, 1.1538461538461537, 2.3333333333333335, 1.0, 1.1285714285714286, 1.0576923076923077, 1.0533451223106396, 1.0520231213872833, 1.2328767123287672, 1.0, 1.2857142857142858, 1.0396694214876032, 1.1063829787234043, 2.0, 1.2331838565022422, 1.0, 1.0, 1.0, 1.0, 1.0, 1.368421052631579, 1.0714285714285714, 1.1176470588235294, 1.0, 1.0, 1.0, 1.4, 1.0730411686586985, 1.0, 1.0, 1.0056179775280898, 2.0, 1.0, 1.0, 1.1666666666666667, 1.5263157894736843, 1.0, 1.0, 1.0638297872340425, 1.0, 1.0123456790123457, 1.364963503649635, 1.0, 1.0, 1.0, 2.5, 1.0565217391304347, 1.7333333333333334, 1.0396305125148988, 1.0, 1.0, 1.4444444444444444, 1.0285714285714285, 1.3333333333333333, 1.0, 1.4545454545454546, 1.0307692307692307, 2.0, 1.2142857142857142, 1.2058823529411764, 1.0, 1.0, 2.0, 1.0402523933855528, 1.009671179883946, 1.0, 1.0112994350282485, 1.0, 1.0, 1.9090909090909092, 1.2682926829268293, 1.027237354085603, 1.25, 1.0706168831168832, 1.0, 1.1173184357541899, 1.5, 1.0583333333333333, 1.0, 1.1538461538461537, 1.013662239089184, 1.5, 1.0033185840707965, 1.1696428571428572, 1.0, 1.0, 1.0384615384615385, 1.071464267866067, 1.1, 1.2222222222222223, 2.0, 1.0, 1.105263157894737, 1.0845070422535212, 1.0566037735849056, 2.0, 1.1237113402061856, 1.4, 1.0, 1.0, 1.0, 1.0, 1.07035175879397, 1.0, 1.0, 1.0, 1.0182440136830102, 1.0, 1.015177065767285, 1.0, 1.018120393120393, 1.0476190476190477, 1.0, 1.1125975473801561, 1.2727272727272727, 1.0, 1.0419397116644824, 1.0, 1.0754659333944394, 1.0, 1.123728813559322, 1.0, 1.0011856770215792, 1.0, 1.0, 2.0, 2.0, 3.0, 1.2212389380530972, 1.05, 1.09375, 1.0, 1.0, 1.0392156862745099, 3.0, 1.0119047619047619, 1.0, 1.5, 1.0, 1.0, 1.6666666666666667, 1.3636363636363635, 1.0, 1.2, 1.0032736044107513, 1.1428571428571428, 1.3333333333333333, 1.0, 1.0, 1.0918754745634016, 1.3333333333333333, 1.0, 1.1224489795918366, 1.0, 1.0476190476190477, 1.0, 1.1253776435045317, 1.072072072072072, 1.0, 1.1735015772870663, 1.2916666666666667, 1.0, 1.0, 3.0, 1.0, 1.0, 1.0588235294117647, 1.0, 1.1538461538461537, 1.305732484076433, 1.0, 1.2604166666666667, 1.1428571428571428, 1.0, 1.0114942528735633, 1.0, 1.0, 1.0, 2.0, 2.0, 1.4281767955801106, 1.0, 1.0, 1.4444444444444444, 1.6153846153846154, 1.09375, 1.5348837209302326, 1.0, 1.0, 1.1428571428571428, 1.1129032258064515, 1.0, 1.0208333333333333, 1.1587301587301588, 1.0, 1.022799575821845, 1.0648148148148149, 1.04, 1.0357142857142858, 1.5333333333333334, 1.0, 1.0, 1.0, 1.25, 1.2959183673469388, 1.2608695652173914, 4.0, 1.4320987654320987, 1.0769230769230769, 1.45, 1.0, 1.0274089935760171, 1.0, 1.1818181818181819, 1.0725738396624473, 1.1182432432432432, 1.1333333333333333, 1.32, 1.1686746987951808, 1.0, 1.0, 1.0150375939849625, 1.0, 1.0076923076923077, 1.0, 1.0762124711316396, 1.0, 1.0055096418732783, 1.0, 1.5, 1.0833333333333333, 1.0, 1.0, 2.0, 1.5625, 1.0, 1.0, 1.2132132132132132, 1.017094017094017, 1.0213903743315509, 1.119047619047619, 1.2608695652173914, 1.0, 1.0666666666666667, 1.3981481481481481, 1.0, 1.0161885245901638, 1.0490045941807045, 1.0, 1.02475106685633, 1.0909090909090908, 1.0, 1.0789473684210527, 2.0, 1.1111111111111112, 1.0, 1.0, 1.0374799786438869, 1.0602836879432624, 1.0545454545454545, 1.0, 1.0, 1.5, 1.0879120879120878, 1.010989010989011, 1.0769230769230769, 1.0151515151515151, 1.0, 2.0, 1.0, 1.0, 1.417989417989418, 1.0, 1.0, 1.0, 1.0, 1.1310861423220975, 1.0, 1.0, 1.0, 1.0, 1.7954545454545454, 1.0, 1.1538461538461537, 1.0909090909090908, 2.090909090909091, 1.1978891820580475, 1.0177121771217712, 1.4305555555555556, 1.0, 2.0, 1.0434782608695652, 1.2857142857142858, 1.0, 1.0578687367678192, 1.2612826603325415, 1.2857142857142858, 1.0, 1.0145719489981786, 1.0, 1.0, 1.0080993520518358, 1.0321027287319422, 1.0833333333333333, 1.0575284090909092, 1.081710213776722, 1.5714285714285714, 2.0, 1.0298507462686568, 1.0150862068965518, 1.026936026936027, 1.0, 1.2564102564102564, 1.1818181818181819, 1.168, 1.3142857142857143, 3.0, 1.1673976608187135, 1.0138662316476346, 1.0, 1.309090909090909, 2.4, 1.0816326530612246, 1.5714285714285714, 1.0372140662342095, 1.1206896551724137, 1.0, 1.5, 1.0, 1.21875, 1.0, 1.1375, 1.188183807439825, 1.0269034640407948, 1.013719512195122, 1.106060606060606, 1.0, 1.0396085740913328, 2.0, 1.183673469387755, 1.0, 1.2662337662337662, 1.0, 1.0, 2.0, 2.0, 2.0, 1.0, 2.0, 1.051948051948052, 1.0, 1.2727272727272727, 1.0466701625589931, 1.0279955207166853, 1.13903743315508, 1.03, 1.0510204081632653, 1.0, 1.0, 1.0, 1.0, 1.0468920392584515, 1.0, 1.0326463614809411, 1.5, 2.0, 1.2702702702702702, 1.0153846153846153, 1.1119402985074627, 1.0, 1.118800461361015, 1.0, 1.4848484848484849, 1.2, 1.0, 1.5, 1.0625, 2.6666666666666665, 1.0, 1.0, 2.0, 1.0, 1.0408487177345251, 1.013019529293941, 1.0, 1.3125, 1.0909090909090908, 1.04, 1.0154142581888246, 1.0, 1.1786941580756014, 1.8, 1.0801186943620178, 2.0, 1.0, 1.0939490445859872, 1.0, 1.0, 1.0, 1.0216299729625338, 1.336283185840708, 1.1875, 1.0178571428571428, 1.0266666666666666, 2.0, 1.6666666666666667, 1.0, 1.2727272727272727, 2.0, 1.027538726333907, 1.0, 1.0252100840336134, 1.0961968680089484, 1.5384615384615385, 1.0, 1.0795454545454546, 1.0, 1.0, 1.0191271551724137, 1.0, 1.0619469026548674, 1.4285714285714286, 1.2, 1.0068004826148953, 1.0, 1.4, 1.1829268292682926, 1.0443037974683544, 1.0949323549644576, 1.0, 1.0460251046025104, 1.25, 1.0342465753424657, 1.0, 1.0, 1.4615384615384615, 1.125, 1.0742128935532234, 1.1324503311258278, 1.0061943476577624, 1.064676616915423, 1.2857142857142858, 1.0919540229885059, 1.5, 1.0, 1.0363636363636364, 1.0209424083769634, 1.0333333333333334, 1.0, 1.4, 1.2366666666666666, 1.0, 1.0, 1.0714285714285714, 1.0, 1.0952380952380953, 1.0184108527131783, 1.0, 1.076271186440678, 1.5, 1.0, 1.0, 1.0, 1.3265306122448979, 1.0434782608695652, 1.0413223140495869, 1.6206896551724137, 1.0, 1.0, 1.1522633744855968, 1.0006548788474132, 1.0, 1.0, 1.0, 1.0360360360360361, 1.0714285714285714, 1.0, 3.0, 1.0356571095910347, 1.3333333333333333, 1.0, 1.0, 1.0730593607305936, 1.25, 1.3125, 1.018018018018018, 1.75, 1.4259259259259258, 2.0, 1.0, 1.0, 1.5666666666666667, 1.0, 1.0923790986674653, 1.125, 1.0277777777777777, 1.0, 1.0493956910141882, 1.0058772311710926, 2.0, 1.015075376884422, 1.0, 1.0, 1.0284253271168597, 2.0, 1.0465116279069768, 2.0, 1.184782608695652, 1.0, 1.3333333333333333, 1.048780487804878, 2.0, 1.0, 1.3333333333333333, 1.6666666666666667, 1.0311572700296736, 1.426356589147287, 1.1428571428571428, 1.042857142857143, 1.0, 1.25, 1.15, 1.0454545454545454, 1.0, 1.0, 1.0, 1.0277777777777777, 1.0368950646861523, 1.0, 1.5, 2.0, 1.0, 1.0, 1.0, 1.0963855421686748, 1.0349003776533403, 1.0535803705558338, 1.0, 1.1734693877551021, 1.0154205607476636, 3.0, 1.2142857142857142, 1.0090252707581226, 1.0, 1.2173913043478262, 1.0, 1.2356687898089171, 1.0638297872340425, 1.060377358490566, 1.0085533655634065, 1.0218978102189782, 1.2048929663608563, 1.0, 1.1380510440835268, 1.0275862068965518, 1.5, 1.0047169811320755, 1.0046457607433217, 1.0, 1.0, 1.0, 1.0147270114942528, 1.0096153846153846, 1.0338983050847457, 1.2692307692307692, 1.2833333333333334, 2.0, 1.099009900990099, 1.4285714285714286, 1.0, 1.0625, 1.0, 1.225, 1.0, 1.4285714285714286, 1.0198732225458282, 1.0266666666666666, 1.0121951219512195, 1.0, 1.013067677663951, 1.0, 1.0588235294117647, 1.0, 1.0627177700348431, 1.0, 1.0, 1.0, 1.0, 1.0677710843373494, 1.0, 1.0, 1.0, 1.0847457627118644, 1.0142005112184038, 1.38, 1.0, 1.9411764705882353, 1.040377358490566, 1.0679120879120878, 1.0, 1.300751879699248, 1.0, 1.3142857142857143, 1.0638977635782747, 1.5, 1.0, 1.3333333333333333, 1.0606060606060606, 1.1943699731903485, 1.0, 1.0, 1.0, 1.25, 1.2535211267605635, 1.0909090909090908, 1.1180124223602483, 1.05, 1.1065573770491803, 1.1479591836734695, 1.0754098360655737, 1.0411867364746945, 1.04519368723099, 1.0952380952380953, 1.0, 1.6428571428571428, 1.175, 1.0952380952380953, 1.0088105726872247, 1.0, 1.3636363636363635, 1.0416413988275723, 1.3297872340425532, 1.0093938059591956, 1.0, 2.0, 1.0642828973314054, 1.0, 1.0, 1.0, 1.0, 1.6666666666666667, 1.0, 1.1219512195121952, 1.0217391304347827, 1.0, 1.0, 1.0126262626262625, 1.1310362173038229, 1.0401459854014599, 1.0, 1.1125, 1.0425531914893618, 1.0459418070444104, 1.0638297872340425, 1.154235145385588, 1.0, 1.0889795918367347, 1.0, 1.1666666666666667, 1.0531996915959907, 1.0924574209245743, 3.0, 1.2702702702702702, 1.2962962962962963, 2.0, 3.0, 1.0, 1.1333333333333333, 1.0636363636363637, 1.0, 2.857142857142857, 3.0, 2.0, 3.0, 1.0140625, 1.3725490196078431, 1.75, 1.1272727272727272, 1.1666666666666667, 1.0, 1.183206106870229, 1.0035661218424963, 1.0535590877677954, 1.0040371417036738, 1.6666666666666667, 1.6, 3.0, 1.0, 1.0, 1.2222222222222223, 1.0431432973805854, 1.0, 1.204989154013015, 1.0, 1.2439024390243902, 1.1666666666666667, 1.0, 1.3956043956043955, 1.1578073089700998, 1.0952380952380953, 1.1573033707865168, 1.2, 1.2181208053691275, 1.0961538461538463, 1.5, 1.0, 1.077562326869806, 1.5, 1.0, 1.0, 1.0, 1.1896969696969697, 1.0078043704474506, 1.0, 1.024390243902439, 1.3333333333333333, 1.0256410256410255, 1.1122448979591837, 1.0, 2.0, 1.0095238095238095, 1.1241830065359477, 1.019365250134481, 1.0886185925282363, 1.1554054054054055, 1.0, 1.0, 1.0558375634517767, 1.0, 1.05, 1.0858085808580857, 1.2120141342756183, 1.0, 1.0, 1.1317073170731706, 1.6666666666666667, 1.0, 1.0, 1.0107635046775978, 1.0, 1.0869565217391304, 2.0, 1.0, 1.0, 1.0263157894736843, 1.0909090909090908, 1.3214285714285714, 1.0405797101449274, 1.5, 1.1142857142857143, 1.0, 1.0, 1.0, 1.0610217596972564, 1.181198910081744, 1.0160680529300568, 1.3333333333333333, 1.0, 1.173049645390071, 1.3333333333333333, 1.12, 1.4231499051233396, 1.5833333333333333, 1.0978539082496555, 1.010886469673406, 1.375, 1.0, 1.5, 1.0, 1.2033898305084745, 1.0, 1.0402745533461188, 1.1894790602655771, 1.2, 1.0, 1.3660714285714286, 1.0, 1.6666666666666667, 1.0, 1.3333333333333333, 1.3111111111111111, 1.0, 5.0, 1.0080091533180777, 1.0, 1.0, 1.0, 1.24, 1.0154440154440154]
origin-census_12.27 	max: 5.0000	99th: 3.0000	95th: 2.0000	median: 1.0460	mean: 1.2061

...Done, result: results.csv

WORKLOAD-FINISHED | Type: QueryWorkload | Progress: 1/3 | Workload-time: 83.296556 | Model-update-time: 0.000000


WORKLOAD-START | Type: DataUpdateWorkload | Progress: 2/3
Going to run: ['python', '/home/kangping/code_copy/SAUCE/Naru/eval_model.py', '--model=naru', '--data_update=valueskew', '--dataset=census', '--drift_test=js', '--end2end', '--update_size=8000', '--query_seed=0', '--eval_type=drift']
Torch device: cuda:1
GET-MODEL-PATH=./models/end2end/naru/origin-census-22.5MB-model27.255-data14.989-300epochs-seed0.pt
GET-DATASET-PATH=./data/census/end2end/census_int.npy
ValueSample - START
ValueSample - END
load_npy_dataset_from_path - df.shape = (39073, 13)
Parsing... done, took 0.0s
Data updated!
Previous data size: (32561, 13), new data size: (6512, 13)
[2.3245811e-06 2.6643276e-05 7.1525574e-06 3.6187708e-02 3.2186508e-06
 8.9406967e-07 1.7285347e-06 2.2053719e-06 5.9604645e-08 2.3841858e-07
 6.4969063e-06 1.2099743e-05 5.9604645e-08]
Distance score: 0.0027885253075510263
SAUCE Drift detection: True
Detection latency: 0.0037s

DRIFT-DETECTED after 2-th workload
Going to run: ['python', '/home/kangping/code_copy/SAUCE/Naru/incremental_train.py', '--dataset=census', '--end2end', '--model=naru', '--model_update=adapt', '--update_size=8000', '--epochs=0']
Torch device: cuda:1
GET-MODEL-PATH=./models/end2end/naru/origin-census-22.5MB-model27.255-data14.989-300epochs-seed0.pt
update_size: 6512
AdaptTask - START
GET-DATASET-PATH=./data/census/end2end/census_int.npy
load_npy_dataset_from_path - df.shape = (39073, 13)
Parsing... done, took 0.0s
done, took 0.0s
dataset size: 39073
train data shape: torch.Size([6512, 13]), transfer data shape:torch.Size([1302, 13])
Training done; evaluating likelihood on full data:
Epoch None Iter 0, test loss 21.1122 nats / 30.4585 bits
Saved to: /home/kangping/code_copy/SAUCE/models/end2end/naru/origin-census-22.5MB-model27.255-data14.989-300epochs-seed0.pt
AdaptTask - END

WORKLOAD-FINISHED | Type: DataUpdateWorkload | Progress: 2/3 | Workload-time: 1.941022 | Model-update-time: 3.907118


WORKLOAD-START | Type: QueryWorkload | Progress: 3/3
Going to run: ['python', '/home/kangping/code_copy/SAUCE/Naru/eval_model.py', '--dataset=census', '--model=naru', '--end2end', '--query_seed=0', '--eval_type=estimate', '--num_workload=3', '--data_update=valueskew', '--model_update=adapt', '--random_seed=42']
Torch device: cuda:1
GET-MODEL-PATH=./models/end2end/naru/origin-census-22.5MB-model27.255-data14.989-300epochs-seed0.pt
ckpts [PosixPath('/home/kangping/code_copy/SAUCE/models/end2end/naru/origin-census-22.5MB-model27.255-data14.989-300epochs-seed0.pt')]
Validate Argument: DATASET="census" is valid.
data size: 39073, total size: 39073, split index: [32560 39073]
Parsing... done, took 0.0s
Loading ckpt: /home/kangping/code_copy/SAUCE/models/end2end/naru/origin-census-22.5MB-model27.255-data14.989-300epochs-seed0.pt
query_seed:0
origin-census_12.27 	max: 5.0000	99th: 3.6700	95th: 2.0000	median: 1.1250	mean: 1.3379
ReportEsts: [1.2417582417582418, 1.0, 1.0350877192982457, 1.0, 1.2857142857142858, 1.0598802395209581, 1.013458162668227, 1.394736842105263, 1.0, 1.0, 1.0448008849557522, 1.1508379888268156, 1.1764705882352942, 1.1161616161616161, 1.1864406779661016, 1.071500757958565, 1.0585962652929812, 1.297872340425532, 2.0, 2.0, 1.619718309859155, 1.0416666666666667, 1.0, 1.1666666666666667, 1.0, 1.5, 1.5688073394495412, 1.6748768472906403, 1.1111111111111112, 1.5949793930310978, 1.0178067318132464, 1.5945945945945945, 1.0345533075699023, 1.1290322580645162, 1.6363636363636365, 1.013029315960912, 1.0, 1.3333333333333333, 1.25, 1.0683544303797468, 1.386138613861386, 1.0, 2.0, 1.0313524590163934, 1.0, 2.0, 1.0, 1.3625, 2.0, 1.0, 1.075381679389313, 1.037037037037037, 1.0, 2.1333333333333333, 1.0787518573551262, 1.0113636363636365, 1.5, 1.0321190755973364, 1.4252873563218391, 1.25, 1.0271739130434783, 2.0, 1.3636363636363635, 1.1428571428571428, 1.0471204188481675, 1.042741409814694, 1.1284224250325945, 1.0342726580350343, 1.0, 1.25, 1.145077720207254, 1.0677966101694916, 1.3333333333333333, 1.0312180143295804, 1.2191979384764051, 1.0, 1.125, 1.0, 1.0143240823634736, 1.6, 1.5, 1.0, 1.0, 2.0, 1.37875, 2.0, 1.0408163265306123, 1.0, 1.0232558139534884, 1.4195804195804196, 1.0, 1.5, 1.03, 1.0, 1.0, 1.0952380952380953, 1.0, 1.0, 1.2178988326848248, 1.6, 1.2317073170731707, 1.0413223140495869, 2.0, 1.0869565217391304, 1.7346938775510203, 1.19533527696793, 1.0769230769230769, 2.0, 1.2832618025751072, 1.0588235294117647, 1.0, 1.271604938271605, 2.4, 1.3791982665222102, 1.0, 2.0, 1.2413793103448276, 1.0, 1.0, 1.0, 1.0, 1.0, 3.0, 1.25, 1.18, 1.0, 1.3459119496855345, 1.2108108108108109, 1.0093457943925233, 1.0, 1.009433962264151, 1.0793564221434415, 1.1748071979434447, 1.5, 1.0, 1.553125, 1.0, 1.5711805555555556, 2.0, 1.0, 1.0, 3.0, 2.0, 2.608695652173913, 1.0, 1.0, 1.0031700918233493, 1.0459482038429406, 1.0, 1.4033149171270718, 1.1070528967254407, 1.0, 1.205706702057067, 1.75, 2.0, 1.2063492063492063, 1.0, 1.0, 1.3333333333333333, 1.0070816864295125, 1.4, 1.0786516853932584, 1.3008849557522124, 1.0683453237410072, 1.1724137931034482, 1.4199395770392749, 1.033450704225352, 1.0, 1.0, 1.0454545454545454, 1.0628583563389256, 1.8571428571428572, 1.0203230849400728, 1.1017214397496087, 1.0234375, 1.2491525423728813, 1.0, 1.5, 1.0, 3.0, 1.8, 1.0, 1.2113821138211383, 1.2040133779264215, 1.0, 1.015625, 2.0, 1.75, 1.0, 3.5, 2.0, 1.8602941176470589, 1.0, 1.1428571428571428, 1.0, 1.0249367546078785, 1.08843537414966, 1.2083333333333333, 1.0, 1.0491803278688525, 1.125, 1.0, 1.0695876288659794, 1.0758064516129033, 1.2884615384615385, 1.3611111111111112, 1.0, 1.0, 1.0, 1.5, 1.5, 1.0833333333333333, 1.022705771050142, 1.5, 2.0, 1.8, 1.185929648241206, 1.0, 1.016139307708643, 1.2857142857142858, 1.5, 1.0029468842090132, 1.0, 1.0, 1.3450704225352113, 1.0700280112044818, 1.3, 1.9285714285714286, 1.8852813852813852, 1.180327868852459, 2.0, 1.0, 1.0, 1.2304690743046907, 1.0, 1.0, 1.0208333333333333, 2.0, 2.0, 1.0625969994826694, 1.2727272727272727, 1.0, 1.1793103448275861, 1.0, 1.1901639344262296, 1.171875, 1.0, 1.0, 3.0, 1.198124745209947, 1.034965034965035, 1.0, 1.15625, 1.0571428571428572, 1.0, 1.1764705882352942, 1.2267365661861074, 1.2393162393162394, 1.3069908814589666, 1.1173974540311173, 1.0051267027977149, 1.0, 1.5, 1.6153846153846154, 1.2985074626865671, 1.0, 1.6630434782608696, 1.0, 1.0592853275582026, 1.0, 1.014354066985646, 1.0, 1.1333333333333333, 2.0, 1.0265934993668215, 1.0, 1.9049773755656108, 1.1886792452830188, 1.0096153846153846, 1.5, 1.1076604554865424, 1.0, 1.0, 1.2592592592592593, 1.1238938053097345, 1.25, 1.0, 1.0, 1.1347517730496455, 1.0, 1.0, 2.0, 1.1612903225806452, 1.158893280632411, 1.3125, 1.186046511627907, 1.0, 2.6363636363636362, 1.0, 1.0467391304347826, 1.1794871794871795, 1.0, 1.0, 1.3537985865724382, 1.0, 1.0, 1.574468085106383, 1.0, 1.0, 1.0, 1.0157929165498552, 1.3907933398628796, 1.2077922077922079, 1.0410904780719084, 1.0, 1.2173913043478262, 2.0, 1.5833333333333333, 1.0, 1.0, 2.0, 1.2503276539973787, 1.0, 1.0652728199898012, 2.0, 1.0, 1.1348231827111985, 1.0833333333333333, 2.0, 1.0, 2.0, 1.3333333333333333, 3.0, 1.5, 1.0, 1.0909090909090908, 1.0, 4.0, 2.0, 3.0, 1.0, 1.2857142857142858, 1.0, 1.0, 1.0, 1.4054054054054055, 1.0120481927710843, 1.1666666666666667, 1.032733224222586, 2.0, 1.0, 2.0, 1.1666666666666667, 1.0, 1.6666666666666667, 1.8076923076923077, 1.0, 1.04, 1.5, 1.3962264150943395, 1.5, 1.1500527426160339, 1.0259238830667403, 1.0833333333333333, 1.0290360046457607, 1.0, 2.0, 1.0, 1.0, 1.1777777777777778, 1.0, 1.0444444444444445, 1.1376701966717095, 1.0, 1.3363636363636364, 1.390625, 1.0, 1.367816091954023, 2.0, 1.0, 1.0, 1.12, 2.0, 1.485981308411215, 1.0, 1.0689655172413792, 1.3, 1.1923076923076923, 1.0357142857142858, 1.875, 1.0, 1.0, 1.0096153846153846, 2.0, 1.0, 1.0890688259109311, 1.0, 1.0372492836676217, 1.183585313174946, 3.6666666666666665, 1.661764705882353, 1.530612244897959, 1.050977653631285, 1.3333333333333333, 1.0, 1.0, 1.0694050991501416, 1.2077922077922079, 4.0, 1.082116788321168, 1.303030303030303, 2.0, 1.0, 2.0, 4.0, 1.72, 1.0975609756097562, 1.4103343465045592, 1.0260829063809966, 1.0, 1.25, 1.0, 1.3846153846153846, 1.1619718309859155, 1.7619047619047619, 1.4322916666666667, 1.0, 1.2451489477999453, 1.0, 3.0, 4.0, 1.0384615384615385, 1.0344827586206897, 1.0, 2.0, 1.0, 1.0522848909016056, 1.0148514851485149, 1.0049427365883061, 2.0, 2.0, 1.5, 2.021978021978022, 1.0, 1.125, 1.5416666666666667, 2.0555555555555554, 1.0, 1.4166666666666667, 2.0, 1.0, 5.0, 1.1764705882352942, 1.0476190476190477, 1.0149739583333333, 1.0952380952380953, 1.158176638176638, 1.0, 1.235897435897436, 1.6666666666666667, 1.1481481481481481, 3.0, 1.0138850319355734, 1.0, 1.1527041357370096, 1.0, 1.0, 1.189964157706093, 1.1666666666666667, 1.0254655419385643, 1.037313432835821, 1.026554737022443, 1.0461215932914045, 1.725, 1.2, 1.1826819923371648, 1.3064516129032258, 1.0, 1.0, 1.2804878048780488, 2.0, 1.3333333333333333, 1.053725291434364, 1.9, 1.0, 1.4997786631252767, 1.5, 1.7222222222222223, 1.0, 1.1724137931034482, 1.0, 3.0, 1.8181818181818181, 3.0, 1.75, 1.0, 1.0, 1.0, 1.289048473967684, 1.0416666666666667, 1.0, 1.0224719101123596, 1.177633611368551, 1.1220760233918128, 1.0235988200589972, 1.2680577849117174, 1.5, 1.375, 1.0211640211640212, 1.0945273631840795, 1.0, 1.0, 1.0357142857142858, 1.1666666666666667, 1.0384615384615385, 2.0, 1.0, 2.0, 1.3333333333333333, 1.0, 2.0, 1.401098901098901, 1.3008849557522124, 1.302547770700637, 1.3333333333333333, 1.1572052401746724, 1.5, 1.0, 1.0833333333333333, 2.0, 1.0909090909090908, 1.2222222222222223, 1.2231759656652361, 1.0, 1.0, 1.6171875, 1.006677796327212, 2.186147186147186, 1.0, 1.8936170212765957, 1.0, 1.0, 1.0, 1.25, 1.5213483146067415, 1.0067567567567568, 1.0279650436953807, 1.0071273254409279, 1.0609756097560976, 1.3333333333333333, 1.6666666666666667, 1.0234611503531785, 1.0876288659793814, 2.0, 1.048421052631579, 1.0, 1.2318840579710144, 1.2957292506043514, 2.0, 1.2727272727272727, 1.0069444444444444, 1.2272727272727273, 1.0358490566037737, 2.0, 1.0, 1.1736227045075125, 2.0, 2.0, 1.0228105906313645, 1.0, 1.5, 1.0, 1.1764705882352942, 1.37890625, 1.1041666666666667, 1.0397505845674202, 1.25, 1.2386363636363635, 1.1103166496424923, 1.0, 1.003328894806924, 1.4504504504504505, 1.0, 2.0, 1.3333333333333333, 1.5, 1.3009855951478393, 1.7678571428571428, 2.0, 1.0324308241594764, 1.0, 1.0, 1.3333333333333333, 3.0, 1.017467248908297, 1.3333333333333333, 1.0, 2.0, 5.0, 1.0739277652370203, 1.375, 1.0151515151515151, 1.5, 4.5, 1.050420168067227, 1.0314079422382672, 1.0175347041018683, 1.036697247706422, 1.0387323943661972, 1.4431818181818181, 1.0619469026548674, 1.0, 1.0, 1.0676625659050967, 1.045398773006135, 1.25, 1.0978260869565217, 1.0854700854700854, 1.0, 1.0262828535669588, 1.0227272727272727, 1.7142857142857142, 1.0, 1.0, 1.0833333333333333, 1.3333333333333333, 1.2378191686197113, 1.0, 1.3226666666666667, 1.0305103848011592, 1.2727272727272727, 1.0, 1.017161716171617, 1.0, 1.0, 1.0410958904109588, 1.2142857142857142, 1.3478260869565217, 1.6161616161616161, 1.0, 1.0, 1.0214424951267056, 1.0, 1.1607142857142858, 1.2517985611510791, 1.0, 1.2777777777777777, 1.4131736526946108, 1.3833333333333333, 1.0, 2.0, 1.2452830188679245, 1.0, 1.0666666666666667, 1.054054054054054, 1.125, 2.0, 1.0723684210526316, 1.25, 1.0515534781413252, 2.0, 1.7617924528301887, 1.0, 1.0, 1.6619718309859155, 1.5, 3.0, 2.0, 1.0, 1.1891891891891893, 2.0, 1.065217391304348, 1.1398305084745763, 1.0, 1.0, 1.0, 1.0, 1.0, 1.0, 1.1290322580645162, 1.0, 1.2352941176470589, 1.1441441441441442, 1.5, 1.3432835820895523, 1.0, 1.2608695652173914, 1.0, 1.0, 1.0, 1.0608228980322003, 1.1666666666666667, 1.1363636363636365, 1.1802030456852792, 1.0, 1.0, 1.0, 2.0, 3.0, 1.3642550143266476, 5.0, 1.04, 1.7894736842105263, 1.5947649980894154, 2.0, 1.3333333333333333, 1.0972699035474907, 1.6666666666666667, 1.6014598540145986, 1.6111111111111112, 1.042042042042042, 2.0, 1.0, 1.3526682134570767, 1.0657894736842106, 1.6666666666666667, 1.5996168582375478, 1.173913043478261, 1.6, 1.0, 1.0, 1.0, 1.6521739130434783, 1.25, 1.1190047961630696, 1.0335305719921104, 1.0, 2.0, 1.0, 1.1245421245421245, 1.0214393449687567, 1.0282485875706215, 1.0, 1.0604525498142519, 1.2777120315581854, 2.5, 1.0, 1.0154559505409582, 1.0, 2.0476190476190474, 1.0, 1.2307692307692308, 1.0, 1.0212765957446808, 1.1538461538461537, 1.0163934426229508, 1.4649122807017543, 3.3333333333333335, 1.0, 1.553191489361702, 1.3333333333333333, 1.0909090909090908, 3.0, 2.0, 1.8, 1.0017876296031463, 1.087719298245614, 2.0, 3.0, 2.0, 1.6428571428571428, 1.0953846153846154, 1.1594202898550725, 1.5625, 4.5, 2.75, 2.0, 1.164021164021164, 2.0, 1.0, 1.0, 1.3333333333333333, 1.0, 1.2646726862302482, 2.0, 1.0, 2.0, 1.0061770761839397, 1.1805555555555556, 1.667005076142132, 1.0, 1.0564102564102564, 1.173913043478261, 1.2058823529411764, 1.0, 1.8666666666666667, 1.0067681895093064, 1.1333333333333333, 1.2333333333333334, 1.0, 1.2352941176470589, 1.0, 1.3846153846153846, 1.0622926649465536, 1.0, 1.377245508982036, 1.3043478260869565, 1.0, 1.0, 1.2307692307692308, 1.8936170212765957, 3.0, 1.0, 1.4, 1.1775362318840579, 1.2264150943396226, 1.0833333333333333, 3.0, 1.0649350649350648, 1.05, 2.2, 2.223684210526316, 1.0208455666470935, 1.0062785388127853, 1.4615384615384615, 1.0, 1.0, 1.7222222222222223, 1.588235294117647, 1.0402930402930404, 2.0, 1.0, 1.7906976744186047, 2.0, 1.2857142857142858, 1.0092150170648464, 3.0, 1.03125, 1.4, 1.006060606060606, 1.1570531125071388, 3.0, 1.2, 1.2521008403361344, 1.0074640451483707, 1.0, 1.1594202898550725, 1.207343412526998, 1.469387755102041, 1.0129146083274523, 2.0, 1.110091743119266, 1.0, 2.0, 1.0893141945773526, 1.0740740740740742, 1.0711938663745892, 1.5698924731182795, 1.0726190476190476, 1.065934065934066, 1.1333333333333333, 1.0727745289148798, 1.1104294478527608, 3.0, 1.5833333333333333, 1.5185185185185186, 2.0, 2.2222222222222223, 1.0, 1.2906976744186047, 1.0378787878787878, 1.0, 1.006396404183594, 1.1926977687626774, 1.0363545816733069, 1.9574468085106382, 2.0, 1.1359395824078187, 1.4, 1.0054945054945055, 1.0, 1.6, 1.0460469157254562, 1.0353846153846153, 2.0, 2.0, 1.3875, 1.1428571428571428, 1.0, 1.2173913043478262, 1.7636363636363637, 1.7777777777777777, 1.0123456790123457, 1.12987012987013, 1.2857142857142858, 1.0, 1.1578669482576558, 2.0, 1.2857142857142858, 1.0, 1.2828282828282829, 1.0, 1.0447514772332291, 1.0, 1.2479338842975207, 3.0, 2.0, 1.1283783783783783, 1.0703259005145798, 1.2475, 1.0333333333333334, 1.4029850746268657, 1.4285714285714286, 1.0795749092794193, 1.6301502666020358, 2.0, 1.0, 1.0, 1.2876712328767124, 1.4429967426710097, 1.0, 1.6363636363636365, 1.5161290322580645, 1.093692590324556, 1.206225680933852, 2.0, 1.9196787148594376, 4.0, 1.0088105726872247, 1.141711229946524, 1.2727272727272727, 1.0215215215215214, 1.0, 1.0, 1.0103412616339194, 1.0, 1.2310756972111554, 1.0485436893203883, 1.3333333333333333, 1.2352941176470589, 1.6666666666666667, 1.4333333333333333, 1.0, 1.148936170212766, 1.0, 1.1263940520446096, 1.0357142857142858, 2.5, 1.2629656683710737, 1.0, 1.125, 1.0, 2.0, 1.0, 1.0767700875099444, 1.0346020761245676, 1.0385208012326657, 1.0, 1.0, 1.125, 1.1091091091091092, 1.0656565656565657, 1.504950495049505, 1.1875, 1.0512226512226512, 1.0325962638200534, 2.0, 1.0662488809310653, 1.2456499488229273, 1.0, 1.0, 1.0, 1.0568561872909699, 1.2083156554942724, 1.0, 2.0, 1.4464285714285714, 1.0, 1.037037037037037, 1.0, 1.4, 1.1111111111111112, 1.7222222222222223, 1.0212576127856008, 1.628440366972477, 1.0, 1.001719690455718, 1.0597014925373134, 1.03125, 1.1357798165137614, 1.1191806331471137, 1.0750464067886503, 1.0, 3.0, 2.0, 1.276553106212425, 1.2064128256513027, 1.009375, 1.0146328366223654, 1.298780487804878, 2.0, 1.4298245614035088, 1.0, 1.0, 1.75, 1.0, 1.0, 1.0911062906724511, 1.0, 1.0588235294117647]
origin-census_12.27 	max: 5.0000	99th: 3.6700	95th: 2.0000	median: 1.1250	mean: 1.3379

...Done, result: results.csv

WORKLOAD-FINISHED | Type: QueryWorkload | Progress: 3/3 | Workload-time: 86.544860 | Model-update-time: 0.000000


Experiment Summary: #data-update-times=1, #drift=1 | total-time=175.743615