Input arguments = Namespace(data_update='sample', update_size=8000, dataset='census', debug=False, drift_test='js', model_update='adapt', model='naru', end2end=False, query_seed=0, random_seed=42, num_workload=3)
JSON-passed parameters = {'data_updater': {'skew_ratio': '1e-2'}, 'random_seed': 75, 'naru': {'epochs': 0}}
MODEL-PATH=/home/kangping/code_copy/SAUCE/models/end2end/naru/origin-census-22.5MB-model27.255-data14.989-300epochs-seed0.pt
DATASET-PATH=/home/kangping/code_copy/SAUCE/data/census/end2end/census_int.npy
Workloads: ['QueryWorkload', 'DataUpdateWorkload', 'QueryWorkload']

WORKLOAD-START | Type: QueryWorkload | Progress: 1/3
Going to run: ['python', '/home/kangping/code_copy/SAUCE/Naru/eval_model.py', '--dataset=census', '--model=naru', '--query_seed=0', '--end2end', '--eval_type=first_estimate', '--num_workload=3', '--data_update=sample', '--model_update=adapt', '--random_seed=42']
Torch device: cuda:1
GET-MODEL-PATH=./models/end2end/naru/origin-census-22.5MB-model27.255-data14.989-300epochs-seed0.pt
ckpts [PosixPath('/home/kangping/code_copy/SAUCE/models/end2end/naru/origin-census-22.5MB-model27.255-data14.989-300epochs-seed0.pt')]
Validate Argument: DATASET="census" is valid.
load_csv_dataset - census (32561, 13)
Parsing... done, took 0.0s
Loading ckpt: /home/kangping/code_copy/SAUCE/models/end2end/naru/origin-census-22.5MB-model27.255-data14.989-300epochs-seed0.pt
query_seed:0
origin-census_12.27 	max: 6.0000	99th: 3.0000	95th: 2.0000	median: 1.0495	mean: 1.2119
ReportEsts: [1.0, 1.1951038575667656, 1.0985915492957747, 2.0, 1.0153846153846153, 1.0515021459227467, 1.0, 1.1428571428571428, 1.0, 1.0, 1.0, 1.163265306122449, 2.142857142857143, 1.1527777777777777, 1.3916083916083917, 1.5, 1.0234741784037558, 1.0, 1.0, 1.0, 3.0, 2.0, 1.260115606936416, 2.5, 1.0192307692307692, 1.4, 1.0, 1.0057729313662604, 1.0, 1.0439689630848812, 1.0250914793518036, 1.3783783783783783, 1.1639344262295082, 1.0, 1.0, 1.2410714285714286, 1.5, 1.0515021459227467, 1.1428571428571428, 1.02734375, 1.0, 1.0, 1.0, 1.0, 1.04, 1.1333333333333333, 1.0, 1.0244885306881588, 1.0, 4.0, 1.0, 1.2727272727272727, 1.0, 1.1666666666666667, 1.055045871559633, 6.0, 1.0, 1.75, 1.0055359838953195, 1.019108280254777, 1.125, 1.0909090909090908, 1.1730769230769231, 1.2179487179487178, 1.0, 1.0, 1.0, 1.0010816657652786, 1.0, 1.1666666666666667, 1.3432835820895523, 1.2941176470588236, 1.6666666666666667, 1.0, 1.02871105681124, 1.0, 1.0, 1.411764705882353, 2.0, 1.0, 1.0, 1.0, 1.0, 1.3333333333333333, 1.2767857142857142, 1.1538461538461537, 1.0, 1.069767441860465, 1.0340949660835417, 1.0, 1.054054054054054, 1.0, 1.0, 2.0, 1.065359477124183, 1.5, 1.0864618885096702, 2.25, 1.5319148936170213, 1.5, 1.0, 1.0, 1.0, 1.0, 1.0, 1.1570247933884297, 1.0209923664122138, 1.2222222222222223, 1.1375358166189111, 1.032258064516129, 1.2608695652173914, 1.0, 1.2826086956521738, 1.3333333333333333, 1.5454545454545454, 1.0, 3.0, 1.103448275862069, 3.0, 1.0296846011131726, 2.0, 1.1904, 1.1538461538461537, 1.25, 1.0003534817956876, 1.0333333333333334, 1.0120351588911427, 1.008635578583765, 1.2061855670103092, 1.1280898876404495, 1.0, 1.023701002734731, 1.0, 1.0, 2.0, 1.0, 1.0908071748878925, 1.0, 1.0, 1.5555555555555556, 1.0, 2.3333333333333335, 1.0, 1.0, 2.0, 1.0, 1.0, 1.1818181818181819, 1.0068457082675093, 1.161904761904762, 1.105263157894737, 1.2, 2.0, 1.0, 1.0, 1.5, 3.0, 1.0, 1.0, 1.3333333333333333, 1.06, 1.5, 1.4444444444444444, 1.0769230769230769, 1.221818181818182, 1.0118343195266273, 1.0301204819277108, 1.0175697120834277, 1.0266518600777346, 1.1666666666666667, 1.072737686139748, 1.2, 1.0, 1.0, 1.6470588235294117, 1.4473684210526316, 1.5, 1.1015701668302258, 1.0489375402446877, 1.0294117647058822, 1.0, 1.2580645161290323, 1.0888888888888888, 1.0260869565217392, 1.3157894736842106, 1.0075448361162647, 1.5, 1.0, 1.1245674740484428, 1.0482315112540193, 1.4318181818181819, 1.125, 1.003803185167578, 1.0, 1.1, 1.0869565217391304, 1.0381378692927485, 1.0, 1.0, 1.1428571428571428, 1.0, 1.02, 1.3495145631067962, 1.1428571428571428, 2.0, 1.5555555555555556, 1.0, 1.0072714681440442, 3.0, 1.0, 1.0072115384615385, 1.07, 1.1538461538461537, 2.0, 1.0, 1.2285714285714286, 1.0, 1.020851185375607, 1.0809248554913296, 1.1643835616438356, 1.0, 1.2857142857142858, 1.028616852146264, 1.2682926829268293, 2.0, 1.2114537444933922, 1.0, 1.0, 1.0, 1.0, 1.0, 1.3, 1.1538461538461537, 1.088235294117647, 1.0, 1.0, 1.0, 1.4, 1.0763612217795484, 1.0, 1.0, 1.1373801916932906, 2.0, 1.0, 1.0, 1.25, 1.5263157894736843, 1.0, 1.0, 1.0425531914893618, 1.0, 1.0061349693251533, 1.25503355704698, 1.5, 1.0, 1.0, 1.6666666666666667, 1.0347826086956522, 1.793103448275862, 1.00286615075953, 1.0, 1.0, 1.5555555555555556, 1.0571428571428572, 1.3333333333333333, 1.0, 1.4545454545454546, 1.0, 2.0, 1.1428571428571428, 1.088235294117647, 1.0, 1.0, 2.0, 1.033953287197232, 1.0398406374501992, 1.0, 1.0056818181818181, 1.0, 1.0, 2.0, 1.2926829268292683, 1.0038022813688212, 1.5, 1.0487012987012987, 1.0, 1.111731843575419, 1.5, 1.0526315789473684, 1.0, 1.0975609756097562, 1.012916510670161, 1.5, 1.0, 1.1101694915254237, 1.0, 1.0, 1.08, 1.0056285178236397, 1.04, 1.2222222222222223, 2.0, 1.0, 1.1666666666666667, 1.0142857142857142, 1.0330188679245282, 2.0, 1.1637010676156583, 1.4, 1.0, 1.0, 1.0, 1.0, 1.0757575757575757, 1.0, 1.0, 1.0, 1.0033594624860023, 1.0, 1.0100671140939597, 1.0, 1.0106707317073171, 1.375, 1.0, 1.0836120401337792, 1.2727272727272727, 1.0, 1.0277478448275863, 1.0, 1.0876871371830126, 1.0, 1.186046511627907, 1.0, 1.0609437989091772, 1.0, 1.0, 2.0, 2.0, 3.0, 1.1327433628318584, 1.105263157894737, 1.0659898477157361, 1.0, 1.0333333333333334, 1.0196078431372548, 3.0, 1.0238095238095237, 1.0, 1.75, 1.0, 1.0, 1.6666666666666667, 1.3636363636363635, 1.0, 1.1, 1.0208625525946704, 1.263157894736842, 1.3333333333333333, 1.0, 1.0, 1.002086230876217, 1.3333333333333333, 1.0, 1.163265306122449, 1.0, 1.1578947368421053, 1.0, 1.0734870317002883, 1.0, 1.0, 1.1884984025559104, 1.2916666666666667, 1.0, 1.0, 3.0, 1.0, 1.0, 1.0277777777777777, 1.0625, 1.1538461538461537, 1.28125, 1.0, 1.174757281553398, 1.1428571428571428, 1.0, 1.1149425287356323, 1.0, 1.0, 1.0, 2.0, 2.0, 1.5858895705521472, 1.0, 1.0, 1.625, 1.5384615384615385, 1.09375, 1.5116279069767442, 1.0, 1.0, 1.1764705882352942, 1.078125, 1.0, 1.0, 1.1428571428571428, 1.0, 1.0131302521008403, 1.074766355140187, 1.0384615384615385, 1.0357142857142858, 1.4666666666666666, 1.0, 1.0, 1.0625, 1.25, 1.309278350515464, 1.2608695652173914, 4.0, 1.183673469387755, 1.0512820512820513, 1.25, 1.0, 1.0405551941010627, 1.0, 1.3, 1.0530240265120132, 1.1182432432432432, 1.206451612903226, 1.2222222222222223, 1.144578313253012, 1.0, 1.0, 1.0116569525395505, 1.2, 1.056910569105691, 1.0, 1.0254041570438799, 1.0, 1.022408963585434, 1.0, 1.5, 1.0833333333333333, 1.0, 1.0, 2.0, 1.25, 1.0, 1.0, 1.29073482428115, 1.0625, 1.0044876589379208, 1.1428571428571428, 1.173913043478261, 1.0, 1.1428571428571428, 1.4166666666666667, 1.0, 1.0163422131147541, 1.0479347271800101, 1.0, 1.0170697012802277, 1.0909090909090908, 1.0, 1.105263157894737, 2.0, 1.0888888888888888, 1.0, 1.0, 1.003310197544047, 1.1177570093457945, 1.0740740740740742, 1.0, 1.0, 1.5, 1.053191489361702, 1.0543478260869565, 1.020979020979021, 1.0151515151515151, 1.0, 2.0, 1.0, 1.2857142857142858, 1.38860103626943, 1.0, 1.0, 1.0, 1.0, 1.0863309352517985, 1.0, 1.0, 1.25, 1.0, 1.7555555555555555, 1.0, 1.1538461538461537, 1.0909090909090908, 2.090909090909091, 1.1398416886543536, 1.0029520295202952, 1.4166666666666667, 1.0, 2.0, 1.0, 1.2857142857142858, 1.0, 1.0526685393258426, 1.2123287671232876, 1.2857142857142858, 1.0, 1.0610412926391382, 1.3333333333333333, 1.0, 1.0232044198895027, 1.0256821829855538, 1.054054054054054, 1.0419034090909092, 1.0776147657359205, 1.5714285714285714, 2.0, 1.0147058823529411, 1.0086206896551724, 1.0363636363636364, 1.0, 1.240506329113924, 1.1607142857142858, 1.1774193548387097, 1.2285714285714286, 2.0, 1.1682516459400147, 1.005663430420712, 1.0, 1.309090909090909, 1.0, 1.0408163265306123, 1.5714285714285714, 1.0112666439057698, 1.0833333333333333, 1.0, 3.0, 1.0, 1.3, 1.0, 1.0192307692307692, 1.1765980498374864, 1.0278071101724744, 1.0106382978723405, 1.1274131274131274, 1.0, 1.070829450139795, 2.0, 1.2083333333333333, 1.0, 1.455223880597015, 1.0, 1.0, 2.0, 2.0, 4.0, 1.0, 2.0, 1.051948051948052, 1.0, 1.1818181818181819, 1.0377556371263765, 1.0309817095931317, 1.0597014925373134, 1.04, 1.0957446808510638, 1.0, 1.0, 1.0, 1.0, 1.0010427528675705, 1.0, 1.0456140350877192, 1.5, 2.0, 1.236842105263158, 1.0, 1.146153846153846, 1.0, 1.0703575547866204, 1.0, 1.3333333333333333, 1.263157894736842, 1.2, 1.5, 1.0416666666666667, 3.0, 1.0, 1.0, 2.0, 1.0, 1.0207167321025812, 1.0330495743615422, 1.0, 1.25, 1.0909090909090908, 1.0833333333333333, 1.0094876660341556, 1.0, 1.1909722222222223, 1.6, 1.0705882352941176, 2.0, 1.0, 1.0717628705148206, 1.0, 1.0555555555555556, 1.0, 1.0032239711739048, 1.5663716814159292, 1.163265306122449, 1.018181818181818, 1.0872913992297817, 2.0, 1.6666666666666667, 1.0, 1.1818181818181819, 2.0, 1.0104347826086957, 1.0, 1.0608695652173914, 1.0961968680089484, 1.5384615384615385, 1.0, 1.130952380952381, 1.0, 1.0, 1.0223599137931034, 1.0, 1.0619469026548674, 1.1111111111111112, 1.1666666666666667, 1.0030806469358566, 1.0, 1.4, 1.1890243902439024, 1.018987341772152, 1.076358633340977, 1.0, 1.0115062761506277, 1.25, 1.0006622516556292, 1.0, 1.0, 1.4074074074074074, 1.125, 1.0794602698650675, 1.1059602649006623, 1.0085370585952658, 1.0354838709677419, 1.267605633802817, 1.0919540229885059, 1.6111111111111112, 1.0, 1.1176470588235294, 1.057591623036649, 1.0333333333333334, 1.0, 1.2666666666666666, 1.15, 1.0, 1.0, 1.6428571428571428, 1.0, 1.0476190476190477, 1.0445736434108528, 1.0, 1.1016949152542372, 1.5, 1.0, 1.0, 1.0, 1.3877551020408163, 1.0434782608695652, 1.2380952380952381, 1.6785714285714286, 1.0, 1.0, 1.075221238938053, 1.0634816753926701, 1.0, 1.0, 1.0, 1.0502283105022832, 1.1428571428571428, 1.0, 3.0, 1.0164459321787223, 1.3333333333333333, 1.0, 1.0, 1.087962962962963, 1.25, 1.3125, 1.088235294117647, 1.75, 1.375, 2.0, 1.0, 1.0, 1.6491228070175439, 1.0, 1.0124895920066612, 1.1020408163265305, 1.0309597523219813, 1.0, 1.01077246452969, 1.002829777971267, 1.875, 1.0466321243523315, 1.0, 1.0, 1.092856001278568, 2.0, 1.048780487804878, 1.7647058823529411, 1.1956521739130435, 1.0, 1.3333333333333333, 1.098499061913696, 2.0, 1.0, 1.3333333333333333, 1.6666666666666667, 1.010385756676558, 1.4573643410852712, 1.0909090909090908, 1.109156337465014, 1.0317460317460319, 1.6666666666666667, 1.15, 1.0, 1.0, 1.0, 1.0, 1.0277777777777777, 1.0138632162661738, 1.0, 1.5, 2.0, 1.0, 1.0, 1.0, 1.058139534883721, 1.021727950629982, 1.0071804691239827, 1.0, 1.1645569620253164, 1.0402106270943035, 3.0, 1.2142857142857142, 1.0252707581227436, 1.0, 1.4, 1.0, 1.0960451977401129, 1.148936170212766, 1.0255474452554745, 1.0234287839345482, 1.1140583554376657, 1.018348623853211, 1.0, 1.1635730858468678, 1.0661764705882353, 1.5, 1.0095238095238095, 1.0152582159624413, 1.0, 1.0, 1.0, 1.048626577579807, 1.0048076923076923, 1.0338983050847457, 1.1785714285714286, 1.2833333333333334, 2.0, 1.0198019801980198, 1.4285714285714286, 1.0, 1.0833333333333333, 1.0, 1.23125, 1.0, 1.4285714285714286, 1.0, 1.013157894736842, 1.0040322580645162, 1.0, 1.0094377672017423, 1.0, 1.0588235294117647, 1.0, 1.023489932885906, 1.0, 1.0, 1.1666666666666667, 1.0, 1.0742424242424242, 1.0, 1.0, 1.0, 1.0677966101694916, 1.0061607392887146, 1.38, 1.0, 1.8529411764705883, 1.0490867579908676, 1.006733657930177, 1.0, 1.193103448275862, 1.0, 1.3428571428571427, 1.0673076923076923, 1.5, 1.0, 1.2222222222222223, 1.0606060606060606, 1.1911764705882353, 1.0, 1.0, 1.0, 1.25, 1.295774647887324, 1.0909090909090908, 1.0869565217391304, 1.0158730158730158, 1.0444874274661509, 1.2096774193548387, 1.0314465408805031, 1.024432809773124, 1.0889387144992526, 1.0952380952380953, 1.0, 1.6428571428571428, 1.146341463414634, 1.0952380952380953, 1.0133928571428572, 1.0, 1.3636363636363635, 1.0648894399669353, 1.25, 1.0185130331753554, 1.0, 2.0, 1.090958091901361, 1.0, 1.0, 1.0, 1.0, 1.6666666666666667, 1.0, 1.146341463414634, 1.0, 1.0, 1.0, 1.055263157894737, 1.1759937238493723, 1.027027027027027, 1.0, 1.1375, 1.0141843971631206, 1.0073746312684366, 1.0869565217391304, 1.1586294416243654, 1.0, 1.096326530612245, 1.0470219435736676, 1.0833333333333333, 1.0875796178343948, 1.097799511002445, 2.25, 1.2297297297297298, 1.3333333333333333, 2.0, 3.0, 1.0, 1.4666666666666666, 1.0636363636363637, 1.0, 1.1428571428571428, 3.0, 2.0, 3.0, 1.00546875, 1.3461538461538463, 1.75, 1.2181818181818183, 1.1666666666666667, 1.0, 1.1755725190839694, 1.0032796660703638, 1.1197208960705105, 1.0132689987937273, 1.6666666666666667, 1.6, 3.0, 1.0, 1.0, 1.2790697674418605, 1.0400641025641026, 1.0, 1.2440347071583515, 1.0, 1.3421052631578947, 1.0888888888888888, 1.0, 1.3956043956043955, 1.1463815789473684, 1.1111111111111112, 1.2134831460674158, 1.2857142857142858, 1.3057553956834533, 1.0087719298245614, 1.4166666666666667, 1.0, 1.0428954423592494, 1.5, 1.0, 1.0, 1.0, 1.1587878787878787, 1.0170648464163823, 1.0, 1.062422488631666, 1.3333333333333333, 1.1538461538461537, 1.1122448979591837, 1.0, 2.0, 1.0165413533834586, 1.1944444444444444, 1.0586336740182893, 1.0811044003451251, 1.1324503311258278, 1.0, 1.0, 1.0585241730279897, 1.0, 1.05, 1.0942350332594235, 1.2472727272727273, 1.0, 1.0, 1.102439024390244, 1.6666666666666667, 1.0, 1.0, 1.0153908057539482, 1.0, 1.08, 2.0, 1.0, 1.0, 1.0833333333333333, 1.0909090909090908, 1.2857142857142858, 1.046376811594203, 1.5, 1.1818181818181819, 1.0, 1.0, 1.0, 1.0114994363021421, 1.1392904073587384, 1.054820415879017, 1.3333333333333333, 2.0, 1.1175675675675676, 2.0, 1.3888888888888888, 1.4150943396226414, 1.4615384615384615, 1.0598745485649117, 1.0099476439790576, 1.2941176470588236, 1.0, 1.5, 1.0, 1.3831168831168832, 1.0, 1.0127751572327044, 1.219371727748691, 1.5, 1.0, 1.34375, 1.0, 1.6666666666666667, 1.0, 1.3333333333333333, 1.4, 1.0, 2.5, 1.006857142857143, 1.0, 1.0, 1.0, 1.24, 1.028957528957529]
origin-census_12.27 	max: 6.0000	99th: 3.0000	95th: 2.0000	median: 1.0495	mean: 1.2119

...Done, result: results.csv

WORKLOAD-FINISHED | Type: QueryWorkload | Progress: 1/3 | Workload-time: 83.754880 | Model-update-time: 0.000000


WORKLOAD-START | Type: DataUpdateWorkload | Progress: 2/3
Going to run: ['python', '/home/kangping/code_copy/SAUCE/Naru/eval_model.py', '--model=naru', '--data_update=sample', '--dataset=census', '--drift_test=js', '--end2end', '--update_size=8000', '--query_seed=0', '--eval_type=drift']
Torch device: cuda:1
GET-MODEL-PATH=./models/end2end/naru/origin-census-22.5MB-model27.255-data14.989-300epochs-seed0.pt
GET-DATASET-PATH=./data/census/end2end/census_int.npy
Sample - START
Sample - END
load_npy_dataset_from_path - df.shape = (39073, 13)
Parsing... done, took 0.0s
Data updated!
Previous data size: (32561, 13), new data size: (6512, 13)
[1.1920929e-07 2.9981136e-05 4.4703484e-06 6.5565109e-07 1.7881393e-07
 1.5497208e-06 4.0531158e-06 0.0000000e+00 5.9604645e-07 1.2457371e-04
 9.4771385e-06 1.0907650e-05 1.7285347e-06]
Distance score: 1.4483928680419922e-05
SAUCE Drift detection: False
Detection latency: 0.0037s

WORKLOAD-FINISHED | Type: DataUpdateWorkload | Progress: 2/3 | Workload-time: 1.970776 | Model-update-time: 0.000000


WORKLOAD-START | Type: QueryWorkload | Progress: 3/3
Going to run: ['python', '/home/kangping/code_copy/SAUCE/Naru/eval_model.py', '--dataset=census', '--model=naru', '--end2end', '--query_seed=0', '--eval_type=estimate', '--num_workload=3', '--data_update=sample', '--model_update=adapt', '--random_seed=42']
Torch device: cuda:1
GET-MODEL-PATH=./models/end2end/naru/origin-census-22.5MB-model27.255-data14.989-300epochs-seed0.pt
ckpts [PosixPath('/home/kangping/code_copy/SAUCE/models/end2end/naru/origin-census-22.5MB-model27.255-data14.989-300epochs-seed0.pt')]
Validate Argument: DATASET="census" is valid.
data size: 39073, total size: 39073, split index: [32560 39073]
Parsing... done, took 0.0s
Loading ckpt: /home/kangping/code_copy/SAUCE/models/end2end/naru/origin-census-22.5MB-model27.255-data14.989-300epochs-seed0.pt
query_seed:0
origin-census_12.27 	max: 4.0000	99th: 3.0000	95th: 2.0000	median: 1.0909	mean: 1.3189
ReportEsts: [1.3370786516853932, 1.0, 1.375, 1.0, 1.0, 1.0176470588235293, 1.0159104301708899, 1.424778761061947, 2.0, 1.0, 1.005036373810856, 1.1264367816091954, 1.2115384615384615, 1.1064356435643565, 1.1111111111111112, 1.0925925925925926, 1.0785854616895874, 1.0714285714285714, 2.0, 2.0, 1.6142857142857143, 1.037037037037037, 1.0, 1.3, 1.0, 1.5, 1.606060606060606, 1.226923076923077, 1.1111111111111112, 1.0496370413969, 1.0090830449826989, 1.3555555555555556, 1.034412032816773, 1.0305676855895196, 1.5, 1.0071942446043165, 1.0, 1.5, 1.0, 1.1128526645768024, 1.1639344262295082, 3.0, 2.0, 1.125549278091651, 1.0, 1.6666666666666667, 1.0, 1.5890410958904109, 1.0, 1.0, 1.0026400704018774, 1.0, 1.0, 1.7647058823529411, 1.033674963396779, 2.0, 1.2, 1.040376323010584, 1.179245283018868, 1.25, 1.1789473684210525, 1.0836653386454183, 1.0759803921568627, 1.1666666666666667, 1.101522842639594, 1.0212431883254827, 1.13, 1.0310038119440914, 1.0298507462686568, 1.0833333333333333, 1.0346534653465347, 1.3773584905660377, 1.3333333333333333, 1.0362060173380927, 1.008545867271999, 1.6666666666666667, 1.4285714285714286, 2.0, 1.016453382084095, 1.6, 1.0, 1.0, 1.0, 3.0, 1.095357590966123, 2.0, 1.04, 1.0, 1.0952380952380953, 1.0023041474654377, 1.0, 2.0, 1.0614334470989761, 1.0, 1.037037037037037, 1.105263157894737, 2.0, 1.0, 1.0456026058631922, 1.8, 1.2839506172839505, 1.1229508196721312, 1.0526315789473684, 1.4090909090909092, 1.5172413793103448, 1.217910447761194, 1.1111111111111112, 2.0, 1.0490693739424704, 1.1136363636363635, 1.0, 1.3846153846153846, 3.2222222222222223, 1.2379547689282202, 1.0, 2.0, 2.0, 1.0, 1.0, 2.0, 1.0, 1.0, 3.0, 1.1851851851851851, 1.0, 1.5, 1.349056603773585, 1.0816696914700545, 1.0467289719626167, 1.0, 2.1666666666666665, 1.0304254173397953, 1.028723404255319, 1.0, 1.0833333333333333, 1.0924657534246576, 2.0, 1.065359477124183, 2.0, 2.0, 1.0, 2.0, 1.0, 1.9545454545454546, 1.0, 1.0, 1.0106359649122807, 1.0729398663697105, 1.0, 1.1024945770065075, 1.1612296110414053, 1.0, 1.0055279159756771, 1.0196078431372548, 1.0, 1.1283422459893049, 1.0439024390243903, 1.0454545454545454, 1.3333333333333333, 1.0032997855139416, 1.3333333333333333, 1.1263157894736842, 1.1997084548104957, 1.0016722408026757, 1.0625, 1.091127098321343, 1.047872340425532, 2.0, 1.0714285714285714, 1.35, 1.4262295081967213, 1.1666666666666667, 1.0245848044984962, 1.1234756097560976, 1.3378661087866108, 1.1996699669966997, 1.0, 1.2, 1.0, 1.0740740740740742, 1.8571428571428572, 1.0, 1.0625, 1.168284789644013, 1.0, 1.069672131147541, 2.4285714285714284, 2.2, 1.0, 2.0, 1.0, 1.0538461538461539, 1.0, 1.1666666666666667, 1.0, 1.0273749093546047, 1.0827586206896551, 1.0344827586206897, 1.0, 1.05, 1.125, 2.0, 1.0721649484536082, 1.0217611336032388, 1.1372549019607843, 1.3888888888888888, 1.0, 1.25, 2.0, 2.0, 1.0, 1.8, 1.0109211775878442, 3.0, 2.0, 2.0, 1.045, 1.0, 1.0154649947753396, 1.0, 1.1666666666666667, 1.0118961265051503, 1.0, 1.0, 1.3823529411764706, 1.056547619047619, 1.1538461538461537, 1.1818181818181819, 1.1617977528089887, 1.0298507462686568, 2.25, 1.0224215246636772, 1.0, 1.017636927316569, 1.0, 1.0, 1.1938775510204083, 2.0, 2.2222222222222223, 1.0030816640986133, 1.0454545454545454, 1.0, 1.1933333333333334, 1.0, 1.2240802675585285, 1.0533333333333332, 2.0, 2.0, 1.2222222222222223, 1.013131313131313, 1.106060606060606, 1.288888888888889, 1.2857142857142858, 1.0909090909090908, 1.0, 1.0, 1.0597345132743363, 1.1299212598425197, 1.041726618705036, 1.0896464646464648, 1.0192392421794683, 1.0, 3.0, 1.5, 1.0334728033472804, 3.0, 1.0625, 1.0, 1.0229865771812081, 2.0, 1.0, 1.0, 1.125, 2.0, 1.0129382303839733, 1.5, 1.2903225806451613, 1.3125, 1.0, 1.2, 1.0196211096075778, 1.0, 1.3333333333333333, 1.08, 1.0, 1.2439024390243902, 1.6, 1.0, 1.0636942675159236, 1.0, 1.0, 1.0, 1.0606060606060606, 1.0129837702871411, 1.25, 1.1259541984732824, 1.2592592592592593, 1.1612903225806452, 1.1, 1.0249547920433997, 1.0, 2.0, 1.0, 1.0079505300353357, 1.0, 1.0, 1.3541666666666667, 1.0, 1.0, 1.0, 1.0218697202928477, 1.170975813177648, 1.1538461538461537, 1.0823206585652685, 1.5909090909090908, 1.0990990990990992, 2.0, 1.25, 1.0, 1.0, 1.0, 1.0436355414876781, 1.0, 1.089609394945111, 1.3333333333333333, 1.0, 1.0870681605975723, 1.0508474576271187, 1.0, 1.0, 2.0, 1.3333333333333333, 3.0, 1.0023068050749713, 1.0, 1.046875, 1.0, 4.0, 1.0, 1.0, 1.0, 1.1666666666666667, 1.0, 1.0, 1.0, 1.4545454545454546, 1.0655737704918034, 1.6, 1.0511182108626198, 2.0, 2.0, 2.0, 1.25, 2.0, 1.6666666666666667, 1.0769230769230769, 2.0, 1.3636363636363635, 1.8333333333333333, 1.0597014925373134, 1.5, 1.1835426128773712, 1.0076294277929154, 1.1538461538461537, 1.0628778718258767, 1.0, 2.0, 1.0, 1.0, 1.1777777777777778, 1.1272727272727272, 1.1224489795918366, 1.171935235158057, 1.0, 1.2956521739130435, 1.2105263157894737, 1.0, 1.0095238095238095, 1.0, 2.0, 1.0, 1.1851851851851851, 3.0, 1.5478468899521531, 3.0, 1.3442622950819672, 1.5, 1.2142857142857142, 1.1785714285714286, 1.1290322580645162, 1.0, 1.0, 1.2488262910798122, 2.0, 1.0, 1.0337139749864057, 1.1666666666666667, 1.0394366197183098, 1.095435684647303, 1.6666666666666667, 1.1818181818181819, 1.4181818181818182, 1.0031779661016949, 2.0, 1.0909090909090908, 2.0, 1.0670391061452513, 1.3026315789473684, 1.5, 1.023465703971119, 1.6176470588235294, 1.3333333333333333, 2.0, 2.0, 3.0, 2.0, 1.0, 1.0146198830409356, 1.0303880317905563, 1.0384615384615385, 1.0, 1.0, 1.2, 1.128787878787879, 1.5833333333333333, 1.184782608695652, 1.0, 1.025525186356449, 2.0, 2.6666666666666665, 2.0, 2.0, 1.096774193548387, 2.0, 1.0, 1.0, 1.033253205128205, 1.3870967741935485, 1.0206259743374506, 2.0, 2.0, 3.0, 1.5, 1.0, 1.0555555555555556, 1.4122137404580153, 1.9375, 1.0, 1.0909090909090908, 1.0, 1.0, 3.0, 1.2142857142857142, 1.108910891089109, 1.0156576200417538, 1.1363636363636365, 1.021562560433185, 1.0, 1.043103448275862, 1.6666666666666667, 1.0512820512820513, 1.3333333333333333, 2.0, 2.0, 1.148068669527897, 1.0, 1.0, 1.1266666666666667, 1.0, 1.0205414012738854, 1.0318471337579618, 1.0197019016618125, 1.0669642857142858, 2.0, 2.0, 1.006531762295082, 1.4057142857142857, 1.0, 1.0, 1.0449438202247192, 1.0, 1.0, 1.1434689507494646, 1.0, 1.0, 1.0226956924502084, 1.5, 1.0, 1.0, 1.044194756554307, 1.0, 3.0, 1.1469594594594594, 1.5833333333333333, 1.0909090909090908, 1.0, 1.0, 1.0, 1.044378698224852, 1.15, 2.0, 1.0111524163568772, 1.0633744855967078, 1.0928623452294246, 1.04, 1.260032102728732, 1.625, 1.4375, 1.0441988950276244, 1.018957345971564, 1.0, 1.0, 1.024390243902439, 1.4, 1.0769230769230769, 2.0, 1.0, 2.0, 1.6, 2.0, 2.0, 1.3193717277486912, 1.121212121212121, 1.2603174603174603, 1.106060606060606, 1.1303418803418803, 1.3, 2.0, 1.2857142857142858, 2.0, 1.3, 1.1111111111111112, 1.0071428571428571, 2.0, 1.0, 1.3557046979865772, 1.0033333333333334, 1.3232758620689655, 1.0, 1.0500834724540902, 2.0, 1.0, 1.0, 1.25, 1.0195258019525801, 1.0111856823266219, 1.03411941796287, 1.0051657856799616, 1.2121212121212122, 1.0, 1.0126582278481013, 1.056211498973306, 1.123076923076923, 3.0, 1.0955555555555556, 1.0, 1.0949675324675325, 1.027498323272971, 3.0, 1.5454545454545454, 1.0201342281879195, 1.2105263157894737, 1.0447589900535577, 1.0, 2.0, 1.8181818181818181, 1.0, 1.0, 1.0317460317460319, 2.0, 1.5, 1.0, 1.411764705882353, 1.118421052631579, 1.0188679245283019, 1.006269592476489, 1.04, 1.2771084337349397, 1.0913284132841328, 2.0, 1.033480625424881, 2.2777777777777777, 2.0, 2.0, 1.2941176470588236, 2.0, 1.0730478589420656, 1.041860465116279, 2.0, 1.0113765642775883, 1.6, 2.0, 1.6666666666666667, 3.0, 1.087557603686636, 1.6666666666666667, 2.0, 2.0, 1.3333333333333333, 1.0389610389610389, 1.1851851851851851, 1.25, 1.1, 4.0, 1.1875, 1.0964642582628747, 1.026444560124935, 1.0626151012891345, 1.0114155251141552, 1.1913875598086126, 1.0582403965303593, 1.0, 2.0, 1.003123605533244, 1.0463980463980465, 2.230769230769231, 1.023368074602304, 1.2745901639344261, 1.0, 1.013317191283293, 1.1333333333333333, 1.4, 1.3, 1.0681818181818181, 1.1481481481481481, 1.4, 1.0582619073451232, 2.0, 1.206266318537859, 1.017063492063492, 1.3478260869565217, 1.0, 1.0261513157894737, 3.0, 2.0, 1.1772151898734178, 1.06, 1.3043478260869565, 3.0, 1.0, 1.0, 1.0689655172413792, 1.0, 1.0373518804739825, 1.0235294117647058, 1.0, 1.3888888888888888, 1.1218274111675126, 1.1448467966573816, 1.0, 2.0, 1.6326530612244898, 2.0, 1.1396648044692737, 1.024707412223667, 1.2, 1.0454794520547945, 1.3164556962025316, 1.0526315789473684, 1.0063544688492885, 1.0, 1.16, 1.25, 1.0, 1.1153846153846154, 1.3333333333333333, 3.0, 1.5, 1.0, 1.2714285714285714, 1.0, 1.165289256198347, 1.1056910569105691, 1.0, 1.0, 1.0, 1.0, 1.0, 1.0, 1.152, 1.5555555555555556, 1.056047197640118, 1.1596638655462186, 1.7692307692307692, 1.462686567164179, 2.0, 1.1568627450980393, 3.0, 1.0, 1.0, 1.0492471213463241, 1.4, 1.4375, 1.2946175637393769, 3.0, 1.0, 1.0, 1.0, 3.0, 1.035429510891903, 2.0, 1.0510204081632653, 1.8333333333333333, 1.0231848688224527, 2.0, 1.6666666666666667, 1.0237012987012988, 1.5, 1.062857142857143, 1.3333333333333333, 1.0120481927710843, 1.5, 1.0, 1.1238095238095238, 1.0405405405405406, 1.25, 1.3846153846153846, 1.0740740740740742, 4.0, 1.0, 1.0, 1.0, 1.205128205128205, 2.0, 1.1623878750386638, 1.0136585365853659, 1.0, 1.0, 1.0, 1.0918032786885246, 1.0267731836338119, 1.0136876006441224, 1.0, 1.009749894022891, 1.023091976516634, 2.0, 1.1764705882352942, 1.029320987654321, 1.0, 1.2307692307692308, 1.0, 1.0221238938053097, 1.0, 1.091549295774648, 1.108433734939759, 1.3387096774193548, 1.4669603524229076, 2.3333333333333335, 1.0, 1.5, 1.2, 2.0, 3.0, 3.0, 1.763157894736842, 1.0083152566883586, 1.0762463343108504, 1.0, 1.25, 2.0, 1.6111111111111112, 1.189710610932476, 1.0253164556962024, 1.5, 1.0258620689655173, 1.1025641025641026, 1.0434782608695652, 1.2634408602150538, 2.0, 1.0, 1.0, 1.5, 1.0993788819875776, 1.0263464677080905, 2.0, 1.0, 1.126984126984127, 1.0415785764622973, 1.0254545454545454, 1.0556745182012848, 1.0, 1.1523809523809523, 1.16, 1.2266666666666666, 1.0, 1.896551724137931, 1.073394495412844, 1.0660377358490567, 1.0833333333333333, 2.0, 1.4444444444444444, 1.0, 1.3846153846153846, 1.0547101449275362, 1.0, 1.8, 1.1538461538461537, 2.0, 1.0, 1.1538461538461537, 1.0052958784250519, 2.0, 2.0, 1.2592592592592593, 1.033434650455927, 1.152542372881356, 1.0769230769230769, 4.0, 1.0277777777777777, 1.1077844311377245, 3.625, 1.0890188434048083, 1.0214306400231683, 1.118939883645766, 1.0, 1.0, 1.0, 1.1295774647887324, 1.3157894736842106, 1.0145985401459854, 2.0, 1.0, 1.0666666666666667, 1.0, 1.0289855072463767, 1.0300751879699248, 1.4, 1.2321428571428572, 1.0854700854700854, 1.1333333333333333, 1.0781071835803877, 4.0, 1.0037220843672456, 1.217741935483871, 1.0256703388069008, 1.0, 1.028169014084507, 1.0209471766848817, 1.2758620689655173, 1.0075455879270594, 2.0, 1.0428682774746687, 1.0, 2.0, 1.0564174894217206, 1.0754716981132075, 1.157387580299786, 1.0714285714285714, 1.0265060240963855, 1.0234986945169713, 1.1379310344827587, 1.0892267019167217, 1.1396303901437372, 3.0, 1.2065217391304348, 1.3548387096774193, 2.0, 3.0, 1.0, 1.4782608695652173, 1.0846153846153845, 2.0, 1.051909090909091, 1.032258064516129, 1.0558092338914258, 1.375, 3.0, 1.1771336553945249, 1.4, 1.3125, 2.0, 1.5, 1.0357981220657277, 1.05625, 1.3333333333333333, 1.0, 1.3493975903614457, 1.6, 1.0, 1.0714285714285714, 1.021341463414634, 2.0, 1.1375, 1.1699346405228759, 1.5, 1.0, 1.1568627450980393, 2.0, 1.5714285714285714, 2.0, 1.01, 1.0, 1.0268742389980867, 1.0, 1.3333333333333333, 1.089430894308943, 1.3333333333333333, 1.1534988713318284, 1.4375, 1.005449591280654, 1.038888888888889, 1.484375, 1.8571428571428572, 1.01835824809861, 1.023653749370911, 2.0, 1.0, 1.0, 1.264406779661017, 1.0251716247139588, 1.0, 1.1097560975609757, 1.875, 1.098219766728054, 1.0221518987341771, 1.0, 1.0009396729937983, 4.0, 1.0857142857142856, 1.0435779816513762, 1.0769230769230769, 1.0034364261168385, 1.0, 1.0, 1.068637803590285, 1.0, 1.1659574468085105, 1.0295698924731183, 2.7142857142857144, 1.2571428571428571, 1.5192307692307692, 1.0, 1.0, 1.0384615384615385, 2.0, 1.0069204152249136, 1.0357142857142858, 1.3125, 1.0519559902200488, 1.0, 1.0, 1.0, 2.0, 1.0, 1.07195242814668, 1.2048331415420024, 1.1048895899053628, 1.0, 2.0, 1.0588235294117647, 1.0332681017612524, 1.0482233502538072, 1.531456953642384, 1.6875, 1.0276971186062096, 1.0277831371792399, 3.0, 1.0923913043478262, 1.0153061224489797, 1.0, 1.0, 1.0, 1.0095541401273886, 1.2367149758454106, 1.1764705882352942, 1.0, 1.320754716981132, 1.0, 1.2692307692307692, 1.0, 1.0, 1.2407407407407407, 1.3888888888888888, 1.026878556013341, 1.018957345971564, 1.0, 1.3235294117647058, 1.0735294117647058, 1.3571428571428572, 1.0614389652384801, 1.1399253731343284, 1.0425531914893618, 2.0, 1.0, 2.0, 1.315040650406504, 1.050478677110531, 1.0404984423676011, 1.0123500984428138, 1.110091743119266, 2.0, 1.2378947368421052, 1.0, 2.0, 1.7142857142857142, 1.0, 1.0, 1.0146757679180887, 3.0, 1.125]
origin-census_12.27 	max: 4.0000	99th: 3.0000	95th: 2.0000	median: 1.0909	mean: 1.3189

...Done, result: results.csv

WORKLOAD-FINISHED | Type: QueryWorkload | Progress: 3/3 | Workload-time: 86.640269 | Model-update-time: 0.000000


Experiment Summary: #data-update-times=1, #drift=0 | total-time=172.418047