Input arguments = Namespace(data_update='sample', update_size=8000, dataset='census', debug=False, drift_test='js', model_update='adapt', model='naru', end2end=False, query_seed=0, random_seed=42, num_workload=3)
JSON-passed parameters = {'data_updater': {'skew_ratio': '1e-2'}, 'random_seed': 86, 'naru': {'epochs': 0}}
MODEL-PATH=/home/kangping/code_copy/SAUCE/models/end2end/naru/origin-census-22.5MB-model27.255-data14.989-300epochs-seed0.pt
DATASET-PATH=/home/kangping/code_copy/SAUCE/data/census/end2end/census_int.npy
Workloads: ['QueryWorkload', 'DataUpdateWorkload', 'QueryWorkload']

WORKLOAD-START | Type: QueryWorkload | Progress: 1/3
Going to run: ['python', '/home/kangping/code_copy/SAUCE/Naru/eval_model.py', '--dataset=census', '--model=naru', '--query_seed=0', '--end2end', '--eval_type=first_estimate', '--num_workload=3', '--data_update=sample', '--model_update=adapt', '--random_seed=42']
Torch device: cuda:1
GET-MODEL-PATH=./models/end2end/naru/origin-census-22.5MB-model27.255-data14.989-300epochs-seed0.pt
ckpts [PosixPath('/home/kangping/code_copy/SAUCE/models/end2end/naru/origin-census-22.5MB-model27.255-data14.989-300epochs-seed0.pt')]
Validate Argument: DATASET="census" is valid.
load_csv_dataset - census (32561, 13)
Parsing... done, took 0.0s
Loading ckpt: /home/kangping/code_copy/SAUCE/models/end2end/naru/origin-census-22.5MB-model27.255-data14.989-300epochs-seed0.pt
query_seed:0
origin-census_12.27 	max: 4.0000	99th: 3.0000	95th: 2.0000	median: 1.0480	mean: 1.2070
ReportEsts: [1.0, 1.1417434443656982, 1.1126760563380282, 2.0, 1.0, 1.0429184549356223, 1.1666666666666667, 1.1428571428571428, 1.0, 1.0, 1.0, 1.1564625850340136, 2.142857142857143, 1.1527777777777777, 1.2756410256410255, 1.5, 1.1237113402061856, 1.0, 1.0, 1.0, 3.0, 2.0, 1.2890173410404624, 2.5, 1.0192307692307692, 1.4, 1.0, 1.0041867954911434, 1.0, 1.0505525511403715, 1.0240460010454784, 1.3783783783783783, 1.150943396226415, 1.0, 1.0, 1.2142857142857142, 1.5, 1.0144927536231885, 1.0, 1.0454287336740489, 1.0, 1.0, 1.0, 1.0, 1.08, 1.1333333333333333, 1.0, 1.0015151515151515, 1.0, 4.0, 1.0, 1.2727272727272727, 1.0, 1.1428571428571428, 1.110091743119266, 3.0, 1.0, 1.75, 1.0186082080040786, 1.0318471337579618, 1.1511627906976745, 1.0833333333333333, 1.1538461538461537, 1.2307692307692308, 1.0, 1.0, 1.0, 1.0159165751920967, 1.0, 1.1666666666666667, 1.5254237288135593, 1.2941176470588236, 1.6666666666666667, 1.0, 1.0232131948686622, 1.0, 1.0, 1.411764705882353, 2.0, 1.0, 1.0, 1.0, 1.0, 1.3333333333333333, 1.3364485981308412, 1.0, 1.0, 1.1219512195121952, 1.0356812719541504, 1.0, 1.0469798657718121, 1.0, 1.032258064516129, 2.0, 1.0784313725490196, 1.5, 1.07909604519774, 1.75, 1.6363636363636365, 1.5, 1.0, 1.0, 1.0, 1.0, 1.0, 1.2903225806451613, 1.1, 1.1481481481481481, 1.1745562130177514, 1.0666666666666667, 1.3623188405797102, 1.0, 1.2826086956521738, 1.2222222222222223, 1.5454545454545454, 1.0, 3.0, 1.1379310344827587, 3.0, 1.010928961748634, 2.0, 1.2184, 1.042296072507553, 1.25, 1.0155531990102509, 1.1, 1.0085347228461055, 1.032714412024757, 1.1938775510204083, 1.1155555555555556, 1.0, 1.0644549763033175, 1.0, 1.0, 2.0, 1.0, 1.0167189132706373, 1.0, 1.0, 1.5555555555555556, 1.0, 2.0588235294117645, 1.0, 1.0, 2.0, 1.0, 1.0, 1.1363636363636365, 1.0073761854583771, 1.1730769230769231, 1.105263157894737, 1.2, 2.0, 1.0, 1.0, 1.5, 1.5, 1.0, 1.0, 1.3333333333333333, 1.12, 1.5, 1.4444444444444444, 1.0769230769230769, 1.1666666666666667, 1.0389344262295082, 1.0178571428571428, 1.0012468827930174, 1.0148188803512623, 1.2043010752688172, 1.0411339633129517, 1.2, 1.0, 1.0, 1.588235294117647, 1.423529411764706, 1.5, 1.0898058252427185, 1.0115904700579523, 1.0303030303030303, 1.0, 1.248, 1.065217391304348, 1.0172413793103448, 1.3157894736842106, 1.0094801412726935, 1.5, 1.0, 1.1206896551724137, 1.0836012861736335, 1.0862068965517242, 1.0909090909090908, 1.0076354092102124, 1.0, 1.0666666666666667, 1.1111111111111112, 1.0794986571172784, 1.0, 1.0689655172413792, 1.1142857142857143, 1.0, 1.0625, 1.3398058252427185, 1.0666666666666667, 2.0, 1.5555555555555556, 1.0, 1.0505540166204985, 3.0, 1.0, 1.0968586387434556, 1.019047619047619, 1.1538461538461537, 2.1666666666666665, 1.0, 1.1142857142857143, 1.0192307692307692, 1.0246559633027523, 1.1271676300578035, 1.2191780821917808, 1.0, 1.2857142857142858, 1.0128824476650564, 1.4054054054054055, 2.0, 1.2331838565022422, 1.0, 1.0, 1.0, 1.0, 1.0, 1.368421052631579, 1.1538461538461537, 1.1519607843137254, 1.0, 1.0, 1.0, 1.4, 1.0365205843293492, 1.0, 1.0, 1.155844155844156, 2.0, 1.0, 1.0, 1.25, 1.5263157894736843, 1.0, 1.0, 1.0425531914893618, 1.0, 1.0, 1.289655172413793, 1.0, 1.0, 1.0, 2.5, 1.0130434782608695, 1.7333333333333334, 1.0204738227551915, 1.0, 1.0, 1.5555555555555556, 1.0285714285714285, 1.3333333333333333, 1.0, 1.3333333333333333, 1.0, 2.0, 1.1428571428571428, 1.1176470588235294, 1.0, 1.0, 2.0, 1.06861868573983, 1.0613026819923372, 1.0, 1.1440677966101696, 1.0, 1.0, 2.0, 1.2926829268292683, 1.0076335877862594, 1.25, 1.0186688311688312, 1.0, 1.0167597765363128, 1.5, 1.025, 1.0, 1.1842105263157894, 1.021805661820964, 1.5, 1.0033185840707965, 1.1196581196581197, 1.0, 1.0, 1.08, 1.0175605125771239, 1.08, 1.2222222222222223, 2.0, 1.0, 1.05, 1.056338028169014, 1.0235849056603774, 2.0, 1.0091743119266054, 1.4, 1.0, 1.0, 1.0, 1.0, 1.0492610837438423, 1.0, 1.0, 1.0, 1.0526315789473684, 1.0, 1.0057500638895989, 1.0, 1.0024132730015083, 1.4666666666666666, 1.0, 1.0724637681159421, 1.2727272727272727, 1.0, 1.0023591087811272, 1.0, 1.0889092575618697, 1.0, 1.103161397670549, 1.0, 1.0540668721840172, 1.0, 1.0, 2.0, 1.3333333333333333, 3.0, 1.2300884955752212, 1.05, 1.0659898477157361, 1.0, 1.0344827586206897, 1.0392156862745099, 3.0, 1.0238095238095237, 1.0, 1.5, 1.0, 1.0, 1.6666666666666667, 1.25, 1.0, 1.3, 1.014813523875915, 1.2, 1.1666666666666667, 1.0, 1.0, 1.0162544169611307, 1.6666666666666667, 1.0, 1.1428571428571428, 1.0, 1.375, 1.0, 1.08600583090379, 1.2072072072072073, 1.0, 1.2156862745098038, 1.2083333333333333, 1.0, 1.0, 3.0, 1.0, 1.0, 1.0909090909090908, 1.0212765957446808, 1.1538461538461537, 1.2974683544303798, 1.0, 1.043103448275862, 1.1428571428571428, 1.0, 1.0, 1.0, 1.0, 1.0, 2.0, 2.0, 1.4125683060109289, 1.0, 1.0, 1.625, 1.6153846153846154, 1.1294117647058823, 1.5348837209302326, 1.0, 1.0, 1.1764705882352942, 1.0952380952380953, 1.0, 1.0208333333333333, 1.1904761904761905, 1.0, 1.0311041990668741, 1.0648148148148149, 1.0, 1.1071428571428572, 1.4, 1.0, 1.0, 1.0625, 1.25, 1.3368421052631578, 1.2083333333333333, 4.0, 1.1262135922330097, 1.0512820512820513, 1.05, 1.0, 1.0004168403501459, 1.0, 1.3, 1.0835464620630861, 1.1182432432432432, 1.16875, 1.0606060606060606, 1.1566265060240963, 1.0, 1.0, 1.0253164556962024, 1.0, 1.0077519379844961, 1.0, 1.0115473441108545, 1.0, 1.083086053412463, 1.0, 1.5, 1.0833333333333333, 1.0, 1.0, 2.0, 1.1904761904761905, 1.0, 1.0, 1.1952662721893492, 1.0625, 1.0388500388500388, 1.0952380952380953, 1.2173913043478262, 1.0, 1.0, 1.4351851851851851, 1.0, 1.013063524590164, 1.0335766423357664, 1.0, 1.0093883357041251, 1.0909090909090908, 2.0, 1.105263157894737, 2.0, 1.0888888888888888, 1.0, 1.0, 1.0209289909236519, 1.0317725752508362, 1.0740740740740742, 1.0, 1.0, 2.0, 1.1, 1.0054347826086956, 1.0419580419580419, 1.0677290836653386, 1.0, 2.0, 1.0, 1.7142857142857142, 1.2822966507177034, 1.0, 1.0, 1.0, 1.0, 1.0378006872852235, 1.0, 1.0, 1.25, 1.0, 1.7173913043478262, 1.0, 1.1538461538461537, 1.0909090909090908, 2.090909090909091, 1.2348284960422165, 1.0, 1.4583333333333333, 1.0, 2.0, 1.0, 1.2857142857142858, 1.0, 1.0646306818181819, 1.110878661087866, 1.2857142857142858, 1.0, 1.0987432675044884, 1.0, 1.0, 1.0024357239512856, 1.0353130016051364, 1.3, 1.0419034090909092, 1.0057092665788319, 1.8333333333333333, 2.0, 1.078125, 1.0452586206896552, 1.0424242424242425, 1.0, 1.225, 1.1607142857142858, 1.1774193548387097, 1.2571428571428571, 3.0, 1.142346208869814, 1.0128720836685439, 1.0, 1.2545454545454546, 1.6666666666666667, 1.0408163265306123, 1.5714285714285714, 1.00955957664732, 1.0833333333333333, 1.0, 3.0, 1.0, 1.2580645161290323, 1.0, 1.205298013245033, 1.1646112600536194, 1.0465949820788532, 1.0105263157894737, 1.1187739463601531, 1.0, 1.0945945945945945, 1.0, 1.183673469387755, 1.0, 1.3, 1.0, 1.0, 2.0, 2.0, 4.0, 1.0, 2.0, 1.025974025974026, 1.0, 1.1818181818181819, 1.0356581017304667, 1.0238895110115716, 1.07035175879397, 1.07, 1.0842105263157895, 1.0, 1.0, 1.0, 1.0, 1.0073452256033577, 1.2857142857142858, 1.0458071666050979, 1.3333333333333333, 2.0, 1.236842105263158, 1.0153846153846153, 1.0836363636363637, 1.0, 1.1245674740484428, 1.0, 1.393939393939394, 1.2, 1.2, 1.5, 1.0416666666666667, 3.0, 1.0, 1.0, 2.0, 1.0, 1.0362542811795172, 1.0510766149223836, 1.0, 1.21875, 1.0909090909090908, 1.0833333333333333, 1.0242954324586977, 1.0, 1.2427536231884058, 1.8, 1.0705882352941176, 2.0, 1.0, 1.002911208151383, 1.0, 1.0, 1.0, 1.0034026465028356, 1.336283185840708, 1.2954545454545454, 1.0, 1.0329268292682927, 2.0, 1.6666666666666667, 1.0, 1.3181818181818181, 2.0, 1.003454231433506, 1.0, 1.0427350427350428, 1.005128205128205, 1.5384615384615385, 1.0, 1.0795454545454546, 1.0, 1.0, 1.013739224137931, 1.0, 1.0434782608695652, 1.25, 1.2352941176470589, 1.0041854829827073, 1.0, 1.4, 1.201219512195122, 1.0253164556962024, 1.0291217610639762, 1.0, 1.0057864281956865, 1.25, 1.0251188051595383, 1.0, 1.0, 1.4615384615384615, 1.125, 1.0854572713643178, 1.1788079470198676, 1.0144418423106947, 1.0524590163934426, 1.267605633802817, 1.0919540229885059, 1.6111111111111112, 1.0, 1.1176470588235294, 1.0471204188481675, 1.0666666666666667, 1.0, 1.5333333333333334, 1.1633333333333333, 1.0, 1.0, 1.0769230769230769, 1.0, 1.0, 1.0813953488372092, 1.0, 1.0423728813559323, 1.5, 1.0, 1.0, 1.0, 1.3877551020408163, 1.0271739130434783, 1.1507936507936507, 1.8076923076923077, 1.0, 1.0, 1.0164609053497942, 1.068280977312391, 1.0, 1.0, 1.0, 1.2234042553191489, 1.1428571428571428, 1.0, 3.0, 1.0247416678794936, 1.3333333333333333, 1.0, 1.0, 1.217616580310881, 1.25, 1.3125, 1.0471698113207548, 1.75, 1.4, 2.0, 1.0, 1.0, 1.5932203389830508, 1.0, 1.0523582864560797, 1.173913043478261, 1.0301624129930393, 1.0, 1.0050171639820438, 1.0076186329995647, 1.2333333333333334, 1.0687830687830688, 1.0, 1.0, 1.0076045627376427, 2.0, 1.011764705882353, 1.6666666666666667, 1.1956521739130435, 1.0, 1.3333333333333333, 1.0834896810506567, 2.0, 1.0, 1.3333333333333333, 1.6666666666666667, 1.0118694362017804, 1.4186046511627908, 1.1428571428571428, 1.087843137254902, 1.0317460317460319, 1.6666666666666667, 1.15, 1.0454545454545454, 1.0, 1.0, 1.0, 1.0277777777777777, 1.0363984674329503, 1.0, 1.2, 2.0, 1.0, 1.0, 1.0, 1.128099173553719, 1.0270095631946239, 1.0253411306042886, 1.0, 1.2365591397849462, 1.0352548832777513, 3.0, 1.1333333333333333, 1.0, 1.0, 1.4, 1.0, 1.1345029239766082, 1.1418439716312057, 1.0684410646387832, 1.00824896887889, 1.0526315789473684, 1.091743119266055, 1.0, 1.1531322505800463, 1.0283687943262412, 1.3333333333333333, 1.009433962264151, 1.039306358381503, 1.0, 1.0, 1.0, 1.008568368439843, 1.0, 1.0701754385964912, 1.1379310344827587, 1.2833333333333334, 2.0, 1.1782178217821782, 1.4285714285714286, 1.0, 1.1041666666666667, 1.0, 1.1125, 1.0, 1.5, 1.003359650596338, 1.0221238938053097, 1.0163265306122449, 1.0, 1.0007259820924417, 1.0, 1.0294117647058822, 1.0, 1.0262295081967212, 1.0, 1.0, 1.0, 1.0, 1.0709969788519638, 1.0, 1.0, 1.0, 1.1101694915254237, 1.0165101053230856, 1.36, 1.0, 1.8235294117647058, 1.0419501133786848, 1.0164642930644165, 1.0, 1.2627737226277371, 1.0, 1.3428571428571427, 1.0537974683544304, 1.5, 1.0, 1.1111111111111112, 1.0606060606060606, 1.2692307692307692, 1.0, 1.0, 1.0, 1.25, 1.2394366197183098, 1.0909090909090908, 1.093167701863354, 1.0793650793650793, 1.1111111111111112, 1.0922330097087378, 1.0218068535825544, 1.0275741710296684, 1.1436420722135008, 1.0952380952380953, 1.0, 1.7692307692307692, 1.119047619047619, 1.0952380952380953, 1.0318181818181817, 1.0, 1.3636363636363635, 1.0926632739609838, 1.3440860215053763, 1.040393343419062, 1.0, 2.0, 1.056091834072528, 1.0, 1.0, 1.0, 1.0, 1.6666666666666667, 1.0, 1.2195121951219512, 1.0434782608695652, 1.0, 1.0, 1.0361757105943152, 1.126503006012024, 1.0589171974522293, 1.0, 1.1125, 1.049645390070922, 1.0301659125188536, 1.0416666666666667, 1.1188725490196079, 1.0, 1.0914285714285714, 1.0191693290734825, 1.0833333333333333, 1.046743295019157, 1.1113861386138615, 3.0, 1.2702702702702702, 1.3333333333333333, 2.0, 2.5, 1.0, 1.1333333333333333, 1.0636363636363637, 1.0, 2.142857142857143, 3.0, 2.0, 3.0, 1.0783487784330243, 1.3461538461538463, 1.75, 1.1454545454545455, 1.1333333333333333, 1.0, 1.16793893129771, 1.0041778573560132, 1.079674220963173, 1.0112585444310414, 1.6666666666666667, 1.6, 3.0, 1.0, 1.0, 1.1458333333333333, 1.128695652173913, 1.0, 1.2288503253796095, 1.0, 1.2142857142857142, 1.1264367816091954, 1.0, 1.3368421052631578, 1.1063492063492064, 1.2698412698412698, 1.1573033707865168, 1.2857142857142858, 1.174757281553398, 1.0363636363636364, 1.5833333333333333, 1.0, 1.0686813186813187, 1.5, 1.0, 1.0, 1.0, 1.14, 1.00859151262692, 1.0, 1.0087572977481234, 1.3333333333333333, 1.1794871794871795, 1.0918367346938775, 1.0, 2.0, 1.0085945399393326, 1.1700680272108843, 1.0059171597633136, 1.0564924114671164, 1.1324503311258278, 1.0, 1.0, 1.017114914425428, 1.0, 1.05, 1.048884165781084, 1.2338129496402879, 1.0, 1.0, 1.0926829268292684, 1.6666666666666667, 1.0, 1.0, 1.0116006919711, 1.0, 1.4705882352941178, 2.0, 1.0, 1.0, 1.054054054054054, 1.1818181818181819, 1.2857142857142858, 1.063768115942029, 1.5, 1.2380952380952381, 1.0, 1.0, 1.0, 1.0493567251461988, 1.156, 1.0793950850661627, 1.3333333333333333, 1.0, 1.2037845705967978, 2.0, 1.16, 1.4591439688715953, 1.5833333333333333, 1.0783214078514793, 1.0168687401159726, 1.2222222222222223, 1.0, 1.5, 1.0, 1.3653846153846154, 1.0, 1.0199920823436264, 1.1668336673346693, 1.2, 1.0, 1.2723214285714286, 1.0, 1.6666666666666667, 1.0, 1.3333333333333333, 1.288888888888889, 1.0, 2.5, 1.0220417633410672, 1.0, 1.0, 1.0, 1.2, 1.0096525096525097]
origin-census_12.27 	max: 4.0000	99th: 3.0000	95th: 2.0000	median: 1.0480	mean: 1.2070

...Done, result: results.csv

WORKLOAD-FINISHED | Type: QueryWorkload | Progress: 1/3 | Workload-time: 86.049848 | Model-update-time: 0.000000


WORKLOAD-START | Type: DataUpdateWorkload | Progress: 2/3
Going to run: ['python', '/home/kangping/code_copy/SAUCE/Naru/eval_model.py', '--model=naru', '--data_update=sample', '--dataset=census', '--drift_test=js', '--end2end', '--update_size=8000', '--query_seed=0', '--eval_type=drift']
Torch device: cuda:1
GET-MODEL-PATH=./models/end2end/naru/origin-census-22.5MB-model27.255-data14.989-300epochs-seed0.pt
GET-DATASET-PATH=./data/census/end2end/census_int.npy
Sample - START
Sample - END
load_npy_dataset_from_path - df.shape = (39073, 13)
Parsing... done, took 0.0s
Data updated!
Previous data size: (32561, 13), new data size: (6512, 13)
[3.5166740e-06 4.7683716e-07 7.1525574e-07 5.9604645e-07 3.5762787e-07
 2.1457672e-06 3.0398369e-06 2.7894974e-05 2.0265579e-06 1.9788742e-05
 1.7285347e-06 7.1525574e-07 1.8179417e-05]
Distance score: 6.244732958293753e-06
SAUCE Drift detection: False
Detection latency: 0.0038s

WORKLOAD-FINISHED | Type: DataUpdateWorkload | Progress: 2/3 | Workload-time: 1.937719 | Model-update-time: 0.000000


WORKLOAD-START | Type: QueryWorkload | Progress: 3/3
Going to run: ['python', '/home/kangping/code_copy/SAUCE/Naru/eval_model.py', '--dataset=census', '--model=naru', '--end2end', '--query_seed=0', '--eval_type=estimate', '--num_workload=3', '--data_update=sample', '--model_update=adapt', '--random_seed=42']
Torch device: cuda:1
GET-MODEL-PATH=./models/end2end/naru/origin-census-22.5MB-model27.255-data14.989-300epochs-seed0.pt
ckpts [PosixPath('/home/kangping/code_copy/SAUCE/models/end2end/naru/origin-census-22.5MB-model27.255-data14.989-300epochs-seed0.pt')]
Validate Argument: DATASET="census" is valid.
data size: 39073, total size: 39073, split index: [32560 39073]
Parsing... done, took 0.0s
Loading ckpt: /home/kangping/code_copy/SAUCE/models/end2end/naru/origin-census-22.5MB-model27.255-data14.989-300epochs-seed0.pt
query_seed:0
origin-census_12.27 	max: 7.0000	99th: 3.0050	95th: 2.0000	median: 1.0903	mean: 1.3219
ReportEsts: [1.3111111111111111, 1.0, 1.4130434782608696, 1.0, 1.1666666666666667, 1.1012658227848102, 1.007606787595085, 1.3057851239669422, 2.0, 2.0, 1.0318181818181817, 1.1546961325966851, 1.2352941176470589, 1.1228501228501229, 1.1076923076923078, 1.044776119402985, 1.3389830508474576, 1.087719298245614, 1.0, 2.0, 1.5694444444444444, 1.0434782608695652, 1.0, 1.0909090909090908, 1.0, 1.5, 2.0, 1.3389830508474576, 1.2222222222222223, 1.0582428430404738, 1.017417809710429, 1.2765957446808511, 1.0440092165898618, 1.010989010989011, 1.4615384615384615, 2.0, 1.0, 2.0, 1.25, 1.1191222570532915, 1.2307692307692308, 1.0, 2.0, 1.0513769009453349, 1.5, 1.5, 1.0, 1.308641975308642, 1.0, 1.0, 1.0097425191370912, 1.0, 1.5, 1.9411764705882353, 1.0317220543806647, 1.2857142857142858, 1.3333333333333333, 1.0699959066721245, 1.1181818181818182, 1.5, 1.211111111111111, 2.0, 2.0, 1.2857142857142858, 1.1340782122905029, 1.0529574245166207, 1.0302056555269923, 1.0758568548387097, 1.025179856115108, 1.0833333333333333, 1.1558784676354028, 1.3389830508474576, 2.5, 1.0537124802527646, 1.0029451137884873, 1.0, 1.1111111111111112, 2.0, 1.0316742081447965, 1.4, 2.0, 1.0, 1.0, 2.0, 1.0489060489060489, 2.0, 1.0625, 1.0, 1.2777777777777777, 1.0465116279069768, 1.0, 2.0, 1.0065359477124183, 1.0, 1.0178571428571428, 1.1578947368421053, 4.0, 1.0, 1.0066666666666666, 2.0, 1.2345679012345678, 1.1825396825396826, 2.0, 1.380952380952381, 1.4576271186440677, 1.170520231213873, 1.125, 1.6, 1.0394366197183098, 1.8888888888888888, 1.0, 1.2894736842105263, 2.7, 1.1085814360770578, 1.0, 1.0, 1.2763157894736843, 1.0, 2.0, 1.0, 1.0, 1.0, 3.0, 1.2916666666666667, 2.0, 1.0, 1.3833333333333333, 1.2121212121212122, 1.0673076923076923, 1.0, 1.049079754601227, 1.0040672451193058, 1.0097297297297296, 1.0, 1.0833333333333333, 1.1756272401433692, 1.0, 1.0216601641329208, 2.0, 1.0, 2.0, 2.0, 1.0, 1.7083333333333333, 2.0, 1.0, 1.0017532325224634, 1.0089585666293392, 1.0, 1.125, 1.1307353865493401, 3.0, 1.0227655986509274, 2.0, 1.0, 1.1263157894736842, 1.0235849056603774, 1.0416666666666667, 1.6666666666666667, 1.0178012197132025, 1.6, 1.1025641025641026, 1.1772525849335302, 1.0149253731343284, 1.0625, 1.0191017036654622, 1.0571428571428572, 2.0, 1.0, 1.0454545454545454, 1.083810888252149, 1.2666666666666666, 1.0123072936908926, 1.13312693498452, 1.2647943831494484, 1.221487603305785, 1.0, 1.0, 1.0, 1.0, 1.2857142857142858, 1.0, 1.0068493150684932, 1.1693811074918568, 1.0, 1.0413223140495869, 2.125, 1.5714285714285714, 1.0, 1.5, 1.0, 1.1370967741935485, 1.0, 1.1666666666666667, 1.0, 1.030488904925131, 1.1818181818181819, 1.0, 2.0, 1.0166666666666666, 1.0294117647058822, 2.0, 1.0478589420654911, 1.0853658536585367, 1.3617021276595744, 1.2307692307692308, 1.0, 1.25, 1.0, 2.0, 1.5, 1.0714285714285714, 1.017080499762771, 1.5, 2.0, 1.1664145234493193, 1.4191919191919191, 1.0, 1.014167900190315, 1.1666666666666667, 1.2080924855491328, 1.0056975894813733, 1.0, 2.0, 1.2435897435897436, 1.13595166163142, 1.1818181818181819, 1.4, 1.1891891891891893, 1.0606060606060606, 2.25, 1.0143240823634736, 1.0, 1.030200180092817, 2.0, 1.0, 1.2, 2.0, 3.0, 1.0483014861995754, 1.1132075471698113, 1.0, 1.1776315789473684, 1.0, 1.226027397260274, 1.0133333333333334, 2.0, 1.0, 1.001843187296186, 1.00783378746594, 1.0, 1.2255639097744362, 1.027027027027027, 1.1612903225806452, 2.0, 3.0, 1.0021786492374727, 1.1485148514851484, 1.4714285714285715, 1.049140049140049, 1.0004420866489832, 1.0, 1.2, 1.5384615384615385, 1.091703056768559, 2.0, 1.1040462427745665, 2.0, 1.2067950775815945, 1.0, 1.014336917562724, 1.0, 1.0625, 2.0, 1.0330543933054392, 1.0, 1.0535714285714286, 1.4545454545454546, 1.038338658146965, 1.1666666666666667, 1.0075290896646132, 1.0, 1.3333333333333333, 1.2222222222222223, 1.0300751879699248, 1.2, 1.2, 1.0, 1.006578947368421, 1.0, 2.0, 1.0, 1.0344827586206897, 1.0698429886302112, 1.4285714285714286, 2.0, 1.1428571428571428, 1.0441988950276244, 1.0, 1.017385257301808, 1.0454545454545454, 2.0, 1.0, 1.0012942191544434, 1.0, 1.0, 1.3333333333333333, 1.0, 1.0, 1.0, 1.0161214292448384, 1.1791907514450868, 1.1935483870967742, 1.0335173501577286, 1.3333333333333333, 1.04, 2.0, 1.4166666666666667, 1.0, 1.0, 1.0, 1.0223733274840974, 1.0, 1.0903324029434154, 1.8, 1.0, 1.10109159943047, 1.0338983050847457, 1.0, 1.0, 2.0, 1.6666666666666667, 4.0, 1.1239048811013768, 1.0, 1.029082774049217, 1.0, 1.0588235294117647, 1.0, 1.75, 1.0, 1.6, 1.0, 1.0, 1.0, 1.1910112359550562, 1.016, 1.0, 1.0390879478827362, 2.0, 2.0, 1.6666666666666667, 1.1538461538461537, 1.0, 2.3333333333333335, 1.2, 2.0, 1.08, 1.5, 1.0952380952380953, 1.5, 1.1645230439442658, 1.0053561863952865, 1.0769230769230769, 1.0277442702050663, 2.0, 2.0, 1.0, 2.0, 1.3555555555555556, 1.0, 1.1063829787234043, 1.259789156626506, 1.0, 1.3097345132743363, 1.2054794520547945, 1.0, 1.0648148148148149, 1.0, 1.0, 2.0, 1.2083333333333333, 2.0, 1.503562945368171, 1.0, 3.0, 1.5, 1.2, 1.0695652173913044, 1.0178571428571428, 1.0, 1.0, 1.205607476635514, 2.0, 1.0, 1.023152435636229, 1.1666666666666667, 1.0758725341426403, 1.1956521739130435, 1.6666666666666667, 1.032017075773746, 1.5510204081632653, 1.0118178658324644, 2.0, 1.15, 1.0, 1.0754985754985755, 1.2266666666666666, 3.0, 1.1273764258555132, 1.696969696969697, 1.3333333333333333, 1.0, 2.0, 1.1472868217054264, 1.0372750642673523, 1.0375, 1.0783132530120483, 1.025, 2.0, 1.0, 1.0, 1.0555555555555556, 1.0425531914893618, 1.5833333333333333, 1.1530054644808743, 1.0, 1.0218479745106963, 3.0, 1.75, 2.0, 2.0, 1.1923076923076923, 1.0, 1.0, 2.0, 1.0507717303005686, 2.0, 1.0236400916656616, 2.0, 2.5, 1.3333333333333333, 1.125, 1.0, 1.0, 1.532258064516129, 2.375, 1.0, 1.0909090909090908, 1.0, 1.0, 4.0, 1.0, 1.1844660194174756, 1.1842105263157894, 1.4090909090909092, 1.0295436817472698, 1.0, 1.0526315789473684, 1.0, 1.020100502512563, 1.0, 1.8357142857142856, 1.0, 1.1486910994764399, 1.0, 1.0, 1.13013698630137, 1.2173913043478262, 1.0080657915546418, 1.105263157894737, 1.0198868506771817, 1.0573248407643312, 2.0, 2.0, 1.013838592860838, 1.3333333333333333, 2.0, 1.0, 1.216867469879518, 1.0, 1.3333333333333333, 1.1406844106463878, 1.1, 1.0, 1.0688202247191012, 1.5, 1.0588235294117647, 1.0, 1.0168745414526779, 3.0, 3.0, 1.1694915254237288, 1.0467980295566504, 1.6, 1.0, 1.25, 1.0, 1.0761194029850747, 1.125, 2.0, 1.0416666666666667, 1.0454181138124499, 1.0877257648359748, 1.0427553444180522, 1.2731788079470199, 1.375, 1.5625, 1.0769230769230769, 1.0891089108910892, 3.0, 1.0, 1.5555555555555556, 1.1666666666666667, 1.0384615384615385, 1.0, 1.0, 3.0, 1.0060240963855422, 1.0, 2.0, 1.375, 1.0092592592592593, 1.2813455657492354, 1.0344827586206897, 1.0348837209302326, 1.25, 1.0, 1.1428571428571428, 2.0, 1.4, 1.125, 1.007168458781362, 1.0, 1.0, 1.3594771241830066, 1.0117056856187292, 1.3822222222222222, 1.0, 2.0, 1.0, 1.0, 1.0, 1.25, 1.0129032258064516, 1.002257336343115, 1.0308449974079834, 1.0088484848484849, 1.251063829787234, 1.0, 1.5, 1.0812250332889481, 1.2216494845360826, 2.0, 1.0143149284253579, 1.0, 1.0878260869565217, 1.0206000895656069, 2.0, 1.7272727272727273, 1.1088435374149659, 1.1904761904761905, 1.0468919004899153, 1.0, 2.0, 1.0012222448563863, 1.0, 1.0, 1.0104333868378812, 1.0, 1.0, 1.0, 1.4375, 1.0376569037656904, 1.0576923076923077, 1.0943245403677058, 1.25, 1.197674418604651, 1.088724584103512, 2.0, 1.034248897931502, 1.0517241379310345, 3.0, 3.0, 2.0, 1.293103448275862, 1.0910815939278937, 1.0422535211267605, 3.0, 1.0263233190271817, 1.0, 1.0, 1.3333333333333333, 2.0, 1.043859649122807, 1.3333333333333333, 1.0, 2.0, 1.2307692307692308, 1.208, 1.1923076923076923, 1.0343980343980343, 1.3333333333333333, 4.0, 1.2436974789915967, 1.106896551724138, 1.0026161573880286, 1.085551330798479, 1.0160366552119129, 1.130232558139535, 1.106060606060606, 1.0, 1.0, 1.0850877192982455, 1.0459770114942528, 2.0, 1.0139511071291438, 1.3580786026200873, 2.0, 1.006281407035176, 1.2272727272727273, 1.565217391304348, 1.1, 1.1358024691358024, 1.0384615384615385, 1.0, 1.0468548039638088, 2.0, 1.363395225464191, 1.0195059557118875, 1.4761904761904763, 1.0, 1.0124733300508781, 1.0, 1.5, 1.0379746835443038, 1.8333333333333333, 1.3478260869565217, 2.0, 1.0, 1.0, 1.0831600831600832, 1.0, 1.0456442357850808, 1.0292397660818713, 1.0, 1.5555555555555556, 1.28125, 1.197142857142857, 1.0, 2.0, 1.471698113207547, 1.0, 1.0824175824175823, 1.0351351351351352, 1.0555555555555556, 1.0245098039215685, 1.2666666666666666, 1.1111111111111112, 1.0143794499511378, 1.0, 1.2173913043478262, 1.3333333333333333, 1.0, 2.375, 2.5, 5.0, 2.0, 1.0, 1.2794117647058822, 1.0, 1.2236286919831223, 1.1446808510638298, 1.0, 1.0, 2.0, 1.0, 1.0, 1.0, 1.1089494163424125, 1.5555555555555556, 2.0, 1.0, 1.9333333333333333, 1.2816901408450705, 1.0, 1.1568627450980393, 1.0, 3.0, 1.0, 1.0240027629079607, 1.75, 1.25, 1.186204297022239, 2.0, 1.0, 1.0, 1.0, 2.0, 1.2450331125827814, 2.0, 1.0421052631578946, 1.7777777777777777, 1.024769305488101, 2.0, 1.3333333333333333, 1.0296260320543953, 1.3333333333333333, 1.0241935483870968, 1.5, 1.0174953959484345, 2.0, 1.0, 1.0980769230769232, 1.1304347826086956, 1.0, 1.2962962962962963, 1.0357142857142858, 5.0, 1.0, 1.0, 1.0, 1.0444444444444445, 1.25, 1.1884984025559104, 1.1043388429752066, 1.0, 1.0, 1.0, 1.0662251655629138, 1.0278760587541547, 1.0573942186845413, 1.0, 1.1574803149606299, 1.0030569354222392, 2.0, 1.0, 1.0121396054628224, 2.0, 1.4782608695652173, 1.0, 1.3055555555555556, 1.0, 1.0222222222222221, 1.1151515151515152, 1.0601503759398496, 1.4751131221719458, 2.3333333333333335, 1.0, 1.5337837837837838, 1.2, 2.0, 3.0, 2.0, 2.019230769230769, 1.0617732558139534, 1.064139941690962, 1.5, 1.0769230769230769, 2.0, 1.3333333333333333, 1.0903426791277258, 1.1375, 1.5625, 1.0508474576271187, 1.015267175572519, 1.0, 1.131578947368421, 3.0, 1.0, 1.0, 1.3333333333333333, 1.1818181818181819, 1.07010550996483, 1.6666666666666667, 2.0, 1.0, 1.001368925393566, 1.04296875, 1.0604099244875944, 1.0, 1.099056603773585, 1.16, 1.077922077922078, 1.0, 1.9310344827586208, 1.0477941176470589, 1.0373831775700935, 1.0, 2.0, 1.3529411764705883, 1.0, 1.5384615384615385, 1.0452224653537563, 1.0, 1.0765306122448979, 1.16, 1.0666666666666667, 1.0, 1.3076923076923077, 1.5, 2.0, 1.0, 1.4615384615384615, 1.0447284345047922, 1.05, 1.0, 3.0, 1.0416666666666667, 1.0165745856353592, 2.6666666666666665, 2.5454545454545454, 1.0206997084548104, 1.0827629122588676, 1.1428571428571428, 1.0, 2.0, 2.0, 1.5135135135135136, 1.0222222222222221, 2.0, 1.0, 1.1771844660194175, 1.0, 1.1384615384615384, 1.0019118308591992, 1.0180623973727423, 1.1929824561403508, 1.0416666666666667, 1.1358381502890174, 1.0719139297848244, 1.0, 3.5, 1.246031746031746, 1.1333333333333333, 1.0, 1.0684931506849316, 1.0044523597506678, 1.4528301886792452, 1.0106272140029173, 3.0, 1.0418848167539267, 1.0, 2.0, 1.0943396226415094, 1.0925925925925926, 1.1722689075630253, 1.0574712643678161, 1.0430622009569377, 1.0524861878453038, 1.2222222222222223, 1.0611979166666667, 1.0995934959349594, 3.6666666666666665, 1.2696629213483146, 1.2727272727272727, 2.0, 3.0, 1.0, 1.0401891252955082, 1.053030303030303, 1.0, 1.0033754543880906, 1.5, 1.1131578947368421, 1.2448979591836735, 2.0, 1.0314842578710646, 1.8, 1.3513513513513513, 1.0, 1.2222222222222223, 1.0556872037914693, 1.0256797583081572, 2.0, 1.0, 1.2555555555555555, 1.7, 1.0, 1.1153846153846154, 1.0280777537796977, 2.0, 1.1481481481481481, 1.1756756756756757, 1.25, 1.0, 1.1549444738233738, 3.0, 1.4285714285714286, 2.0, 1.010204081632653, 1.0, 1.0061226274818509, 1.0, 1.3, 1.107843137254902, 2.0, 1.116591928251121, 1.005736137667304, 1.0282758620689656, 1.0813953488372092, 1.3333333333333333, 1.7142857142857142, 1.0207044904544231, 1.036701860231272, 1.0, 2.0, 1.0, 1.2912280701754386, 1.0436746987951808, 1.0, 1.1, 1.8181818181818181, 1.0998140111593304, 1.0970873786407767, 2.0, 1.005952380952381, 4.0, 1.1875, 1.0111607142857142, 1.0769230769230769, 1.012370113805047, 1.1666666666666667, 2.0, 1.0436170212765958, 1.0, 1.1806167400881058, 1.1221122112211221, 2.2857142857142856, 1.2571428571428571, 1.6481481481481481, 1.0714285714285714, 1.0, 1.2127659574468086, 3.0, 1.0950704225352113, 1.0769230769230769, 7.0, 1.0584255842558425, 3.0, 1.1111111111111112, 1.0, 2.0, 1.0, 1.0342703118983443, 1.136061946902655, 1.0170278637770898, 1.5, 1.0, 1.1176470588235294, 1.0446601941747573, 1.0277777777777777, 1.4743589743589745, 1.9333333333333333, 1.0646104370706038, 1.0520931994695966, 2.0, 1.151862464183381, 1.00253807106599, 1.0, 1.0, 1.0, 1.0394736842105263, 1.217466493731085, 1.1176470588235294, 1.0, 1.2518248175182483, 1.0, 1.6296296296296295, 1.0, 1.1666666666666667, 1.38, 1.263157894736842, 1.0184285214416235, 1.0092592592592593, 1.0, 1.1717451523545706, 1.0138888888888888, 1.1333333333333333, 1.048006509357201, 1.1438979963570128, 1.045674368619022, 1.0, 1.0, 1.0, 1.2216014897579144, 1.0614995787700083, 1.076069730586371, 1.0164310794994147, 1.0125906142693628, 1.0, 1.1899791231732777, 1.0, 1.5, 1.2121212121212122, 1.0, 1.5, 1.0710479573712255, 2.0, 1.1111111111111112]
origin-census_12.27 	max: 7.0000	99th: 3.0050	95th: 2.0000	median: 1.0903	mean: 1.3219

...Done, result: results.csv

WORKLOAD-FINISHED | Type: QueryWorkload | Progress: 3/3 | Workload-time: 86.564022 | Model-update-time: 0.000000


Experiment Summary: #data-update-times=1, #drift=0 | total-time=174.602970