Input arguments = Namespace(data_update='sample', update_size=8000, dataset='census', debug=False, drift_test='js', model_update='adapt', model='naru', end2end=False, query_seed=0, random_seed=42, num_workload=3)
JSON-passed parameters = {'data_updater': {'skew_ratio': '1e-2'}, 'random_seed': 8, 'naru': {'epochs': 0}}
MODEL-PATH=/home/kangping/code_copy/SAUCE/models/end2end/naru/origin-census-22.5MB-model27.255-data14.989-300epochs-seed0.pt
DATASET-PATH=/home/kangping/code_copy/SAUCE/data/census/end2end/census_int.npy
Workloads: ['QueryWorkload', 'DataUpdateWorkload', 'QueryWorkload']

WORKLOAD-START | Type: QueryWorkload | Progress: 1/3
Going to run: ['python', '/home/kangping/code_copy/SAUCE/Naru/eval_model.py', '--dataset=census', '--model=naru', '--query_seed=0', '--end2end', '--eval_type=first_estimate', '--num_workload=3', '--data_update=sample', '--model_update=adapt', '--random_seed=42']
Torch device: cuda:1
GET-MODEL-PATH=./models/end2end/naru/origin-census-22.5MB-model27.255-data14.989-300epochs-seed0.pt
ckpts [PosixPath('/home/kangping/code_copy/SAUCE/models/end2end/naru/origin-census-22.5MB-model27.255-data14.989-300epochs-seed0.pt')]
Validate Argument: DATASET="census" is valid.
load_csv_dataset - census (32561, 13)
Parsing... done, took 0.0s
Loading ckpt: /home/kangping/code_copy/SAUCE/models/end2end/naru/origin-census-22.5MB-model27.255-data14.989-300epochs-seed0.pt
query_seed:0
origin-census_12.27 	max: 6.0000	99th: 3.0000	95th: 2.0000	median: 1.0426	mean: 1.2065
ReportEsts: [1.0, 1.1490727532097005, 1.1338028169014085, 2.0, 1.0317460317460319, 1.036480686695279, 1.0, 1.2142857142857142, 1.0, 1.0, 1.0, 1.183673469387755, 2.142857142857143, 1.1690140845070423, 1.2838709677419355, 1.0, 1.0380952380952382, 1.0, 1.0, 1.0, 6.0, 2.0, 1.323699421965318, 2.5, 1.1865671641791045, 1.4, 1.0, 1.0382950382950382, 1.0, 1.0383258876087467, 1.023784631468897, 1.3513513513513513, 1.0517241379310345, 1.1111111111111112, 1.0, 1.25, 1.5, 1.0040816326530613, 1.125, 1.0160044150110374, 1.0, 1.0, 1.0, 1.0, 1.2, 1.1590909090909092, 1.0, 1.0079292467215615, 1.0, 4.0, 1.0, 1.1666666666666667, 1.0, 1.0434782608695652, 1.0825688073394495, 4.0, 1.0125, 1.75, 1.0147647647647648, 1.0129032258064516, 1.1511627906976745, 1.0909090909090908, 1.1923076923076923, 1.1923076923076923, 1.0, 1.0, 1.0, 1.0260532150776054, 1.0, 1.1666666666666667, 1.3235294117647058, 1.2941176470588236, 1.6666666666666667, 1.0, 1.0262675626145388, 1.0, 1.0, 1.411764705882353, 2.0, 1.0, 1.0, 1.0, 1.0, 1.3333333333333333, 1.2882882882882882, 1.0714285714285714, 1.0, 1.1219512195121952, 1.008389860764013, 1.0, 1.0469798657718121, 1.0, 1.032258064516129, 2.0, 1.065359477124183, 1.5, 1.051762114537445, 1.5, 1.5319148936170213, 1.5, 1.0, 1.0, 1.0, 1.0, 1.0, 1.1244979919678715, 1.000935453695042, 1.1851851851851851, 1.1574344023323615, 1.0666666666666667, 1.3529411764705883, 1.0, 1.326086956521739, 1.3333333333333333, 1.5454545454545454, 1.0, 3.0, 1.103448275862069, 3.0, 1.0135135135135136, 2.0, 1.1704, 1.0927536231884059, 1.25, 1.0127253446447508, 1.1, 1.011488038924179, 1.0431676094075617, 1.2857142857142858, 1.1205357142857142, 1.0, 1.0053428317008015, 1.0, 1.0, 2.0, 1.0, 1.0871508379888268, 1.0, 1.0, 1.5555555555555556, 1.0, 2.3333333333333335, 1.0, 1.0, 2.0, 1.0, 1.0, 1.1818181818181819, 1.0175625332623737, 1.4523809523809523, 1.0, 1.0, 2.0, 1.0, 1.0, 1.5, 1.5, 1.0, 1.0, 1.3333333333333333, 1.06, 1.5, 1.4444444444444444, 1.0769230769230769, 1.1830985915492958, 1.0974025974025974, 1.0239520958083832, 1.0176830650646111, 1.0255130338325014, 1.1727748691099475, 1.0348066298342542, 1.2, 1.0, 1.0, 1.588235294117647, 1.4069767441860466, 1.5, 1.0840173829068083, 1.0734063103670315, 1.0098039215686274, 1.0, 1.3109243697478992, 1.0888888888888888, 1.0442477876106195, 1.2105263157894737, 1.0001841733685308, 1.5, 1.0, 1.0655737704918034, 1.0643086816720257, 1.2475247524752475, 1.0909090909090908, 1.03149419843713, 1.0, 1.0666666666666667, 1.0638297872340425, 1.0536257833482543, 1.0, 1.0175438596491229, 1.08, 1.0, 1.1333333333333333, 1.3592233009708738, 1.0666666666666667, 2.0, 1.4, 1.0, 1.0136890136890138, 3.0, 1.0, 1.1869688385269122, 1.1630434782608696, 1.1538461538461537, 2.3333333333333335, 1.0, 1.2, 1.1538461538461537, 1.0133257726112843, 1.0520231213872833, 1.2465753424657535, 1.0, 1.2857142857142858, 1.0294599018003274, 1.1555555555555554, 2.0, 1.2249443207126949, 1.0, 1.0, 1.0, 1.0, 1.0, 1.3, 1.2, 1.1225490196078431, 1.0, 1.0, 1.0, 1.4, 1.0717131474103585, 1.0, 1.0, 1.2108843537414966, 2.0, 1.0, 1.0, 1.3333333333333333, 1.6111111111111112, 1.0, 1.0, 1.0425531914893618, 1.0, 1.0061349693251533, 1.3076923076923077, 1.2, 1.0, 1.0, 1.6666666666666667, 1.0347826086956522, 1.793103448275862, 1.00573230151906, 1.0, 1.0, 1.5555555555555556, 1.0294117647058822, 1.3333333333333333, 1.0, 1.4545454545454546, 1.0248756218905473, 2.0, 1.1428571428571428, 1.1176470588235294, 1.0, 1.0, 2.0, 1.0174505213875293, 1.0344827586206897, 1.0, 1.032069970845481, 1.0, 1.0, 1.7272727272727273, 1.2926829268292683, 1.0303030303030303, 1.25, 1.0170454545454546, 1.0, 1.047486033519553, 1.5, 1.0434782608695652, 1.0, 1.25, 1.0091725945338825, 1.5, 1.0033185840707965, 1.0826446280991735, 1.0, 1.0, 1.0, 1.032258064516129, 1.02, 1.2222222222222223, 2.0, 1.0, 1.0862068965517242, 1.0211267605633803, 1.0393081761006289, 2.0, 1.025078369905956, 1.2, 1.0, 1.0, 1.0, 1.0, 1.0597014925373134, 1.0, 1.0, 1.0, 1.0279955207166853, 1.0, 1.0194086231600885, 1.0, 1.0174953959484345, 1.0, 1.0, 1.0791527313266445, 1.2727272727272727, 1.0, 1.0463958060288336, 1.0, 1.0693553315001527, 1.0, 1.1818181818181819, 1.0, 1.0242895312120477, 1.0, 1.0, 2.0, 2.0, 3.0, 1.1238938053097345, 1.105263157894737, 1.0606060606060606, 1.0, 1.0, 1.0196078431372548, 3.0, 1.0476190476190477, 1.0, 1.75, 1.0, 1.0, 1.6666666666666667, 1.0714285714285714, 1.0, 1.1, 1.0123647604327666, 1.263157894736842, 1.1666666666666667, 1.0, 1.0, 1.0420289855072464, 1.3333333333333333, 1.0, 1.1428571428571428, 1.0, 1.6923076923076923, 1.0, 1.1069836552748886, 1.0471698113207548, 1.0, 1.1884984025559104, 1.2708333333333333, 1.0, 1.0, 3.0, 1.0, 1.0, 1.0588235294117647, 1.0208333333333333, 1.125, 1.2654320987654322, 1.0, 1.2736842105263158, 1.1428571428571428, 1.0, 1.0, 1.0, 1.0, 1.0, 1.0, 2.0, 1.581039755351682, 1.0, 1.0, 1.625, 1.6923076923076923, 1.15625, 1.5348837209302326, 1.0, 1.0, 1.1764705882352942, 1.0952380952380953, 1.0, 1.0208333333333333, 1.1587301587301588, 1.0, 1.0181441161223432, 1.055045871559633, 1.0, 1.0769230769230769, 1.2, 1.0, 1.0, 1.0625, 1.25, 1.27, 1.2608695652173914, 4.0, 1.2340425531914894, 1.0256410256410255, 1.5, 1.0, 1.0045852438516047, 1.0, 1.3, 1.0653813914501258, 1.114864864864865, 1.1910828025477707, 1.4242424242424243, 1.1686746987951808, 1.0, 1.0, 1.054320987654321, 1.2, 1.0483870967741935, 1.0, 1.023094688221709, 1.0, 1.022408963585434, 1.0, 1.5, 1.0833333333333333, 1.0, 1.0, 2.0, 1.3513513513513513, 1.0, 1.0, 1.2132132132132132, 1.017094017094017, 1.0149588631264024, 1.119047619047619, 1.2608695652173914, 1.0, 1.0, 1.4444444444444444, 1.0, 1.0201331967213114, 1.0034063260340633, 1.0, 1.0119487908961593, 1.0909090909090908, 1.0, 1.131578947368421, 2.0, 1.0888888888888888, 1.0, 1.0, 1.008008542445275, 1.0472854640980735, 1.0545454545454545, 1.0, 1.0, 1.5, 1.1, 1.048913043478261, 1.118881118881119, 1.0530451866404715, 1.0, 2.0, 1.0, 1.4285714285714286, 1.417989417989418, 1.0, 1.0, 1.0, 1.0, 1.0430463576158941, 1.0, 1.0, 1.0, 1.0, 1.7173913043478262, 1.0, 1.0769230769230769, 1.0, 1.9166666666666667, 1.1741424802110818, 1.000738552437223, 1.4583333333333333, 1.0, 2.0, 1.0434782608695652, 1.2857142857142858, 1.0, 1.0467877094972067, 1.079268292682927, 1.2857142857142858, 1.0, 1.0161579892280073, 1.0, 1.0, 1.0129589632829374, 1.003220611916264, 1.1142857142857143, 1.0411931818181819, 1.02020202020202, 1.5714285714285714, 2.0, 1.0, 1.043103448275862, 1.0296296296296297, 1.0, 1.240506329113924, 1.1818181818181819, 1.1774193548387097, 1.2285714285714286, 3.0, 1.1489208633093526, 1.0265486725663717, 1.0, 1.3781818181818182, 2.5, 1.1224489795918366, 1.5714285714285714, 1.0282519631273472, 1.0655737704918034, 1.0, 3.0, 1.0, 1.21875, 1.0, 1.1518987341772151, 1.2113775794757389, 1.02726473175022, 1.0030075187969925, 1.0936329588014981, 1.0, 1.0293569431500467, 2.0, 1.0175438596491229, 1.0, 1.1470588235294117, 1.0, 1.0, 2.0, 2.0, 2.0, 1.0, 2.0, 1.0389610389610389, 1.0, 1.1818181818181819, 1.0225485055060304, 1.0283687943262412, 1.0757575757575757, 1.02, 1.0729166666666667, 1.0, 1.0, 1.0, 1.0, 1.0135416666666666, 1.0, 1.037566428440535, 1.5, 2.0, 1.236842105263158, 1.0153846153846153, 1.0836363636363637, 1.0, 1.116493656286044, 1.0, 1.4545454545454546, 1.263157894736842, 1.2, 1.5, 1.0416666666666667, 2.6666666666666665, 1.0, 1.0, 2.0, 1.0, 1.0226380419346754, 1.0405608412618927, 1.0, 1.25, 1.0, 1.04, 1.0028462998102468, 1.0, 1.151006711409396, 1.8, 1.0737463126843658, 2.0, 1.0, 1.0132743362831858, 1.0, 1.0, 1.0, 1.0303856641994547, 1.3008849557522124, 1.14, 1.037037037037037, 1.0204819277108435, 2.0, 1.25, 1.0, 1.1818181818181819, 2.0, 1.0103270223752152, 1.0, 1.079646017699115, 1.0, 1.5384615384615385, 1.0, 1.0106382978723405, 1.0, 1.0, 1.0088900862068966, 1.0, 1.0619469026548674, 1.25, 1.1666666666666667, 1.008445760666886, 1.0, 1.4, 1.2439024390243902, 1.0316455696202531, 1.0369181380417336, 1.0, 1.094142259414226, 1.25, 1.0981818181818181, 1.0, 1.0, 1.52, 1.125, 1.0644677661169415, 1.1920529801324504, 1.0003849114703618, 1.0594059405940595, 1.2328767123287672, 1.0804597701149425, 1.5, 1.0, 1.0961538461538463, 1.0628272251308901, 1.0333333333333334, 1.0, 1.2666666666666666, 1.1566666666666667, 1.0, 1.0, 1.3571428571428572, 1.0, 1.0476190476190477, 1.069767441860465, 1.0, 1.0254237288135593, 1.5, 1.0, 1.0, 1.0, 1.3265306122448979, 1.0021786492374727, 1.0476190476190477, 1.7407407407407407, 1.0, 1.0, 1.0945945945945945, 1.0113438045375218, 1.0, 1.0, 1.0, 1.069767441860465, 1.1428571428571428, 1.0, 3.0, 1.0104411764705883, 1.3333333333333333, 1.0, 1.0, 1.1633663366336633, 1.25, 1.3125, 1.11, 1.75, 1.3275862068965518, 2.0, 1.0, 1.0, 1.6491228070175439, 1.0, 1.0177151625052308, 1.148936170212766, 1.0261941448382126, 1.0, 1.0275880189174986, 1.0111014366565085, 1.0344827586206897, 1.063157894736842, 1.0, 1.0, 1.0148411991688928, 2.0, 1.131578947368421, 1.6666666666666667, 1.2065217391304348, 1.0, 1.3333333333333333, 1.1135084427767354, 2.0, 1.0, 1.3333333333333333, 1.6666666666666667, 1.013353115727003, 1.3953488372093024, 1.0909090909090908, 1.0921259842519686, 1.0, 1.6666666666666667, 1.1, 1.0454545454545454, 1.0, 1.0, 1.0, 1.0571428571428572, 1.0334288443170965, 1.0, 1.2, 2.0, 1.0, 1.0, 1.0, 1.092, 1.0131310555838857, 1.0615539858728558, 1.0, 1.2041884816753927, 1.0372756557754257, 3.0, 1.2142857142857142, 1.0216606498194947, 1.0, 1.2727272727272727, 1.0, 1.0360824742268042, 1.475177304964539, 1.084942084942085, 1.0044826298094882, 1.0552763819095476, 1.0672782874617737, 1.0, 1.136890951276102, 1.0069444444444444, 1.4166666666666667, 1.0047169811320755, 1.0057803468208093, 1.0, 1.0, 1.0, 1.0060176991150442, 1.0048309178743962, 1.0892857142857142, 1.32, 1.2833333333333334, 2.0, 1.0297029702970297, 1.5, 1.0, 1.125, 1.0769230769230769, 1.15625, 1.0, 1.3636363636363635, 1.0118986911439742, 1.0087336244541485, 1.0200803212851406, 1.0, 1.0276679841897234, 1.0, 1.0588235294117647, 1.0, 1.0098360655737706, 1.0, 1.0, 1.0, 1.0, 1.0426470588235295, 1.0, 1.0, 1.3333333333333333, 1.0932203389830508, 1.0, 1.4, 1.0, 1.7647058823529411, 1.0530939648586708, 1.0159958180867747, 1.0, 1.2357142857142858, 1.0, 1.3428571428571427, 1.0438871473354232, 1.5, 1.0, 1.0, 1.0606060606060606, 1.1616688396349413, 1.0, 1.0, 1.0, 1.25, 1.2112676056338028, 1.0909090909090908, 1.093167701863354, 1.0327868852459017, 1.108829568788501, 1.066350710900474, 1.0154798761609907, 1.012914485165794, 1.1591089896579156, 1.0952380952380953, 1.0, 1.7692307692307692, 1.3055555555555556, 1.0952380952380953, 1.066079295154185, 1.0, 1.3636363636363635, 1.0435398946942083, 1.3157894736842106, 1.0194189149125408, 1.0, 2.0, 1.0182366997861905, 1.0, 1.0, 1.0, 1.0, 1.6666666666666667, 1.0, 1.170731707317073, 1.0217391304347827, 1.0, 1.0, 1.0415584415584416, 1.2078968573730862, 1.0275560133917074, 1.0, 1.1375, 1.0425531914893618, 1.0317220543806647, 1.0416666666666667, 1.182642487046632, 1.0, 1.0938775510204082, 1.0125391849529781, 1.0833333333333333, 1.0548262548262548, 1.1059113300492611, 3.0, 1.2162162162162162, 1.3333333333333333, 2.0, 3.75, 1.0, 1.0666666666666667, 1.054054054054054, 1.0, 2.3333333333333335, 3.0, 2.0, 3.0, 1.03203125, 1.3725490196078431, 1.75, 1.1636363636363636, 1.2, 1.0, 1.1755725190839694, 1.0008923259964306, 1.0971572508096437, 1.0048250904704463, 1.6666666666666667, 1.6, 3.0, 1.0, 1.0, 1.1224489795918366, 1.0780730897009967, 1.0, 1.2516268980477223, 1.0, 1.3421052631578947, 1.101123595505618, 1.0, 1.4269662921348314, 1.0941915227629513, 1.3333333333333333, 1.0561797752808988, 1.2, 1.2201680672268909, 1.043859649122807, 1.4166666666666667, 1.0, 1.0428954423592494, 1.5, 1.0, 1.0, 1.0, 1.2030303030303031, 1.0005162622612287, 1.0, 1.020669698222406, 1.3333333333333333, 1.1282051282051282, 1.0816326530612246, 1.0, 2.0, 1.037092731829574, 1.1543624161073827, 1.034965034965035, 1.1098317094774137, 1.1476510067114094, 1.0, 1.0, 1.0246305418719213, 1.0, 1.05, 1.1305841924398625, 1.2293906810035842, 1.0, 1.0, 1.0585365853658537, 1.8333333333333333, 1.0, 1.0, 1.0319887335278142, 1.0, 1.0869565217391304, 2.0, 1.0, 1.0, 1.0833333333333333, 1.0909090909090908, 1.3214285714285714, 1.0347826086956522, 1.5, 1.164179104477612, 1.0, 1.0, 1.0, 1.0324510932105868, 1.1392904073587384, 1.1247637051039698, 1.3333333333333333, 1.0, 1.1882183908045978, 2.0, 1.04, 1.4970059880239521, 1.4615384615384615, 1.121254775789262, 1.0157977883096367, 1.375, 1.0, 1.5, 1.0, 1.2754491017964071, 1.0, 1.0244532803180915, 1.2361995753715498, 1.2, 1.0, 1.3348214285714286, 1.0, 1.6666666666666667, 1.0, 1.3333333333333333, 1.2444444444444445, 1.0, 2.5, 1.0090805902383655, 1.0, 1.0, 1.0, 1.24, 1.0154440154440154]
origin-census_12.27 	max: 6.0000	99th: 3.0000	95th: 2.0000	median: 1.0426	mean: 1.2065

...Done, result: results.csv

WORKLOAD-FINISHED | Type: QueryWorkload | Progress: 1/3 | Workload-time: 86.436784 | Model-update-time: 0.000000


WORKLOAD-START | Type: DataUpdateWorkload | Progress: 2/3
Going to run: ['python', '/home/kangping/code_copy/SAUCE/Naru/eval_model.py', '--model=naru', '--data_update=sample', '--dataset=census', '--drift_test=js', '--end2end', '--update_size=8000', '--query_seed=0', '--eval_type=drift']
Torch device: cuda:1
GET-MODEL-PATH=./models/end2end/naru/origin-census-22.5MB-model27.255-data14.989-300epochs-seed0.pt
GET-DATASET-PATH=./data/census/end2end/census_int.npy
Sample - START
Sample - END
load_npy_dataset_from_path - df.shape = (39073, 13)
Parsing... done, took 0.0s
Data updated!
Previous data size: (32561, 13), new data size: (6512, 13)
[1.8477440e-06 4.1723251e-07 6.0200691e-06 1.0132790e-06 2.2053719e-06
 5.3644180e-07 1.3113022e-06 1.0907650e-05 1.3709068e-06 8.2790852e-05
 1.8239021e-05 8.0466270e-06 1.4901161e-06]
Distance score: 1.0476662282599136e-05
SAUCE Drift detection: False
Detection latency: 0.0037s

WORKLOAD-FINISHED | Type: DataUpdateWorkload | Progress: 2/3 | Workload-time: 1.921527 | Model-update-time: 0.000000


WORKLOAD-START | Type: QueryWorkload | Progress: 3/3
Going to run: ['python', '/home/kangping/code_copy/SAUCE/Naru/eval_model.py', '--dataset=census', '--model=naru', '--end2end', '--query_seed=0', '--eval_type=estimate', '--num_workload=3', '--data_update=sample', '--model_update=adapt', '--random_seed=42']
Torch device: cuda:1
GET-MODEL-PATH=./models/end2end/naru/origin-census-22.5MB-model27.255-data14.989-300epochs-seed0.pt
ckpts [PosixPath('/home/kangping/code_copy/SAUCE/models/end2end/naru/origin-census-22.5MB-model27.255-data14.989-300epochs-seed0.pt')]
Validate Argument: DATASET="census" is valid.
data size: 39073, total size: 39073, split index: [32560 39073]
Parsing... done, took 0.0s
Loading ckpt: /home/kangping/code_copy/SAUCE/models/end2end/naru/origin-census-22.5MB-model27.255-data14.989-300epochs-seed0.pt
query_seed:0
origin-census_12.27 	max: 6.0000	99th: 3.0100	95th: 2.0000	median: 1.0820	mean: 1.3055
ReportEsts: [1.3333333333333333, 1.0, 1.4146341463414633, 1.0, 1.0, 1.0357142857142858, 1.0240469208211143, 1.4166666666666667, 1.0, 1.0, 1.0631399317406143, 1.1849710982658959, 1.2745098039215685, 1.09873417721519, 1.046875, 1.1465201465201464, 1.1456410256410257, 1.22, 1.0, 2.0, 1.6, 1.0, 1.0, 1.0, 1.0, 1.5, 1.013869625520111, 1.331877729257642, 1.0, 1.0402500976944118, 1.033675923901159, 1.4285714285714286, 1.0231419670672006, 1.0502283105022832, 1.5833333333333333, 1.368421052631579, 1.0, 1.0, 1.2, 1.183673469387755, 1.1440677966101696, 1.0, 2.0, 1.0715171558495247, 1.5, 1.6666666666666667, 1.0, 1.2307692307692308, 1.0, 1.0, 1.0250626566416041, 1.04, 1.0, 1.7, 1.0209580838323353, 3.0, 1.4444444444444444, 1.0176194205168363, 1.2079207920792079, 1.4285714285714286, 1.1649484536082475, 6.0, 1.0212765957446808, 1.0, 1.0, 1.0178752418686077, 1.1671035386631716, 1.0444162436548223, 1.04, 1.3333333333333333, 1.0199789695057835, 1.368421052631579, 1.3333333333333333, 1.003547896604156, 1.0113879957127545, 1.0, 1.25, 2.0, 1.0079575596816976, 1.2, 1.1612903225806452, 1.0, 1.0, 3.0, 1.0683229813664596, 2.0, 1.1702127659574468, 1.0, 1.0112994350282485, 1.0731707317073171, 1.0, 2.0, 1.0360655737704918, 1.0, 1.0169491525423728, 1.1666666666666667, 2.0, 2.0, 1.0311418685121108, 1.6, 1.146341463414634, 1.2258064516129032, 3.0, 1.0, 1.3387096774193548, 1.183431952662722, 1.163265306122449, 2.0, 1.0136986301369864, 2.5, 1.0, 1.15, 2.9, 1.268762677484787, 1.0, 1.0, 1.0638297872340425, 1.0, 1.0, 1.0, 1.0, 1.0, 3.0, 1.2692307692307692, 1.0422535211267605, 1.0, 1.3404907975460123, 1.0676156583629892, 1.1067961165048543, 1.0, 1.060529634300126, 1.0086556667568298, 1.0010787486515642, 1.5, 1.1818181818181819, 1.2014388489208634, 1.0, 1.0138589881593112, 2.0, 1.0, 1.0, 3.0, 1.0, 1.9565217391304348, 1.0, 2.0, 1.0109325461900076, 1.0681626928471248, 1.3333333333333333, 1.060490045941807, 1.0712054965646471, 1.0, 1.053757225433526, 1.0666666666666667, 1.0, 1.1436170212765957, 1.085427135678392, 1.2, 1.3333333333333333, 1.0062986905353888, 1.8, 1.0880829015544042, 1.2156862745098038, 1.0016722408026757, 1.0606060606060606, 1.1666666666666667, 1.0483870967741935, 2.0, 1.0, 1.3, 1.0006112469437654, 1.2337662337662338, 1.0002570033410434, 1.0765625, 1.222767419038273, 1.2286184210526316, 1.0, 1.25, 1.0, 1.1333333333333333, 1.4285714285714286, 1.0, 1.027972027972028, 1.1986531986531987, 1.0, 1.0122448979591836, 2.0, 1.8333333333333333, 1.0, 1.5, 1.0, 1.1370967741935485, 1.0, 1.3333333333333333, 1.0, 1.029728250957505, 1.032626427406199, 1.103448275862069, 1.0, 1.0689655172413792, 1.1470588235294117, 1.0, 1.0483460559796438, 1.0096642929806714, 1.1111111111111112, 1.59375, 1.0, 1.0, 1.0, 1.5, 1.0, 1.4545454545454546, 1.0141754607024729, 2.0, 2.0, 1.0892857142857142, 1.1776649746192893, 1.0, 1.012817773979919, 1.1666666666666667, 1.016428192898781, 1.0079399766899766, 1.0, 1.0, 1.0978260869565217, 1.0, 1.04, 1.6666666666666667, 1.1832579185520362, 1.0819672131147542, 2.5, 1.0070360598065085, 1.0, 1.0223300970873785, 1.0, 1.0, 1.305263157894737, 3.0, 1.5, 1.0536768652710682, 1.0357142857142858, 1.0, 1.0326797385620916, 1.0, 1.2664359861591696, 1.0869565217391304, 1.3333333333333333, 1.0, 3.0, 1.025148445686343, 1.006993006993007, 1.1333333333333333, 1.0263157894736843, 1.0909090909090908, 1.0, 3.0, 1.054263565891473, 1.03770197486535, 1.2777777777777777, 1.1027308192457737, 1.0023693173404413, 1.0, 1.0, 1.2857142857142858, 1.0334728033472804, 2.0, 1.0582010582010581, 1.0, 1.0210526315789474, 2.0, 1.0270588235294118, 1.0, 1.0625, 2.0, 1.0183946488294315, 1.5, 1.0449114132674082, 1.3191489361702127, 1.0032362459546926, 1.0, 1.1377899045020463, 1.0, 1.6666666666666667, 1.5384615384615385, 1.1145038167938932, 1.25, 1.3333333333333333, 1.0, 1.1048951048951048, 2.0, 1.0, 1.0, 1.2413793103448276, 1.3132743362831858, 1.4285714285714286, 1.2857142857142858, 2.0, 2.0, 1.1176470588235294, 1.065531284709367, 1.0212765957446808, 1.0, 1.0, 1.0135548753825974, 2.0, 2.0, 1.3137254901960784, 1.0, 1.0, 1.0, 1.0083733182801768, 1.1278792692613184, 1.2567567567567568, 1.0497237569060773, 1.4615384615384615, 1.0578947368421052, 2.0, 1.1666666666666667, 1.0, 3.0, 1.0, 1.0488762819114117, 1.0, 1.0700379266750948, 2.0, 1.0, 1.1399554124349764, 1.11864406779661, 2.0, 1.0, 2.0, 1.6666666666666667, 3.0, 1.1704095112285338, 2.0, 1.0221729490022173, 1.0, 2.0, 1.0, 2.0, 1.0, 1.4, 1.0, 2.0, 1.0, 1.4857142857142858, 1.032, 1.8, 1.1295336787564767, 2.0, 1.0, 2.3333333333333335, 1.25, 1.0, 2.3333333333333335, 1.1785714285714286, 1.0, 1.16, 1.6666666666666667, 1.0277777777777777, 1.5, 1.0844611528822055, 1.020097772949484, 1.1111111111111112, 1.010392609699769, 1.0, 2.0, 1.0, 1.0, 1.1956521739130435, 1.0175438596491229, 1.0625, 1.1737160120845922, 1.0, 1.3628318584070795, 1.2, 2.0, 1.0515463917525774, 1.0, 2.0, 2.0, 1.04, 2.0, 1.4394299287410925, 1.0, 1.4285714285714286, 1.5, 1.3181818181818181, 1.0517241379310345, 1.1732283464566928, 1.0, 1.0, 1.192488262910798, 2.0, 1.0, 1.0023800805565728, 1.3333333333333333, 1.0911808669656202, 1.1608695652173913, 2.0, 1.175, 1.8043478260869565, 1.0195735756728417, 1.3333333333333333, 1.0, 1.0, 1.1304347826086956, 1.1891891891891893, 1.25, 1.0538599640933572, 1.6129032258064515, 1.3333333333333333, 2.0, 2.0, 2.0, 2.0, 1.0365853658536586, 1.0290697674418605, 1.0313241575700047, 1.0930232558139534, 1.6, 2.0, 1.1176470588235294, 1.1768707482993197, 1.3703703703703705, 1.1611111111111112, 1.0, 1.073054164770141, 3.0, 1.6666666666666667, 2.5, 1.0, 1.1111111111111112, 1.0, 2.0, 1.0, 1.004325599685411, 1.1428571428571428, 1.0356712460833937, 1.0, 2.0, 1.5, 1.5, 2.0, 1.05, 1.4242424242424243, 1.7777777777777777, 1.0, 1.0, 1.0, 1.0, 4.0, 1.0588235294117647, 1.1176470588235294, 1.5, 1.0454545454545454, 1.0214209557041776, 1.0, 1.004201680672269, 1.6666666666666667, 1.0305084745762711, 1.5, 1.0315845824411134, 1.0, 1.121875, 2.0, 1.0, 1.117056856187291, 1.2608695652173914, 1.0043880269550227, 1.2, 1.0092008860112456, 1.0333333333333334, 1.3793103448275863, 1.0, 1.0243169041704798, 1.3206521739130435, 2.0, 1.0, 1.2820512820512822, 1.0, 1.0, 1.0770053475935828, 1.1, 1.0, 1.014979573309124, 1.5, 1.0555555555555556, 1.0, 1.0453869047619047, 1.0, 1.5, 1.0609756097560976, 1.2222222222222223, 1.52, 2.0, 1.4285714285714286, 2.0, 1.0148148148148148, 1.180327868852459, 1.3333333333333333, 1.0224719101123596, 1.0096630974144685, 1.0774050866199778, 1.0403560830860534, 1.1854714064914993, 1.8571428571428572, 1.375, 1.0930232558139534, 1.118811881188119, 1.0, 1.0, 1.3333333333333333, 1.4, 1.0384615384615385, 1.0, 2.0, 5.0, 1.2, 2.0, 2.0, 1.310880829015544, 1.0373831775700935, 1.2923076923076924, 1.8333333333333333, 1.5, 1.375, 1.0, 1.1944444444444444, 2.0, 1.4, 1.0, 1.028673835125448, 1.5, 1.0, 1.394736842105263, 1.020033388981636, 1.445945945945946, 1.0, 1.0, 1.0, 1.0, 1.0, 1.25, 1.0269266480965644, 1.0044150110375276, 1.024918197835389, 1.0044740024183796, 1.2172131147540983, 1.0, 3.0, 1.0540470649081977, 1.1584158415841583, 2.0, 1.0284552845528456, 1.0, 1.00804505229284, 1.0421713772992374, 2.0, 1.4545454545454546, 1.0584415584415585, 1.15, 1.025492395911244, 1.0, 2.0, 1.0, 1.0, 1.0, 1.0425963488843812, 1.0, 1.0, 1.0, 1.5294117647058822, 1.1022222222222222, 1.0, 1.0269841269841269, 1.35, 1.2588235294117647, 1.1056533827618165, 1.0, 1.0415465490927591, 1.0035238241152138, 2.0, 2.0, 4.0, 1.15, 1.1685173089483998, 1.0533980582524272, 2.0, 1.007846556233653, 1.1666666666666667, 1.0, 1.6666666666666667, 2.0, 1.0086580086580086, 2.0, 1.0, 2.0, 1.0180396873120865, 1.0723270440251573, 1.2142857142857142, 1.0186915887850467, 1.1111111111111112, 4.5, 1.225, 1.031135531135531, 1.0425264480988792, 1.0414414414414415, 1.0731414868105515, 1.1796116504854368, 1.0720606826801518, 1.0, 1.0, 1.0368870895186684, 1.0812581913499344, 1.75, 1.0142667551426676, 1.2622950819672132, 1.0, 1.0417721518987342, 1.1041666666666667, 1.5217391304347827, 1.0, 1.0465116279069768, 1.0769230769230769, 1.1666666666666667, 1.0227941176470587, 2.0, 1.3177083333333333, 1.0387238188017536, 1.5454545454545454, 1.0, 1.015417418402493, 1.0, 1.0, 1.2876712328767124, 1.2222222222222223, 1.6666666666666667, 1.6666666666666667, 1.0, 1.0, 1.0240480961923848, 1.0, 1.0335038363171356, 1.0057142857142858, 1.0, 1.5, 1.217616580310881, 1.2231404958677685, 1.0, 4.0, 1.5192307692307692, 1.0, 1.095505617977528, 1.0625, 1.0571428571428572, 1.2154882154882154, 1.23125, 1.1176470588235294, 1.016304347826087, 2.0, 1.1159420289855073, 1.4166666666666667, 2.0, 2.0, 2.0, 3.0, 1.5, 1.0, 1.2571428571428571, 1.0, 1.01953125, 1.106837606837607, 1.0, 1.0, 1.0, 1.0, 2.0, 2.0, 1.041044776119403, 1.2222222222222223, 1.0240963855421688, 1.03125, 1.7142857142857142, 1.4090909090909092, 2.0, 1.0727272727272728, 1.0, 1.0, 1.0, 1.0499468650371944, 1.0, 1.2597402597402598, 1.2537960954446854, 1.0, 1.0, 1.0, 1.0, 2.0, 1.0967032967032968, 3.0, 1.1123595505617978, 1.6666666666666667, 1.0319809069212411, 1.5, 1.3333333333333333, 1.0329184408778251, 1.3333333333333333, 1.0728514513375071, 1.5555555555555556, 1.0778443113772456, 1.5, 1.0, 1.0660194174757283, 1.0, 1.6666666666666667, 4.0, 1.125, 2.0, 1.0, 1.0, 1.0, 1.1219512195121952, 2.0, 1.1437032418952617, 1.0183930300096806, 1.0, 1.0, 1.0, 1.0414012738853504, 1.018082602182752, 1.0271695052716951, 1.0, 1.1044776119402986, 1.014302280633939, 2.0, 1.3529411764705883, 1.0134529147982063, 1.0, 1.391304347826087, 1.0, 1.0214592274678111, 1.0, 1.104, 1.0828402366863905, 1.1484375, 1.4043478260869566, 2.5, 1.0, 1.5724637681159421, 1.1666666666666667, 2.0, 3.0, 2.0, 1.1195652173913044, 1.0424174174174174, 1.0266272189349113, 1.0, 3.0, 2.0, 1.7333333333333334, 1.123076923076923, 1.0253164556962024, 1.15, 1.0139802631578947, 1.04093567251462, 2.0, 1.153061224489796, 3.0, 1.0, 1.0, 1.0, 1.0777027027027026, 1.036783777410988, 2.0, 1.0, 1.025, 1.03956343792633, 1.0505836575875487, 1.0580021482277122, 2.0, 1.1232227488151658, 1.28, 1.267605633802817, 1.0, 1.9310344827586208, 1.0678899082568807, 1.1333333333333333, 1.0285714285714285, 1.2272727272727273, 1.3529411764705883, 1.0, 1.4166666666666667, 1.0560850439882699, 1.0, 1.0030864197530864, 1.0344827586206897, 1.0422535211267605, 1.0, 1.2307692307692308, 1.6, 2.0, 1.0, 1.5, 1.0278637770897834, 1.0847457627118644, 1.0769230769230769, 4.0, 1.0, 1.106145251396648, 2.6666666666666665, 1.1202668890742284, 1.0005858230814295, 1.1149646756583174, 1.1379310344827587, 2.0, 1.0, 1.033195020746888, 1.4285714285714286, 1.0636704119850187, 3.0, 1.0, 1.0911016949152543, 1.0, 1.0588235294117647, 1.0270114942528736, 1.3636363636363635, 1.1551724137931034, 1.1228070175438596, 1.1686746987951808, 1.038418079096045, 2.0, 1.0909090909090908, 1.2276422764227641, 1.1576576576576576, 2.0, 1.0140845070422535, 1.0209281164695176, 1.3305785123966942, 1.0218255351788579, 2.0, 1.113821138211382, 1.0, 3.0, 1.08600583090379, 1.125, 1.1530172413793103, 1.0114942528735633, 1.0211019929660023, 1.0461538461538462, 1.1724137931034482, 1.0644329896907216, 1.0819672131147542, 2.5, 1.2413793103448276, 1.4333333333333333, 2.0, 2.0, 1.0, 1.0454545454545454, 1.037593984962406, 1.0, 1.0010398613518197, 1.1320754716981132, 1.0771221532091098, 1.1666666666666667, 2.0, 1.296028880866426, 2.2, 1.125, 1.0, 1.2, 1.0723251643753735, 1.0151285930408471, 1.5, 1.0, 1.271604938271605, 1.5, 2.0, 1.0714285714285714, 1.0119453924914676, 4.0, 1.1518987341772151, 1.2039473684210527, 1.125, 1.0, 1.212171052631579, 3.0, 1.7142857142857142, 1.0, 1.0408163265306123, 1.0, 1.032044005937309, 1.0, 1.1428571428571428, 1.0, 1.3333333333333333, 1.139269406392694, 1.3333333333333333, 1.0284920083391245, 1.1124260355029585, 1.393939393939394, 1.5714285714285714, 1.014686248331108, 1.0238805970149254, 2.0, 1.0, 1.0, 1.3146853146853146, 1.2, 1.0, 1.144736842105263, 1.8387096774193548, 1.0704819277108433, 1.0264026402640265, 1.0, 1.019718309859155, 4.0, 1.0184331797235022, 1.105140186915888, 1.1818181818181819, 1.0068493150684932, 1.1666666666666667, 1.0, 1.0745216515609264, 1.0, 1.1008064516129032, 1.3692307692307693, 2.111111111111111, 1.0857142857142856, 1.5660377358490567, 1.0, 1.0, 1.1666666666666667, 2.0, 1.0464285714285715, 1.0769230769230769, 1.1372549019607843, 1.0671140939597314, 1.0, 1.25, 1.0, 2.0, 1.0, 1.068506751389992, 1.1332599118942732, 1.1024, 1.25, 1.0, 1.0555555555555556, 1.0674603174603174, 1.1002638522427441, 1.3913738019169328, 1.4, 1.1301546391752577, 1.0304808784551307, 2.0, 1.082560296846011, 1.020973154362416, 2.0, 2.0, 1.0, 1.0813559322033899, 1.199914015477214, 1.0588235294117647, 2.0, 1.3702290076335877, 1.0, 1.36, 1.0, 1.1666666666666667, 1.3018867924528301, 1.6666666666666667, 1.0169544252605383, 1.0232558139534884, 1.0, 1.0333333333333334, 1.0735294117647058, 1.03125, 1.041732283464567, 1.063716814159292, 1.0843599357257632, 1.0, 1.0, 1.0, 1.243083003952569, 1.1230388109000826, 1.0713153724247226, 1.0063711294274895, 1.06, 1.0, 1.2754237288135593, 1.0, 1.0, 1.5333333333333334, 2.0, 1.5, 1.0689393939393939, 2.0, 1.3125]
origin-census_12.27 	max: 6.0000	99th: 3.0100	95th: 2.0000	median: 1.0820	mean: 1.3055

...Done, result: results.csv

WORKLOAD-FINISHED | Type: QueryWorkload | Progress: 3/3 | Workload-time: 87.947815 | Model-update-time: 0.000000


Experiment Summary: #data-update-times=1, #drift=0 | total-time=176.407247