Input arguments = Namespace(data_update='sample', update_size=8000, dataset='census', debug=False, drift_test='js', model_update='adapt', model='naru', end2end=False, query_seed=0, random_seed=42, num_workload=3)
JSON-passed parameters = {'data_updater': {'skew_ratio': '1e-2'}, 'random_seed': 12, 'naru': {'epochs': 0}}
MODEL-PATH=/home/kangping/code_copy/SAUCE/models/end2end/naru/origin-census-22.5MB-model27.255-data14.989-300epochs-seed0.pt
DATASET-PATH=/home/kangping/code_copy/SAUCE/data/census/end2end/census_int.npy
Workloads: ['QueryWorkload', 'DataUpdateWorkload', 'QueryWorkload']

WORKLOAD-START | Type: QueryWorkload | Progress: 1/3
Going to run: ['python', '/home/kangping/code_copy/SAUCE/Naru/eval_model.py', '--dataset=census', '--model=naru', '--query_seed=0', '--end2end', '--eval_type=first_estimate', '--num_workload=3', '--data_update=sample', '--model_update=adapt', '--random_seed=42']
Torch device: cuda:1
GET-MODEL-PATH=./models/end2end/naru/origin-census-22.5MB-model27.255-data14.989-300epochs-seed0.pt
ckpts [PosixPath('/home/kangping/code_copy/SAUCE/models/end2end/naru/origin-census-22.5MB-model27.255-data14.989-300epochs-seed0.pt')]
Validate Argument: DATASET="census" is valid.
load_csv_dataset - census (32561, 13)
Parsing... done, took 0.0s
Loading ckpt: /home/kangping/code_copy/SAUCE/models/end2end/naru/origin-census-22.5MB-model27.255-data14.989-300epochs-seed0.pt
query_seed:0
origin-census_12.27 	max: 4.5000	99th: 3.0000	95th: 2.0000	median: 1.0452	mean: 1.2029
ReportEsts: [1.0, 1.1313202247191012, 1.1126760563380282, 2.0, 1.0307692307692307, 1.053648068669528, 1.1666666666666667, 1.1428571428571428, 1.0, 1.0, 1.0, 1.1496598639455782, 2.142857142857143, 1.1690140845070423, 1.2838709677419355, 1.0, 1.0686274509803921, 1.0, 1.0, 1.0, 1.5, 2.0, 1.2177263969171483, 2.5, 1.0628930817610063, 1.2, 1.0, 1.0186213655668082, 1.0, 1.0496120385610157, 1.0214323052796654, 1.2972972972972974, 1.1730769230769231, 1.0, 1.0, 1.2232142857142858, 1.0, 1.0515021459227467, 1.0, 1.0472569255839217, 1.0, 1.0, 1.0, 1.0, 1.16, 1.1333333333333333, 1.0, 1.0128715905608336, 1.0, 4.0, 1.0, 1.2727272727272727, 1.0, 1.1666666666666667, 1.0871559633027523, 2.0, 1.0308641975308641, 1.75, 1.013184584178499, 1.0064102564102564, 1.1123595505617978, 1.0909090909090908, 1.1923076923076923, 1.1794871794871795, 1.0, 1.0, 1.0, 1.0159165751920967, 1.0, 1.1666666666666667, 1.3636363636363635, 1.2222222222222223, 1.6666666666666667, 1.0, 1.0232131948686622, 1.0, 1.0, 1.5, 2.0, 1.0, 1.0, 1.0, 1.0, 1.3333333333333333, 1.311926605504587, 1.1538461538461537, 1.0, 1.0952380952380953, 1.0043026174256007, 1.0, 1.0469798657718121, 1.0, 1.032258064516129, 2.0, 1.0457516339869282, 1.5, 1.0159574468085106, 2.5, 1.6363636363636365, 1.5, 1.0, 1.0, 1.0, 1.0, 1.0, 1.0526315789473684, 1.0009345794392523, 1.1851851851851851, 1.1957831325301205, 1.0666666666666667, 1.3478260869565217, 1.0, 1.3478260869565217, 1.3333333333333333, 1.5454545454545454, 1.0, 3.0, 1.103448275862069, 3.0, 1.0054347826086956, 2.0, 1.156, 1.0202898550724637, 1.25, 1.0123718628490632, 1.0333333333333334, 1.0128112594731145, 1.0656934306569343, 1.1584158415841583, 1.1008771929824561, 1.0, 1.0026785714285715, 1.0, 1.0, 2.0, 1.0, 1.0030832476875642, 1.0, 1.0, 1.5555555555555556, 1.0, 2.3333333333333335, 1.0, 1.0, 2.0, 1.0, 1.0, 1.1818181818181819, 1.0368763557483731, 1.150943396226415, 1.105263157894737, 1.2, 2.0, 1.0, 1.0, 1.5, 3.0, 1.0, 1.0, 1.3333333333333333, 1.04, 1.5, 1.4444444444444444, 1.05, 1.2064631956912029, 1.0453648915187377, 1.023391812865497, 1.0090358000686264, 1.0318080357142858, 1.1789473684210525, 1.1050147492625368, 1.2, 1.0, 1.0, 1.6470588235294117, 1.4439140811455846, 1.5, 1.0700667302192564, 1.0431423052157116, 1.0303030303030303, 1.0, 1.3, 1.065217391304348, 1.0350877192982457, 1.263157894736842, 1.0006141751627564, 1.5, 1.0, 1.0906040268456376, 1.0643086816720257, 1.1775700934579438, 1.125, 1.0014207909069381, 1.0, 1.0666666666666667, 1.1111111111111112, 1.0568487018800359, 1.0, 1.0175438596491229, 1.023391812865497, 1.0, 1.108695652173913, 1.3786407766990292, 1.1428571428571428, 2.0, 1.5555555555555556, 1.0, 1.0259325044404974, 4.0, 1.0, 1.0023923444976077, 1.2298850574712643, 1.1538461538461537, 2.0, 1.0, 1.1857142857142857, 1.0576923076923077, 1.0949754901960784, 1.115606936416185, 1.2191780821917808, 1.0, 1.2857142857142858, 1.0143084260731319, 1.4857142857142858, 2.0, 1.2528473804100229, 1.0, 1.0, 1.0, 1.0, 1.0, 1.4444444444444444, 1.2, 1.1176470588235294, 1.0, 1.0, 1.0, 1.4, 1.1095617529880477, 1.0, 1.0, 1.115987460815047, 2.0, 1.0, 1.0, 1.25, 1.6111111111111112, 1.0, 1.0, 1.0425531914893618, 1.0, 1.0061349693251533, 1.3169014084507042, 1.0, 1.0, 1.0, 2.5, 1.0434782608695652, 1.7333333333333334, 1.0126110633419318, 1.0, 1.0, 1.4444444444444444, 1.0, 1.3333333333333333, 1.0, 1.3333333333333333, 1.0523560209424083, 2.0, 1.1428571428571428, 1.1470588235294117, 1.0, 1.0, 2.0, 1.0770443793647217, 1.0421455938697317, 1.0, 1.0480225988700564, 1.0, 1.0, 2.0, 1.2682926829268293, 1.0038022813688212, 1.25, 1.0073589533932952, 1.0, 1.0028011204481793, 1.5, 1.0083333333333333, 1.0, 1.25, 1.0045129748025574, 1.5, 1.0022050716648292, 1.1341991341991342, 1.0, 1.0, 1.0, 1.2230462065031376, 1.06, 1.2222222222222223, 2.0, 1.0, 1.1454545454545455, 1.0492957746478873, 1.0361635220125787, 2.0, 1.039755351681957, 1.4, 1.0, 1.0, 1.0, 1.0, 1.0757575757575757, 1.0, 1.0, 1.0, 1.0358342665173572, 1.0, 1.0069480185280495, 1.0, 1.0097471824550717, 1.2222222222222223, 1.0, 1.1560758082497213, 1.2727272727272727, 1.0, 1.0322411533420708, 1.0, 1.0882981973724413, 1.0, 1.2676864244741874, 1.0, 1.017548019919374, 1.0, 1.0, 2.0, 2.0, 3.0, 1.2212389380530972, 1.105263157894737, 1.0714285714285714, 1.0, 1.0, 1.0392156862745099, 3.0, 1.0357142857142858, 1.0, 1.5, 1.0, 1.0, 1.6666666666666667, 1.5, 1.0, 1.3, 1.0051786639047127, 1.3333333333333333, 1.0, 1.0, 1.0, 1.0159944367176634, 1.3333333333333333, 1.0, 1.1224489795918366, 1.0, 1.2941176470588236, 1.0, 1.0955882352941178, 1.009009009009009, 1.0, 1.117117117117117, 1.2708333333333333, 1.0, 1.0, 3.0, 1.0, 1.0, 1.0909090909090908, 1.0434782608695652, 1.125, 1.2974683544303798, 1.0, 1.198019801980198, 1.1428571428571428, 1.0, 1.0357142857142858, 1.0, 1.0, 1.0, 1.0, 2.0, 1.481375358166189, 1.0, 1.0, 1.625, 1.4615384615384615, 1.0434782608695652, 1.5348837209302326, 1.0, 1.0, 1.1764705882352942, 1.0952380952380953, 1.0, 1.0425531914893618, 1.1904761904761905, 1.0, 1.0025987525987525, 1.0648148148148149, 1.0384615384615385, 1.0, 1.3333333333333333, 1.0, 1.0, 1.0625, 1.25, 1.351063829787234, 1.2608695652173914, 4.5, 1.2083333333333333, 1.0512820512820513, 1.55, 1.0, 1.0093789078782827, 1.0, 1.3, 1.0680672268907563, 1.114864864864865, 1.1761006289308176, 1.434782608695652, 1.144578313253012, 1.0, 1.0, 1.032285471537808, 1.2, 1.0615384615384615, 1.0, 1.0600461893764435, 1.0, 1.0310734463276836, 1.0, 1.5, 1.0833333333333333, 1.0, 1.0, 2.0, 1.2820512820512822, 1.0, 1.0, 1.2095808383233533, 1.0625, 1.005983545250561, 1.119047619047619, 1.2173913043478262, 1.0, 1.0, 1.4907407407407407, 1.0, 1.0224897540983606, 1.0063260340632603, 1.0, 1.0210526315789474, 1.0909090909090908, 1.0, 1.105263157894737, 2.0, 1.1333333333333333, 1.0, 1.0, 1.0277629471436198, 1.1611650485436893, 1.045045045045045, 1.0, 1.0, 1.5, 1.0879120879120878, 1.0434782608695652, 1.118881118881119, 1.0367504835589942, 1.0, 2.0, 1.0, 1.4285714285714286, 1.3009708737864079, 1.0, 1.0, 1.0, 1.0, 1.0522648083623694, 1.0, 1.0, 1.0, 1.0, 1.7954545454545454, 1.0, 1.1538461538461537, 1.0, 2.3, 1.16622691292876, 1.0022189349112427, 1.5138888888888888, 1.0, 2.0, 1.0, 1.2857142857142858, 1.0, 1.0593639575971732, 1.1039501039501038, 1.2857142857142858, 1.0, 1.0484739676840216, 1.3333333333333333, 1.0, 1.0205183585313176, 1.0321027287319422, 1.04, 1.0504261363636365, 1.046896551724138, 1.5714285714285714, 2.0, 1.0147058823529411, 1.0153172866520788, 1.032996632996633, 1.0, 1.225, 1.2037037037037037, 1.1774193548387097, 1.3142857142857143, 3.0, 1.1944652206432311, 1.0217216411906678, 1.0, 1.2072727272727273, 1.6666666666666667, 1.0612244897959184, 1.8333333333333333, 1.0214236940935473, 1.1016949152542372, 1.0, 3.0, 1.0, 1.21875, 1.0, 1.103030303030303, 1.2120535714285714, 1.0168901271112658, 1.0091047040971168, 1.1361867704280155, 1.0, 1.1164958061509787, 1.0, 1.1372549019607843, 1.0, 1.3356164383561644, 1.0, 1.0, 2.0, 2.0, 2.0, 1.0, 2.0, 1.0389610389610389, 1.0, 1.2727272727272727, 1.0482433141059255, 1.0059723777528928, 1.07035175879397, 1.03, 1.1195652173913044, 1.0, 1.0, 1.0, 1.0, 1.0126582278481013, 1.0, 1.0559492726594555, 1.3333333333333333, 2.0, 1.2702702702702702, 1.0153846153846153, 1.1330798479087452, 1.0, 1.1245674740484428, 1.0, 1.4242424242424243, 1.2, 1.0, 1.5, 1.0625, 2.6666666666666665, 1.0, 1.0, 2.0, 1.0, 1.040932252944616, 1.0405608412618927, 1.0, 1.28125, 1.0, 1.0833333333333333, 1.0353634577603144, 1.0, 1.1706484641638226, 1.6, 1.0489913544668588, 2.0, 1.0, 1.0043859649122806, 1.0, 1.0, 1.0, 1.0068519223448802, 1.415929203539823, 1.1176470588235294, 1.0980392156862746, 1.01194743130227, 2.0, 1.6666666666666667, 1.0, 1.2727272727272727, 2.0, 1.0206540447504302, 1.0, 1.0701754385964912, 1.097424412094065, 1.6666666666666667, 1.0, 1.0382513661202186, 1.0, 1.0, 1.009698275862069, 1.0, 1.0619469026548674, 1.1111111111111112, 1.2352941176470589, 1.00396432111001, 1.0, 1.3333333333333333, 1.1402439024390243, 1.0316455696202531, 1.0497592295345104, 1.0, 1.0036745406824148, 1.25, 1.030013642564802, 1.0, 1.0, 1.4615384615384615, 1.125, 1.075712143928036, 1.086092715231788, 1.0120716510903427, 1.0507364975450082, 1.267605633802817, 1.0919540229885059, 1.6111111111111112, 1.0, 1.163265306122449, 1.0471204188481675, 1.0, 1.0, 1.2666666666666666, 1.21, 1.0, 1.0, 1.0714285714285714, 1.0, 1.0476190476190477, 1.0271317829457365, 1.0, 1.0508474576271187, 1.5, 1.0, 1.0, 1.0, 1.3265306122448979, 1.0130434782608695, 1.0317460317460319, 1.8076923076923077, 1.0, 1.0, 1.0296610169491525, 1.0056719022687608, 1.0, 1.0, 1.0, 1.0360360360360361, 1.1428571428571428, 1.0, 3.0, 1.0096055887061564, 1.3333333333333333, 1.0, 1.0, 1.1298076923076923, 1.25, 1.3125, 1.121212121212121, 1.75, 1.375, 1.0, 1.0, 1.0, 1.6491228070175439, 1.0, 1.0299265951439864, 1.0909090909090908, 1.0333591931730024, 1.0, 1.0218076720966895, 1.0180670439703963, 1.2, 1.035897435897436, 1.0, 1.0, 1.073469387755102, 2.0, 1.048780487804878, 1.6666666666666667, 1.1956521739130435, 1.0, 1.3333333333333333, 1.0956848030018762, 2.0, 1.0, 1.3333333333333333, 1.6666666666666667, 1.0207715133531157, 1.3953488372093024, 1.0909090909090908, 1.072284499420178, 1.0317460317460319, 1.6666666666666667, 1.15, 1.0434782608695652, 1.0, 1.0, 1.0, 1.0571428571428572, 1.144973544973545, 1.0, 1.5, 2.0, 1.0, 1.0, 1.0, 1.092, 1.021727950629982, 1.057286432160804, 1.0, 1.2041884816753927, 1.0418775885872067, 3.0, 1.2142857142857142, 1.0090252707581226, 1.0, 1.3333333333333333, 1.0, 1.0837988826815643, 1.0070921985815602, 1.1106719367588933, 1.0063622754491017, 1.0824742268041236, 1.2874617737003058, 1.0, 1.1276102088167053, 1.0620689655172413, 1.5, 1.009433962264151, 1.0092485549132948, 1.0, 1.0, 1.0, 1.0220694645441388, 1.0196078431372548, 1.0166666666666666, 1.1785714285714286, 1.2833333333333334, 2.0, 1.1683168316831682, 1.5, 1.0, 1.0625, 1.0, 1.1375, 1.0, 1.3636363636363635, 1.0047035108348732, 1.0043290043290043, 1.055084745762712, 1.0, 1.019657838460273, 1.0, 1.088235294117647, 1.0, 1.0131147540983607, 1.0, 1.0, 1.0, 1.0, 1.036549707602339, 1.0, 1.0, 1.3333333333333333, 1.1016949152542372, 1.0067208064967796, 1.36, 1.0, 1.7647058823529411, 1.0534963698891862, 1.0294491525423728, 1.0, 1.2720588235294117, 1.0, 1.3142857142857143, 1.0471698113207548, 1.5, 1.0, 1.1111111111111112, 1.09375, 1.2375, 1.0, 1.0, 1.0, 1.25, 1.380281690140845, 1.0909090909090908, 1.0745341614906831, 1.0161290322580645, 1.0975609756097562, 1.2032085561497325, 1.0282131661442007, 1.018848167539267, 1.0573294629898404, 1.0952380952380953, 1.0, 1.6428571428571428, 1.3055555555555556, 1.0952380952380953, 1.0044052863436124, 1.0, 1.2727272727272727, 1.0058559437829397, 1.3297872340425532, 1.0489627821842586, 1.0, 2.0, 1.0623277785067577, 1.0, 1.0, 1.0, 1.0, 1.6666666666666667, 1.0, 1.1951219512195121, 1.0217391304347827, 1.0, 1.0, 1.0415584415584416, 1.1387693086857433, 1.0694183864915572, 1.0, 1.1125, 1.070921985815603, 1.041158536585366, 1.0869565217391304, 1.1645408163265305, 1.0, 1.0571428571428572, 1.0, 1.0833333333333333, 1.0722135007849294, 1.1004901960784315, 2.25, 1.1891891891891893, 1.3333333333333333, 2.0, 2.5, 1.0, 1.0666666666666667, 1.054054054054054, 1.0, 3.5, 3.0, 2.0, 3.0, 1.0110584518167456, 1.3725490196078431, 1.75, 1.1272727272727272, 1.1666666666666667, 1.0, 1.2213740458015268, 1.0, 1.1087272727272728, 1.0112585444310414, 1.6666666666666667, 1.6, 3.0, 1.0, 1.0, 1.1956521739130435, 1.0285261489698891, 1.0, 1.2689804772234274, 1.0, 1.3076923076923077, 1.1136363636363635, 1.0, 1.3655913978494623, 1.0959119496855345, 1.1111111111111112, 1.101123595505618, 1.2, 1.2452830188679245, 1.008849557522124, 1.4166666666666667, 1.0, 1.0359520639147803, 1.5, 1.0, 1.0, 1.0, 1.152121212121212, 1.0564494136896645, 1.0, 1.008336807002918, 1.3333333333333333, 1.358974358974359, 1.1020408163265305, 1.0, 2.0, 1.015784114052953, 1.2027972027972027, 1.0290478752017214, 1.0591715976331362, 1.1476510067114094, 1.0, 1.0, 1.0374064837905237, 1.0, 1.05, 1.0196280991735538, 1.225, 1.0, 1.0, 1.1170731707317074, 1.5833333333333333, 1.0, 1.0, 1.0222311638668142, 1.0, 1.1904761904761905, 2.0, 1.0, 1.0, 1.1142857142857143, 1.1363636363636365, 1.3214285714285714, 1.0434782608695652, 1.5, 1.21875, 1.0, 1.0, 1.0, 1.0060551693204753, 1.1392904073587384, 1.0916824196597354, 1.3333333333333333, 1.0, 1.1502086230876216, 2.0, 1.3888888888888888, 1.4367816091954022, 1.5833333333333333, 1.0698388334612432, 1.0581459133296764, 1.375, 1.0, 1.5, 1.0, 1.4013157894736843, 1.0, 1.0166715990924338, 1.2630151843817787, 1.2, 1.0, 1.3928571428571428, 1.0, 1.3333333333333333, 1.0, 1.3333333333333333, 1.288888888888889, 1.0, 2.5, 1.0034052213393871, 1.0, 1.0, 1.0, 1.2, 1.0424710424710424]
origin-census_12.27 	max: 4.5000	99th: 3.0000	95th: 2.0000	median: 1.0452	mean: 1.2029

...Done, result: results.csv

WORKLOAD-FINISHED | Type: QueryWorkload | Progress: 1/3 | Workload-time: 87.594316 | Model-update-time: 0.000000


WORKLOAD-START | Type: DataUpdateWorkload | Progress: 2/3
Going to run: ['python', '/home/kangping/code_copy/SAUCE/Naru/eval_model.py', '--model=naru', '--data_update=sample', '--dataset=census', '--drift_test=js', '--end2end', '--update_size=8000', '--query_seed=0', '--eval_type=drift']
Torch device: cuda:1
GET-MODEL-PATH=./models/end2end/naru/origin-census-22.5MB-model27.255-data14.989-300epochs-seed0.pt
GET-DATASET-PATH=./data/census/end2end/census_int.npy
Sample - START
Sample - END
load_npy_dataset_from_path - df.shape = (39073, 13)
Parsing... done, took 0.0s
Data updated!
Previous data size: (32561, 13), new data size: (6512, 13)
[ 2.2649765e-06  3.5762787e-07  8.1658363e-06  1.2516975e-06
  1.1324883e-06  6.0200691e-06 -5.9604645e-08  1.6748905e-05
  2.4437904e-06  1.3184547e-04  2.0384789e-04  1.1861324e-05
  4.7683716e-05]
Distance score: 3.335109067847952e-05
SAUCE Drift detection: False
Detection latency: 0.0037s

WORKLOAD-FINISHED | Type: DataUpdateWorkload | Progress: 2/3 | Workload-time: 1.944197 | Model-update-time: 0.000000


WORKLOAD-START | Type: QueryWorkload | Progress: 3/3
Going to run: ['python', '/home/kangping/code_copy/SAUCE/Naru/eval_model.py', '--dataset=census', '--model=naru', '--end2end', '--query_seed=0', '--eval_type=estimate', '--num_workload=3', '--data_update=sample', '--model_update=adapt', '--random_seed=42']
Torch device: cuda:1
GET-MODEL-PATH=./models/end2end/naru/origin-census-22.5MB-model27.255-data14.989-300epochs-seed0.pt
ckpts [PosixPath('/home/kangping/code_copy/SAUCE/models/end2end/naru/origin-census-22.5MB-model27.255-data14.989-300epochs-seed0.pt')]
Validate Argument: DATASET="census" is valid.
data size: 39073, total size: 39073, split index: [32560 39073]
Parsing... done, took 0.0s
Loading ckpt: /home/kangping/code_copy/SAUCE/models/end2end/naru/origin-census-22.5MB-model27.255-data14.989-300epochs-seed0.pt
query_seed:0
origin-census_12.27 	max: 5.0000	99th: 3.0067	95th: 2.0000	median: 1.1030	mean: 1.3291
ReportEsts: [1.3068181818181819, 1.0, 1.1666666666666667, 1.0, 1.6, 1.0993788819875776, 1.0340298507462686, 1.3833333333333333, 2.0, 1.0, 1.047811059907834, 1.1751412429378532, 1.1111111111111112, 1.1083743842364533, 1.0294117647058822, 1.0755813953488371, 1.1324786324786325, 1.1090909090909091, 1.0, 2.0, 1.5857142857142856, 1.2083333333333333, 1.0, 1.5555555555555556, 1.0, 1.0, 1.2409638554216869, 1.3940677966101696, 1.4285714285714286, 1.0290788446526151, 1.0279537016815898, 1.525, 1.0556802873821285, 1.0637813211845102, 1.4615384615384615, 1.1904761904761905, 1.0, 1.0, 1.5, 1.0689655172413792, 1.1349206349206349, 1.0, 2.0, 1.0792933442892358, 1.5, 2.0, 1.0, 1.211111111111111, 1.0, 1.0, 1.0686695278969958, 1.1304347826086956, 1.5, 1.7777777777777777, 1.01044776119403, 1.1714285714285715, 1.0909090909090908, 1.0272134917592948, 1.1333333333333333, 2.4, 1.2553191489361701, 3.0, 1.3333333333333333, 1.4285714285714286, 1.08994708994709, 1.0076111875286566, 1.0355526826115062, 1.0100704934541793, 1.029739776951673, 1.0833333333333333, 1.0343680709534369, 1.1612903225806452, 2.0, 1.0178662582950484, 1.0223810165835243, 1.3333333333333333, 1.0, 2.0, 1.0634632819582956, 1.2, 1.3333333333333333, 1.0, 1.0, 2.0, 1.035897435897436, 2.0, 1.1428571428571428, 1.0, 1.0, 1.0558139534883721, 1.0, 1.5, 1.0666666666666667, 1.0, 1.0, 1.0, 3.0, 1.0, 1.0032362459546926, 1.6, 1.2, 1.153225806451613, 1.25, 1.1904761904761905, 1.4736842105263157, 1.1662049861495845, 1.1481481481481481, 1.6, 1.0297439759036144, 1.1157894736842104, 1.0, 1.2531645569620253, 2.9, 1.0904392764857882, 1.0, 1.0, 1.0778443113772456, 1.0, 2.0, 1.0, 2.0, 1.0, 3.0, 1.32, 1.0704845814977975, 2.0, 1.3354037267080745, 1.0440140845070423, 1.0865384615384615, 1.0, 1.1607347876004592, 1.0035192203573362, 1.0176017601760177, 1.0, 1.0, 1.2324723247232472, 1.0, 1.3461538461538463, 2.0, 1.0, 1.0, 3.0, 3.0, 1.9565217391304348, 1.0, 2.0, 1.0449819415563095, 1.0534458509142053, 1.6666666666666667, 1.0659663865546218, 1.1519949335022166, 1.0, 1.018068887634105, 2.0, 1.0, 1.1157894736842104, 1.0144927536231885, 1.0952380952380953, 1.25, 1.0004994173464292, 1.4, 1.1398963730569949, 1.1812865497076024, 1.0875420875420876, 1.125, 1.0258700911967245, 1.0140105078809107, 3.0, 1.0, 1.05, 1.0155598777438177, 1.1794871794871795, 1.0010325245224574, 1.108955223880597, 1.1475409836065573, 1.2191103789126854, 1.0, 1.0, 1.0, 1.2222222222222223, 2.75, 1.0, 1.0985915492957747, 1.1672131147540983, 1.0, 1.1024590163934427, 1.7, 2.3333333333333335, 1.0, 2.0, 1.0, 1.0075757575757576, 1.0, 1.1666666666666667, 2.0, 1.0412127814088599, 1.0367278797996662, 1.0357142857142858, 1.0, 1.032258064516129, 1.1388888888888888, 2.0, 1.0911458333333333, 1.0522945570971185, 1.26, 1.606060606060606, 2.0, 1.25, 1.0, 1.5, 1.0, 2.0, 1.0180874488832967, 2.0, 2.0, 1.0, 1.3080808080808082, 1.0, 1.0095460330929147, 1.3333333333333333, 2.0, 1.0060440775410924, 1.0, 1.0, 1.4316546762589928, 1.1003039513677813, 1.08, 1.7333333333333334, 1.1158798283261802, 1.0303030303030303, 2.25, 1.044064748201439, 2.0, 1.0380438541882826, 1.0, 1.0, 1.2783505154639174, 2.0, 2.0, 1.004610655737705, 1.1568627450980393, 2.0, 1.1644736842105263, 1.0, 1.223728813559322, 1.0933333333333333, 2.0, 1.0, 1.091743119266055, 1.014817367332874, 1.0676691729323309, 1.0206611570247934, 1.1290322580645162, 1.0, 1.0, 2.3333333333333335, 1.0468409586056644, 1.1479289940828403, 1.2074688796680497, 1.0900783289817233, 1.0274831964152353, 2.0, 1.25, 1.4285714285714286, 1.0082644628099173, 2.0, 1.1297297297297297, 1.0, 1.5555555555555556, 1.0, 1.0212765957446808, 1.0, 1.1875, 2.0, 1.0075093867334168, 1.0, 2.5, 1.4883720930232558, 1.003154574132492, 1.75, 1.1179310344827587, 1.0, 1.3333333333333333, 1.1851851851851851, 1.0074074074074073, 1.3076923076923077, 1.1666666666666667, 1.0, 1.0068493150684932, 1.0, 1.0, 2.0, 1.1935483870967742, 1.0329485329485328, 1.4285714285714286, 2.0, 1.0588235294117647, 3.0, 1.25, 1.0685650056200824, 1.1363636363636365, 1.0, 1.0, 1.0308035714285715, 1.0, 1.0, 1.434782608695652, 1.0, 1.0, 1.0, 1.009537299338999, 1.1039279869067102, 1.1635220125786163, 1.003961965134707, 1.0340909090909092, 1.5, 2.0, 1.3333333333333333, 1.0, 1.0, 2.0, 1.015827654429545, 2.0, 1.1143440530883104, 1.6, 1.0, 1.0962363030014293, 1.0847457627118644, 1.0, 1.0, 2.0, 1.6666666666666667, 3.0, 1.0910224438902743, 1.0, 1.0291479820627802, 1.0, 3.0, 1.0, 2.0, 1.0, 1.6, 1.0, 1.0, 2.0, 1.3376623376623376, 1.045267489711934, 1.0, 1.115992970123023, 2.0, 1.0, 2.0, 1.25, 1.0, 2.6666666666666665, 1.037037037037037, 1.0, 1.2083333333333333, 2.0, 1.1818181818181819, 1.3333333333333333, 1.1446808510638298, 1.0416898276820457, 1.1153846153846154, 1.0405727923627686, 1.0, 3.0, 1.0, 1.0, 1.1590909090909092, 1.0350877192982457, 1.1666666666666667, 1.2253944402704733, 1.0, 1.1666666666666667, 1.1710526315789473, 1.0, 1.0093457943925233, 1.0, 1.0, 2.0, 1.1481481481481481, 2.0, 1.5213032581453634, 1.0, 4.0, 1.3, 1.25, 1.008849557522124, 1.5, 1.0, 1.0, 1.1759259259259258, 2.0, 1.0, 1.0154838709677418, 1.1666666666666667, 1.0617469879518073, 1.1703056768558953, 2.3333333333333335, 1.1218181818181818, 1.7954545454545454, 1.0052319497732822, 1.3333333333333333, 1.2, 1.0, 1.0905233380480905, 1.118421052631579, 1.25, 1.0879541108986617, 1.5454545454545454, 2.0, 1.0, 2.0, 1.239766081871345, 1.0151515151515151, 1.0246913580246915, 1.056047197640118, 1.0217083529966966, 2.0, 1.0, 1.0, 1.2, 1.1857142857142857, 1.6363636363636365, 1.0913978494623655, 1.0, 1.0525224602626122, 1.5, 1.1346153846153846, 2.0, 1.0833333333333333, 1.0689655172413792, 1.0, 1.0, 2.0, 1.0031683168316832, 1.0180785123966942, 1.0371991247264771, 2.0, 2.5, 2.0, 1.120879120879121, 2.0, 1.105263157894737, 1.504, 1.9444444444444444, 1.0, 1.1818181818181819, 1.0, 1.0, 2.0, 1.0, 1.1226415094339623, 1.0628019323671498, 1.1363636363636365, 1.022488038277512, 1.0, 1.012448132780083, 1.6666666666666667, 1.0586206896551724, 2.0, 1.260204081632653, 1.0, 1.1049949031600408, 1.0, 1.0, 1.206405693950178, 1.173913043478261, 1.0036478984932593, 1.1931818181818181, 1.0005085607730124, 1.1197339246119733, 1.3818181818181818, 1.2, 1.0182220486789015, 1.3591160220994476, 1.0, 1.0, 1.043010752688172, 1.0, 1.0, 1.1382113821138211, 1.1, 1.0, 1.0579508576726935, 1.5, 1.0555555555555556, 1.0, 1.0605143721633887, 3.0, 3.0, 1.093859649122807, 1.0, 1.1111111111111112, 1.0, 1.1111111111111112, 1.0, 1.0556390977443608, 1.1688888888888889, 2.0, 1.0763052208835342, 1.075812274368231, 1.0864884929472902, 1.0665488810365136, 1.2220421393841168, 1.75, 1.5, 1.21301775147929, 1.0940594059405941, 1.5, 1.0, 1.25, 1.4, 1.16, 2.0, 1.0, 2.0, 1.5806451612903225, 1.5, 2.0, 1.3526315789473684, 1.1827956989247312, 1.2701863354037266, 1.0389610389610389, 1.077526395173454, 1.5, 2.0, 1.3333333333333333, 2.0, 1.5555555555555556, 1.1111111111111112, 1.0181159420289856, 1.0, 1.0, 1.2802547770700636, 1.008347245409015, 1.2943722943722944, 1.0, 4.0, 1.0, 1.0, 1.0, 1.25, 1.019811320754717, 1.0365296803652968, 1.0441022964509394, 1.004343105320304, 1.177685950413223, 1.3333333333333333, 2.0, 1.039180537772087, 1.1476190476190475, 2.0, 1.146067415730337, 2.0, 1.073923639317628, 1.0480466995958688, 3.0, 1.5833333333333333, 1.0335570469798658, 1.2, 1.0372753074739829, 2.0, 2.0, 2.4, 2.0, 1.0, 1.0036511156186612, 1.0, 1.0, 1.0, 1.3125, 1.1327433628318584, 1.0943396226415094, 1.036682615629984, 1.1818181818181819, 1.244186046511628, 1.0330357142857143, 1.0, 1.0459061322370675, 1.0134762633996937, 3.0, 2.0, 1.0084745762711864, 1.1666666666666667, 1.0692695214105794, 1.0628019323671498, 2.0, 1.0069889341875364, 1.6, 1.0, 1.6666666666666667, 3.0, 1.0691244239631337, 1.3333333333333333, 1.0, 2.0, 1.0082101806239738, 1.1842105263157894, 1.2592592592592593, 1.0426666666666666, 1.625, 4.5, 1.12, 1.055905220288782, 1.0088260314759676, 1.0236363636363637, 1.0069284064665127, 1.1545893719806763, 1.0063451776649746, 1.0, 1.0, 1.0455580865603644, 1.0910290237467017, 2.1538461538461537, 1.0578778135048232, 1.3936651583710407, 1.0, 1.002469135802469, 1.1521739130434783, 1.5217391304347827, 1.0, 1.0823529411764705, 1.1538461538461537, 1.1666666666666667, 1.0451807228915662, 2.0, 1.2623376623376623, 1.0273387096774194, 1.2173913043478262, 1.0, 1.0003257859586252, 1.0, 1.4230769230769231, 1.1794871794871795, 1.5128205128205128, 1.2272727272727273, 1.7647058823529411, 1.0, 2.0, 1.0636182902584492, 1.0, 1.0731001840652117, 1.0290697674418605, 1.0, 1.5555555555555556, 1.2577319587628866, 1.1240105540897098, 1.0, 3.0, 1.4074074074074074, 1.0, 1.0326086956521738, 1.0502035278154682, 1.1944444444444444, 1.0428100987925357, 1.2628205128205128, 1.5384615384615385, 1.0241369632332304, 1.0, 1.0539374325782094, 1.0833333333333333, 1.0, 1.0769230769230769, 1.3333333333333333, 3.0, 2.0, 1.0, 1.328358208955224, 1.0, 1.13135593220339, 1.1581196581196582, 2.0, 2.0, 1.0, 1.0, 1.0, 1.0, 1.1639344262295082, 1.4444444444444444, 3.0, 1.0241935483870968, 1.6428571428571428, 1.2638888888888888, 1.0, 1.0727272727272728, 1.0, 1.0, 1.0, 1.0439893143365984, 2.0, 2.0, 1.1237113402061856, 1.0, 1.5, 2.0, 1.0, 2.0, 1.2938108484005564, 2.0, 1.0408163265306123, 1.7727272727272727, 1.05, 4.0, 1.3333333333333333, 1.0211622985511966, 1.5, 1.8095238095238095, 1.3888888888888888, 3.0, 1.5, 1.0, 1.1051587301587302, 1.0129870129870129, 2.3333333333333335, 2.0, 1.037037037037037, 1.1666666666666667, 1.0, 1.0, 1.0, 1.0, 1.6666666666666667, 1.117611212675198, 1.0519098922624877, 1.0, 1.0, 1.0, 1.1174496644295302, 1.031866464339909, 1.0333055786844296, 1.0, 1.0160493827160493, 1.0431341511673922, 2.5, 1.4375, 1.0121212121212122, 2.0, 1.434782608695652, 1.0, 1.1391304347826088, 1.0, 1.0140845070422535, 1.1329113924050633, 1.2049180327868851, 1.4484304932735426, 2.0, 1.0, 1.6204379562043796, 1.0, 3.0, 3.0, 2.0, 2.0, 1.004354136429608, 1.0710059171597632, 1.5, 1.4166666666666667, 2.0, 1.25, 1.0714285714285714, 1.125, 1.3888888888888888, 1.0634328358208955, 1.1475409836065573, 2.0, 1.175531914893617, 2.0, 1.0, 1.0, 1.3333333333333333, 1.263157894736842, 1.0872435746286253, 2.0, 1.0, 1.1125, 1.040887040887041, 1.015625, 1.0793991416309012, 1.0, 1.066350710900474, 1.4090909090909092, 1.1333333333333333, 1.0, 2.074074074074074, 1.0827067669172932, 1.0666666666666667, 1.088235294117647, 2.0, 1.1764705882352942, 1.0, 1.5384615384615385, 1.0336662967073622, 1.0, 4.0, 1.103448275862069, 1.7142857142857142, 1.0, 1.3076923076923077, 2.0, 2.0, 1.0, 1.3846153846153846, 1.0152905198776758, 1.0158730158730158, 1.1538461538461537, 2.0, 1.013157894736842, 1.0223463687150838, 1.5, 1.0879501385041552, 1.0096406660823838, 1.0504151838671412, 1.5416666666666667, 1.0, 2.0, 1.8125, 1.59375, 1.029520295202952, 2.0, 1.0, 1.0237819025522041, 2.0, 1.0434782608695652, 1.0380370979103075, 1.0454545454545454, 1.0634920634920635, 1.0677966101694916, 1.1556195965417868, 1.0416666666666667, 4.0, 1.095890410958904, 1.176, 1.0087719298245614, 4.0, 1.164179104477612, 1.0166051660516606, 1.5315315315315314, 1.0030101505075253, 2.0, 1.0016, 1.0, 2.0, 1.0809659090909092, 1.169811320754717, 1.1562829989440337, 1.010752688172043, 1.0156062424969987, 1.0524861878453038, 1.1785714285714286, 1.0653427290198592, 1.1129363449691991, 3.0, 1.1720430107526882, 1.34375, 2.0, 1.1666666666666667, 1.0, 1.0639209839731643, 1.0534351145038168, 1.0, 1.0505711047170634, 3.6666666666666665, 1.1036878674505612, 1.2448979591836735, 2.0, 1.035931790499391, 1.4, 1.0256410256410255, 1.0, 1.4444444444444444, 1.0082550526615428, 1.0285714285714285, 2.0, 1.0, 1.2317073170731707, 1.5454545454545454, 1.0, 1.0769230769230769, 1.25, 1.0416666666666667, 1.0609756097560976, 1.1483870967741936, 1.25, 1.0, 1.1484623541887593, 3.0, 1.6666666666666667, 2.0, 1.0206185567010309, 1.0, 1.0418641390205372, 1.0, 1.3863636363636365, 1.1777777777777778, 2.0, 1.123076923076923, 1.048888888888889, 1.0124653739612188, 1.0, 1.338235294117647, 1.4285714285714286, 1.0123294858342078, 1.0340740740740741, 2.0, 1.0, 2.0, 1.2901023890784984, 1.1785714285714286, 1.0, 1.0481927710843373, 1.65625, 1.1008089607965152, 1.0100334448160535, 1.0, 1.0684931506849316, 4.0, 1.0275229357798166, 1.0347222222222223, 1.2727272727272727, 1.0152709359605911, 1.1666666666666667, 1.0, 1.034375, 1.0, 1.0846774193548387, 1.1307692307692307, 1.9, 1.1142857142857143, 1.6923076923076923, 1.0666666666666667, 1.0, 1.1666666666666667, 2.0, 1.068592057761733, 1.0714285714285714, 2.3333333333333335, 1.0242865816636308, 1.0, 1.25, 1.0, 5.0, 1.0, 1.031633435582822, 1.173572228443449, 1.1102423768569194, 1.5, 1.0, 1.1176470588235294, 1.092783505154639, 1.0202531645569621, 1.4560530679933665, 1.4, 1.0917573872472783, 1.0570564897033818, 2.0, 1.1044061302681993, 1.0327022375215147, 2.0, 1.0, 1.0, 1.037037037037037, 1.2445042620008973, 1.25, 1.0, 1.2825278810408922, 2.0, 1.3461538461538463, 1.0, 1.1666666666666667, 1.290909090909091, 1.5, 1.0202568205768705, 1.038647342995169, 1.0, 1.2691029900332227, 1.0, 1.03125, 1.080130825838103, 1.1231884057971016, 1.060436634717785, 2.0, 1.0, 2.0, 1.2588932806324111, 1.0567139282735614, 1.1604361370716512, 1.0036926636116918, 2.0, 2.0, 1.2415254237288136, 1.0, 1.5, 1.2, 1.0, 1.5, 1.0, 2.0, 1.125]
origin-census_12.27 	max: 5.0000	99th: 3.0067	95th: 2.0000	median: 1.1030	mean: 1.3291

...Done, result: results.csv

WORKLOAD-FINISHED | Type: QueryWorkload | Progress: 3/3 | Workload-time: 86.082307 | Model-update-time: 0.000000


Experiment Summary: #data-update-times=1, #drift=0 | total-time=175.673126