Input arguments = Namespace(data_update='tupleskew', update_size=8000, dataset='census', debug=False, drift_test='js', model_update='adapt', model='naru', end2end=False, query_seed=0, random_seed=42, num_workload=3)
JSON-passed parameters = {'data_updater': {'skew_ratio': '1e-2'}, 'random_seed': 47, 'naru': {'epochs': 0}}
MODEL-PATH=/home/kangping/code_copy/SAUCE/models/end2end/naru/origin-census-22.5MB-model27.255-data14.989-300epochs-seed0.pt
DATASET-PATH=/home/kangping/code_copy/SAUCE/data/census/end2end/census_int.npy
Workloads: ['QueryWorkload', 'DataUpdateWorkload', 'QueryWorkload']

WORKLOAD-START | Type: QueryWorkload | Progress: 1/3
Going to run: ['python', '/home/kangping/code_copy/SAUCE/Naru/eval_model.py', '--dataset=census', '--model=naru', '--query_seed=0', '--end2end', '--eval_type=first_estimate', '--num_workload=3', '--data_update=tupleskew', '--model_update=adapt', '--random_seed=42']
Torch device: cuda:1
GET-MODEL-PATH=./models/end2end/naru/origin-census-22.5MB-model27.255-data14.989-300epochs-seed0.pt
ckpts [PosixPath('/home/kangping/code_copy/SAUCE/models/end2end/naru/origin-census-22.5MB-model27.255-data14.989-300epochs-seed0.pt')]
Validate Argument: DATASET="census" is valid.
load_csv_dataset - census (32561, 13)
Parsing... done, took 0.0s
Loading ckpt: /home/kangping/code_copy/SAUCE/models/end2end/naru/origin-census-22.5MB-model27.255-data14.989-300epochs-seed0.pt
query_seed:0
origin-census_12.27 	max: 5.0000	99th: 3.0000	95th: 2.0000	median: 1.0455	mean: 1.2068
ReportEsts: [1.0, 1.2049364248317127, 1.1126760563380282, 2.0, 1.0655737704918034, 1.0686695278969958, 1.0, 1.2142857142857142, 1.0, 1.0, 1.0, 1.1972789115646258, 2.142857142857143, 1.1690140845070423, 1.3537414965986394, 1.0, 1.028301886792453, 1.0, 1.0, 1.0, 2.0, 2.0, 1.20616570327553, 2.5, 1.0192307692307692, 1.2, 1.0, 1.0073765234124439, 1.0, 1.0547848577474723, 1.0308416100365918, 1.4054054054054055, 1.098360655737705, 1.1111111111111112, 1.0, 1.1964285714285714, 1.0, 1.0187110187110187, 1.0, 1.0195545898967953, 1.0, 1.0, 1.0, 1.0, 1.12, 1.1333333333333333, 1.0, 1.0067011879378618, 1.0, 4.0, 1.0, 1.2727272727272727, 1.0, 1.0416666666666667, 1.1376146788990826, 1.0, 1.0864197530864197, 1.75, 1.0005007511266901, 1.019108280254777, 1.1123595505617978, 1.0909090909090908, 1.1923076923076923, 1.1923076923076923, 1.0, 1.0, 1.0, 1.0114754098360657, 1.0, 1.1666666666666667, 1.5517241379310345, 1.2222222222222223, 1.6666666666666667, 1.0, 1.0299328039095907, 1.0, 1.0, 1.5, 2.0, 1.0, 1.0, 1.0, 1.0, 1.3333333333333333, 1.2882882882882882, 1.0714285714285714, 1.0, 1.0952380952380953, 1.0337700682782802, 1.0, 1.054054054054054, 1.0, 1.032258064516129, 2.0, 1.0326797385620916, 1.5, 1.07909604519774, 1.25, 1.6, 1.4583333333333333, 1.0, 1.0, 1.0, 1.0, 1.0, 1.0392857142857144, 1.047663551401869, 1.1851851851851851, 1.144092219020173, 1.032258064516129, 1.289855072463768, 1.0, 1.3478260869565217, 1.3333333333333333, 1.5151515151515151, 1.0, 3.0, 1.103448275862069, 3.0, 1.0144144144144145, 2.0, 1.144, 1.068111455108359, 1.25, 1.0014159292035398, 1.0666666666666667, 1.0021424745581147, 1.02726473175022, 1.1359223300970873, 1.0726495726495726, 1.0, 1.02493321460374, 1.0, 1.0, 2.0, 1.0, 1.019916142557652, 1.0, 1.0, 1.5555555555555556, 1.0, 2.1875, 1.0, 1.0, 2.0, 1.0, 1.0, 1.1818181818181819, 1.0459518599562363, 1.2448979591836735, 1.105263157894737, 1.2, 2.0, 1.0, 1.0, 1.0, 1.0, 1.0, 1.0, 1.3333333333333333, 1.06, 1.5, 1.4444444444444444, 1.05, 1.1626297577854672, 1.054054054054054, 1.0, 1.0006805807622505, 1.0114879649890591, 1.1727748691099475, 1.016829533116178, 1.2, 1.0, 1.0, 1.6470588235294117, 1.3474387527839644, 1.5, 1.0634770251065846, 1.0933676754668384, 1.02, 1.0, 1.248, 1.0888888888888888, 1.0727272727272728, 1.3157894736842106, 1.0067354631403325, 1.5, 1.0, 1.097972972972973, 1.0353697749196142, 1.3404255319148937, 1.125, 1.0158654984608098, 1.0, 1.0666666666666667, 1.0869565217391304, 1.0246195165622203, 1.0, 1.0, 1.1085714285714285, 1.0, 1.02, 1.3592233009708738, 1.0666666666666667, 2.0, 1.5555555555555556, 1.0, 1.0034626038781163, 2.0, 1.0, 1.0190930787589498, 1.0490196078431373, 1.25, 2.0, 1.0, 1.2, 1.0769230769230769, 1.0493247210804462, 1.1618497109826589, 1.178082191780822, 1.0, 1.2857142857142858, 1.014516129032258, 1.5757575757575757, 2.0, 1.2557077625570776, 1.0, 1.0, 1.0, 1.0, 1.0, 1.368421052631579, 1.1538461538461537, 1.0294117647058822, 1.0, 1.0, 1.0, 1.4, 1.0551128818061088, 1.0, 1.0, 1.0658682634730539, 2.0, 1.0, 1.0, 1.1666666666666667, 1.5263157894736843, 1.0, 1.0, 1.0425531914893618, 1.0, 1.0060975609756098, 1.25503355704698, 1.3333333333333333, 1.0, 1.0, 1.6666666666666667, 1.0217391304347827, 1.7333333333333334, 1.0252718189832501, 1.0, 1.0, 1.5555555555555556, 1.0294117647058822, 2.0, 1.0, 1.4545454545454546, 1.0099502487562189, 2.0, 1.1428571428571428, 1.1764705882352942, 1.0, 1.0, 2.0, 1.0086497890295358, 1.0762886597938144, 1.0, 1.0411764705882354, 1.0, 1.0, 2.090909090909091, 1.2926829268292683, 1.0, 1.5, 1.0608766233766234, 1.0, 1.047486033519553, 1.5, 1.1214953271028036, 1.0, 1.2162162162162162, 1.022196708763873, 1.5, 1.0033185840707965, 1.1491228070175439, 1.0, 1.0, 1.0384615384615385, 1.0905391658189216, 1.0416666666666667, 1.2222222222222223, 2.0, 1.0, 1.1666666666666667, 1.0774647887323943, 1.0267295597484276, 2.0, 1.1514084507042253, 1.4, 1.0, 1.0, 1.0, 1.0, 1.0812182741116751, 1.0, 1.0, 1.0, 1.0089585666293392, 1.0, 1.0113724476608943, 1.0, 1.0193726937269372, 1.2941176470588236, 1.0, 1.189520624303233, 1.2727272727272727, 1.0, 1.0673656618610747, 1.0, 1.0913534983195845, 1.0, 1.054054054054054, 1.0, 1.0161252074934788, 1.0, 1.0, 2.0, 2.0, 3.0, 1.247787610619469, 1.105263157894737, 1.0880829015544042, 1.0, 1.0344827586206897, 1.0392156862745099, 3.0, 1.0120481927710843, 1.0, 1.5, 1.0, 1.0, 1.6666666666666667, 1.1538461538461537, 1.0, 1.3, 1.0087583719732096, 1.263157894736842, 1.0, 1.0, 1.0, 1.0405209840810419, 1.3333333333333333, 1.0, 1.163265306122449, 1.0, 1.6923076923076923, 1.0, 1.0582386363636365, 1.1081081081081081, 1.0, 1.2236842105263157, 1.2083333333333333, 1.0, 1.0, 3.0, 1.0, 1.0, 1.0588235294117647, 1.0833333333333333, 1.125, 1.2058823529411764, 1.0, 1.1415094339622642, 1.1428571428571428, 1.0, 1.0235294117647058, 1.0, 1.0, 1.0, 2.0, 2.0, 1.5116959064327486, 1.0, 1.0, 1.625, 1.4615384615384615, 1.1162790697674418, 1.5116279069767442, 1.0, 1.0, 1.1428571428571428, 1.078125, 1.0, 1.0, 1.1746031746031746, 1.0, 1.0179419525065962, 1.074766355140187, 1.04, 1.1071428571428572, 1.2666666666666666, 1.0, 1.0, 1.0625, 1.25, 1.3368421052631578, 1.2608695652173914, 4.5, 1.303370786516854, 1.0512820512820513, 1.65, 1.0, 1.0045852438516047, 1.0, 1.3, 1.0308191403081914, 1.114864864864865, 1.1987179487179487, 2.75, 1.1566265060240963, 1.0, 1.0, 1.019753086419753, 1.4, 1.0, 1.0, 1.0554272517321017, 1.0, 1.028169014084507, 1.0, 1.5, 1.0833333333333333, 1.0, 1.0, 2.0, 1.3157894736842106, 1.0, 1.0, 1.216867469879518, 1.1018518518518519, 1.0052631578947369, 1.1904761904761905, 1.2173913043478262, 1.0, 1.0, 1.3888888888888888, 1.0, 1.012704918032787, 1.0, 1.0, 1.0099573257467995, 1.0909090909090908, 1.0, 1.0789473684210527, 2.0, 1.1333333333333333, 1.0, 1.0, 1.021462893753337, 1.0472854640980735, 1.0642201834862386, 1.0, 1.0, 1.5, 1.076086956521739, 1.0217391304347827, 1.034965034965035, 1.009416195856874, 1.0, 2.0, 1.0, 1.5714285714285714, 1.3743589743589744, 1.0, 1.0, 1.0, 1.0, 1.0449826989619377, 1.0, 1.0, 1.25, 1.0, 1.975, 1.0, 1.1538461538461537, 1.0909090909090908, 2.090909090909091, 1.195250659630607, 1.0014760147601476, 1.4861111111111112, 1.0, 2.0, 1.0, 1.2857142857142858, 1.0, 1.0504555010511563, 1.167032967032967, 1.2857142857142858, 1.0, 1.0197486535008977, 1.1428571428571428, 1.0, 1.0340172786177106, 1.0208667736757624, 1.04, 1.0518465909090908, 1.0013175230566536, 1.8333333333333333, 2.0, 1.0147058823529411, 1.0366379310344827, 1.0026936026936026, 1.0, 1.240506329113924, 1.1818181818181819, 1.1541501976284585, 1.2571428571428571, 3.0, 1.1716801173881144, 1.0241351568785197, 1.0, 1.2545454545454546, 5.0, 1.0204081632653061, 1.8333333333333333, 1.0244110617958349, 1.1206896551724137, 1.0, 1.5, 1.0, 1.2580645161290323, 1.0, 1.0801186943620178, 1.183651226158038, 1.0415551988585696, 1.0075757575757576, 1.0895522388059702, 1.0, 1.1775396085740912, 2.0, 1.0545454545454545, 1.0, 1.25, 1.0, 1.0, 2.0, 2.0, 4.0, 1.0, 2.0, 1.051948051948052, 1.0, 1.1818181818181819, 1.0225485055060304, 1.007838745800672, 1.07035175879397, 1.05, 1.0510204081632653, 1.0, 1.0, 1.0, 1.0, 1.0344827586206897, 1.1666666666666667, 1.0298290287377228, 1.5, 2.0, 1.236842105263158, 1.0, 1.1417624521072798, 1.0, 1.118800461361015, 1.0, 1.393939393939394, 1.3333333333333333, 1.2, 1.5, 1.0625, 3.0, 1.0, 1.0, 2.0, 1.0, 1.0420182106757998, 1.0025037556334502, 1.0, 1.21875, 1.0, 1.0833333333333333, 1.020329138431752, 1.0, 1.1993006993006994, 1.8, 1.0612244897959184, 2.0, 1.0, 1.0829694323144106, 1.0, 1.0, 1.0, 1.0236068111455108, 1.5221238938053097, 1.3255813953488371, 1.018181818181818, 1.0614035087719298, 2.0, 1.6666666666666667, 1.0, 1.1818181818181819, 2.0, 1.0309810671256454, 1.0, 1.040983606557377, 1.097424412094065, 1.5384615384615385, 1.0, 1.165644171779141, 1.0, 1.0, 1.0167025862068966, 1.0, 1.0619469026548674, 1.25, 1.1666666666666667, 1.0015379545204877, 1.0, 1.3333333333333333, 1.1676829268292683, 1.0063291139240507, 1.09837193304288, 1.0, 1.0455020920502092, 1.25, 1.0251188051595383, 1.0, 1.0, 1.4615384615384615, 1.125, 1.083208395802099, 1.1523178807947019, 1.0437751004016065, 1.0682196339434276, 1.25, 1.103448275862069, 1.3888888888888888, 1.0, 1.1176470588235294, 1.0732984293193717, 1.0666666666666667, 1.0, 1.4333333333333333, 1.2066666666666668, 1.0, 1.0, 1.4285714285714286, 1.0, 1.0476190476190477, 1.0096899224806202, 1.0, 1.0677966101694916, 1.5, 1.0, 1.0, 1.0, 1.3061224489795917, 1.0076670317634173, 1.0317460317460319, 1.7407407407407407, 1.0, 1.0, 1.008298755186722, 1.0287253141831239, 1.0, 1.0, 1.0, 1.0267857142857142, 1.1428571428571428, 1.0, 3.0, 1.011643137825644, 1.3333333333333333, 1.0, 1.0, 1.175, 1.25, 1.3125, 1.088235294117647, 1.75, 1.3275862068965518, 2.0, 1.0, 1.0, 1.6785714285714286, 1.0, 1.034013605442177, 1.1368421052631579, 1.0136986301369864, 1.0, 1.0270625328428797, 1.02154984762734, 1.3043478260869565, 1.0520833333333333, 1.0, 1.0, 1.0049722140976893, 2.0, 1.036144578313253, 1.6666666666666667, 1.2608695652173914, 1.0, 1.3333333333333333, 1.050656660412758, 2.0, 1.0, 1.3333333333333333, 1.6666666666666667, 1.0104947526236883, 1.3875968992248062, 1.0909090909090908, 1.0916961826052736, 1.0158730158730158, 1.6666666666666667, 1.25, 1.0454545454545454, 1.0, 1.0, 1.0, 1.0, 1.0874371859296483, 1.0, 1.5, 2.0, 1.0, 1.0, 1.0, 1.0705882352941176, 1.02146529562982, 1.0228488089450656, 1.0, 1.1111111111111112, 1.0078849721706864, 3.0, 1.2142857142857142, 1.0252707581227436, 1.0, 1.4736842105263157, 1.0, 1.0210526315789474, 1.2127659574468086, 1.1708333333333334, 1.028263294905169, 1.0714285714285714, 1.2568807339449541, 1.0, 1.140371229698376, 1.0069444444444444, 1.5, 1.0141509433962264, 1.0173410404624277, 1.0, 1.0, 1.0, 1.0172848397551315, 1.0196078431372548, 1.0517241379310345, 1.1379310344827587, 1.2833333333333334, 2.0, 1.0891089108910892, 1.5, 1.0, 1.1458333333333333, 1.0, 1.18125, 1.0, 1.4285714285714286, 1.0062542258282623, 1.013157894736842, 1.0040160642570282, 1.0, 1.0017746228926354, 1.0, 1.088235294117647, 1.0, 1.009933774834437, 1.0, 1.0, 1.4, 1.0, 1.0380673499267936, 1.0, 1.0, 1.0, 1.1016949152542372, 1.000840807174888, 1.38, 1.0344827586206897, 1.8823529411764706, 1.040377358490566, 1.0302531385058653, 1.0, 1.2357142857142858, 1.0, 1.2857142857142858, 1.0471698113207548, 1.5, 1.0, 1.2222222222222223, 1.0606060606060606, 1.223901098901099, 1.0, 1.0, 1.0, 1.25, 1.2535211267605635, 1.0909090909090908, 1.0869565217391304, 1.0161290322580645, 1.0975609756097562, 1.171875, 1.0479233226837061, 1.0265270506108202, 1.042203147353362, 1.380952380952381, 1.0, 1.6428571428571428, 1.3055555555555556, 1.1428571428571428, 1.0440528634361232, 1.0, 1.2727272727272727, 1.0254726368159204, 1.3157894736842106, 1.0369420989143547, 1.0, 2.0, 1.0720338983050848, 1.0, 1.0, 1.0, 1.0, 1.6666666666666667, 1.0, 1.2926829268292683, 1.0, 1.0, 1.0, 1.0808625336927224, 1.1200498132004981, 1.0318076027928627, 1.0, 1.2125, 1.0212765957446808, 1.0058910162002945, 1.1111111111111112, 1.1513240857503153, 1.0, 1.1444897959183673, 1.0282131661442007, 1.0833333333333333, 1.0435446906035142, 1.1059113300492611, 2.25, 1.2702702702702702, 1.2962962962962963, 2.0, 3.0, 1.0, 1.2666666666666666, 1.073394495412844, 1.0, 2.0, 3.0, 2.0, 3.0, 1.05234375, 1.3461538461538463, 1.75, 1.1454545454545455, 1.1666666666666667, 1.0, 1.2213740458015268, 1.0101040118870728, 1.0481265039532486, 1.020098441345365, 1.6666666666666667, 1.6, 3.0, 1.0, 1.0, 1.1956521739130435, 1.0124804992199687, 1.0, 1.2429501084598698, 1.0, 1.2439024390243902, 1.065217391304348, 1.0, 1.3804347826086956, 1.165551839464883, 1.0161290322580645, 1.1123595505617978, 1.2, 1.308108108108108, 1.0526315789473684, 1.5833333333333333, 1.0, 1.047106325706595, 1.5, 1.0, 1.0, 1.0, 1.12, 1.01281045751634, 1.0, 1.0529144274493591, 1.3333333333333333, 1.2307692307692308, 1.0918367346938775, 1.0, 2.0, 1.0345864661654136, 1.186206896551724, 1.0478752017213555, 1.0718562874251496, 1.163265306122449, 1.0, 1.0, 1.0297029702970297, 1.0, 1.05, 1.0411392405063291, 1.2077464788732395, 1.0, 1.0, 1.1317073170731706, 1.5833333333333333, 1.0, 1.0, 1.0566341414344633, 1.0, 1.1363636363636365, 2.0, 1.0, 1.0, 1.0263157894736843, 1.0909090909090908, 1.3214285714285714, 1.03768115942029, 1.5, 1.1470588235294117, 1.0, 1.0, 1.0, 1.079403272377286, 1.1392904073587384, 1.0434782608695652, 1.3333333333333333, 1.0, 1.1615168539325842, 2.0, 1.0869565217391304, 1.5060240963855422, 1.5833333333333333, 1.068608662322729, 1.0523731587561376, 1.2941176470588236, 1.0, 1.5, 1.0, 1.2383720930232558, 1.0, 1.0170729300305932, 1.2270811380400422, 1.2, 1.0, 1.3303571428571428, 1.0, 1.6666666666666667, 1.0, 1.3333333333333333, 1.2444444444444445, 1.0, 2.5, 1.036322360953462, 1.0, 1.0, 1.0, 1.2, 1.0347490347490347]
origin-census_12.27 	max: 5.0000	99th: 3.0000	95th: 2.0000	median: 1.0455	mean: 1.2068

...Done, result: results.csv

WORKLOAD-FINISHED | Type: QueryWorkload | Progress: 1/3 | Workload-time: 88.762344 | Model-update-time: 0.000000


WORKLOAD-START | Type: DataUpdateWorkload | Progress: 2/3
Going to run: ['python', '/home/kangping/code_copy/SAUCE/Naru/eval_model.py', '--model=naru', '--data_update=tupleskew', '--dataset=census', '--drift_test=js', '--end2end', '--update_size=8000', '--query_seed=0', '--eval_type=drift']
Torch device: cuda:1
GET-MODEL-PATH=./models/end2end/naru/origin-census-22.5MB-model27.255-data14.989-300epochs-seed0.pt
GET-DATASET-PATH=./data/census/end2end/census_int.npy
TupleSkewSample - START
0.01
TupleSkewSample - END
load_npy_dataset_from_path - df.shape = (39073, 13)
Parsing... done, took 0.0s
Data updated!
Previous data size: (32561, 13), new data size: (6512, 13)
[1.6272068e-05 9.4771385e-06 1.0627508e-04 1.6152859e-05 2.9861927e-05
 1.6629696e-05 9.4354153e-05 4.4655800e-04 5.8412552e-06 7.2121620e-06
 7.9375505e-04 3.1948090e-05 8.9401007e-04]
Distance score: 0.00018987289513461292
SAUCE Drift detection: True
Detection latency: 0.0037s

DRIFT-DETECTED after 2-th workload
Going to run: ['python', '/home/kangping/code_copy/SAUCE/Naru/incremental_train.py', '--dataset=census', '--end2end', '--model=naru', '--model_update=adapt', '--update_size=8000', '--epochs=0']
Torch device: cuda:1
GET-MODEL-PATH=./models/end2end/naru/origin-census-22.5MB-model27.255-data14.989-300epochs-seed0.pt
update_size: 6512
AdaptTask - START
GET-DATASET-PATH=./data/census/end2end/census_int.npy
load_npy_dataset_from_path - df.shape = (39073, 13)
Parsing... done, took 0.0s
done, took 0.0s
dataset size: 39073
train data shape: torch.Size([6512, 13]), transfer data shape:torch.Size([1302, 13])
Training done; evaluating likelihood on full data:
Epoch None Iter 0, test loss 18.4347 nats / 26.5957 bits
Saved to: /home/kangping/code_copy/SAUCE/models/end2end/naru/origin-census-22.5MB-model27.255-data14.989-300epochs-seed0.pt
AdaptTask - END

WORKLOAD-FINISHED | Type: DataUpdateWorkload | Progress: 2/3 | Workload-time: 1.925554 | Model-update-time: 3.783156


WORKLOAD-START | Type: QueryWorkload | Progress: 3/3
Going to run: ['python', '/home/kangping/code_copy/SAUCE/Naru/eval_model.py', '--dataset=census', '--model=naru', '--end2end', '--query_seed=0', '--eval_type=estimate', '--num_workload=3', '--data_update=tupleskew', '--model_update=adapt', '--random_seed=42']
Torch device: cuda:1
GET-MODEL-PATH=./models/end2end/naru/origin-census-22.5MB-model27.255-data14.989-300epochs-seed0.pt
ckpts [PosixPath('/home/kangping/code_copy/SAUCE/models/end2end/naru/origin-census-22.5MB-model27.255-data14.989-300epochs-seed0.pt')]
Validate Argument: DATASET="census" is valid.
data size: 39073, total size: 39073, split index: [32560 39073]
Parsing... done, took 0.0s
Loading ckpt: /home/kangping/code_copy/SAUCE/models/end2end/naru/origin-census-22.5MB-model27.255-data14.989-300epochs-seed0.pt
query_seed:0
origin-census_12.27 	max: 31.0000	99th: 25.0000	95th: 11.5500	median: 1.0975	mean: 2.3528
ReportEsts: [1.4943820224719102, 1.0, 1.0816326530612246, 1.0, 1.2, 1.2147239263803682, 1.0536352800953517, 1.144927536231884, 1.0, 1.0, 1.0032768978700164, 1.1764705882352942, 1.125, 1.1697127937336815, 1.152542372881356, 1.2063492063492063, 1.083969465648855, 1.1833333333333333, 1.0, 26.0, 2.257575757575758, 1.4444444444444444, 1.0, 1.1, 1.0, 1.5, 1.0147960543854972, 1.2674418604651163, 1.2857142857142858, 1.009723546234509, 1.0092235092235091, 1.5945945945945945, 1.083199264536888, 1.0474040632054176, 1.6363636363636365, 1.0535714285714286, 1.0, 1.5, 1.25, 1.0204081632653061, 1.0793650793650793, 1.0, 12.5, 1.0081984443977297, 1.0, 1.3333333333333333, 1.0, 1.0963855421686748, 1.0, 1.0, 1.3592233009708738, 1.2272727272727273, 1.0, 2.2, 1.0383435582822085, 13.0, 1.375, 1.0333207118515715, 1.2233009708737863, 1.1428571428571428, 1.122340425531915, 24.0, 24.0, 1.3333333333333333, 1.1657142857142857, 1.0891146032962822, 1.104688503532434, 1.0315521628498727, 1.1376811594202898, 1.4, 2.0, 1.0327868852459017, 1.3333333333333333, 1.0040899795501022, 1.0255307712980382, 1.0, 1.4285714285714286, 11.5, 1.0429906542056075, 1.2, 25.0, 1.0, 1.0, 18.0, 1.2863187588152327, 2.0, 1.119047619047619, 1.0, 1.6363636363636365, 1.0319634703196348, 1.0, 2.0, 1.088135593220339, 1.0, 1.1875, 1.4666666666666666, 2.0, 1.0, 1.2059800664451827, 1.6, 1.025, 1.12, 4.833333333333333, 1.4375, 1.6938775510204083, 1.3517915309446253, 1.0461538461538462, 2.75, 1.0377568017767906, 16.0, 1.0, 1.1304347826086956, 2.4, 1.1126760563380282, 1.0, 1.0, 1.3571428571428572, 1.0, 1.0, 1.0, 1.0, 1.0, 3.0, 1.434782608695652, 5.4, 1.0, 1.2378223495702005, 1.2598967297762478, 1.2613636363636365, 1.0, 1.0642701525054465, 1.0775886128942227, 1.0322939866369711, 1.0, 1.3, 1.1220338983050848, 1.0, 1.3781512605042017, 2.0, 1.0, 1.0, 24.0, 1.0, 2.4782608695652173, 1.0, 1.0, 1.0211067366579178, 1.0649770827716365, 1.0, 1.0026631158455392, 1.0746359223300972, 1.0, 1.0672481710748452, 3.5714285714285716, 1.0, 1.0046082949308757, 1.0368663594470047, 1.3888888888888888, 1.0, 1.0182710201319574, 1.4, 1.1458333333333333, 1.130307467057101, 1.0387205387205387, 1.103448275862069, 1.018502540504266, 1.1207815275310835, 18.0, 1.2307692307692308, 1.3529411764705883, 1.0569395017793595, 1.4197530864197532, 1.0203708540088796, 1.0294117647058822, 1.23391215526047, 1.1889250814332248, 1.0, 1.25, 1.0, 2.2, 3.5, 1.0, 1.273972602739726, 1.1628664495114007, 1.0, 1.0658436213991769, 2.142857142857143, 2.4, 1.0, 1.5, 1.0, 1.056, 1.0, 1.1666666666666667, 1.0, 1.0307384503455803, 1.0030487804878048, 1.4482758620689655, 1.0, 1.2549019607843137, 1.15625, 1.0, 1.183139534883721, 1.0642201834862386, 1.0816326530612246, 1.8571428571428572, 1.0, 1.0, 1.0, 1.5, 1.0, 1.4444444444444444, 1.004739336492891, 1.5, 25.0, 3.0, 1.2918918918918918, 1.0, 1.0415940766550522, 1.1666666666666667, 1.2108843537414966, 1.0049082373026035, 1.0, 1.0, 1.1712328767123288, 1.0340909090909092, 1.25, 1.5, 1.09375, 1.0895522388059702, 2.0, 1.0278526504941599, 1.0, 1.0112466124661246, 1.0, 1.0, 1.2323232323232323, 2.0, 22.0, 1.0416221985058698, 1.3068181818181819, 1.0, 1.2413793103448276, 1.0, 1.2142857142857142, 1.135135135135135, 2.0, 1.0, 1.791044776119403, 1.061898211829436, 1.1597222222222223, 6.666666666666667, 1.0625, 1.3461538461538463, 1.0, 1.2162162162162162, 1.0073917634635692, 1.1642411642411643, 1.0853658536585367, 1.0702210663198959, 1.0042766553605662, 1.0, 1.75, 1.2307692307692308, 1.0991735537190082, 24.0, 1.1564245810055866, 1.0, 1.1917948717948719, 1.0, 1.0163170163170163, 1.0, 1.0666666666666667, 1.0, 1.075623151668779, 1.0, 4.0, 1.2698412698412698, 1.1178571428571429, 1.75, 1.0831629175187458, 1.0, 1.6666666666666667, 1.92, 1.3333333333333333, 1.5, 1.3333333333333333, 1.0, 1.1984126984126984, 1.0, 1.0, 1.0, 1.1111111111111112, 1.053611111111111, 1.5384615384615385, 1.6, 13.5, 22.0, 2.1666666666666665, 1.065131342209428, 1.1282051282051282, 1.0, 1.0, 1.060931899641577, 1.0, 1.0, 1.2083333333333333, 1.0, 19.0, 1.0, 1.0015679763881202, 1.086922474549726, 1.0059171597633136, 1.0220332431387709, 1.0108108108108107, 2.2, 2.0, 1.0833333333333333, 1.0, 1.0, 1.0, 1.017391304347826, 1.0, 1.081896551724138, 2.0, 1.0, 1.1029231147138294, 1.5517241379310345, 1.0, 1.0, 2.0, 1.3333333333333333, 3.0, 1.1753681392235609, 1.0, 1.0966292134831461, 1.0, 7.666666666666667, 1.0, 1.0185185185185186, 1.0, 2.0, 1.0, 1.0, 1.0, 1.5303030303030303, 1.0129310344827587, 1.0, 1.1485148514851484, 21.0, 1.0, 1.6666666666666667, 1.3636363636363635, 1.0, 1.6666666666666667, 1.8846153846153846, 1.0, 1.173913043478261, 1.5, 1.3773584905660377, 1.5, 1.073443456162643, 1.0817191283292977, 1.7857142857142858, 1.07953216374269, 1.0, 27.0, 1.0, 1.0, 1.0227272727272727, 1.2083333333333333, 1.9787234042553192, 1.185929648241206, 1.0, 1.0341880341880343, 1.40625, 1.0, 1.04, 1.0, 1.0, 1.0, 1.0434782608695652, 2.0, 1.368421052631579, 1.0, 25.0, 1.3, 1.4761904761904763, 1.3020833333333333, 1.1438127090301002, 1.0, 1.0, 1.2372093023255815, 28.0, 1.0, 1.016323502133185, 1.0, 1.0409956076134699, 1.2505399568034556, 1.6666666666666667, 1.0841121495327102, 1.6578947368421053, 1.0574712643678161, 2.0, 1.2105263157894737, 1.0, 1.0052631578947369, 1.027027027027027, 25.0, 1.0420650095602295, 2.212121212121212, 2.0, 1.0, 2.0, 2.1739130434782608, 2.5714285714285716, 1.0123456790123457, 1.0058997050147493, 1.0018975332068312, 4.8, 1.0, 1.0, 1.6842105263157894, 1.2554744525547445, 1.3478260869565217, 1.1329479768786128, 1.0, 1.0033557046979866, 29.0, 1.0379746835443038, 16.0, 26.0, 1.2916666666666667, 1.0, 1.0, 1.0, 1.0565960912052117, 16.0, 1.00597800095648, 2.0, 2.0, 1.5, 1.024390243902439, 1.0, 1.125, 1.4761904761904763, 2.4615384615384617, 1.0, 1.3, 1.0, 1.0, 2.0, 1.1875, 1.1063829787234043, 21.0, 1.0, 1.040332843857073, 1.0, 1.043859649122807, 6.0, 1.0777385159010602, 1.0, 1.0279603143924751, 1.0, 1.1039657020364415, 1.0, 1.0, 1.1304347826086956, 1.5, 1.0105361016423924, 1.0606060606060606, 1.021000512207615, 1.1135458167330676, 3.4285714285714284, 2.0, 1.018632742225649, 1.2180851063829787, 1.0, 1.0, 1.0121951219512195, 1.0, 1.6666666666666667, 1.098883572567783, 1.1111111111111112, 1.0, 1.0297872340425531, 1.3333333333333333, 1.2666666666666666, 1.0, 1.234984984984985, 1.0, 2.0, 3.3, 23.0, 2.0, 1.0, 1.4285714285714286, 1.0, 1.1795977011494252, 1.4722222222222223, 21.0, 1.0557620817843867, 1.0787296503869763, 1.111470693994966, 1.0173711638679792, 1.1986531986531987, 1.375, 1.375, 1.158974358974359, 1.0047846889952152, 20.0, 1.0, 1.0217391304347827, 1.4, 1.173913043478261, 1.0, 1.0, 2.0, 4.833333333333333, 1.5, 2.0, 1.565217391304348, 1.0980392156862746, 1.2977346278317152, 6.75, 1.2083333333333333, 1.375, 1.0, 1.0571428571428572, 2.0, 1.2, 1.25, 1.2175438596491228, 2.0, 1.0, 1.0247524752475248, 1.0351170568561874, 1.2058823529411764, 1.0, 22.0, 1.0, 1.0, 1.0, 1.0, 1.00883310088331, 1.0623501199040768, 1.0237105842092398, 1.0, 1.152542372881356, 1.0, 11.0, 1.0754205100379814, 1.2378640776699028, 2.0, 1.0822222222222222, 1.0, 1.0184590690208668, 1.0216251638269986, 2.0, 1.2727272727272727, 1.0466666666666666, 1.2777777777777777, 1.0649733820794047, 1.0, 22.0, 1.1050228310502284, 1.0, 1.0, 1.0365448504983388, 1.0, 1.0, 1.0, 1.25, 1.1666666666666667, 1.3181818181818181, 1.0166139240506329, 1.5555555555555556, 1.4252873563218391, 1.1429897864438254, 1.0, 1.0686478971150504, 1.0191348242061395, 24.0, 2.0, 1.086734693877551, 1.8888888888888888, 1.0240893066980024, 1.3849557522123894, 2.0, 1.0485549132947978, 1.4, 1.0, 1.3333333333333333, 2.0, 1.0657894736842106, 1.3333333333333333, 1.0, 2.0, 1.0689655172413792, 1.1587301587301588, 1.5909090909090908, 1.5942028985507246, 1.375, 3.5, 1.3644067796610169, 1.0498533724340176, 1.0013255837666972, 1.2409867172675522, 1.0081018518518519, 1.3977272727272727, 1.0584498094027954, 1.0, 1.0, 1.0420517560073936, 1.065710872162485, 1.5333333333333334, 1.1943396226415095, 1.3529411764705883, 1.0, 1.058682634730539, 1.0681818181818181, 1.6666666666666667, 2.090909090909091, 1.1466666666666667, 1.0416666666666667, 1.2, 1.0201863354037266, 16.0, 1.2712765957446808, 1.0237734343837255, 2.5238095238095237, 1.0, 1.0081273843091723, 1.0, 1.8620689655172413, 1.0136986301369864, 1.5909090909090908, 1.9130434782608696, 1.7397260273972603, 1.0, 1.0, 1.046, 1.0, 1.1022636484687083, 1.0943396226415094, 1.0, 1.2777777777777777, 1.0616740088105727, 1.1548913043478262, 1.0, 18.0, 1.6538461538461537, 1.0, 1.2203389830508475, 1.0223978919631094, 1.763157894736842, 1.1152482269503545, 1.0794701986754967, 1.5384615384615385, 1.037523184477101, 1.0, 1.0717948717948718, 1.9166666666666667, 1.0, 1.0902255639097744, 1.5, 3.0, 1.5, 1.0, 2.263888888888889, 1.0, 1.1434262948207172, 1.1, 1.0, 1.0, 1.0, 1.0, 1.0, 1.0, 1.1744186046511629, 1.1111111111111112, 4.0, 1.1441441441441442, 1.5, 1.1159420289855073, 1.0, 1.0169491525423728, 1.0, 1.0, 1.0, 1.070511693335678, 1.75, 1.0033003300330032, 1.3689320388349515, 1.0, 1.0, 1.0, 1.0, 24.0, 1.4477611940298507, 2.0, 1.0232558139534884, 1.3636363636363635, 1.009028213166144, 15.0, 1.3333333333333333, 1.0259235255994816, 1.3333333333333333, 1.5866666666666667, 1.1666666666666667, 5.8, 1.5, 1.0, 1.0090744101633393, 1.0897435897435896, 1.25, 2.0, 1.173913043478261, 31.0, 1.0, 1.0, 1.0, 1.3142857142857143, 1.25, 1.1201622971285892, 1.2191919191919192, 1.0, 1.0, 1.0, 1.120401337792642, 1.015358361774744, 1.053469387755102, 2.0, 1.147086031452359, 1.0101127965772072, 1.5, 1.0, 1.0382262996941896, 1.0, 1.2857142857142858, 1.0, 1.7928994082840237, 1.0, 1.006993006993007, 1.096969696969697, 1.1, 1.1561181434599157, 1.6666666666666667, 1.0, 1.2962962962962963, 1.4, 19.0, 3.0, 2.0, 1.0835734870317002, 1.004047093451067, 1.0771513353115727, 1.0, 3.230769230769231, 2.0, 1.6428571428571428, 1.2369337979094077, 1.0493827160493827, 1.7142857142857142, 1.0616649537512848, 2.6363636363636362, 9.0, 1.0546218487394958, 24.0, 1.0, 1.0, 1.5, 1.3581081081081081, 1.0756062767475036, 1.6666666666666667, 1.0, 1.0552147239263803, 1.0061517429938482, 1.2453703703703705, 1.0345528455284554, 1.0, 1.0909090909090908, 1.0, 1.2530120481927711, 1.0, 2.6785714285714284, 1.006896551724138, 1.3365384615384615, 1.2333333333333334, 13.0, 1.0526315789473684, 1.0, 2.769230769230769, 1.0053937432578208, 1.0, 1.0363636363636364, 1.3043478260869565, 1.2734375, 1.0, 2.4615384615384617, 1.1134751773049645, 23.0, 1.0, 1.25, 1.1557971014492754, 1.2264150943396226, 1.0833333333333333, 2.0, 1.139240506329114, 1.1222222222222222, 2.4, 1.0418643019179212, 1.0396396396396397, 1.0203452527743526, 1.380952380952381, 1.0, 1.0, 10.0, 1.8333333333333333, 1.0112781954887218, 23.0, 1.0, 1.027427317608338, 1.0, 1.2857142857142858, 1.0183213099736632, 3.033333333333333, 1.3076923076923077, 1.2983870967741935, 1.1602373887240356, 1.0559322033898304, 1.0, 1.021755438859715, 1.540983606557377, 2.04, 1.0, 1.1612903225806452, 1.0126582278481013, 1.2672413793103448, 1.006378802747792, 28.0, 1.2905982905982907, 1.0, 24.0, 1.0405797101449274, 1.08, 1.1684100418410042, 1.2, 1.0129870129870129, 1.1912225705329154, 1.4166666666666667, 1.061038961038961, 1.0953389830508475, 2.25, 1.0, 1.5555555555555556, 2.0, 21.0, 1.0, 1.2125, 1.146153846153846, 1.0, 1.0161720430107526, 1.425531914893617, 1.0757884028484233, 1.0204081632653061, 2.0, 1.24009324009324, 5.2, 1.3868613138686132, 1.0, 1.1, 1.0211549456832476, 1.1270096463022508, 13.5, 1.0, 1.0588235294117647, 1.7, 1.0, 1.173913043478261, 2.5, 22.0, 1.2151898734177216, 1.098159509202454, 1.0, 1.0, 1.133862433862434, 2.0, 1.5, 1.0, 1.0404040404040404, 1.0, 1.0050735230888297, 1.0, 1.0422427035330262, 1.3, 2.0, 1.1286681715575622, 1.7083333333333333, 1.0141129032258065, 1.1146496815286624, 1.2266666666666666, 1.4285714285714286, 1.0478507704785076, 1.0356798457087752, 2.0, 1.0, 1.0, 1.259515570934256, 1.1235632183908046, 1.0, 1.3068181818181819, 1.5161290322580645, 1.0681959082455053, 1.173913043478261, 2.0, 1.1287128712871286, 3.0, 1.0788177339901477, 1.195067264573991, 1.3, 1.0050301810865192, 1.0, 1.0, 1.0109670987038883, 1.0, 1.0952380952380953, 1.510204081632653, 1.875, 1.0, 1.36, 1.25, 1.0, 1.0392156862745099, 23.0, 1.010600706713781, 1.4090909090909092, 3.25, 1.0068886337543055, 1.0, 1.25, 1.0, 27.0, 1.0, 1.0513744075829383, 1.1672131147540983, 1.032182103610675, 1.0, 1.0, 1.2142857142857142, 1.112887112887113, 1.04177545691906, 1.4786184210526316, 1.3571428571428572, 1.137149672033393, 1.0692262943571844, 2.0, 1.1106976744186046, 1.109139307897072, 1.0, 1.0, 1.0, 1.0069686411149825, 1.2653606411398042, 2.1176470588235294, 1.0, 1.3344947735191637, 1.0, 1.88, 1.0, 1.4, 1.4444444444444444, 1.1666666666666667, 1.0122501361126235, 1.064676616915423, 1.0, 1.0426198683798182, 1.1724137931034482, 1.0357142857142858, 1.013621794871795, 1.0183150183150182, 1.0384307445956766, 1.0, 1.0, 2.0, 1.2787193973634652, 1.0180102915951972, 1.0524017467248907, 1.0148151463611137, 1.064788732394366, 1.0, 1.2164948453608246, 1.0, 1.0, 1.0280701754385966, 1.0, 1.5, 1.2184466019417475, 18.0, 2.0]
origin-census_12.27 	max: 31.0000	99th: 25.0000	95th: 11.5500	median: 1.0975	mean: 2.3528

...Done, result: results.csv

WORKLOAD-FINISHED | Type: QueryWorkload | Progress: 3/3 | Workload-time: 85.997354 | Model-update-time: 0.000000


Experiment Summary: #data-update-times=1, #drift=1 | total-time=180.522137