Input arguments = Namespace(data_update='tupleskew', update_size=8000, dataset='census', debug=False, drift_test='js', model_update='adapt', model='naru', end2end=False, query_seed=0, random_seed=42, num_workload=3)
JSON-passed parameters = {'data_updater': {'skew_ratio': '1e-2'}, 'random_seed': 23, 'naru': {'epochs': 0}}
MODEL-PATH=/home/kangping/code_copy/SAUCE/models/end2end/naru/origin-census-22.5MB-model27.255-data14.989-300epochs-seed0.pt
DATASET-PATH=/home/kangping/code_copy/SAUCE/data/census/end2end/census_int.npy
Workloads: ['QueryWorkload', 'DataUpdateWorkload', 'QueryWorkload']

WORKLOAD-START | Type: QueryWorkload | Progress: 1/3
Going to run: ['python', '/home/kangping/code_copy/SAUCE/Naru/eval_model.py', '--dataset=census', '--model=naru', '--query_seed=0', '--end2end', '--eval_type=first_estimate', '--num_workload=3', '--data_update=tupleskew', '--model_update=adapt', '--random_seed=42']
Torch device: cuda:1
GET-MODEL-PATH=./models/end2end/naru/origin-census-22.5MB-model27.255-data14.989-300epochs-seed0.pt
ckpts [PosixPath('/home/kangping/code_copy/SAUCE/models/end2end/naru/origin-census-22.5MB-model27.255-data14.989-300epochs-seed0.pt')]
Validate Argument: DATASET="census" is valid.
load_csv_dataset - census (32561, 13)
Parsing... done, took 0.0s
Loading ckpt: /home/kangping/code_copy/SAUCE/models/end2end/naru/origin-census-22.5MB-model27.255-data14.989-300epochs-seed0.pt
query_seed:0
origin-census_12.27 	max: 4.5000	99th: 3.0000	95th: 2.0000	median: 1.0437	mean: 1.2093
ReportEsts: [1.0, 1.1321152494729445, 1.1549295774647887, 2.0, 1.0, 1.094420600858369, 1.0, 1.2142857142857142, 1.0, 1.0, 1.0, 1.2312925170068028, 2.142857142857143, 1.1216216216216217, 1.2756410256410255, 1.0, 1.0845771144278606, 1.0, 1.0, 1.0, 1.3333333333333333, 2.0, 1.2427745664739884, 2.5, 1.0192307692307692, 1.4, 1.0, 1.0137908915971776, 1.0, 1.0423230660710088, 1.03659174072138, 1.3513513513513513, 1.0163934426229508, 1.1111111111111112, 1.0, 1.2053571428571428, 1.5, 1.0425531914893618, 1.0, 1.0097772949483976, 1.0, 1.0, 1.0, 1.0, 1.04, 1.1333333333333333, 1.0, 1.0276741293532339, 1.0, 4.0, 1.0, 1.2727272727272727, 1.0, 1.0416666666666667, 1.0642201834862386, 1.0, 1.0185185185185186, 1.75, 1.008327024981075, 1.0063694267515924, 1.0879120879120878, 1.0909090909090908, 1.1730769230769231, 1.205128205128205, 1.0, 1.0, 1.0, 1.0187121629058888, 1.0, 1.1666666666666667, 1.2857142857142858, 1.2941176470588236, 1.6666666666666667, 1.0, 1.0146609651802077, 1.0, 1.0, 1.5, 1.5, 1.0, 1.0, 1.0, 1.0, 1.3333333333333333, 1.2434782608695651, 1.0714285714285714, 1.0, 1.1219512195121952, 1.0416511714391967, 1.0, 1.04, 1.0, 1.032258064516129, 2.0, 1.0849673202614378, 1.5, 1.1248527679623086, 1.0, 1.6, 1.5, 1.0, 1.0, 1.0, 1.0, 1.0, 1.0678571428571428, 1.0318225650916104, 1.1851851851851851, 1.1540697674418605, 1.0666666666666667, 1.7536231884057971, 1.0, 1.3043478260869565, 1.2222222222222223, 1.5151515151515151, 1.0, 3.0, 1.1379310344827587, 3.0, 1.0136986301369864, 2.0, 1.168, 1.0486322188449848, 1.25, 1.0095440084835632, 1.0666666666666667, 1.0091240055732842, 1.0608537693006357, 1.2717391304347827, 1.0680851063829788, 1.0, 1.0080142475512022, 1.0, 1.0, 2.0, 1.0, 1.0242105263157895, 1.0, 1.0, 1.5555555555555556, 1.0, 2.3333333333333335, 1.0, 1.0, 2.0, 1.0, 1.0, 1.1818181818181819, 1.0068457082675093, 1.150943396226415, 1.0555555555555556, 1.2, 2.0, 1.0, 1.0, 1.5, 3.0, 1.0, 1.0, 1.3333333333333333, 1.08, 1.5, 1.4444444444444444, 1.0769230769230769, 1.1851851851851851, 1.009861932938856, 1.0, 1.0024937655860349, 1.0176114474408366, 1.1313131313131313, 1.00640683395622, 1.2, 1.0, 1.0, 1.6470588235294117, 1.4370546318289785, 1.5, 1.0726230291447683, 1.0173857050869286, 1.0392156862745099, 1.0, 1.248, 1.065217391304348, 1.0, 1.2105263157894737, 1.0176775563745393, 1.5, 1.0, 1.076158940397351, 1.0707395498392283, 1.8529411764705883, 1.0909090909090908, 1.0225181598062953, 1.0, 1.1, 1.1111111111111112, 1.0615935541629364, 1.0, 1.0357142857142858, 1.0742857142857143, 1.0, 1.1333333333333333, 1.3689320388349515, 1.0666666666666667, 2.0, 1.4, 1.0, 1.0148891966759004, 3.0, 1.0, 1.2744630071599046, 1.0, 1.1538461538461537, 2.1666666666666665, 1.0, 1.1428571428571428, 1.0769230769230769, 1.016496018202503, 1.092485549132948, 1.273972602739726, 1.0, 1.2857142857142858, 1.0345394736842106, 1.2380952380952381, 2.0, 1.1702127659574468, 1.0, 1.0, 1.0, 1.0, 1.0, 1.4444444444444444, 1.1111111111111112, 1.1029411764705883, 1.0, 1.0, 1.0, 1.4, 1.0365205843293492, 1.0, 1.0, 1.0595238095238095, 2.0, 1.0, 1.0, 1.3333333333333333, 1.7058823529411764, 1.0, 1.0, 1.0425531914893618, 1.0, 1.0061349693251533, 1.2466666666666666, 1.5, 1.0, 1.0, 1.6666666666666667, 1.0478260869565217, 1.793103448275862, 1.0283748925193466, 1.0, 1.0, 1.5555555555555556, 1.0285714285714285, 1.3333333333333333, 1.0, 1.4545454545454546, 1.054726368159204, 2.0, 1.1428571428571428, 1.1176470588235294, 1.0, 1.0, 2.0, 1.0751068135821902, 1.0344827586206897, 1.0, 1.0056497175141244, 1.0, 1.0, 1.8181818181818181, 1.2926829268292683, 1.0227272727272727, 1.25, 1.0048939641109298, 1.0, 1.0195530726256983, 1.5, 1.0084033613445378, 1.0, 1.0714285714285714, 1.0092575099187606, 1.5, 1.0044296788482836, 1.1148936170212767, 1.0, 1.0, 1.08, 1.0070455612963833, 1.12, 1.2222222222222223, 2.0, 1.0, 1.105263157894737, 1.0140845070422535, 1.0393081761006289, 2.0, 1.0061162079510704, 1.4, 1.0, 1.0, 1.0, 1.0, 1.0597014925373134, 1.0, 1.0, 1.0, 1.0371660859465737, 1.0, 1.0157040882543802, 1.0, 1.0094397076735688, 1.1, 1.0, 1.0312151616499443, 1.2727272727272727, 1.0, 1.0138925294888597, 1.0, 1.099297280782157, 1.0, 1.1672535211267605, 1.0, 1.0374673938819066, 1.0, 1.0, 2.0, 2.0, 3.0, 1.2035398230088497, 1.105263157894737, 1.0714285714285714, 1.0, 1.0, 1.0392156862745099, 3.0, 1.037037037037037, 1.0, 1.5, 1.0, 1.0, 1.6666666666666667, 1.0714285714285714, 1.0, 1.4, 1.0099605014597286, 1.411764705882353, 1.3333333333333333, 1.0, 1.0, 1.0360230547550433, 1.3333333333333333, 1.0, 1.183673469387755, 1.0, 1.1578947368421053, 1.0, 1.075036075036075, 1.1935483870967742, 1.0, 1.1884984025559104, 1.2291666666666667, 1.0, 1.0, 3.0, 1.0, 1.0, 1.0909090909090908, 1.0833333333333333, 1.1538461538461537, 1.2974683544303798, 1.0, 1.1308411214953271, 1.1428571428571428, 1.0, 1.0235294117647058, 1.0, 1.0, 1.0, 1.0, 2.0, 1.5479041916167664, 1.0, 1.0, 1.625, 1.5384615384615385, 1.0105263157894737, 1.558139534883721, 1.0, 1.0, 1.1764705882352942, 1.0952380952380953, 1.0, 1.0, 1.0793650793650793, 1.0, 1.0062208398133747, 1.055045871559633, 1.0, 1.12, 1.4666666666666666, 1.0, 1.0, 1.0625, 1.25, 1.2959183673469388, 1.2608695652173914, 4.5, 1.288888888888889, 1.0512820512820513, 1.25, 1.0, 1.0054484492875104, 1.0, 1.3, 1.0556478405315615, 1.1216216216216217, 1.16875, 3.6666666666666665, 1.1686746987951808, 1.0, 1.0, 1.0403292181069959, 1.2, 1.04, 1.0, 1.0300230946882216, 1.0, 1.010958904109589, 1.0, 1.5, 1.0833333333333333, 1.0, 1.0, 2.0, 1.3157894736842106, 1.0, 1.0, 1.2317073170731707, 1.0347826086956522, 1.0112191473448018, 1.119047619047619, 1.2173913043478262, 1.0, 1.0, 1.4722222222222223, 1.0, 1.0115266393442623, 1.0063260340632603, 1.0, 1.0031294452347084, 1.0909090909090908, 1.0, 1.131578947368421, 2.0, 1.0888888888888888, 1.0, 1.0, 1.0227148629463798, 1.069767441860465, 1.0943396226415094, 1.0, 1.0, 1.5, 1.1, 1.0165745856353592, 1.027972027972028, 1.0113207547169811, 1.0, 2.0, 1.0, 1.1428571428571428, 1.3814432989690721, 1.0, 1.0, 1.0, 1.0, 1.0942028985507246, 1.0, 1.0, 1.25, 1.0, 1.975, 1.0, 1.2307692307692308, 1.0, 2.090909090909091, 1.1820580474934037, 1.0157421289355322, 1.3888888888888888, 1.0, 2.0, 1.0, 1.2857142857142858, 1.0, 1.0707142857142857, 1.18, 1.2857142857142858, 1.0, 1.0251346499102334, 1.1428571428571428, 1.0, 1.0125751776927283, 1.0016077170418007, 1.2, 1.0525568181818181, 1.0595625872498837, 1.5714285714285714, 2.0, 1.0615384615384615, 1.084051724137931, 1.0101010101010102, 1.0, 1.225, 1.1818181818181819, 1.1869918699186992, 1.3428571428571427, 3.0, 1.156408399710355, 1.0506838294448915, 1.0, 1.2254545454545454, 2.5, 1.0612244897959184, 1.5714285714285714, 1.0171560259474224, 1.0833333333333333, 1.0, 3.0, 1.0, 1.3, 1.0, 1.0996978851963746, 1.214086081609838, 1.0130095403295751, 1.0090225563909774, 1.0695970695970696, 1.0, 1.0862068965517242, 2.0, 1.0175438596491229, 1.0, 1.3541666666666667, 1.0, 1.0, 2.0, 2.0, 4.0, 1.0, 2.0, 1.077922077922078, 1.0, 1.1818181818181819, 1.0597797587834294, 1.026502426278462, 1.1703296703296704, 1.0, 1.1195652173913044, 1.0, 1.0, 1.0, 1.0, 1.0537870472008781, 1.1428571428571428, 1.0516344725111442, 1.5, 2.0, 1.2702702702702702, 1.0153846153846153, 1.0955882352941178, 1.0, 1.1003460207612457, 1.0, 1.3636363636363635, 1.263157894736842, 1.2, 1.5, 1.0416666666666667, 2.6666666666666665, 1.0, 1.0, 2.0, 1.0, 1.037674379751065, 1.0530796194291436, 1.0, 1.34375, 1.0909090909090908, 1.04, 1.039447731755424, 1.0, 1.1951219512195121, 1.8, 1.0520231213872833, 2.0, 1.0, 1.0073313782991202, 1.0, 1.0555555555555556, 1.0, 1.0220247295208655, 1.6194690265486726, 1.0754716981132075, 1.0566037735849056, 1.0354523227383863, 2.0, 1.25, 1.0, 1.1363636363636365, 2.0, 1.0103270223752152, 1.0, 1.0427350427350428, 1.065217391304348, 1.5384615384615385, 1.0, 1.0106382978723405, 1.0, 1.0, 1.0005390835579515, 1.0, 1.0526315789473684, 1.0, 1.2, 1.0078487729383152, 1.0, 1.3333333333333333, 1.1615853658536586, 1.0379746835443038, 1.0385232744783306, 1.0, 1.0690376569037656, 1.25, 1.0321257689678742, 1.0, 1.0, 1.4615384615384615, 1.125, 1.077961019490255, 1.1589403973509933, 1.0168231611893583, 1.0439024390243903, 1.25, 1.0919540229885059, 1.7222222222222223, 1.0, 1.14, 1.0209424083769634, 1.0333333333333334, 1.0, 1.3666666666666667, 1.18, 1.0, 1.0, 1.1428571428571428, 1.0, 1.0952380952380953, 1.0096899224806202, 1.0, 1.0593220338983051, 1.5, 1.0, 1.0, 1.0, 1.2857142857142858, 1.0097826086956523, 1.0327868852459017, 1.8076923076923077, 1.0, 1.0, 1.0253164556962024, 1.0159574468085106, 1.0, 1.0, 1.0, 1.216931216931217, 1.1428571428571428, 1.0, 3.0, 1.0141173046135934, 1.3333333333333333, 1.0, 1.0, 1.0730593607305936, 1.25, 1.3125, 1.11, 1.75, 1.305084745762712, 3.0, 1.0, 1.0, 1.5666666666666667, 1.0, 1.0428816466552315, 1.148936170212766, 1.049645390070922, 1.0, 1.0252233315817132, 1.0078982009653357, 1.1111111111111112, 1.0253807106598984, 1.0, 1.0, 1.0021984464311886, 2.0, 1.0617283950617284, 2.0, 1.173913043478261, 1.0, 1.3333333333333333, 1.0412757973733584, 2.0, 1.0, 1.3333333333333333, 1.6666666666666667, 1.032640949554896, 1.4031007751937985, 1.1428571428571428, 1.0665128796616685, 1.0317460317460319, 1.25, 1.15, 1.0, 1.0, 1.0, 1.0, 1.0277777777777777, 1.0363984674329503, 1.0, 1.5, 2.0, 1.0, 1.0, 1.0, 1.0705882352941176, 1.0455203262728587, 1.0958333333333334, 1.0, 1.1734693877551021, 1.0469397146801658, 3.0, 1.2142857142857142, 1.0, 1.0, 1.75, 1.0, 1.1479289940828403, 1.2127659574468086, 1.1062992125984252, 1.0223131275567126, 1.09375, 1.1773700305810397, 1.0, 1.142691415313225, 1.0344827586206897, 1.5, 1.004739336492891, 1.0265895953757225, 1.0, 1.0, 1.0, 1.0136347326874775, 1.0, 1.0166666666666666, 1.1785714285714286, 1.2833333333333334, 2.0, 1.0693069306930694, 1.4285714285714286, 1.0, 1.0625, 1.0769230769230769, 1.05, 1.0, 1.4285714285714286, 1.0088120657515676, 1.0087336244541485, 1.0, 1.0, 1.0014540754503596, 1.0, 1.0588235294117647, 1.0, 1.0066006600660067, 1.0, 1.0, 1.0, 1.0, 1.1147798742138364, 1.0, 1.0, 1.3333333333333333, 1.0932203389830508, 1.0126015121814618, 1.4, 1.0, 1.9411764705882353, 1.0427382753403933, 1.0253138505865405, 1.0, 1.2446043165467626, 1.0, 1.3142857142857143, 1.0537974683544304, 1.5, 1.0, 1.3333333333333333, 1.0606060606060606, 1.204054054054054, 1.0, 1.0, 1.0, 1.25, 1.295774647887324, 1.0909090909090908, 1.0807453416149069, 1.0161290322580645, 1.1134020618556701, 1.0975609756097562, 1.0614886731391586, 1.0097731239092496, 1.0238931834153198, 1.3333333333333333, 1.0, 1.6428571428571428, 1.146341463414634, 1.1428571428571428, 1.0220264317180616, 1.0, 1.2727272727272727, 1.0697529582727838, 1.3157894736842106, 1.040393343419062, 1.0, 2.0, 1.0418221593102561, 1.0, 1.0, 1.0, 1.0, 1.6666666666666667, 1.0, 1.146341463414634, 1.0217391304347827, 1.0, 1.0, 1.0469973890339426, 1.142240284480569, 1.0318076027928627, 1.0, 1.1, 1.0283687943262412, 1.034848484848485, 1.0869565217391304, 1.1216216216216217, 1.0, 1.089795918367347, 1.103448275862069, 1.0833333333333333, 1.0556414219474497, 1.1059113300492611, 3.0, 1.2567567567567568, 1.3333333333333333, 2.0, 3.0, 1.0, 1.2666666666666666, 1.0446428571428572, 1.0, 3.5, 3.0, 2.0, 3.0, 1.0142630744849446, 1.3725490196078431, 1.75, 1.1090909090909091, 1.1333333333333333, 1.0, 1.1526717557251909, 1.0044776119402985, 1.0176902536715622, 1.0, 1.6666666666666667, 1.6, 3.0, 1.0, 1.0, 1.1956521739130435, 1.0647149460708782, 1.0, 1.3091106290672452, 1.0, 1.275, 1.0888888888888888, 1.0, 1.3804347826086956, 1.0924764890282133, 1.126984126984127, 1.1348314606741574, 1.2, 1.303411131059246, 1.1491228070175439, 1.6666666666666667, 1.0, 1.0373333333333334, 1.5, 1.0, 1.0, 1.0, 1.1824242424242424, 1.0059724746819008, 1.0, 1.065729640347251, 1.3333333333333333, 1.1025641025641026, 1.0816326530612246, 1.0, 2.0, 1.0168195718654434, 1.1700680272108843, 1.0188273265196341, 1.1059135039717565, 1.1476510067114094, 1.0, 1.0, 1.017114914425428, 1.0, 1.05, 1.0283687943262412, 1.2120141342756183, 1.0, 1.0, 1.1073170731707318, 1.6666666666666667, 1.0, 1.0, 1.0217905231781272, 1.0, 1.1904761904761905, 2.0, 1.0, 1.0, 1.1142857142857143, 1.0454545454545454, 1.3214285714285714, 1.0434782608695652, 1.5, 1.278688524590164, 1.0, 1.0, 1.0, 1.0307904411764706, 1.151394422310757, 1.0510396975425331, 1.3333333333333333, 2.0, 1.1780626780626782, 2.0, 1.3157894736842106, 1.4071294559099436, 1.5833333333333333, 1.051877004338804, 1.0404530744336569, 1.375, 1.0, 1.5, 1.0, 1.3067484662576687, 1.0, 1.0369252439883287, 1.2264349657714586, 1.2, 1.0, 1.3303571428571428, 1.0, 1.3333333333333333, 1.0, 1.3333333333333333, 1.288888888888889, 1.0, 2.5, 1.006810442678774, 1.0, 1.0, 1.0, 1.2, 1.0463320463320462]
origin-census_12.27 	max: 4.5000	99th: 3.0000	95th: 2.0000	median: 1.0437	mean: 1.2093

...Done, result: results.csv

WORKLOAD-FINISHED | Type: QueryWorkload | Progress: 1/3 | Workload-time: 86.481553 | Model-update-time: 0.000000


WORKLOAD-START | Type: DataUpdateWorkload | Progress: 2/3
Going to run: ['python', '/home/kangping/code_copy/SAUCE/Naru/eval_model.py', '--model=naru', '--data_update=tupleskew', '--dataset=census', '--drift_test=js', '--end2end', '--update_size=8000', '--query_seed=0', '--eval_type=drift']
Torch device: cuda:1
GET-MODEL-PATH=./models/end2end/naru/origin-census-22.5MB-model27.255-data14.989-300epochs-seed0.pt
GET-DATASET-PATH=./data/census/end2end/census_int.npy
TupleSkewSample - START
0.01
TupleSkewSample - END
load_npy_dataset_from_path - df.shape = (39073, 13)
Parsing... done, took 0.0s
Data updated!
Previous data size: (32561, 13), new data size: (6512, 13)
[7.33137131e-06 3.16381454e-04 1.03831291e-04 1.18315220e-04
 1.58965588e-04 4.51624393e-04 5.35130501e-04 2.53856182e-04
 9.82880592e-05 5.93256950e-03 2.02655792e-06 1.13487244e-04
 6.61015511e-05]
Distance score: 0.0006275314372032881
SAUCE Drift detection: True
Detection latency: 0.0037s

DRIFT-DETECTED after 2-th workload
Going to run: ['python', '/home/kangping/code_copy/SAUCE/Naru/incremental_train.py', '--dataset=census', '--end2end', '--model=naru', '--model_update=adapt', '--update_size=8000', '--epochs=0']
Torch device: cuda:1
GET-MODEL-PATH=./models/end2end/naru/origin-census-22.5MB-model27.255-data14.989-300epochs-seed0.pt
update_size: 6512
AdaptTask - START
GET-DATASET-PATH=./data/census/end2end/census_int.npy
load_npy_dataset_from_path - df.shape = (39073, 13)
Parsing... done, took 0.0s
done, took 0.0s
dataset size: 39073
train data shape: torch.Size([6512, 13]), transfer data shape:torch.Size([1302, 13])
Training done; evaluating likelihood on full data:
Epoch None Iter 0, test loss 18.6963 nats / 26.9730 bits
Saved to: /home/kangping/code_copy/SAUCE/models/end2end/naru/origin-census-22.5MB-model27.255-data14.989-300epochs-seed0.pt
AdaptTask - END

WORKLOAD-FINISHED | Type: DataUpdateWorkload | Progress: 2/3 | Workload-time: 1.928477 | Model-update-time: 3.798341


WORKLOAD-START | Type: QueryWorkload | Progress: 3/3
Going to run: ['python', '/home/kangping/code_copy/SAUCE/Naru/eval_model.py', '--dataset=census', '--model=naru', '--end2end', '--query_seed=0', '--eval_type=estimate', '--num_workload=3', '--data_update=tupleskew', '--model_update=adapt', '--random_seed=42']
Torch device: cuda:1
GET-MODEL-PATH=./models/end2end/naru/origin-census-22.5MB-model27.255-data14.989-300epochs-seed0.pt
ckpts [PosixPath('/home/kangping/code_copy/SAUCE/models/end2end/naru/origin-census-22.5MB-model27.255-data14.989-300epochs-seed0.pt')]
Validate Argument: DATASET="census" is valid.
data size: 39073, total size: 39073, split index: [32560 39073]
Parsing... done, took 0.0s
Loading ckpt: /home/kangping/code_copy/SAUCE/models/end2end/naru/origin-census-22.5MB-model27.255-data14.989-300epochs-seed0.pt
query_seed:0
origin-census_12.27 	max: 32.0000	99th: 25.0000	95th: 11.0500	median: 1.1088	mean: 2.4188
ReportEsts: [1.4555555555555555, 1.0, 1.0740740740740742, 1.0, 1.2, 1.169811320754717, 1.0121951219512195, 1.1208053691275168, 1.0, 1.0, 1.056, 1.1058201058201058, 1.037037037037037, 1.1861702127659575, 1.11864406779661, 1.045994065281899, 1.084319526627219, 1.2127659574468086, 1.0, 24.0, 1.6231884057971016, 1.2105263157894737, 1.0, 1.0909090909090908, 1.0, 1.5, 27.0, 1.1223776223776223, 1.5714285714285714, 1.0858132898491644, 1.0280210157618213, 1.6486486486486487, 1.023085460599334, 1.0023310023310024, 1.7272727272727273, 1.3061224489795917, 1.0, 1.5, 1.25, 1.0360193950588779, 1.3564356435643565, 1.0, 9.5, 1.0273079274505807, 1.0, 1.3333333333333333, 1.0, 1.4743589743589745, 1.0, 1.0, 1.0369576465370685, 1.2272727272727273, 1.0, 2.066666666666667, 1.0472673559822747, 2.7777777777777777, 1.375, 1.0203850509626273, 1.233009708737864, 3.6666666666666665, 1.4583333333333333, 2.7777777777777777, 1.1472602739726028, 1.3333333333333333, 1.2774193548387096, 1.0380534211489205, 1.0742213386348576, 1.0541289023162135, 1.0036231884057971, 1.5, 1.3712871287128714, 1.5263157894736843, 1.3333333333333333, 1.0931297709923664, 1.0208248816768086, 1.0, 2.6666666666666665, 1.358974358974359, 1.089655172413793, 1.2, 1.5576923076923077, 1.0, 1.0, 22.0, 1.0036585365853659, 2.0, 1.1666666666666667, 1.0, 1.0735483870967741, 1.071264367816092, 1.0, 2.0, 1.0098684210526316, 1.0, 1.2291666666666667, 1.4666666666666666, 21.0, 1.0, 1.0326797385620916, 4.4, 1.5180722891566265, 1.0, 1.5238095238095237, 1.1304347826086956, 1.7346938775510203, 1.0229007633587786, 1.4318181818181819, 2.0, 1.05512104283054, 9.5, 1.0, 1.0256410256410255, 2.6666666666666665, 1.1498501498501499, 1.0, 1.0, 1.1024518388791593, 1.0, 1.0, 1.0, 1.0, 1.0, 3.0, 1.4782608695652173, 2.7058823529411766, 1.0, 1.6525096525096525, 1.2295081967213115, 1.2272727272727273, 1.0, 1.74, 1.0803814713896458, 1.0588235294117647, 1.0, 1.2, 1.0541401273885351, 1.0, 1.0528735632183908, 2.0, 1.0, 1.0, 2.0, 1.0, 2.2083333333333335, 1.0, 1.0, 1.068362480127186, 1.0264650283553876, 1.0, 1.1480891719745223, 1.0285714285714285, 1.0, 1.0574361820199778, 18.0, 1.0, 1.192090395480226, 1.276470588235294, 1.76, 5.75, 1.0141493912471207, 1.4, 1.0842696629213484, 1.1644444444444444, 1.0834752981260647, 1.59375, 1.0059144676979073, 1.1003584229390682, 28.0, 2.4, 1.2941176470588236, 1.02197567740559, 1.1, 1.0384163073304586, 1.018363939899833, 1.1265822784810127, 1.160883280757098, 1.0, 1.25, 1.0, 11.0, 1.5, 1.0, 1.0389610389610389, 1.4538152610441768, 1.0, 1.011764705882353, 2.4285714285714284, 2.0, 1.0, 1.5, 1.0, 1.3113207547169812, 1.0, 1.1666666666666667, 1.0, 1.003609456776755, 1.05956678700361, 1.2083333333333333, 1.0, 1.278688524590164, 1.125, 1.0, 1.0741626794258374, 1.0344647519582246, 1.0816326530612246, 1.7142857142857142, 1.0, 1.0, 1.0, 1.5, 1.0, 1.1818181818181819, 1.0450565196624741, 1.5, 9.5, 1.5118110236220472, 1.4033149171270718, 1.0, 1.0267424720993894, 1.3333333333333333, 4.0, 1.0158259864142216, 1.0, 1.0, 1.3575757575757577, 1.0297619047619047, 1.35, 3.7058823529411766, 1.0412147505422993, 1.2777777777777777, 2.0, 1.084687767322498, 1.0, 1.019187126057355, 1.0, 1.0, 1.0103092783505154, 2.0, 11.0, 1.0036706869428422, 1.3295454545454546, 1.0, 1.4015748031496063, 1.0, 1.3468634686346863, 1.2702702702702702, 2.0, 1.0, 1.0028632784538296, 1.0149558123725357, 1.182608695652174, 1.5825242718446602, 1.2564102564102564, 1.4230769230769231, 1.0, 22.0, 1.0042105263157894, 1.2450980392156863, 1.0646048109965636, 1.199203187250996, 1.004218181818182, 1.0, 2.0, 1.2307692307692308, 1.1691542288557213, 20.0, 1.187878787878788, 1.0, 1.019016697588126, 1.0, 1.0429082240762813, 1.0, 1.0666666666666667, 2.0, 1.0175072947061277, 1.0, 2.6666666666666665, 1.5609756097560976, 1.0124223602484472, 1.75, 1.0175675675675675, 1.0, 1.6666666666666667, 1.5714285714285714, 1.2035398230088497, 1.35, 1.6666666666666667, 1.0, 1.006896551724138, 1.0, 1.0, 22.0, 1.1481481481481481, 1.068848167539267, 1.5384615384615385, 2.0714285714285716, 2.3333333333333335, 21.0, 1.1764705882352942, 1.044412085911904, 1.1538461538461537, 1.0, 1.0, 1.0026431718061675, 1.0, 1.0, 1.4285714285714286, 1.0, 1.0, 1.0, 1.008084750487873, 1.2531418312387792, 1.2467532467532467, 1.0160183066361557, 1.3953488372093024, 1.72, 2.0, 1.0833333333333333, 1.0, 1.0, 1.0, 1.0070774354704413, 1.0, 1.1347385272145145, 2.0, 1.0, 1.1430801248699272, 1.271186440677966, 1.0, 1.0, 2.0, 1.3333333333333333, 3.0, 1.191073919107392, 1.0, 1.1111111111111112, 1.0, 7.125, 1.0, 1.7843137254901962, 1.0, 1.75, 1.0, 1.0, 1.0, 1.6515151515151516, 1.0281124497991967, 1.2, 1.033112582781457, 26.0, 1.0, 1.6666666666666667, 1.3636363636363635, 1.0, 1.6666666666666667, 1.12, 1.0, 1.1304347826086956, 1.5, 1.2830188679245282, 1.5, 1.0864067439409906, 1.0021739130434784, 1.1818181818181819, 1.0196531791907515, 1.0, 32.0, 1.0, 1.0, 1.3478260869565217, 1.2291666666666667, 1.4081632653061225, 1.1882183908045978, 1.0, 1.25, 1.184782608695652, 1.0, 1.079646017699115, 1.0, 1.0, 1.0, 1.0869565217391304, 2.0, 1.4320388349514563, 1.0, 3.0, 1.3, 1.2727272727272727, 1.4583333333333333, 1.2202797202797202, 1.0, 2.0, 1.338095238095238, 24.0, 1.0, 1.0186020293122886, 4.333333333333333, 1.0337620578778135, 1.0278372591006424, 1.6666666666666667, 1.3072289156626506, 1.3695652173913044, 1.024236037934668, 2.0, 1.263157894736842, 1.0, 1.0557029177718833, 1.6842105263157894, 28.0, 1.0801457194899817, 1.2647058823529411, 2.0, 1.0, 2.0, 1.9310344827586208, 23.0, 1.072289156626506, 1.2363636363636363, 1.0856592877767084, 1.3026315789473684, 1.0, 1.0, 1.4615384615384615, 1.5037037037037038, 1.1923076923076923, 1.0561224489795917, 1.0, 1.0169640890063891, 25.0, 4.333333333333333, 20.0, 14.0, 1.2916666666666667, 1.0, 1.0, 1.0, 1.0060289389067525, 3.5, 1.0113663272555056, 2.0, 2.0, 3.0, 1.4114285714285715, 1.0, 1.1875, 1.40625, 2.4615384615384617, 1.0, 2.1666666666666665, 1.0, 1.0, 2.0, 1.1875, 1.0957446808510638, 1.4797687861271676, 1.619047619047619, 1.045739650680305, 1.0, 1.1504424778761062, 1.6666666666666667, 1.083916083916084, 2.0, 1.0148983028889753, 1.0, 1.090628218331617, 1.0, 1.0, 1.0763636363636364, 1.3333333333333333, 1.0386442825467215, 1.4074074074074074, 1.0646783422923531, 1.0, 2.2222222222222223, 2.0, 1.0701685613484908, 1.1384615384615384, 1.0, 1.0, 1.0365853658536586, 1.0, 1.6666666666666667, 1.109431995831162, 2.7, 1.0, 1.0901328273244781, 1.5, 1.2666666666666666, 1.0, 1.0711610486891385, 1.0, 3.0, 1.1857142857142857, 3.1538461538461537, 1.1666666666666667, 1.0, 1.4285714285714286, 1.0, 1.0100574712643677, 1.0344827586206897, 10.0, 1.003831417624521, 1.0772590772590773, 1.0894795956570573, 1.0403614457831325, 1.1511254019292605, 1.375, 1.375, 1.2934131736526946, 1.2102803738317758, 25.0, 1.0, 2.125, 1.4, 1.6296296296296295, 1.0, 1.0, 2.0, 1.1137820512820513, 2.5, 2.0, 1.3888888888888888, 1.3272727272727274, 1.4907063197026023, 2.1875, 7.333333333333333, 1.0, 22.0, 1.7714285714285714, 2.0, 1.0909090909090908, 2.5555555555555554, 1.064516129032258, 2.0, 1.0, 1.2345679012345678, 1.065217391304348, 1.3097345132743363, 1.0, 17.0, 1.0, 1.0, 1.0, 5.5, 1.0782828282828283, 1.1090909090909091, 1.0387697079348668, 1.012928405903159, 1.2747747747747749, 1.3333333333333333, 14.5, 1.0369264186804237, 1.146919431279621, 2.0, 1.0477223427331888, 1.0, 1.0292028413575376, 1.004355400696864, 2.0, 1.2727272727272727, 1.0584415584415585, 1.1666666666666667, 1.0291736201248531, 1.0, 25.0, 1.0296150049358341, 1.0, 1.0, 1.0570962479608483, 1.0, 1.0, 1.0, 1.25, 1.0653061224489795, 1.4318181818181819, 1.0095770151636074, 1.5, 1.1910112359550562, 1.1723518850987433, 1.0, 1.034045393858478, 1.053351890512642, 23.0, 2.0, 1.2926829268292683, 12.0, 1.0756457564575646, 1.0180995475113122, 2.0, 1.009515570934256, 1.6, 1.0, 1.3333333333333333, 2.0, 1.0601851851851851, 1.3333333333333333, 1.0, 2.0, 6.666666666666667, 4.4, 1.5454545454545454, 1.1503267973856208, 1.5, 3.5, 1.0683760683760684, 1.0445168295331162, 1.0074165636588381, 1.1192307692307693, 1.1213535589264878, 1.0627615062761506, 1.1150793650793651, 1.0, 1.0, 1.0815525512429132, 1.1036204744069913, 4.428571428571429, 1.0091991341991342, 1.3390557939914163, 1.0, 1.0823373173970783, 2.1739130434782608, 1.1142857142857143, 3.6, 1.16, 1.125, 1.4, 1.0882733347704248, 19.0, 1.64576802507837, 1.052384041518002, 1.736842105263158, 1.0, 1.0186776859504132, 1.0, 21.0, 1.0410958904109588, 2.4285714285714284, 1.0434782608695652, 20.0, 1.0, 1.0, 1.0118577075098814, 1.0, 1.1085492227979274, 1.1849710982658959, 1.0, 2.6666666666666665, 1.1571428571428573, 1.3553459119496856, 1.0, 22.0, 1.32, 1.0, 1.0277777777777777, 1.1610044313146233, 1.15625, 1.014332965821389, 1.1319444444444444, 1.55, 1.0739213665145044, 1.0, 1.0406032482598608, 1.0, 1.0, 22.0, 1.0, 3.0, 14.0, 1.0, 1.0714285714285714, 1.0, 1.0996168582375478, 1.03125, 1.0, 1.0, 2.0, 1.0, 1.0, 1.0, 1.0212765957446808, 1.1111111111111112, 6.75, 1.376, 1.5, 1.457142857142857, 1.0, 1.2826086956521738, 1.0, 1.0, 1.0, 1.0934361549497849, 1.75, 5.5, 1.0232558139534884, 1.0, 1.0, 1.0, 1.0, 17.0, 1.027579648121731, 2.0, 1.5051546391752577, 1.3636363636363635, 1.028975741239892, 25.0, 1.3333333333333333, 1.0310090237899918, 1.3333333333333333, 1.56, 1.1666666666666667, 11.0, 1.5, 1.0, 1.2091097308488612, 1.2380952380952381, 6.5, 2.0833333333333335, 1.173913043478261, 1.2222222222222223, 1.0, 1.0, 1.0, 1.2571428571428571, 1.6666666666666667, 1.0524109014675052, 1.0334608030592733, 1.0, 1.0, 1.0, 1.1289198606271778, 1.0313172621609987, 1.0838323353293413, 1.0, 1.1085578446909667, 1.0359856057576968, 1.5, 1.0588235294117647, 1.0854037267080745, 1.0, 1.9130434782608696, 1.0, 1.0616740088105727, 1.0, 1.1151079136690647, 1.1071428571428572, 1.1935483870967742, 1.3648068669527897, 1.6666666666666667, 1.0, 1.364864864864865, 1.2, 23.0, 3.0, 2.0, 1.213740458015267, 1.0, 1.0850439882697946, 1.0, 1.123456790123457, 2.0, 1.2758620689655173, 1.1090909090909091, 1.173913043478261, 1.7142857142857142, 1.0077519379844961, 1.1891891891891893, 1.9333333333333333, 1.1330049261083743, 19.0, 1.0, 1.0, 1.625, 21.0, 1.0487394957983194, 1.6666666666666667, 1.0, 2.0555555555555554, 1.041782729805014, 1.057915057915058, 1.065217391304348, 1.0, 1.136150234741784, 1.0434782608695652, 1.3870967741935485, 1.0, 1.6785714285714286, 1.1392156862745098, 1.1538461538461537, 1.2666666666666666, 11.0, 1.1875, 1.0, 1.0769230769230769, 1.039116262223832, 1.0, 2.375, 1.2608695652173914, 9.0, 1.0, 1.0769230769230769, 1.069767441860465, 25.0, 1.0, 1.1538461538461537, 1.039877300613497, 1.2075471698113207, 1.0833333333333333, 2.0, 1.1538461538461537, 1.0223463687150838, 1.3076923076923077, 1.3416149068322982, 1.0275282526803824, 1.0310850439882697, 1.6785714285714286, 1.0, 1.0, 1.1119711042311662, 1.6666666666666667, 1.0212014134275618, 18.0, 1.0, 1.060790273556231, 1.0, 1.2678571428571428, 1.0787836092520842, 5.333333333333333, 1.3461538461538463, 1.084033613445378, 1.2450704225352112, 1.0506329113924051, 2.0, 1.1020408163265305, 1.2148760330578512, 1.1869918699186992, 1.0, 1.1774193548387097, 1.0258302583025831, 1.0486111111111112, 1.005214126807564, 12.0, 1.043200486766048, 1.0, 22.0, 1.0679190751445087, 1.5714285714285714, 1.097457627118644, 1.2266666666666666, 1.0591861898890258, 1.1246612466124661, 1.53125, 1.0118733509234827, 1.0863157894736841, 9.333333333333334, 1.1808510638297873, 1.5555555555555556, 2.0, 26.0, 1.0, 1.0133404482390609, 1.1367521367521367, 1.0, 1.0390794615718628, 13.5, 1.1527408195848856, 1.0204081632653061, 2.0, 1.0913621262458473, 1.4, 21.0, 1.0, 1.1, 1.0333043730089777, 1.1873935264054514, 22.0, 1.0, 1.5903614457831325, 1.8, 1.0, 1.2173913043478262, 1.1393393393393394, 19.0, 1.5542168674698795, 1.1907894736842106, 1.125, 1.0, 1.041954590325765, 28.0, 1.2857142857142858, 1.0, 1.2530120481927711, 1.0, 1.0145593869731802, 1.0, 1.0578006367866766, 1.0705128205128205, 1.5, 1.175233644859813, 1.1655076495132128, 1.1121423047177108, 1.2038216560509554, 1.631578947368421, 1.4285714285714286, 1.022198448783097, 1.007587253414264, 2.0, 1.0, 1.0, 1.0230263157894737, 1.0705596107055961, 1.0, 1.058139534883721, 1.5666666666666667, 1.0011918951132301, 1.034920634920635, 1.0, 1.0276618576368188, 4.0, 1.0625, 1.0593607305936072, 1.3, 1.006859382655561, 1.1666666666666667, 1.0, 1.0766806722689075, 1.0, 1.0267175572519085, 1.40625, 1.875, 1.0285714285714285, 1.2592592592592593, 1.25, 1.0, 1.087719298245614, 25.0, 1.3707865168539326, 1.2727272727272727, 1.2035398230088497, 1.0536044362292052, 1.0, 1.25, 1.0, 16.0, 1.0, 1.1071713147410358, 1.0972375690607734, 1.12012012012012, 1.0, 1.0, 1.3571428571428572, 1.0636451301832208, 1.1411764705882352, 1.3528505392912173, 1.2666666666666666, 1.0246219861054353, 1.0590426522629912, 2.0, 1.1105815061963775, 1.02, 1.0, 1.0, 1.0, 1.0996784565916398, 1.1986577181208053, 1.0, 1.0, 1.575, 1.0, 1.5185185185185186, 1.0, 1.4, 1.6444444444444444, 1.1666666666666667, 1.0240898105558587, 1.126984126984127, 1.0, 2.5, 1.356164383561644, 1.0344827586206897, 1.1132376395534291, 1.0374331550802138, 1.0675821217016694, 1.0, 1.0, 2.0, 1.433264887063655, 1.0199833472106579, 1.2464028776978417, 1.009583802024747, 1.1374045801526718, 1.0, 1.2597402597402598, 1.0, 1.5, 21.0, 1.0, 1.5, 1.2474226804123711, 20.0, 1.0666666666666667]
origin-census_12.27 	max: 32.0000	99th: 25.0000	95th: 11.0500	median: 1.1088	mean: 2.4188

...Done, result: results.csv

WORKLOAD-FINISHED | Type: QueryWorkload | Progress: 3/3 | Workload-time: 89.323929 | Model-update-time: 0.000000


Experiment Summary: #data-update-times=1, #drift=1 | total-time=181.624274