Input arguments = Namespace(data_update='sample', update_size=8000, dataset='census', debug=False, drift_test='js', model_update='adapt', model='naru', end2end=False, query_seed=0, random_seed=42, num_workload=3)
JSON-passed parameters = {'data_updater': {'skew_ratio': '1e-2'}, 'random_seed': 78, 'naru': {'epochs': 0}}
MODEL-PATH=/home/kangping/code_copy/SAUCE/models/end2end/naru/origin-census-22.5MB-model27.255-data14.989-300epochs-seed0.pt
DATASET-PATH=/home/kangping/code_copy/SAUCE/data/census/end2end/census_int.npy
Workloads: ['QueryWorkload', 'DataUpdateWorkload', 'QueryWorkload']

WORKLOAD-START | Type: QueryWorkload | Progress: 1/3
Going to run: ['python', '/home/kangping/code_copy/SAUCE/Naru/eval_model.py', '--dataset=census', '--model=naru', '--query_seed=0', '--end2end', '--eval_type=first_estimate', '--num_workload=3', '--data_update=sample', '--model_update=adapt', '--random_seed=42']
Torch device: cuda:1
GET-MODEL-PATH=./models/end2end/naru/origin-census-22.5MB-model27.255-data14.989-300epochs-seed0.pt
ckpts [PosixPath('/home/kangping/code_copy/SAUCE/models/end2end/naru/origin-census-22.5MB-model27.255-data14.989-300epochs-seed0.pt')]
Validate Argument: DATASET="census" is valid.
load_csv_dataset - census (32561, 13)
Parsing... done, took 0.0s
Loading ckpt: /home/kangping/code_copy/SAUCE/models/end2end/naru/origin-census-22.5MB-model27.255-data14.989-300epochs-seed0.pt
query_seed:0
origin-census_12.27 	max: 4.0000	99th: 3.0000	95th: 2.0000	median: 1.0436	mean: 1.2000
ReportEsts: [1.0, 1.1531853972798856, 1.1901408450704225, 2.0, 1.0, 1.0987124463519313, 1.0, 1.2142857142857142, 1.0, 1.0, 1.0, 1.1700680272108843, 2.142857142857143, 1.1369863013698631, 1.3630136986301369, 1.0, 1.028301886792453, 1.0, 1.0, 1.0, 3.0, 2.0, 1.302504816955684, 2.5, 1.0063291139240507, 1.2, 1.0, 1.0186016677357281, 1.0, 1.0392664001881025, 1.0156821745948772, 1.3513513513513513, 1.1090909090909091, 1.1111111111111112, 1.0, 1.1428571428571428, 1.5, 1.0208333333333333, 1.0, 1.0021774632553075, 1.0, 1.0, 1.0, 1.0, 1.08, 1.1333333333333333, 1.0, 1.0039334341906203, 1.0, 4.0, 1.0, 1.2727272727272727, 1.0, 1.0434782608695652, 1.0642201834862386, 2.0, 1.0432098765432098, 1.75, 1.0309597523219813, 1.0063694267515924, 1.053191489361702, 1.0909090909090908, 1.1730769230769231, 1.2307692307692308, 1.0, 1.0, 1.0, 1.0187121629058888, 1.0, 1.1666666666666667, 1.4285714285714286, 1.2941176470588236, 1.6666666666666667, 1.0, 1.0226023213194868, 1.0, 1.0, 1.3333333333333333, 2.0, 1.0, 1.0, 1.0, 1.0, 1.3333333333333333, 1.311926605504587, 1.0714285714285714, 1.0, 1.1219512195121952, 1.0093693693693693, 1.0, 1.04, 1.0, 1.032258064516129, 2.0, 1.0784313725490196, 1.5, 1.076662908680947, 1.0, 1.6363636363636365, 1.5, 1.0, 1.0, 1.0, 1.0, 1.0, 1.09375, 1.0, 1.1481481481481481, 1.1375358166189111, 1.0, 1.5217391304347827, 1.0, 1.2391304347826086, 1.2222222222222223, 1.5454545454545454, 1.0, 3.0, 1.103448275862069, 3.0, 1.022099447513812, 2.0, 1.1552, 1.0360360360360361, 1.25, 1.000706963591375, 1.0666666666666667, 1.0135427952329361, 1.077822208551215, 1.1818181818181819, 1.1255605381165918, 1.0, 1.0169189670525378, 1.0, 1.0, 2.0, 1.0, 1.127462340672074, 1.0, 1.0, 1.4444444444444444, 1.0, 2.1875, 1.0, 1.0, 2.0, 1.0, 1.0, 1.1818181818181819, 1.0329551593733117, 1.2079207920792079, 1.0, 1.2, 2.0, 1.0, 1.0, 1.5, 1.5, 1.0, 1.5, 1.3333333333333333, 1.12, 1.5, 1.4444444444444444, 1.0769230769230769, 1.1275167785234899, 1.0236686390532543, 1.0058479532163742, 1.0046691720760734, 1.0181718061674008, 1.1727748691099475, 1.0263013698630137, 1.2, 1.0, 1.0, 1.6470588235294117, 1.4864864864864864, 1.5, 1.076222435282838, 1.1171925305859627, 1.0515463917525774, 1.0, 1.248, 1.065217391304348, 1.1016949152542372, 1.263157894736842, 1.0140669737333499, 1.5, 1.0, 1.1130136986301369, 1.0482315112540193, 1.4157303370786516, 1.0588235294117647, 1.0322659496455635, 1.0, 1.1, 1.1111111111111112, 1.0633840644583705, 1.0, 1.0357142857142858, 1.0057142857142858, 1.0, 1.0625, 1.3495145631067962, 1.0666666666666667, 2.0, 1.5555555555555556, 1.0, 1.0090845562543675, 3.0, 1.0, 1.0096385542168675, 1.1030927835051547, 1.1538461538461537, 2.1666666666666665, 1.0, 1.0714285714285714, 1.1153846153846154, 1.0784550392275196, 1.138728323699422, 1.2876712328767124, 1.0, 1.2857142857142858, 1.019448946515397, 1.4054054054054055, 2.0, 1.2249443207126949, 1.0, 1.0, 1.0, 1.0, 1.0, 1.368421052631579, 1.2, 1.107843137254902, 1.0, 1.0, 1.0, 1.4, 1.1055776892430278, 1.0, 1.0, 1.0690690690690692, 2.0, 1.0, 1.0, 1.25, 1.5263157894736843, 1.0, 1.0, 1.0212765957446808, 1.0, 1.0123456790123457, 1.3453237410071943, 1.3333333333333333, 1.0, 1.0, 2.5, 1.0391304347826087, 1.7333333333333334, 1.0171969045571798, 1.0, 1.0, 1.4444444444444444, 1.0571428571428572, 1.3333333333333333, 1.0, 1.4545454545454546, 1.005, 2.0, 1.0714285714285714, 1.0294117647058822, 1.0, 1.0, 2.0, 1.0207087959009393, 1.0727969348659003, 1.0, 1.0, 1.0, 1.0, 1.8181818181818181, 1.3170731707317074, 1.0193050193050193, 1.25, 1.0511363636363635, 1.0, 1.058659217877095, 1.5, 1.0256410256410255, 1.0, 1.1538461538461537, 1.0028158438145298, 1.5, 1.0022099447513813, 1.1101694915254237, 1.0, 1.0, 1.0384615384615385, 1.0556376169374693, 1.14, 1.2222222222222223, 2.0, 1.0, 1.0677966101694916, 1.0518518518518518, 1.0393081761006289, 2.0, 1.107033639143731, 1.4, 1.0, 1.0, 1.0, 1.0, 1.065, 1.0, 1.0, 1.0, 1.019036954087346, 1.0, 1.0146505899131337, 1.0, 1.0030257186081695, 1.1578947368421053, 1.0, 1.069119286510591, 1.2727272727272727, 1.0, 1.0393184796854522, 1.0, 1.1115184845707302, 1.0, 1.2054545454545456, 1.0, 1.0109082285985298, 1.0, 1.0, 2.0, 2.0, 3.0, 1.2212389380530972, 1.105263157894737, 1.0769230769230769, 1.0, 1.0333333333333334, 1.0392156862745099, 3.0, 1.0, 1.0, 1.5, 1.0, 1.0, 1.6666666666666667, 1.3636363636363635, 1.0, 1.1, 1.0228350606007377, 1.263157894736842, 1.0, 1.0, 1.0, 1.0055944055944055, 1.3333333333333333, 1.0, 1.163265306122449, 1.0, 1.375, 1.0, 1.0673352435530086, 1.1326530612244898, 1.0, 1.169811320754717, 1.3333333333333333, 1.0, 1.0, 3.0, 1.0, 1.0, 1.2, 1.0212765957446808, 1.1538461538461537, 1.305732484076433, 1.0, 1.198019801980198, 1.1428571428571428, 1.0, 1.0, 1.0, 1.0, 1.0, 1.0, 2.0, 1.4645892351274787, 1.0, 1.0, 1.625, 1.6153846153846154, 1.1354166666666667, 1.5116279069767442, 1.0, 1.0, 1.1764705882352942, 1.0952380952380953, 1.0, 1.0208333333333333, 1.1746031746031746, 1.0, 1.0051840331778124, 1.074766355140187, 1.04, 1.0714285714285714, 1.4, 1.0, 1.0, 1.125, 1.25, 1.2574257425742574, 1.3181818181818181, 4.0, 1.3333333333333333, 1.0512820512820513, 1.55, 1.0, 1.0002084636230977, 1.0, 1.3, 1.0680672268907563, 1.125, 1.2142857142857142, 1.0, 1.1566265060240963, 1.0, 1.0, 1.0074074074074073, 1.0, 1.0076923076923077, 1.0, 1.0646651270207852, 1.0, 1.0310734463276836, 1.0, 1.5, 1.0833333333333333, 1.0, 1.0, 2.0, 1.2820512820512822, 1.0, 1.0, 1.2023809523809523, 1.091743119266055, 1.0206106870229008, 1.1666666666666667, 1.2608695652173914, 1.0, 1.0625, 1.4907407407407407, 1.0, 1.0148565573770492, 1.0004868549172348, 1.0, 1.0213371266002844, 1.0909090909090908, 1.0, 1.105263157894737, 2.0, 1.0888888888888888, 1.0, 1.0, 1.0122797650827549, 1.1865079365079365, 1.0545454545454545, 1.0, 1.0, 1.5, 1.1123595505617978, 1.065217391304348, 1.048951048951049, 1.0387596899224807, 1.0, 2.0, 1.0, 1.4285714285714286, 1.3073170731707318, 1.0, 1.0, 1.0, 1.0, 1.0202702702702702, 1.0, 1.0, 1.0, 1.0, 1.6808510638297873, 1.0, 1.1538461538461537, 1.0, 2.090909090909091, 1.1899736147757256, 1.0044477390659747, 1.4722222222222223, 1.0, 2.0, 1.0434782608695652, 1.2857142857142858, 1.0, 1.0608634111818824, 1.1543478260869566, 1.2857142857142858, 1.0, 1.0502692998204668, 1.0, 1.0, 1.0117454247473368, 1.0224719101123596, 1.04, 1.046875, 1.0223978919631094, 1.5714285714285714, 2.0, 1.0147058823529411, 1.0129310344827587, 1.0336700336700337, 1.0, 1.225, 1.1818181818181819, 1.2016460905349795, 1.2, 3.0, 1.1820873427091043, 1.0138662316476346, 1.0, 1.3163636363636364, 2.5, 1.0204081632653061, 1.375, 1.0002560600887676, 1.1016949152542372, 1.0, 1.5, 1.0, 1.21875, 1.0, 1.0429799426934097, 1.1696284329563813, 1.047909563969137, 1.006051437216339, 1.0579710144927537, 1.0, 1.015843429636533, 2.0, 1.2083333333333333, 1.0, 1.3175675675675675, 1.0, 1.0, 2.0, 2.0, 2.0, 1.1111111111111112, 2.0, 1.0649350649350648, 1.0, 1.2727272727272727, 1.0409019402202413, 1.0369540873460246, 1.109375, 1.06, 1.0618556701030928, 1.0, 1.0, 1.0, 1.0, 1.003125, 1.1666666666666667, 1.051829834664685, 1.3333333333333333, 2.0, 1.2702702702702702, 1.0153846153846153, 1.1686274509803922, 1.0, 1.1384083044982698, 1.0, 1.4545454545454546, 1.1428571428571428, 1.2, 1.5, 1.0625, 2.6666666666666665, 1.0, 1.0, 2.0, 1.0, 1.0370060980703366, 1.0410615923885829, 1.0, 1.1875, 1.0909090909090908, 1.0833333333333333, 1.0056925996204933, 1.0, 1.1357615894039734, 1.6, 1.0705882352941176, 2.0, 1.0, 1.040909090909091, 1.0, 1.0, 1.0, 1.0208413739868776, 1.4778761061946903, 1.1176470588235294, 1.037037037037037, 1.0291616038882139, 2.0, 1.6666666666666667, 1.0, 1.2272727272727273, 2.0, 1.0206540447504302, 1.0, 1.0166666666666666, 1.0663764961915125, 1.5384615384615385, 1.0, 1.0326086956521738, 1.0, 1.0, 1.0145474137931034, 1.0, 1.0619469026548674, 1.1111111111111112, 1.2, 1.0052648897663705, 1.0, 1.3333333333333333, 1.1310975609756098, 1.0379746835443038, 1.0098601238248108, 1.0, 1.0188284518828452, 1.25, 1.01889338731444, 1.0, 1.0, 1.4615384615384615, 1.125, 1.0689655172413792, 1.1655629139072847, 1.0046171604463254, 1.0439024390243903, 1.2328767123287672, 1.0919540229885059, 1.5555555555555556, 1.0, 1.163265306122449, 1.0418848167539267, 1.0666666666666667, 1.0, 1.3, 1.15, 1.0, 1.0, 1.8571428571428572, 1.0, 1.0476190476190477, 1.0087209302325582, 1.0, 1.0423728813559323, 1.5, 1.0, 1.0, 1.0, 1.3061224489795917, 1.0130434782608695, 1.0793650793650793, 1.7407407407407407, 1.0, 1.0, 1.0896860986547086, 1.043630017452007, 1.0, 1.0, 1.0, 1.1557788944723617, 1.1428571428571428, 1.0, 3.0, 1.0142628438364139, 1.263157894736842, 1.0, 1.0, 1.087962962962963, 1.25, 1.3125, 1.0776699029126213, 1.9090909090909092, 1.305084745762712, 1.0, 1.0, 1.0, 1.6491228070175439, 1.0, 1.0368054568708256, 1.1134020618556701, 1.0206896551724138, 1.0, 1.0375722543352601, 1.0065731814198071, 1.4285714285714286, 1.063157894736842, 1.0, 1.0, 1.0166517989889978, 2.0, 1.1168831168831168, 1.875, 1.141304347826087, 1.0, 1.3333333333333333, 1.00375234521576, 2.0, 1.0, 1.3333333333333333, 1.6666666666666667, 1.0281899109792285, 1.4031007751937985, 1.1428571428571428, 1.0814814814814815, 1.0317460317460319, 1.6666666666666667, 1.2, 1.0454545454545454, 1.0, 1.0, 1.0, 1.0571428571428572, 1.0766169154228855, 1.0, 1.2, 2.0, 1.0, 1.0, 1.0, 1.0705882352941176, 1.033017028467438, 1.0076045627376427, 1.0, 1.1330049261083743, 1.0211466165413534, 3.0, 1.2142857142857142, 1.0216606498194947, 1.0, 1.75, 1.0, 1.1345029239766082, 1.1843971631205674, 1.060377358490566, 1.0074377091855709, 1.0071428571428571, 1.3394495412844036, 1.0, 1.1948955916473318, 1.0507246376811594, 1.5, 1.0047169811320755, 1.001156069364162, 1.0, 1.0, 1.0, 1.032151991231275, 1.0146341463414634, 1.0166666666666666, 1.2222222222222223, 1.2833333333333334, 2.0, 1.0792079207920793, 1.5, 1.0, 1.0625, 1.0769230769230769, 1.1125, 1.0, 1.4285714285714286, 1.0026949637864242, 1.0176211453744493, 1.0, 1.0, 1.0367830926837138, 1.0, 1.1176470588235294, 1.0, 1.0409556313993173, 1.0, 1.0, 1.1666666666666667, 1.0, 1.0693815987933635, 1.0, 1.0, 1.3333333333333333, 1.076271186440678, 1.0355642677121255, 1.38, 1.0344827586206897, 1.7941176470588236, 1.0419501133786848, 1.041363051864552, 1.0, 1.3106060606060606, 1.0, 1.3142857142857143, 1.0571428571428572, 1.5, 1.0, 1.0, 1.09375, 1.204054054054054, 1.0, 1.0, 1.0, 1.25, 1.2816901408450705, 1.0909090909090908, 1.1118012422360248, 1.0158730158730158, 1.0150375939849625, 1.1597938144329898, 1.086092715231788, 1.0408376963350785, 1.0681818181818181, 1.2380952380952381, 1.0, 1.7692307692307692, 1.4242424242424243, 1.0952380952380953, 1.0352422907488987, 1.0, 1.3636363636363635, 1.0452332657200811, 1.3440860215053763, 1.0098384728340675, 1.0, 2.0, 1.0642828973314054, 1.0, 1.0, 1.0, 1.0, 1.6666666666666667, 1.0, 1.3170731707317074, 1.0454545454545454, 1.0, 1.0, 1.0415584415584416, 1.14748660372544, 1.025706940874036, 1.0, 1.1625, 1.0071428571428571, 1.0395738203957383, 1.0, 1.1556962025316455, 1.0, 1.0538775510204081, 1.0470219435736676, 1.0833333333333333, 1.0317220543806647, 1.0871670702179177, 3.0, 1.2702702702702702, 1.2592592592592593, 2.0, 2.142857142857143, 1.0, 1.1333333333333333, 1.054054054054054, 1.0, 2.0, 3.0, 2.0, 3.0, 1.0054988216810683, 1.3725490196078431, 1.75, 1.1818181818181819, 1.2, 1.0, 1.2061068702290076, 1.0032796660703638, 1.1317743132887899, 1.006031363088058, 1.6666666666666667, 1.6, 3.0, 1.0, 1.0, 1.1956521739130435, 1.022047244094488, 1.0, 1.1952277657266812, 1.0, 1.2439024390243902, 1.1395348837209303, 1.0, 1.351063829787234, 1.1444991789819376, 1.0476190476190477, 1.1797752808988764, 1.2857142857142858, 1.1960461285008237, 1.1491228070175439, 1.5, 1.0, 1.0236842105263158, 1.5, 1.0, 1.0, 1.0, 1.1551515151515153, 1.016531094200997, 1.0, 1.0537412153782555, 1.3333333333333333, 1.1794871794871795, 1.0714285714285714, 1.0, 2.0, 1.0431077694235589, 1.186206896551724, 1.00161377084454, 1.0943231441048036, 1.14, 1.0, 1.0, 1.0097087378640777, 1.0, 1.05, 1.112739571589628, 1.2610294117647058, 1.0, 1.0, 1.1317073170731706, 1.6666666666666667, 1.0, 1.0, 1.0231365053817523, 1.0, 1.0, 2.0, 1.0, 1.0, 1.0263157894736843, 1.1818181818181819, 1.2857142857142858, 1.03768115942029, 1.5, 1.1818181818181819, 1.0, 1.0, 1.0, 1.009585376727597, 1.0716934487021013, 1.0775047258979207, 1.3333333333333333, 1.0, 1.1814285714285715, 2.0, 1.0869565217391304, 1.4763779527559056, 1.5833333333333333, 1.027076809725548, 1.024364955935718, 1.4666666666666666, 1.0, 1.5, 1.0, 1.2603550295857988, 1.0, 1.0292619594527115, 1.1974293059125964, 1.2, 1.0, 1.2633928571428572, 1.0, 1.3333333333333333, 1.0, 1.3333333333333333, 1.4, 1.0, 2.5, 1.0136208853575484, 1.0, 1.0, 1.1, 1.2, 1.079150579150579]
origin-census_12.27 	max: 4.0000	99th: 3.0000	95th: 2.0000	median: 1.0436	mean: 1.2000

...Done, result: results.csv

WORKLOAD-FINISHED | Type: QueryWorkload | Progress: 1/3 | Workload-time: 84.567372 | Model-update-time: 0.000000


WORKLOAD-START | Type: DataUpdateWorkload | Progress: 2/3
Going to run: ['python', '/home/kangping/code_copy/SAUCE/Naru/eval_model.py', '--model=naru', '--data_update=sample', '--dataset=census', '--drift_test=js', '--end2end', '--update_size=8000', '--query_seed=0', '--eval_type=drift']
Torch device: cuda:1
GET-MODEL-PATH=./models/end2end/naru/origin-census-22.5MB-model27.255-data14.989-300epochs-seed0.pt
GET-DATASET-PATH=./data/census/end2end/census_int.npy
Sample - START
Sample - END
load_npy_dataset_from_path - df.shape = (39073, 13)
Parsing... done, took 0.0s
Data updated!
Previous data size: (32561, 13), new data size: (6512, 13)
[2.5629997e-06 8.9406967e-07 7.0333481e-06 1.2516975e-06 1.1324883e-06
 1.4305115e-06 1.1742115e-05 1.8060207e-05 5.2452087e-06 9.4032288e-04
 8.5949898e-05 4.8875809e-06 4.1127205e-06]
Distance score: 8.343275112565607e-05
SAUCE Drift detection: False
Detection latency: 0.0037s

WORKLOAD-FINISHED | Type: DataUpdateWorkload | Progress: 2/3 | Workload-time: 1.941351 | Model-update-time: 0.000000


WORKLOAD-START | Type: QueryWorkload | Progress: 3/3
Going to run: ['python', '/home/kangping/code_copy/SAUCE/Naru/eval_model.py', '--dataset=census', '--model=naru', '--end2end', '--query_seed=0', '--eval_type=estimate', '--num_workload=3', '--data_update=sample', '--model_update=adapt', '--random_seed=42']
Torch device: cuda:1
GET-MODEL-PATH=./models/end2end/naru/origin-census-22.5MB-model27.255-data14.989-300epochs-seed0.pt
ckpts [PosixPath('/home/kangping/code_copy/SAUCE/models/end2end/naru/origin-census-22.5MB-model27.255-data14.989-300epochs-seed0.pt')]
Validate Argument: DATASET="census" is valid.
data size: 39073, total size: 39073, split index: [32560 39073]
Parsing... done, took 0.0s
Loading ckpt: /home/kangping/code_copy/SAUCE/models/end2end/naru/origin-census-22.5MB-model27.255-data14.989-300epochs-seed0.pt
query_seed:0
origin-census_12.27 	max: 5.0000	99th: 3.0000	95th: 2.1180	median: 1.0830	mean: 1.3161
ReportEsts: [1.303370786516854, 1.0, 1.1764705882352942, 1.0, 1.3333333333333333, 1.0858895705521472, 1.0140350877192983, 1.3478260869565217, 1.0, 1.0, 1.0401129943502825, 1.1965317919075145, 1.2857142857142858, 1.111392405063291, 1.1587301587301588, 1.0810531750129067, 1.052064631956912, 1.0847457627118644, 1.0, 2.0, 1.5735294117647058, 1.2380952380952381, 1.0, 1.1666666666666667, 1.0, 1.5, 1.0069950451763334, 1.406926406926407, 1.1111111111111112, 1.039625219597892, 1.0150622134905043, 1.297872340425532, 1.0136533803127064, 1.0378619153674833, 1.2142857142857142, 1.0692640692640694, 1.0, 1.0, 1.25, 1.0277777777777777, 1.048, 1.0, 2.0, 1.091300779647107, 1.0, 1.3333333333333333, 1.0, 1.48, 1.0, 1.0, 1.0048685491723466, 1.1153846153846154, 1.0, 1.8235294117647058, 1.0265095729013254, 1.060200668896321, 1.2, 1.0267927501970056, 1.2115384615384615, 1.5, 1.238341968911917, 1.0555555555555556, 1.0085836909871244, 1.1428571428571428, 1.0204081632653061, 1.0874790661018618, 1.0018975332068312, 1.0681533450263092, 1.0256410256410255, 1.3076923076923077, 1.0984147952443857, 1.3275862068965518, 1.6666666666666667, 1.0342710997442455, 1.0155142436806206, 1.6666666666666667, 1.25, 3.0, 1.007226738934056, 1.4, 2.0, 1.0, 1.0, 4.0, 1.0085995085995085, 1.0, 1.0204081632653061, 2.0, 2.0, 1.0502283105022832, 1.0, 2.0, 1.016778523489933, 1.0, 1.0535714285714286, 1.2941176470588236, 3.0, 2.0, 1.034013605442177, 1.8, 1.175, 1.1746031746031746, 2.0, 1.3157894736842106, 1.4, 1.2028571428571428, 1.1724137931034482, 1.3333333333333333, 1.0133828996282528, 2.0, 1.0, 1.1772151898734178, 3.0, 1.1894736842105262, 1.0, 1.0, 1.0104166666666667, 1.0, 1.0, 1.0, 1.0, 1.0, 3.0, 1.1379310344827587, 1.0222222222222221, 1.0, 1.4281045751633987, 1.2454873646209386, 1.0353982300884956, 1.0, 2.3125, 1.007327001356852, 1.0355603448275863, 1.0, 1.0833333333333333, 1.127147766323024, 1.0, 1.006993006993007, 3.0, 1.0, 1.0, 2.0, 1.0, 2.0434782608695654, 1.0, 1.0, 1.033111836918572, 1.0790568654646324, 1.0, 1.0014388489208632, 1.1316281971303805, 1.0, 1.0102606766500277, 1.0, 1.0, 1.1421052631578947, 1.0297029702970297, 1.0, 1.0, 1.0049570389953735, 1.6, 1.1020408163265305, 1.2556053811659194, 1.013157894736842, 1.0, 1.0726970033296337, 1.0495575221238937, 2.0, 1.0666666666666667, 1.0555555555555556, 1.0166213357509821, 1.2361111111111112, 1.0083698171516868, 1.1142410015649453, 1.1742424242424243, 1.1701782820097244, 1.0, 1.0, 1.0, 2.0, 1.6666666666666667, 1.0, 1.0410958904109588, 1.1634615384615385, 1.0, 1.0578512396694215, 2.125, 1.375, 1.0, 1.5, 1.0, 1.0238095238095237, 2.0, 1.0, 1.0, 1.0310401161735343, 1.035294117647059, 1.0740740740740742, 1.0, 1.0491803278688525, 1.0277777777777777, 1.0, 1.1131578947368421, 1.0603174603174603, 1.2307692307692308, 1.5806451612903225, 2.0, 1.25, 2.0, 2.5, 2.0, 1.1818181818181819, 1.0065965132715564, 1.5, 2.0, 1.0531400966183575, 1.175257731958763, 1.0, 1.005466778805719, 1.1428571428571428, 1.2875816993464053, 1.0167023871110783, 1.0, 3.0, 1.20625, 1.0619469026548674, 1.1304347826086956, 1.3888888888888888, 1.130820399113082, 1.0441176470588236, 2.0, 1.0097517730496455, 2.0, 1.0246930706804467, 2.0, 1.0, 1.2577319587628866, 2.0, 1.8333333333333333, 1.0354497354497354, 1.074766355140187, 1.0, 1.2777777777777777, 1.0, 1.2701754385964912, 1.0266666666666666, 1.0, 1.0, 1.0537720706260032, 1.0142954390742, 1.0218978102189782, 1.25, 1.0571428571428572, 1.2758620689655173, 2.0, 2.0, 1.0188053097345133, 1.0548446069469835, 1.6666666666666667, 1.1041931385006354, 1.007728894173603, 1.0, 1.25, 1.3076923076923077, 1.0121951219512195, 2.0, 1.0494505494505495, 1.0, 1.631578947368421, 1.0, 1.0168674698795181, 1.0, 1.3125, 2.0, 1.0401861252115059, 1.5, 1.2547169811320755, 1.26, 1.0327868852459017, 1.75, 1.0530410183875532, 1.0, 1.6666666666666667, 1.0, 1.0714285714285714, 1.125, 1.0, 1.0, 1.006993006993007, 2.0, 1.0, 1.0, 1.1666666666666667, 1.157580919931857, 1.25, 1.0511627906976744, 1.0357142857142858, 1.4375, 1.0555555555555556, 1.0568181818181819, 1.127659574468085, 1.0, 2.0, 1.0529438612505706, 1.0, 1.0, 1.4375, 1.0, 1.0, 1.0, 1.039625219597892, 1.1446078431372548, 1.2193548387096773, 1.057199211045365, 1.4666666666666666, 2.0, 2.0, 1.4166666666666667, 2.0, 2.0, 1.0, 1.027650772915306, 1.0, 1.0621511922881786, 1.6, 1.0, 1.1114580831131395, 1.0327868852459017, 1.0, 2.0, 2.0, 1.3333333333333333, 3.0, 1.0981366459627329, 1.0, 1.0702947845804989, 1.0, 2.2, 1.0, 1.4, 1.0, 1.1666666666666667, 1.0, 1.0, 1.0, 1.2926829268292683, 1.0434782608695652, 1.1666666666666667, 1.0582362728785357, 2.0, 2.0, 2.3333333333333335, 1.1333333333333333, 2.0, 1.6666666666666667, 1.0740740740740742, 1.0, 1.12, 1.8333333333333333, 1.1311475409836065, 1.0, 1.1284713210485335, 1.103611604499704, 1.2173913043478262, 1.0199296600234466, 1.0, 2.0, 1.0, 1.0, 1.1590909090909092, 1.0163934426229508, 1.1914893617021276, 1.1660405709992487, 1.0, 1.180327868852459, 1.2133333333333334, 1.0, 1.0267857142857142, 1.0, 1.0, 1.0, 1.1153846153846154, 2.0, 1.4441805225653206, 1.0, 2.0, 1.6, 1.3076923076923077, 1.1531531531531531, 2.5, 1.0, 1.0, 1.2311320754716981, 2.0, 1.0, 1.038329416018803, 1.5, 1.0700447093889718, 1.1446280991735538, 1.6666666666666667, 3.0, 1.6304347826086956, 1.033415406260992, 2.5, 1.0416666666666667, 1.0, 1.1357664233576643, 1.131578947368421, 1.2941176470588236, 1.0827205882352942, 1.46875, 2.0, 1.0, 2.0, 1.1666666666666667, 1.3, 1.0120481927710843, 1.0922619047619047, 1.0401322001888573, 2.0, 1.2, 1.0, 1.3333333333333333, 1.1379310344827587, 1.3703703703703705, 1.1777777777777778, 2.0, 1.0427272727272727, 2.0, 2.0, 2.0, 2.0, 1.0333333333333334, 1.0, 1.0, 2.0, 1.0391038696537678, 1.0, 1.0384429983128465, 2.0, 2.5, 1.5, 1.1398078975453576, 1.0, 1.0555555555555556, 1.4573643410852712, 2.1176470588235294, 1.0, 1.0, 1.0, 1.0, 5.0, 1.0526315789473684, 1.0388349514563107, 1.0928899082568808, 1.2857142857142858, 1.026985051446321, 2.0, 1.029535864978903, 1.0, 1.0793650793650793, 3.0, 1.118421052631579, 1.0, 1.150105708245243, 1.0, 2.0, 1.1447811447811447, 1.12, 1.0163284717818644, 1.4, 1.0316191799861014, 1.0139720558882235, 2.0, 1.0, 1.0061855670103093, 1.4244186046511629, 1.0, 1.0, 1.127906976744186, 1.0, 1.5, 1.1427801724137931, 1.1, 1.0, 1.0175276752767528, 1.5, 1.1176470588235294, 1.0, 1.0300075018754689, 2.0, 3.0, 1.2580645161290323, 1.2, 1.0869565217391304, 1.0, 1.25, 1.0, 1.075268817204301, 2.25, 2.0, 1.0037735849056604, 1.0529001074113855, 1.0956233909525561, 1.0533175355450237, 1.1858678955453148, 1.5, 1.625, 1.0149253731343284, 1.0576923076923077, 2.0, 1.0, 1.2, 1.0, 1.0740740740740742, 1.0, 1.0, 2.0, 1.4137931034482758, 1.0, 2.0, 1.2628865979381443, 1.184782608695652, 1.1809815950920246, 1.0, 1.0270793036750483, 1.125, 1.0, 1.2222222222222223, 2.0, 1.0, 1.1111111111111112, 1.0035211267605635, 1.5, 1.0, 1.3202614379084967, 1.058724832214765, 1.3189655172413792, 2.0, 2.2, 1.0, 2.0, 1.0, 1.5, 1.0217491901897269, 1.0200892857142858, 1.0083990837363197, 1.004973313925279, 1.1367521367521367, 1.0, 1.186046511627907, 1.0477772100153295, 1.196078431372549, 2.0, 1.0285714285714285, 1.0, 1.044971381847915, 1.0283292438099487, 3.0, 1.3636363636363635, 1.0576923076923077, 1.15, 1.0487138774214035, 2.0, 2.0, 1.1323529411764706, 1.0, 2.0, 1.0261117911056712, 1.0, 1.0, 2.0, 1.375, 1.1147540983606556, 1.0408163265306123, 1.014832162373146, 1.2380952380952381, 1.1704545454545454, 1.028423772609819, 1.0, 1.0536352800953517, 1.0191339375629407, 2.0, 4.0, 2.0, 2.0, 1.0815147625160462, 1.138755980861244, 2.0, 1.015629522431259, 1.3333333333333333, 1.0, 1.6666666666666667, 3.0, 1.0260869565217392, 1.3333333333333333, 2.0, 2.0, 1.2777777777777777, 1.055198973042362, 1.2692307692307692, 1.5, 1.0, 4.5, 1.282258064516129, 1.050258684405026, 1.0285415577626764, 1.0311926605504587, 1.0437352245862883, 1.1216216216216217, 1.0610687022900764, 1.0, 1.0, 1.0070453544693967, 1.0653846153846154, 1.8461538461538463, 1.0181359044995408, 1.2263374485596708, 1.0, 1.0238095238095237, 1.0851063829787233, 1.44, 1.25, 1.0113636363636365, 1.08, 1.0, 1.0313423385394682, 3.0, 1.3387533875338753, 1.0047929598491396, 1.28, 1.0, 1.0124122162338722, 1.0, 1.5, 1.2714285714285714, 1.1071428571428572, 1.2083333333333333, 1.3333333333333333, 1.0, 1.0, 1.0799180327868851, 1.0, 1.0287326834273987, 1.0416666666666667, 3.0, 1.7222222222222223, 1.170731707317073, 1.1777777777777778, 1.0, 2.0, 1.5714285714285714, 1.0, 1.0555555555555556, 1.0591397849462365, 1.0555555555555556, 1.6470588235294117, 1.2533333333333334, 1.3333333333333333, 1.013702460850112, 1.0, 1.0150788211103496, 1.0833333333333333, 1.0, 2.25, 1.3333333333333333, 3.0, 2.0, 1.0, 1.139240506329114, 1.0, 1.1178861788617886, 1.1652173913043478, 1.0, 1.0, 1.5, 1.0, 1.0, 1.0, 1.018450184501845, 1.2222222222222223, 1.2653061224489797, 1.031496062992126, 1.9285714285714286, 1.4, 1.0, 1.0508474576271187, 1.0, 1.0, 1.0, 1.0516598615302681, 1.4, 3.0, 1.1405873856523832, 2.0, 1.0, 1.0, 1.0, 2.0, 1.1666666666666667, 2.0, 1.0784313725490196, 1.36, 1.0299025646768956, 2.0, 2.0, 1.0132186653925785, 1.3333333333333333, 1.8524590163934427, 1.3888888888888888, 1.0769230769230769, 1.5, 1.0, 1.095330739299611, 1.0410958904109588, 1.25, 1.8888888888888888, 1.0769230769230769, 1.2727272727272727, 1.0, 1.0, 2.0, 1.0232558139534884, 2.3333333333333335, 1.1620689655172414, 1.04930966469428, 1.0, 1.0, 1.0, 1.0811688311688312, 1.0179123573941784, 1.03351042092358, 1.0, 1.0477502295684114, 1.066612510154346, 1.5, 1.1176470588235294, 1.0245022970903521, 1.0, 1.2592592592592593, 1.0, 1.021551724137931, 1.0, 1.0833333333333333, 1.0705882352941176, 1.144, 1.4317180616740088, 3.3333333333333335, 1.0, 1.671641791044776, 1.1666666666666667, 4.0, 3.0, 3.0, 1.140495867768595, 1.0113757554212583, 1.0614035087719298, 1.5, 2.0, 3.0, 1.1363636363636365, 1.1454545454545455, 1.0125, 1.3888888888888888, 3.0, 1.0731707317073171, 1.206896551724138, 1.1428571428571428, 2.0, 1.0, 2.0, 1.3333333333333333, 1.0, 1.07323350491343, 2.0, 1.0, 3.6666666666666665, 1.024171270718232, 1.0390625, 1.0687432867883995, 2.0, 1.1298076923076923, 1.173913043478261, 1.1944444444444444, 1.0, 2.1481481481481484, 1.0711678832116789, 1.1923076923076923, 1.0, 1.2941176470588236, 1.2105263157894737, 1.0, 1.1538461538461537, 1.039444850255661, 1.0, 1.0419790104947526, 1.0344827586206897, 1.0, 1.0, 1.6153846153846154, 1.1111111111111112, 2.0, 1.0, 1.5, 1.009433962264151, 1.1016949152542372, 1.0769230769230769, 3.0, 1.0547945205479452, 1.094972067039106, 3.5, 1.4189189189189189, 1.03538283062645, 1.025473933649289, 1.04, 1.0, 1.0, 1.7708333333333333, 1.6571428571428573, 1.0147058823529411, 2.0, 2.0, 1.0435294117647058, 1.0, 1.126984126984127, 1.0287064791330414, 1.1521739130434783, 1.1355932203389831, 1.0165289256198347, 1.1598837209302326, 1.073546180159635, 1.5, 2.0, 1.3666666666666667, 1.0685557586837295, 1.0, 1.056338028169014, 1.0116591928251122, 1.396551724137931, 1.0102365472402821, 2.0, 1.0952380952380953, 2.0, 3.0, 1.1165191740412979, 1.0363636363636364, 1.1159420289855073, 1.0574712643678161, 1.0035714285714286, 1.126984126984127, 1.1724137931034482, 1.0277777777777777, 1.1022494887525562, 2.4, 1.1428571428571428, 1.1764705882352942, 2.0, 1.3333333333333333, 1.0, 1.3333333333333333, 1.1297709923664123, 2.0, 1.0368997327355807, 1.0434782608695652, 1.0923884514435696, 1.183673469387755, 3.0, 1.1225806451612903, 2.4, 1.0579710144927537, 2.0, 1.2, 1.0517543859649123, 1.0740740740740742, 1.3333333333333333, 1.0, 1.2705882352941176, 1.3076923076923077, 1.0, 1.0344827586206897, 1.5, 2.0, 1.0595238095238095, 1.127388535031847, 1.375, 2.0, 1.2063053097345133, 2.0, 1.5714285714285714, 2.0, 1.0510204081632653, 1.0, 1.0325047801147227, 1.0, 1.0634573304157549, 1.037190082644628, 1.5, 1.2169811320754718, 1.0292022792022792, 1.029350104821803, 1.0614525139664805, 1.2876712328767124, 1.5714285714285714, 1.01026045777427, 1.044044044044044, 1.0, 1.0, 1.0, 1.3421052631578947, 1.004594180704441, 2.0, 1.036144578313253, 1.896551724137931, 1.0836870830806549, 1.0378548895899053, 1.0, 1.046909163188233, 3.0, 1.078048780487805, 1.018140589569161, 1.0833333333333333, 1.0345518277416124, 1.0, 1.0, 1.0126182965299684, 1.0, 1.1973094170403586, 1.2272727272727273, 2.4285714285714284, 1.2941176470588236, 1.5961538461538463, 1.0, 1.0, 1.0612244897959184, 2.0, 1.0167224080267558, 1.0769230769230769, 3.0, 1.03125, 1.0, 1.25, 1.0, 2.0, 1.0, 1.0627943485086342, 1.1364628820960698, 1.0769828926905132, 1.25, 1.0, 1.0625, 1.0963855421686748, 1.0759162303664922, 1.4460547504025765, 1.5333333333333334, 1.0011823325732625, 1.0094858660595711, 3.0, 1.1167133520074697, 1.0286919831223629, 2.0, 1.0, 1.0, 1.044871794871795, 1.1627615062761507, 1.0, 1.0, 1.3018181818181818, 1.0, 1.28, 1.0, 1.1666666666666667, 1.44, 1.3888888888888888, 1.0165526888405347, 1.0, 1.0, 1.2623224728487887, 1.0461538461538462, 1.1666666666666667, 1.04754230459307, 1.1857410881801125, 1.048296216796351, 1.0, 1.0, 2.0, 1.3441955193482689, 1.0145672664952872, 1.0815047021943573, 1.0137188971082718, 1.0222222222222221, 2.0, 1.1970649895178198, 1.0, 2.0, 1.0749128919860627, 2.0, 1.5, 1.0022929769392033, 2.0, 1.25]
origin-census_12.27 	max: 5.0000	99th: 3.0000	95th: 2.1180	median: 1.0830	mean: 1.3161

...Done, result: results.csv

WORKLOAD-FINISHED | Type: QueryWorkload | Progress: 3/3 | Workload-time: 85.194244 | Model-update-time: 0.000000


Experiment Summary: #data-update-times=1, #drift=0 | total-time=171.754283