Input arguments = Namespace(data_update='tupleskew', update_size=8000, dataset='census', debug=False, drift_test='js', model_update='adapt', model='naru', end2end=False, query_seed=0, random_seed=42, num_workload=3)
JSON-passed parameters = {'data_updater': {'skew_ratio': '1e-2'}, 'random_seed': 50, 'naru': {'epochs': 0}}
MODEL-PATH=/home/kangping/code_copy/SAUCE/models/end2end/naru/origin-census-22.5MB-model27.255-data14.989-300epochs-seed0.pt
DATASET-PATH=/home/kangping/code_copy/SAUCE/data/census/end2end/census_int.npy
Workloads: ['QueryWorkload', 'DataUpdateWorkload', 'QueryWorkload']

WORKLOAD-START | Type: QueryWorkload | Progress: 1/3
Going to run: ['python', '/home/kangping/code_copy/SAUCE/Naru/eval_model.py', '--dataset=census', '--model=naru', '--query_seed=0', '--end2end', '--eval_type=first_estimate', '--num_workload=3', '--data_update=tupleskew', '--model_update=adapt', '--random_seed=42']
Torch device: cuda:1
GET-MODEL-PATH=./models/end2end/naru/origin-census-22.5MB-model27.255-data14.989-300epochs-seed0.pt
ckpts [PosixPath('/home/kangping/code_copy/SAUCE/models/end2end/naru/origin-census-22.5MB-model27.255-data14.989-300epochs-seed0.pt')]
Validate Argument: DATASET="census" is valid.
load_csv_dataset - census (32561, 13)
Parsing... done, took 0.0s
Loading ckpt: /home/kangping/code_copy/SAUCE/models/end2end/naru/origin-census-22.5MB-model27.255-data14.989-300epochs-seed0.pt
query_seed:0
origin-census_12.27 	max: 7.0000	99th: 3.0000	95th: 2.0000	median: 1.0466	mean: 1.2134
ReportEsts: [1.0, 1.1490727532097005, 1.0845070422535212, 2.0, 1.0461538461538462, 1.0042918454935623, 1.0, 1.2142857142857142, 1.0, 1.0, 1.0, 1.183673469387755, 2.5, 1.1527777777777777, 1.2756410256410255, 1.0, 1.0954773869346734, 1.0, 1.0, 1.0, 3.0, 2.0, 1.3082851637764932, 2.5, 1.0127388535031847, 1.2, 1.0, 1.0006414368184733, 1.0, 1.0465553726781096, 1.0162049137480398, 1.3783783783783783, 1.0517241379310345, 1.1111111111111112, 1.0, 1.2410714285714286, 1.5, 1.022964509394572, 1.125, 1.0617070357554788, 1.0, 1.0, 1.0, 1.0, 1.08, 1.108695652173913, 1.0, 1.0003026634382566, 1.0, 4.0, 1.0, 1.2727272727272727, 1.0, 1.125, 1.0963302752293578, 1.0, 1.0123456790123457, 1.4, 1.0027603513174403, 1.0127388535031847, 1.076086956521739, 1.0909090909090908, 1.1923076923076923, 1.205128205128205, 1.0, 1.0, 1.0, 1.0120284308365226, 1.0, 1.1666666666666667, 1.3235294117647058, 1.2941176470588236, 1.6666666666666667, 1.0, 1.0158827122785583, 1.0, 1.0, 1.3333333333333333, 2.0, 1.0, 1.0, 1.0, 1.0, 1.3333333333333333, 1.2882882882882882, 1.1538461538461537, 1.0, 1.1219512195121952, 1.0133863965267729, 1.0, 1.0612244897959184, 1.0, 1.0161290322580645, 2.0, 1.0, 1.5, 1.0391730141458106, 1.25, 1.6, 1.5, 1.0, 1.0, 1.0, 1.0, 1.0, 1.1290322580645162, 1.0401869158878505, 1.1851851851851851, 1.1745562130177514, 1.0666666666666667, 1.3768115942028984, 1.0, 1.326086956521739, 1.3333333333333333, 1.4848484848484849, 1.0, 3.0, 1.103448275862069, 3.0, 1.018918918918919, 2.0, 1.1656, 1.0648148148148149, 1.25, 1.0148462354188759, 1.1, 1.0161575016972166, 1.0525683388404927, 1.2446808510638299, 1.1331828442437923, 1.0, 1.0329474621549422, 1.0, 1.0, 2.0, 1.0, 1.0518918918918918, 1.0, 1.0, 1.5555555555555556, 1.0, 1.9444444444444444, 1.0, 1.0, 2.0, 1.0, 1.0, 1.1363636363636365, 1.0132485426603073, 1.2448979591836735, 1.0, 1.2, 2.0, 1.0, 1.0, 1.0, 3.0, 1.0, 1.0, 1.3333333333333333, 1.02, 1.5, 1.4444444444444444, 1.0769230769230769, 1.1526586620926245, 1.0946745562130178, 1.0178571428571428, 1.026291298278269, 1.024376731301939, 1.2173913043478262, 1.0782959124928038, 1.2, 1.0, 1.0, 1.7058823529411764, 1.4473684210526316, 1.25, 1.0574658502119643, 1.0734063103670315, 1.0625, 1.0, 1.2093023255813953, 1.0888888888888888, 1.0338983050847457, 1.2105263157894737, 1.0091049860637968, 1.5, 1.0, 1.132404181184669, 1.0257234726688103, 1.5365853658536586, 1.0909090909090908, 1.033023483365949, 1.0, 1.1, 1.1111111111111112, 1.0704565801253356, 1.0, 1.0172413793103448, 1.0285714285714285, 1.0, 1.0, 1.4271844660194175, 1.0666666666666667, 2.0, 1.5555555555555556, 1.0, 1.001038781163435, 4.0, 1.0, 1.0859188544152745, 1.1758241758241759, 1.25, 2.3333333333333335, 1.0, 1.0857142857142856, 1.0384615384615385, 1.0936352509179927, 1.046242774566474, 1.2054794520547945, 1.0, 1.2857142857142858, 1.0096308186195826, 1.5294117647058822, 2.0, 1.2702078521939955, 1.0, 1.0, 1.0, 1.0, 1.0, 1.4444444444444444, 1.1538461538461537, 1.0735294117647058, 1.0, 1.0, 1.0, 1.4, 1.0557768924302788, 1.0, 1.0, 1.174917491749175, 2.0, 1.0, 1.0, 1.25, 1.5263157894736843, 1.0, 1.0, 1.0425531914893618, 1.0, 1.0, 1.7314814814814814, 1.7142857142857142, 1.0, 1.0714285714285714, 2.5, 1.0434782608695652, 1.793103448275862, 1.0063455436977213, 1.0, 1.0, 1.4444444444444444, 1.0, 2.0, 1.0, 1.3333333333333333, 1.0307692307692307, 2.0, 1.1428571428571428, 1.1764705882352942, 1.0, 1.0, 2.0, 1.04685789358441, 1.0421455938697317, 1.0, 1.0847457627118644, 1.0, 1.0, 1.8181818181818181, 1.2926829268292683, 1.0076335877862594, 1.25, 1.0527597402597402, 1.0, 1.0363128491620113, 1.5, 1.0256410256410255, 1.0, 1.125, 1.0163622526636225, 1.5, 1.0011025358324146, 1.1391304347826088, 1.0, 1.0, 1.0384615384615385, 1.0938775510204082, 1.06, 1.2222222222222223, 2.0, 1.0, 1.05, 1.0352112676056338, 1.0078616352201257, 2.0, 1.09, 1.4, 1.0, 1.0, 1.0, 1.0, 1.0390243902439025, 1.0, 1.0, 1.0, 1.0159271899886235, 1.0, 1.0063006300630064, 1.0, 1.001510574018127, 1.0476190476190477, 1.0, 1.1282051282051282, 1.2727272727272727, 1.0, 1.070249017038008, 1.0, 1.0812710051940115, 1.0, 1.2076502732240437, 1.0, 1.0086103802917963, 1.0, 1.0, 2.0, 2.0, 3.0, 1.1858407079646018, 1.105263157894737, 1.0606060606060606, 1.0, 1.0, 1.0196078431372548, 3.0, 1.0120481927710843, 1.0, 1.5, 1.0, 1.0, 1.6666666666666667, 1.25, 1.0, 1.2, 1.0044850784888735, 1.2, 1.3333333333333333, 1.0, 1.0, 1.0090403337969402, 1.3333333333333333, 1.0, 1.1428571428571428, 1.0, 1.2941176470588236, 1.0, 1.1037037037037036, 1.018348623853211, 1.0, 1.2077922077922079, 1.2083333333333333, 1.0, 1.0, 3.0, 1.0, 1.0, 1.0909090909090908, 1.0416666666666667, 1.125, 1.3576158940397351, 1.0, 1.3595505617977528, 1.1428571428571428, 1.0, 1.0689655172413792, 1.0, 1.0, 1.0, 1.0, 2.0, 1.4481792717086834, 1.0, 1.0, 1.4444444444444444, 1.5384615384615385, 1.1041666666666667, 1.5348837209302326, 1.0, 1.0, 1.1428571428571428, 1.0952380952380953, 1.0, 1.0208333333333333, 1.2380952380952381, 1.0, 1.0249734325185973, 1.0849056603773586, 1.0, 1.0357142857142858, 1.2, 1.0, 1.0, 1.0, 1.25, 1.2959183673469388, 1.2608695652173914, 4.0, 1.3181818181818181, 1.0769230769230769, 1.35, 1.0, 1.0178192617734407, 1.0, 1.3, 1.0835464620630861, 1.1114864864864864, 1.1130952380952381, 2.357142857142857, 1.144578313253012, 1.0, 1.0, 1.015886287625418, 1.2, 1.0538461538461539, 1.0, 1.046189376443418, 1.0, 1.0369318181818181, 1.0, 1.5, 1.0833333333333333, 1.0, 1.0, 2.0, 1.3157894736842106, 1.0, 1.0, 1.2242424242424241, 1.0818181818181818, 1.0308404009252121, 1.119047619047619, 1.2173913043478262, 1.0, 1.0, 1.4351851851851851, 1.0, 1.0186987704918034, 1.007785888077859, 1.0, 1.0165007112375533, 1.0909090909090908, 1.0, 1.0789473684210527, 2.0, 1.0888888888888888, 1.0, 1.0, 1.030539241857982, 1.1347248576850095, 1.0545454545454545, 1.0, 1.0, 1.5, 1.0879120879120878, 1.0380434782608696, 1.06993006993007, 1.0530451866404715, 1.0, 2.0, 1.0, 1.0, 1.3604060913705585, 1.0, 1.0, 1.0, 1.0, 1.0202702702702702, 1.0, 1.0, 1.0, 1.0, 2.0789473684210527, 1.0, 1.0769230769230769, 1.0909090909090908, 2.090909090909091, 1.1688654353562005, 1.011070110701107, 1.4166666666666667, 1.0, 2.0, 1.0, 1.2857142857142858, 1.0, 1.0534082923401265, 1.2095671981776766, 1.2857142857142858, 1.0, 1.0718132854578097, 1.0, 1.0, 1.0237700386954118, 1.0224719101123596, 1.1142857142857143, 1.0461647727272727, 1.1058766391452162, 1.8333333333333333, 2.0, 1.0298507462686568, 1.040948275862069, 1.0107744107744108, 1.0, 1.225, 1.25, 1.2066115702479339, 1.2857142857142858, 3.0, 1.1759941089837997, 1.023045267489712, 1.0, 1.2727272727272727, 2.0, 1.0612244897959184, 1.5714285714285714, 1.0131444178900648, 1.0833333333333333, 1.0, 3.0, 1.0, 1.2580645161290323, 1.0, 1.0963855421686748, 1.1772357723577236, 1.0620112747772321, 1.0168195718654434, 1.0895522388059702, 1.0, 1.1095060577819198, 2.0, 1.0943396226415094, 1.0, 1.2913907284768211, 1.0, 1.0, 2.0, 2.0, 2.0, 1.0, 2.0, 1.051948051948052, 1.0, 1.1818181818181819, 1.0445726271630833, 1.0123180291153415, 1.109375, 1.02, 1.0, 1.0, 1.0, 1.0, 1.0, 1.0584343991179714, 1.1666666666666667, 1.0281459960050845, 1.5, 2.0, 1.236842105263158, 1.0153846153846153, 1.0530035335689045, 1.0, 1.1591695501730104, 1.0, 1.3636363636363635, 1.2, 1.2, 1.5, 1.0625, 3.0, 1.0, 1.0, 2.0, 1.0, 1.0309915629437807, 1.0320480721081622, 1.0, 1.1875, 1.0, 1.0833333333333333, 1.0, 1.0, 1.1868512110726643, 1.6, 1.067448680351906, 2.0, 1.0, 1.254730713245997, 1.0, 1.0, 1.0, 1.0321951219512195, 1.2654867256637168, 1.163265306122449, 1.0178571428571428, 1.0547945205479452, 2.0, 1.25, 1.0, 1.1818181818181819, 2.0, 1.003454231433506, 1.0, 1.0990990990990992, 1.0722100656455142, 1.5384615384615385, 1.0, 1.0919540229885059, 1.0, 1.0, 1.0048727666486195, 1.0, 1.0619469026548674, 1.1111111111111112, 1.135135135135135, 1.0001096972356296, 1.0, 1.3333333333333333, 1.2134146341463414, 1.0379746835443038, 1.0465489566613162, 1.0, 1.0690376569037656, 1.25, 1.0420979986197378, 1.0, 1.0, 1.4074074074074074, 1.125, 1.0712143928035982, 1.1059602649006623, 1.0264612954186414, 1.0272, 1.2328767123287672, 1.0804597701149425, 1.6666666666666667, 1.0, 1.14, 1.031413612565445, 1.0666666666666667, 1.0, 1.4, 1.19, 1.0, 1.0, 1.2857142857142858, 1.0, 1.0476190476190477, 1.002906976744186, 1.0, 1.076271186440678, 1.5, 1.0, 1.0, 1.0, 1.3265306122448979, 1.0423913043478261, 1.1428571428571428, 1.7407407407407407, 1.0, 1.0, 1.1682692307692308, 1.0178883071553229, 1.0, 1.0, 1.0, 1.15, 1.0714285714285714, 1.0, 3.0, 1.0347838742541116, 1.3333333333333333, 1.0, 1.0, 1.124401913875598, 1.25, 1.4, 1.0776699029126213, 1.75, 1.3275862068965518, 2.0, 1.0, 1.0, 1.5932203389830508, 1.0, 1.0289098857706953, 1.148936170212766, 1.0015015015015014, 1.0, 1.0191802417235942, 1.020243796255986, 1.0344827586206897, 1.057591623036649, 1.0, 1.0, 1.0073659398939305, 2.0, 1.075, 1.7647058823529411, 1.141304347826087, 1.0, 1.3333333333333333, 1.0628517823639776, 2.0, 1.0, 1.3333333333333333, 1.6666666666666667, 1.029673590504451, 1.3255813953488371, 1.1428571428571428, 1.0999206978588423, 1.0, 1.6666666666666667, 1.2, 1.0, 1.0, 1.0, 1.0, 1.0, 1.0814592703648176, 1.0, 1.5, 2.0, 1.0, 1.0, 1.0, 1.0790513833992095, 1.0215966062475896, 1.004277566539924, 1.0, 1.1616161616161615, 1.0397129186602871, 3.0, 1.2142857142857142, 1.0018083182640145, 1.0, 1.3333333333333333, 1.0, 1.0104166666666667, 1.297872340425532, 1.0144404332129964, 1.039047973224247, 1.0144927536231885, 1.217125382262997, 1.0, 1.117169373549884, 1.0689655172413792, 1.5833333333333333, 1.009433962264151, 1.0, 1.0, 1.0, 1.0, 1.0336626417855836, 1.0384615384615385, 1.0338983050847457, 1.2222222222222223, 1.2833333333333334, 2.0, 1.118811881188119, 1.4285714285714286, 1.0, 1.0625, 1.0, 1.175, 1.0, 1.4285714285714286, 1.0174701831009576, 1.0087336244541485, 1.0, 1.0, 1.0188755344034848, 1.0, 1.0588235294117647, 1.0, 1.0, 1.0, 1.0, 1.1666666666666667, 1.0, 1.0758725341426403, 1.0, 1.0, 2.0, 1.1440677966101696, 1.0070008401008121, 1.38, 1.0, 1.7647058823529411, 1.0459028831562973, 1.0440481306403093, 1.0, 1.2720588235294117, 1.0, 1.3428571428571427, 1.0504731861198737, 1.5, 1.0, 1.125, 1.0606060606060606, 1.177014531043593, 1.0, 1.0, 1.0, 1.25, 1.2394366197183098, 1.0909090909090908, 1.1055900621118013, 1.0161290322580645, 1.026615969581749, 1.1194029850746268, 1.0649350649350648, 1.00385423966363, 1.1268368136117557, 1.4761904761904763, 1.0, 1.6428571428571428, 1.236842105263158, 1.0952380952380953, 1.0, 1.0, 1.2727272727272727, 1.0017496111975117, 1.288659793814433, 1.0104319717895973, 1.0, 2.0, 1.031731872053014, 1.0, 1.0, 1.0, 1.0, 1.6666666666666667, 1.0, 1.2439024390243902, 1.0222222222222221, 1.0, 1.0, 1.038860103626943, 1.1638198757763976, 1.0477941176470589, 1.0, 1.1, 1.049645390070922, 1.041158536585366, 1.0638297872340425, 1.175032175032175, 1.0, 1.0783673469387756, 1.0357142857142858, 1.0833333333333333, 1.0491551459293396, 1.1169154228855722, 3.0, 1.2432432432432432, 1.2962962962962963, 2.0, 2.142857142857143, 1.0, 1.2, 1.0636363636363637, 1.0, 7.0, 3.0, 2.0, 3.0, 1.02421875, 1.3461538461538463, 1.75, 1.2, 1.1666666666666667, 1.0, 1.1755725190839694, 1.0011901219875037, 1.0406143344709897, 1.0180106426524764, 1.6666666666666667, 2.0, 3.0, 1.0, 1.0, 1.1458333333333333, 1.0046439628482973, 1.0, 1.237527114967462, 1.0, 1.3421052631578947, 1.1529411764705881, 1.0, 1.3368421052631578, 1.0907668231611893, 1.3174603174603174, 1.2359550561797752, 1.3846153846153846, 1.1901639344262296, 1.0964912280701755, 1.5833333333333333, 1.0, 1.0103896103896104, 1.5, 1.0, 1.0, 1.0, 1.1454545454545455, 1.033342224593225, 1.0, 1.0129815745393635, 1.3333333333333333, 1.1282051282051282, 1.1020408163265305, 1.0, 1.0, 1.0163015792154866, 1.1466666666666667, 1.0005379236148466, 1.084848484848485, 1.163265306122449, 1.0, 1.0, 1.017114914425428, 1.0, 1.05, 1.0123076923076924, 1.2703703703703704, 1.0, 1.0, 1.1268292682926828, 1.5833333333333333, 1.0, 1.0, 1.002011870033196, 1.0, 1.1363636363636365, 2.0, 1.0, 1.0, 1.1142857142857143, 1.1363636363636365, 1.3214285714285714, 1.046376811594203, 1.5, 1.2380952380952381, 1.0, 1.0, 1.0, 1.0843606478124244, 1.1747967479674797, 1.065217391304348, 1.3333333333333333, 2.0, 1.1697312588401698, 2.0, 1.0, 1.4970059880239521, 1.5833333333333333, 1.0961273835266365, 1.0466630493760174, 1.2222222222222223, 1.0, 1.5, 1.0, 1.3067484662576687, 1.0, 1.009699226021358, 1.2548491379310345, 1.2, 1.0, 1.3303571428571428, 1.0, 1.6666666666666667, 1.0, 1.3333333333333333, 1.3777777777777778, 1.0, 5.0, 1.0192962542565267, 1.0, 1.0, 1.05, 1.2, 1.0173745173745175]
origin-census_12.27 	max: 7.0000	99th: 3.0000	95th: 2.0000	median: 1.0466	mean: 1.2134

...Done, result: results.csv

WORKLOAD-FINISHED | Type: QueryWorkload | Progress: 1/3 | Workload-time: 84.666901 | Model-update-time: 0.000000


WORKLOAD-START | Type: DataUpdateWorkload | Progress: 2/3
Going to run: ['python', '/home/kangping/code_copy/SAUCE/Naru/eval_model.py', '--model=naru', '--data_update=tupleskew', '--dataset=census', '--drift_test=js', '--end2end', '--update_size=8000', '--query_seed=0', '--eval_type=drift']
Torch device: cuda:1
GET-MODEL-PATH=./models/end2end/naru/origin-census-22.5MB-model27.255-data14.989-300epochs-seed0.pt
GET-DATASET-PATH=./data/census/end2end/census_int.npy
TupleSkewSample - START
0.01
TupleSkewSample - END
load_npy_dataset_from_path - df.shape = (39073, 13)
Parsing... done, took 0.0s
Data updated!
Previous data size: (32561, 13), new data size: (6512, 13)
[5.7995319e-05 9.0658665e-05 1.1897087e-04 1.6665459e-04 1.3840199e-04
 5.7399273e-05 8.6069107e-05 5.1015615e-04 1.6331673e-05 6.1631203e-05
 2.0122528e-04 2.6583672e-05 9.8228455e-05]
Distance score: 0.00012540817260742188
SAUCE Drift detection: True
Detection latency: 0.0037s

DRIFT-DETECTED after 2-th workload
Going to run: ['python', '/home/kangping/code_copy/SAUCE/Naru/incremental_train.py', '--dataset=census', '--end2end', '--model=naru', '--model_update=adapt', '--update_size=8000', '--epochs=0']
Torch device: cuda:1
GET-MODEL-PATH=./models/end2end/naru/origin-census-22.5MB-model27.255-data14.989-300epochs-seed0.pt
update_size: 6512
AdaptTask - START
GET-DATASET-PATH=./data/census/end2end/census_int.npy
load_npy_dataset_from_path - df.shape = (39073, 13)
Parsing... done, took 0.0s
done, took 0.0s
dataset size: 39073
train data shape: torch.Size([6512, 13]), transfer data shape:torch.Size([1302, 13])
Training done; evaluating likelihood on full data:
Epoch None Iter 0, test loss 18.9331 nats / 27.3147 bits
Saved to: /home/kangping/code_copy/SAUCE/models/end2end/naru/origin-census-22.5MB-model27.255-data14.989-300epochs-seed0.pt
AdaptTask - END

WORKLOAD-FINISHED | Type: DataUpdateWorkload | Progress: 2/3 | Workload-time: 1.965728 | Model-update-time: 3.817736


WORKLOAD-START | Type: QueryWorkload | Progress: 3/3
Going to run: ['python', '/home/kangping/code_copy/SAUCE/Naru/eval_model.py', '--dataset=census', '--model=naru', '--end2end', '--query_seed=0', '--eval_type=estimate', '--num_workload=3', '--data_update=tupleskew', '--model_update=adapt', '--random_seed=42']
Torch device: cuda:1
GET-MODEL-PATH=./models/end2end/naru/origin-census-22.5MB-model27.255-data14.989-300epochs-seed0.pt
ckpts [PosixPath('/home/kangping/code_copy/SAUCE/models/end2end/naru/origin-census-22.5MB-model27.255-data14.989-300epochs-seed0.pt')]
Validate Argument: DATASET="census" is valid.
data size: 39073, total size: 39073, split index: [32560 39073]
Parsing... done, took 0.0s
Loading ckpt: /home/kangping/code_copy/SAUCE/models/end2end/naru/origin-census-22.5MB-model27.255-data14.989-300epochs-seed0.pt
query_seed:0
origin-census_12.27 	max: 38.0000	99th: 27.0000	95th: 20.0000	median: 1.0898	mean: 2.6865
ReportEsts: [1.0879120879120878, 1.0, 1.1951219512195121, 1.0, 1.4, 1.0248447204968945, 1.0332555425904317, 1.5044247787610618, 1.0, 1.0, 1.028080229226361, 1.0149253731343284, 1.0188679245283019, 1.0574162679425838, 1.1016949152542372, 1.0372750642673523, 1.1910946196660481, 1.297872340425532, 1.0, 32.0, 1.7777777777777777, 1.4210526315789473, 1.0, 1.1818181818181819, 1.0, 1.5, 1.0020876826722338, 1.099009900990099, 1.4285714285714286, 1.0539638932496076, 1.018640350877193, 1.6216216216216217, 1.0723327305605788, 1.0357142857142858, 1.6363636363636365, 12.0, 1.0, 2.0, 1.25, 27.0, 1.2413793103448276, 1.0, 21.0, 1.0970437017994858, 1.0, 1.3333333333333333, 1.0, 1.264367816091954, 1.0, 1.0, 1.047970479704797, 1.2272727272727273, 1.0, 2.066666666666667, 1.133627019089574, 1.92, 1.625, 1.051334702258727, 1.2647058823529411, 1.0, 1.0161290322580645, 1.3414634146341464, 1.1111111111111112, 1.1666666666666667, 1.1564245810055866, 1.000740192450037, 1.074301295160191, 1.0339240506329115, 1.1853448275862069, 1.5, 1.1272727272727272, 1.5689655172413792, 2.0, 1.0154241645244215, 1.0033218176986447, 1.0, 1.4285714285714286, 5.0, 1.0327868852459017, 1.2, 2.75, 1.0, 1.0, 20.0, 1.0810092961487383, 2.0, 1.1428571428571428, 1.0, 2.075, 1.066997518610422, 1.0, 2.0, 1.0033557046979866, 1.0, 1.1875, 1.4, 17.0, 1.0, 1.0602836879432624, 1.6, 1.0125, 1.288, 27.0, 1.434782608695652, 1.2173913043478262, 1.2626582278481013, 1.1355932203389831, 2.0, 1.0067939772309953, 26.0, 1.0, 1.2894736842105263, 3.8, 1.0217580504786772, 1.0, 1.0, 26.0, 1.0, 1.0, 1.0, 1.0, 1.0, 3.0, 1.1714285714285715, 1.8, 1.0, 1.599264705882353, 1.0736301369863013, 1.3409090909090908, 1.0, 1.0338983050847457, 1.0615636066466902, 1.0109170305676856, 1.0, 1.2, 1.1870503597122302, 1.0, 1.0483193277310925, 2.0, 1.0, 1.0, 2.0, 1.0, 1.5217391304347827, 1.0, 1.0, 1.010600706713781, 1.0843517138599106, 1.0, 1.1596958174904943, 1.1423948220064726, 1.0, 1.0073467081096354, 2.0833333333333335, 1.0, 1.360248447204969, 1.0900473933649288, 1.3333333333333333, 1.0, 1.0400613706102966, 6.2, 1.2146596858638743, 1.1711840228245365, 1.0696428571428571, 1.103448275862069, 1.0364328439369221, 1.0107719928186714, 26.0, 1.1538461538461537, 2.3333333333333335, 1.0845921450151057, 1.0129870129870129, 1.0052015604681404, 1.067524115755627, 1.3380281690140845, 1.2062706270627064, 1.0, 1.25, 1.0, 17.0, 1.8, 1.0, 1.0206896551724138, 1.1570512820512822, 1.0, 1.0384615384615385, 2.142857142857143, 1.5454545454545454, 1.0, 1.5, 1.0, 1.0238095238095237, 1.0, 1.0, 1.0, 1.0045257060101376, 1.1208981001727116, 1.2083333333333333, 1.0, 1.2156862745098038, 1.15625, 1.0, 1.0216346153846154, 1.0139175257731958, 1.52, 1.8928571428571428, 1.0, 1.25, 1.0, 1.5, 1.0, 1.0, 1.0197735608355925, 1.5, 20.0, 1.5454545454545454, 1.2523809523809524, 1.0, 1.0639789658194567, 1.1666666666666667, 1.7352941176470589, 1.0085513813769917, 1.0, 1.0, 1.2137931034482758, 1.019830028328612, 1.25, 2.375, 1.0084925690021231, 1.2407407407407407, 6.75, 1.0536499560246262, 1.0, 1.0073037542662115, 1.0, 1.0, 1.34, 2.0, 21.0, 1.0476434426229508, 1.1372549019607843, 1.0, 1.2083333333333333, 1.0, 1.011142061281337, 1.5066666666666666, 2.0, 1.0, 1.0252188411838266, 1.026026026026026, 1.0291970802919708, 10.0, 1.103448275862069, 1.3076923076923077, 1.0, 6.75, 1.0895361380798274, 1.050387596899225, 1.235632183908046, 1.1470951792336217, 1.004907063197026, 1.0, 1.0, 1.1428571428571428, 1.0, 20.0, 1.0372340425531914, 1.0, 5.6, 1.0, 1.021978021978022, 1.0, 1.1333333333333333, 1.0, 1.0473836011536877, 1.0, 1.0145371078806427, 1.265625, 1.0912280701754387, 1.5, 1.0782865583456425, 1.0, 1.6666666666666667, 1.4761904761904763, 1.1061946902654867, 1.0769230769230769, 2.1666666666666665, 1.0, 1.1904761904761905, 1.0, 1.0, 1.0, 1.1851851851851851, 1.168217054263566, 1.6153846153846154, 1.3181818181818181, 1.0476190476190477, 23.0, 1.0588235294117647, 1.0134496546710288, 1.1538461538461537, 1.0, 1.0, 1.0837962962962964, 1.0, 1.0, 1.16, 1.0, 1.0, 1.0, 1.0182365106222975, 1.0516717325227964, 1.2333333333333334, 1.0673234811165846, 26.0, 1.0733333333333333, 2.0, 1.0833333333333333, 1.0, 1.0, 1.0, 1.0938255328499231, 1.0, 1.0292836398838334, 2.0, 1.0, 1.1338044758539458, 1.1904761904761905, 1.0, 1.0, 2.0, 1.3333333333333333, 3.0, 1.1408268733850129, 1.0, 1.027972027972028, 1.0, 25.0, 1.0, 21.0, 1.0, 1.75, 1.0, 1.0, 1.0, 1.1704545454545454, 1.06, 1.0, 1.3006872852233677, 22.0, 1.0, 1.6666666666666667, 2.4, 1.0, 1.6666666666666667, 1.16, 1.0, 1.1304347826086956, 1.5, 1.1076923076923078, 1.5, 1.1612314114270805, 1.0689271817676487, 1.2272727272727273, 1.0117508813160987, 1.0, 22.0, 1.0, 1.0, 1.0, 1.2083333333333333, 1.4285714285714286, 1.3272450532724505, 1.0, 1.0707964601769913, 1.072289156626506, 1.0, 1.0423728813559323, 1.0, 1.0, 1.0, 1.2173913043478262, 2.0, 1.3681818181818182, 1.0, 18.0, 1.3, 1.6666666666666667, 1.1979166666666667, 24.0, 1.0, 1.0, 1.6521739130434783, 18.0, 1.0, 1.0300551645425147, 1.0, 1.210344827586207, 1.3622559652928417, 1.6666666666666667, 4.8, 1.8, 1.0086299892125135, 2.0, 1.263157894736842, 1.0, 1.0013315579227697, 1.054054054054054, 9.5, 1.1030741410488245, 2.0, 2.0, 1.0, 2.0, 1.0579710144927537, 1.1951219512195121, 1.1940298507462686, 1.0961538461538463, 1.059546313799622, 22.0, 1.25, 1.0, 1.4615384615384615, 1.1180555555555556, 2.2916666666666665, 1.0526315789473684, 1.0, 1.0602828657546952, 23.0, 2.230769230769231, 28.0, 21.0, 1.25, 1.0, 1.0, 1.0, 1.009163346613546, 1.1604938271604939, 1.030990990990991, 2.0, 2.0, 1.5, 1.3640897755610972, 1.0, 1.25, 1.1772151898734178, 1.44, 1.0, 1.3, 1.0, 1.0, 2.0, 1.0, 1.018348623853211, 1.074805928016937, 1.0476190476190477, 1.0213516160626837, 1.0, 1.1794871794871795, 1.6666666666666667, 1.2876949740034662, 2.0, 1.1772486772486772, 1.0, 1.22497308934338, 1.0, 1.0, 1.1595744680851063, 1.3, 1.0309361839974085, 23.0, 1.0073933975240714, 1.1967592592592593, 5.5, 2.0, 1.0018177096857959, 1.365979381443299, 1.0, 1.0, 1.0777777777777777, 1.0, 1.3333333333333333, 1.181564245810056, 1.1111111111111112, 1.0, 1.0450023685457128, 1.5, 1.2, 1.0, 1.042760690172543, 1.0, 3.0, 1.0331689825190498, 15.0, 11.0, 1.0, 1.4285714285714286, 1.0, 1.1004497751124438, 2.25, 26.0, 1.1016260162601625, 1.0498932764140876, 1.1095890410958904, 1.026635784597568, 1.212218649517685, 1.5714285714285714, 1.375, 1.0506329113924051, 1.0238095238095237, 8.0, 1.0, 2.1578947368421053, 1.4, 1.1304347826086956, 1.0, 1.0, 2.0, 24.0, 2.0, 2.0, 1.5590062111801242, 1.3012048192771084, 1.12, 1.575, 3.0, 1.125, 1.0, 1.0277777777777777, 2.0, 1.0909090909090908, 1.125, 1.0146520146520146, 1.0, 1.0, 1.395973154362416, 1.0486577181208054, 1.2581967213114753, 1.0, 1.0220588235294117, 1.0, 1.0, 1.0, 1.0, 1.0110100526567736, 1.0404761904761906, 1.0106044538706256, 1.0072236937153864, 1.092741935483871, 1.0, 23.0, 1.065736040609137, 1.0, 2.0, 1.0415800415800416, 1.0, 1.0210696920583469, 1.00301140030114, 2.0, 1.2727272727272727, 1.1347517730496455, 1.2222222222222223, 1.0050892145441168, 1.0, 13.0, 26.0, 1.0, 1.0, 1.0499583680266444, 1.0, 1.0, 1.0, 1.25, 1.1952380952380952, 1.1363636363636365, 1.0317460317460319, 1.4444444444444444, 1.0595238095238095, 1.1127406049495876, 1.0, 1.0249284150244231, 1.0109358569926394, 23.0, 2.0, 1.6785714285714286, 2.6, 1.0859616573902289, 1.056338028169014, 2.0, 1.0455856895556839, 1.6, 1.0, 1.3333333333333333, 2.0, 1.0, 1.3333333333333333, 1.0, 2.0, 20.5, 1.1724137931034482, 1.4545454545454546, 1.4509803921568627, 1.5, 16.5, 1.2222222222222223, 1.022906227630637, 1.0215143603133159, 1.0446927374301676, 1.086021505376344, 1.2613065326633166, 1.025522041763341, 1.0, 1.0, 1.0547619047619048, 1.0491591203104786, 1.7692307692307692, 1.0593657817109146, 1.3021276595744682, 1.0, 1.002439024390244, 1.0909090909090908, 1.6666666666666667, 1.0, 1.035294117647059, 2.0384615384615383, 1.2, 1.0587457290863, 25.0, 1.1353919239904988, 1.0041570069549923, 1.4210526315789473, 1.0, 1.0073266037121458, 1.0, 1.1551724137931034, 1.275, 1.3529411764705883, 2.227272727272727, 1.8392857142857142, 1.0, 1.0, 1.0380761523046091, 1.0, 1.0114854517611025, 1.0057142857142858, 1.0, 1.2777777777777777, 1.1273584905660377, 1.098984771573604, 1.0, 29.0, 2.0588235294117645, 1.0, 1.0055248618784531, 1.0212765957446808, 1.125, 1.16796875, 1.5933333333333333, 1.4761904761904763, 1.0076314694047455, 32.0, 21.0, 1.0833333333333333, 1.0, 38.0, 1.0, 3.0, 1.5, 1.0, 1.2173913043478262, 1.0, 1.4462809917355373, 1.0680851063829788, 1.0, 1.0, 2.0, 1.0, 1.0, 1.0, 1.0, 1.1111111111111112, 2.5, 1.0234375, 1.5, 1.1323529411764706, 1.0, 1.1016949152542372, 1.0, 1.0, 1.0, 1.0602906872420599, 1.75, 6.25, 1.0726172465960666, 1.0, 1.0, 1.0, 1.0, 20.0, 1.5154639175257731, 2.0, 1.423913043478261, 3.2222222222222223, 1.0283899528438072, 23.0, 1.3333333333333333, 1.0393176279447605, 1.3333333333333333, 1.151376146788991, 1.105263157894737, 1.381578947368421, 1.5, 1.0, 1.1558704453441295, 1.0384615384615385, 1.6666666666666667, 20.0, 1.173913043478261, 20.0, 1.0, 1.0, 1.0, 1.3428571428571427, 1.25, 1.1180701228648486, 1.0510805500982319, 1.0, 1.0, 1.0, 1.0763888888888888, 1.0180131593139898, 1.0522138680033417, 1.0, 1.1031088082901555, 1.0440476190476191, 3.0, 1.0, 1.1049180327868853, 1.0, 1.1666666666666667, 1.0, 1.7884615384615385, 1.0, 1.0196078431372548, 1.0344827586206897, 1.099236641221374, 1.5973451327433628, 1.6666666666666667, 1.0, 1.4382716049382716, 1.2, 9.0, 3.0, 2.0, 1.0335365853658536, 1.024480712166172, 1.2153392330383481, 1.0, 10.5, 2.0, 1.7857142857142858, 1.086053412462908, 1.3125, 1.04, 1.082191780821918, 1.0681818181818181, 4.8, 1.1804123711340206, 22.0, 1.0, 1.0, 1.375, 1.3430656934306568, 1.0449116101290015, 7.666666666666667, 1.0, 1.206896551724138, 1.01546738399462, 1.051383399209486, 1.0133882595262615, 1.0, 1.0047619047619047, 1.0434782608695652, 1.403225806451613, 1.0, 1.6785714285714286, 1.2171189979123174, 1.0824742268041236, 1.2666666666666666, 1.5769230769230769, 1.0526315789473684, 1.0, 1.0769230769230769, 1.0899772209567198, 1.0, 1.127906976744186, 2.1333333333333333, 1.0704225352112675, 1.0, 1.0, 1.0914285714285714, 25.0, 1.0, 2.0833333333333335, 1.1378205128205128, 1.2452830188679245, 1.0833333333333333, 2.0, 1.1428571428571428, 1.0755813953488371, 5.2, 1.3909465020576133, 1.0023564064801178, 1.0333333333333334, 1.5714285714285714, 1.0, 1.0, 24.0, 1.9, 1.0327272727272727, 21.0, 1.0, 1.46875, 1.0, 1.0, 1.0112398210803992, 1.7230769230769232, 1.1323529411764706, 1.2843137254901962, 1.0116279069767442, 1.0057504312823462, 2.0, 22.0, 1.1885245901639345, 27.0, 1.0, 1.2580645161290323, 1.0163636363636364, 1.1732283464566928, 1.0307443365695792, 26.0, 1.2686567164179106, 1.0, 24.0, 1.1057971014492753, 1.16, 1.19735503560529, 1.0561797752808988, 1.0888355342136855, 1.0130208333333333, 1.375, 1.104643557880968, 1.117283950617284, 2.25, 1.1919191919191918, 1.0238095238095237, 2.0, 21.0, 1.0, 1.3579545454545454, 1.0150375939849625, 1.0, 1.0214848826128389, 1.45, 1.0647405029427501, 1.0638297872340425, 27.0, 1.0182876142975894, 1.4, 1.290566037735849, 1.0, 1.2222222222222223, 1.013276836158192, 1.0932475884244373, 27.0, 1.0, 1.4197530864197532, 1.8, 1.0, 1.2608695652173914, 1.7291666666666667, 27.0, 1.1071428571428572, 1.0927152317880795, 1.0, 1.0, 1.2787418655097613, 2.0, 1.2857142857142858, 1.0, 1.2048192771084338, 1.0, 1.021729682746632, 1.0, 3.6, 2.6333333333333333, 2.0, 1.2064220183486238, 1.105263157894737, 1.0294924554183813, 1.1656050955414012, 1.7017543859649122, 1.25, 1.0026652452025586, 1.0694879832810866, 2.0, 1.0, 1.0, 1.2893772893772895, 1.032967032967033, 1.0, 1.0465116279069768, 1.5161290322580645, 1.062992125984252, 1.021341463414634, 1.0, 1.001942501942502, 4.0, 1.0219298245614035, 1.032258064516129, 1.4, 1.103638368246968, 1.2, 1.0, 1.035751840168244, 1.0, 1.3507109004739337, 1.0488798370672099, 1.5, 1.0588235294117647, 1.3076923076923077, 1.25, 1.0, 1.25, 22.0, 1.1843971631205674, 1.3181818181818181, 27.0, 1.0143712574850299, 1.0, 1.25, 1.0, 18.0, 1.0, 1.0052661275155164, 1.2528473804100229, 1.2283675289919715, 1.0, 1.0, 1.6875, 1.0279503105590062, 1.2751322751322751, 1.5168, 1.2666666666666666, 1.0138008853398142, 1.1050753370341, 2.0, 1.120460584588131, 1.0450606585788562, 1.0, 1.0, 1.0, 1.0167224080267558, 1.2123817712811693, 1.0, 1.0, 1.4024390243902438, 1.0, 1.037037037037037, 1.0, 1.4, 1.4666666666666666, 1.105263157894737, 1.001826803482587, 1.1357466063348416, 1.0, 1.015509601181684, 1.0294117647058822, 1.5714285714285714, 1.0658536585365854, 1.1651205936920224, 1.0633616118769884, 1.0, 1.0, 2.0, 1.2206477732793521, 1.0891505466778806, 1.0145395799676897, 1.0011241007194245, 1.3, 1.0, 1.1958333333333333, 1.0, 1.0, 1.028169014084507, 1.0, 1.5, 1.2261904761904763, 26.0, 2.1875]
origin-census_12.27 	max: 38.0000	99th: 27.0000	95th: 20.0000	median: 1.0898	mean: 2.6865

...Done, result: results.csv

WORKLOAD-FINISHED | Type: QueryWorkload | Progress: 3/3 | Workload-time: 84.859786 | Model-update-time: 0.000000


Experiment Summary: #data-update-times=1, #drift=1 | total-time=175.366795