Input arguments = Namespace(data_update='sample', update_size=8000, dataset='census', debug=False, drift_test='js', model_update='adapt', model='naru', end2end=False, query_seed=0, random_seed=42, num_workload=3)
JSON-passed parameters = {'data_updater': {'skew_ratio': '1e-2'}, 'random_seed': 22, 'naru': {'epochs': 0}}
MODEL-PATH=/home/kangping/code_copy/SAUCE/models/end2end/naru/origin-census-22.5MB-model27.255-data14.989-300epochs-seed0.pt
DATASET-PATH=/home/kangping/code_copy/SAUCE/data/census/end2end/census_int.npy
Workloads: ['QueryWorkload', 'DataUpdateWorkload', 'QueryWorkload']

WORKLOAD-START | Type: QueryWorkload | Progress: 1/3
Going to run: ['python', '/home/kangping/code_copy/SAUCE/Naru/eval_model.py', '--dataset=census', '--model=naru', '--query_seed=0', '--end2end', '--eval_type=first_estimate', '--num_workload=3', '--data_update=sample', '--model_update=adapt', '--random_seed=42']
Torch device: cuda:1
GET-MODEL-PATH=./models/end2end/naru/origin-census-22.5MB-model27.255-data14.989-300epochs-seed0.pt
ckpts [PosixPath('/home/kangping/code_copy/SAUCE/models/end2end/naru/origin-census-22.5MB-model27.255-data14.989-300epochs-seed0.pt')]
Validate Argument: DATASET="census" is valid.
load_csv_dataset - census (32561, 13)
Parsing... done, took 0.0s
Loading ckpt: /home/kangping/code_copy/SAUCE/models/end2end/naru/origin-census-22.5MB-model27.255-data14.989-300epochs-seed0.pt
query_seed:0
origin-census_12.27 	max: 5.0000	99th: 3.0000	95th: 2.0000	median: 1.0494	mean: 1.2152
ReportEsts: [1.0, 1.1573275862068966, 1.1830985915492958, 2.0, 1.015625, 1.0686695278969958, 1.0, 1.1428571428571428, 1.0, 1.0, 1.0, 1.129251700680272, 2.142857142857143, 1.1527777777777777, 1.3355704697986577, 1.0, 1.0686274509803921, 1.0, 1.0, 1.0, 3.0, 2.0, 1.329479768786127, 2.5, 1.0529801324503312, 1.4, 1.0, 1.0176240208877285, 1.0, 1.0474958852574654, 1.0203868269733403, 1.3783783783783783, 1.0655737704918034, 1.1111111111111112, 1.0, 1.25, 1.5, 1.0251046025104602, 1.125, 1.0109829763866007, 1.0, 1.0, 1.0, 1.0, 1.04, 1.1333333333333333, 1.0, 1.0222703371481596, 1.0, 4.0, 1.0, 1.2727272727272727, 1.0, 1.0, 1.1055045871559632, 3.0, 1.0, 1.75, 1.0342842842842843, 1.0194805194805194, 1.1, 1.0909090909090908, 1.1538461538461537, 1.2692307692307692, 1.0, 1.0, 1.0, 1.036394176931691, 1.0, 1.1666666666666667, 1.4285714285714286, 1.2941176470588236, 1.6666666666666667, 1.0, 1.0091631032376298, 1.0, 1.0, 1.5, 2.0, 1.0, 1.0, 1.0, 1.0, 1.3333333333333333, 1.349056603773585, 1.0714285714285714, 1.0, 1.1219512195121952, 1.040297121634169, 1.0, 1.0469798657718121, 1.0, 1.0161290322580645, 2.0, 1.0326797385620916, 1.5, 1.0095137420718816, 1.25, 1.565217391304348, 1.5, 1.0, 1.0, 1.0, 1.0, 1.0, 1.1914893617021276, 1.0289719626168223, 1.2222222222222223, 1.1993957703927491, 1.0666666666666667, 1.289855072463768, 1.0, 1.3043478260869565, 1.3333333333333333, 1.5151515151515151, 1.0, 3.0, 1.103448275862069, 3.0, 1.022099447513812, 2.0, 1.1424, 1.0917721518987342, 1.25, 1.0063626723223753, 1.0666666666666667, 1.003934895367555, 1.0963704630788487, 1.17, 1.1331828442437923, 1.0, 1.0035618878005343, 1.0, 1.0, 2.0, 1.0, 1.0462365591397849, 1.0, 1.0, 1.5555555555555556, 1.0, 2.3333333333333335, 1.0, 1.0, 2.0, 1.0, 1.0, 1.1363636363636365, 1.0296176628971458, 1.1296296296296295, 1.105263157894737, 1.2, 2.0, 1.0, 1.0, 1.5, 1.5, 1.0, 1.0, 1.3333333333333333, 1.08, 1.5, 1.4444444444444444, 1.0769230769230769, 1.1294117647058823, 1.0650887573964498, 1.0058479532163742, 1.0137899333486555, 1.0238095238095237, 1.1789473684210525, 1.0370985603543743, 1.2, 1.0, 1.0, 1.7058823529411764, 1.4792176039119804, 1.25, 1.1004901960784315, 1.086284610431423, 1.0098039215686274, 1.0, 1.2682926829268293, 1.0888888888888888, 1.063063063063063, 1.263157894736842, 1.0132470924808756, 1.5, 1.0, 1.0726072607260726, 1.022508038585209, 1.5180722891566265, 1.0909090909090908, 1.0227658028578348, 1.0, 1.0666666666666667, 1.1111111111111112, 1.0660698299015219, 1.0, 1.0943396226415094, 1.0914285714285714, 1.0, 1.0851063829787233, 1.3009708737864079, 1.0666666666666667, 2.0, 1.4, 1.0, 1.0119131044148564, 4.0, 1.0, 1.0835322195704058, 1.0808080808080809, 1.1538461538461537, 2.3333333333333335, 1.0, 1.1, 1.1153846153846154, 1.0438084112149533, 1.0520231213872833, 1.2465753424657535, 1.0, 1.2857142857142858, 1.019448946515397, 1.2093023255813953, 2.0, 1.1802575107296138, 1.0, 1.0, 1.0, 1.0, 1.0, 1.368421052631579, 1.1538461538461537, 1.1029411764705883, 1.0, 1.0, 1.0, 1.4, 1.0644090305444887, 1.0, 1.0, 1.2067796610169492, 2.0, 1.0, 1.0, 1.25, 1.45, 1.0, 1.0, 1.0425531914893618, 1.0, 1.0061349693251533, 1.3955223880597014, 1.0909090909090908, 1.0, 1.0714285714285714, 2.5, 1.0391304347826087, 1.793103448275862, 1.003451251078516, 1.0, 1.0, 1.6666666666666667, 1.0571428571428572, 1.3333333333333333, 1.0, 1.3333333333333333, 1.0248756218905473, 2.0, 1.1428571428571428, 1.1176470588235294, 1.0, 1.0, 2.0, 1.0463996498139636, 1.0419161676646707, 1.0, 1.0141242937853108, 1.0, 1.0, 1.9090909090909092, 1.2926829268292683, 1.027237354085603, 1.25, 1.0349025974025974, 1.0, 1.106145251396648, 1.5, 1.0666666666666667, 1.0, 1.0975609756097562, 1.0073543277390156, 1.5, 1.0044296788482836, 1.1244635193133048, 1.0, 1.0, 1.125, 1.071464267866067, 1.04, 1.2222222222222223, 2.0, 1.0, 1.1454545454545455, 1.028169014084507, 1.003154574132492, 2.0, 1.0489296636085628, 1.4, 1.0, 1.0, 1.0, 1.0, 1.07035175879397, 1.0, 1.0, 1.0, 1.0022446689113356, 1.0, 1.013074433656958, 1.0, 1.0171831850260815, 1.2941176470588236, 1.0, 1.052396878483835, 1.2727272727272727, 1.0, 1.038532110091743, 1.0, 1.0809654750992972, 1.0, 1.1693121693121693, 1.0, 1.0646301439030548, 1.0, 1.0, 2.0, 2.0, 3.0, 1.1592920353982301, 1.105263157894737, 1.0994764397905759, 1.0, 1.0333333333333334, 1.0196078431372548, 3.0, 1.0119047619047619, 1.0, 1.5, 1.0, 1.0, 1.6666666666666667, 1.5, 1.0, 1.1, 1.0041386445938956, 1.411764705882353, 1.0, 1.0, 1.0, 1.001392757660167, 1.3333333333333333, 1.0, 1.163265306122449, 1.0, 1.375, 1.0, 1.1020710059171597, 1.018348623853211, 1.0, 1.2696245733788396, 1.2291666666666667, 1.0, 1.0, 3.0, 1.0, 1.0, 1.0909090909090908, 1.0212765957446808, 1.1538461538461537, 1.2974683544303798, 1.0, 1.3296703296703296, 1.1428571428571428, 1.0, 1.0689655172413792, 1.0, 1.0, 1.0, 2.0, 2.0, 1.5205882352941176, 1.0, 1.0, 1.625, 1.5384615384615385, 1.0666666666666667, 1.5348837209302326, 1.0, 1.0, 1.1764705882352942, 1.0615384615384615, 1.0, 1.0888888888888888, 1.1428571428571428, 1.0, 1.0025987525987525, 1.0454545454545454, 1.0384615384615385, 1.037037037037037, 1.4666666666666666, 1.0, 1.0, 1.0666666666666667, 1.25, 1.309278350515464, 1.3181818181818181, 4.0, 1.183673469387755, 1.0512820512820513, 1.05, 1.0, 1.0180352217271378, 1.0, 1.3, 1.0707666385846673, 1.1216216216216217, 1.1761006289308176, 1.434782608695652, 1.1325301204819278, 1.0, 1.0, 1.0148148148148148, 1.2, 1.0743801652892562, 1.0, 1.0115473441108545, 1.0, 1.0138888888888888, 1.0, 1.5, 1.0833333333333333, 1.0, 1.0, 2.0, 1.5151515151515151, 1.0, 1.0, 1.2317073170731707, 1.0818181818181818, 1.0134629768137622, 1.1904761904761905, 1.2608695652173914, 1.0, 1.0625, 1.4444444444444444, 1.0, 1.0120901639344262, 1.010705596107056, 1.0, 1.0039988574692944, 1.0909090909090908, 1.0, 1.105263157894737, 2.0, 1.1111111111111112, 1.0, 1.0, 1.008222103577149, 1.0066889632107023, 1.0545454545454545, 1.0, 1.0, 1.5, 1.1, 1.0380434782608696, 1.048951048951049, 1.0387596899224807, 1.0, 2.0, 1.0, 1.2857142857142858, 1.417989417989418, 1.0, 1.0, 1.0, 1.0, 1.0942028985507246, 1.0, 1.0, 1.25, 1.0, 1.6808510638297873, 1.0, 1.0769230769230769, 1.0, 2.090909090909091, 1.1556728232189974, 1.0103321033210333, 1.4444444444444444, 1.0, 2.0, 1.0, 1.2857142857142858, 1.0, 1.0799711815561959, 1.2123287671232876, 1.2857142857142858, 1.0, 1.0538599640933572, 1.0, 1.0, 1.0140388768898487, 1.0128410914927768, 1.2580645161290323, 1.03125, 1.0541666666666667, 1.8333333333333333, 2.0, 1.0952380952380953, 1.0129310344827587, 1.037037037037037, 1.0, 1.2727272727272727, 1.1607142857142858, 1.1726907630522088, 1.2, 3.0, 1.1589259796806968, 1.0619469026548674, 1.0, 1.3272727272727274, 5.0, 1.0, 1.5714285714285714, 1.0191191532946398, 1.1016949152542372, 1.0, 3.0, 1.0, 1.3448275862068966, 1.0, 1.0769230769230769, 1.1927512355848435, 1.055103884372177, 1.0199386503067485, 1.106060606060606, 1.0, 1.0461323392357875, 2.0, 1.2608695652173914, 1.0, 1.3448275862068966, 1.0, 1.0, 2.0, 2.0, 4.0, 1.0, 2.0, 1.0649350649350648, 1.0, 1.1818181818181819, 1.0251704247509177, 1.0205300485255693, 1.0757575757575757, 1.03, 1.0618556701030928, 1.0, 1.0, 1.0, 1.0, 1.0514786418400877, 1.0, 1.0279593318809006, 1.3333333333333333, 2.0, 1.205128205128205, 1.0153846153846153, 1.1550387596899225, 1.0, 1.0784313725490196, 1.0, 1.4545454545454546, 1.2, 1.0, 1.5, 1.0416666666666667, 2.6666666666666665, 1.0, 1.0, 2.0, 1.0, 1.037674379751065, 1.0255383074611917, 1.0, 1.28125, 1.0, 1.0833333333333333, 1.02729044834308, 1.0, 1.2035087719298245, 1.6, 1.0340909090909092, 2.0, 1.0, 1.0058224163027656, 1.0, 1.0, 1.0, 1.0249951559775237, 1.345132743362832, 1.2127659574468086, 1.0, 1.0341880341880343, 2.0, 1.6666666666666667, 1.0, 1.2272727272727273, 2.0, 1.0192982456140351, 1.0, 1.0517241379310345, 1.0687022900763359, 1.6666666666666667, 1.0, 1.144578313253012, 1.0, 1.0, 1.0210129310344827, 1.0, 1.0619469026548674, 1.1111111111111112, 1.1666666666666667, 1.001427943760984, 1.0, 1.4, 1.125, 1.0316455696202531, 1.0311855079110295, 1.0, 1.0047071129707112, 1.25, 1.0113864701942399, 1.0, 1.0, 1.52, 1.125, 1.0749625187406298, 1.1920529801324504, 1.015234375, 1.0611570247933884, 1.25, 1.0919540229885059, 1.6666666666666667, 1.0, 1.0961538461538463, 1.0104712041884816, 1.0666666666666667, 1.0, 1.1666666666666667, 1.18, 1.0, 1.0, 1.3571428571428572, 1.0, 1.0476190476190477, 1.0261627906976745, 1.0, 1.0677966101694916, 1.5, 1.0, 1.0, 1.0, 1.2857142857142858, 1.0260869565217392, 1.0793650793650793, 1.6206896551724137, 1.0, 1.0, 1.0329218106995885, 1.0035026269702276, 1.0, 1.0, 1.0, 1.1274509803921569, 1.1428571428571428, 1.0, 3.0, 1.0146994615048757, 1.3333333333333333, 1.0, 1.0, 1.0681818181818181, 1.25, 1.4, 1.088235294117647, 1.75, 1.305084745762712, 4.0, 1.0, 1.0, 1.6206896551724137, 1.0, 1.02328190743338, 1.1020408163265305, 1.0030120481927711, 1.0, 1.0270625328428797, 1.0019590770570308, 1.0666666666666667, 1.041237113402062, 1.0, 1.0, 1.0603194293688945, 2.0, 1.0617283950617284, 2.142857142857143, 1.108695652173913, 1.0, 1.3333333333333333, 1.0281425891181988, 2.0, 1.0, 1.3333333333333333, 1.6666666666666667, 1.0222551928783383, 1.449612403100775, 1.0909090909090908, 1.1262687779131142, 1.0158730158730158, 1.25, 1.15, 1.0, 1.0, 1.0, 1.0, 1.0277777777777777, 1.090176322418136, 1.0, 1.5, 2.0, 1.0, 1.0, 1.0, 1.0876494023904382, 1.0279394644935973, 1.044168734491315, 1.0, 1.0574712643678161, 1.004601932811781, 3.0, 1.2142857142857142, 1.0054151624548737, 1.0, 1.4736842105263157, 1.0, 1.4696969696969697, 1.0425531914893618, 1.0407407407407407, 1.0048345109706212, 1.057934508816121, 1.3700305810397553, 1.0, 1.1751740139211138, 1.0551724137931036, 1.5, 1.0, 1.0164512338425382, 1.0, 1.0, 1.0, 1.0125448028673836, 1.0452261306532664, 1.0338983050847457, 1.32, 1.2833333333333334, 2.0, 1.118811881188119, 1.4285714285714286, 1.0, 1.0625, 1.0, 1.16875, 1.0, 1.4285714285714286, 1.0188140433394928, 1.013157894736842, 1.0080321285140563, 1.0, 1.0053523639607493, 1.0, 1.0588235294117647, 1.0, 1.055363321799308, 1.0, 1.0, 1.0, 1.0, 1.082442748091603, 1.0, 1.0, 1.0, 1.076271186440678, 1.0056006720806496, 1.36, 1.0, 1.7058823529411764, 1.0388093443858326, 1.026730058108822, 1.0, 1.1689189189189189, 1.0, 1.2571428571428571, 1.0504731861198737, 1.5, 1.0, 1.5555555555555556, 1.0606060606060606, 1.2461538461538462, 1.0, 1.0, 1.0, 1.6666666666666667, 1.2394366197183098, 1.0909090909090908, 1.093167701863354, 1.0317460317460319, 1.1020408163265305, 1.1538461538461537, 1.0445859872611465, 1.0268760907504364, 1.0596363636363637, 1.619047619047619, 1.0, 1.6428571428571428, 1.0851063829787233, 1.1428571428571428, 1.0440528634361232, 1.0, 1.2727272727272727, 1.0143700787401575, 1.25, 1.0227543129089827, 1.0, 2.0, 1.0043418930653765, 1.0, 1.0, 1.0, 1.0, 1.6666666666666667, 1.0, 1.3414634146341464, 1.0222222222222221, 1.0, 1.0, 1.0750670241286864, 1.158721978871425, 1.0363636363636364, 1.0, 1.075, 1.0283687943262412, 1.0178837555886737, 1.0416666666666667, 1.1398252184769038, 1.0, 1.1004081632653062, 1.0290322580645161, 1.0833333333333333, 1.046743295019157, 1.0951219512195123, 2.25, 1.2432432432432432, 1.2962962962962963, 2.0, 1.875, 1.0, 1.1333333333333333, 1.0934579439252337, 1.0, 3.5, 3.0, 2.0, 3.0, 1.03828125, 1.3725490196078431, 1.75, 1.1454545454545455, 1.2333333333333334, 1.0, 1.2290076335877862, 1.0020802377414562, 1.1226067746686303, 1.0016109544905356, 1.6666666666666667, 1.6, 3.0, 1.0, 1.0, 1.2222222222222223, 1.044684129429892, 1.0, 1.2841648590021693, 1.0, 1.275, 1.065217391304348, 1.0, 1.3655913978494623, 1.1314935064935066, 1.0793650793650793, 1.1685393258426966, 1.2, 1.2367972742759796, 1.0263157894736843, 1.5833333333333333, 1.0, 1.0304635761589405, 1.5, 1.0, 1.0, 1.0, 1.1163636363636364, 1.0510037981551819, 1.0, 1.0731707317073171, 1.3333333333333333, 1.1794871794871795, 1.0918367346938775, 2.0, 2.0, 1.050125313283208, 1.1700680272108843, 1.017213555675094, 1.0952797202797202, 1.1875, 1.0, 1.0, 1.0452261306532664, 1.0, 1.0, 1.104026845637584, 1.2382671480144405, 1.0, 1.0, 1.0975609756097562, 1.5833333333333333, 1.0, 1.0, 1.0047503537497473, 1.0, 1.3157894736842106, 2.0, 1.0, 1.1666666666666667, 1.0263157894736843, 1.1363636363636365, 1.3214285714285714, 1.0492753623188407, 1.5, 1.164179104477612, 1.0, 1.0, 1.0, 1.0637894237609675, 1.1732070365358593, 1.1049149338374291, 1.3333333333333333, 2.0, 1.1598877980364657, 1.3333333333333333, 1.25, 1.5, 1.5833333333333333, 1.0882123341139736, 1.0495103373231773, 1.375, 1.0, 1.5, 1.0, 1.2456140350877194, 1.0, 1.0281324820430966, 1.2270811380400422, 1.2, 1.0, 1.2991071428571428, 1.0, 1.6666666666666667, 1.0, 1.3333333333333333, 1.3333333333333333, 1.0, 2.5, 1.0204313280363224, 1.0, 1.0, 1.0, 1.2, 1.0250965250965252]
origin-census_12.27 	max: 5.0000	99th: 3.0000	95th: 2.0000	median: 1.0494	mean: 1.2152

...Done, result: results.csv

WORKLOAD-FINISHED | Type: QueryWorkload | Progress: 1/3 | Workload-time: 88.101008 | Model-update-time: 0.000000


WORKLOAD-START | Type: DataUpdateWorkload | Progress: 2/3
Going to run: ['python', '/home/kangping/code_copy/SAUCE/Naru/eval_model.py', '--model=naru', '--data_update=sample', '--dataset=census', '--drift_test=js', '--end2end', '--update_size=8000', '--query_seed=0', '--eval_type=drift']
Torch device: cuda:1
GET-MODEL-PATH=./models/end2end/naru/origin-census-22.5MB-model27.255-data14.989-300epochs-seed0.pt
GET-DATASET-PATH=./data/census/end2end/census_int.npy
Sample - START
Sample - END
load_npy_dataset_from_path - df.shape = (39073, 13)
Parsing... done, took 0.0s
Data updated!
Previous data size: (32561, 13), new data size: (6512, 13)
[2.0921230e-05 4.5359135e-05 2.6881695e-05 2.0325184e-05 5.9604645e-07
 1.2516975e-06 2.3484230e-05 8.3446503e-07 8.7618828e-06 1.7666817e-04
 6.0796738e-06 4.0352345e-05 2.5629997e-06]
Distance score: 2.8775288228644058e-05
SAUCE Drift detection: False
Detection latency: 0.0037s

WORKLOAD-FINISHED | Type: DataUpdateWorkload | Progress: 2/3 | Workload-time: 1.929069 | Model-update-time: 0.000000


WORKLOAD-START | Type: QueryWorkload | Progress: 3/3
Going to run: ['python', '/home/kangping/code_copy/SAUCE/Naru/eval_model.py', '--dataset=census', '--model=naru', '--end2end', '--query_seed=0', '--eval_type=estimate', '--num_workload=3', '--data_update=sample', '--model_update=adapt', '--random_seed=42']
Torch device: cuda:1
GET-MODEL-PATH=./models/end2end/naru/origin-census-22.5MB-model27.255-data14.989-300epochs-seed0.pt
ckpts [PosixPath('/home/kangping/code_copy/SAUCE/models/end2end/naru/origin-census-22.5MB-model27.255-data14.989-300epochs-seed0.pt')]
Validate Argument: DATASET="census" is valid.
data size: 39073, total size: 39073, split index: [32560 39073]
Parsing... done, took 0.0s
Loading ckpt: /home/kangping/code_copy/SAUCE/models/end2end/naru/origin-census-22.5MB-model27.255-data14.989-300epochs-seed0.pt
query_seed:0
origin-census_12.27 	max: 5.0000	99th: 3.1090	95th: 2.0000	median: 1.0913	mean: 1.3215
ReportEsts: [1.2921348314606742, 1.0, 1.0, 2.0, 1.1428571428571428, 1.0421686746987953, 1.0166073546856464, 1.4774774774774775, 1.0, 1.0, 1.0262130507529281, 1.1333333333333333, 1.320754716981132, 1.1602067183462532, 1.0923076923076922, 1.0300751879699248, 1.0649651972157772, 1.0, 1.0, 2.0, 1.6142857142857143, 1.2272727272727273, 1.0, 1.0833333333333333, 1.0, 1.5, 2.0, 1.3975409836065573, 1.25, 1.034888203546646, 1.0203634771184584, 1.5121951219512195, 1.0020084802499443, 1.1, 1.4615384615384615, 1.25, 1.0, 2.0, 1.25, 1.2439516129032258, 1.206896551724138, 2.0, 2.0, 1.0458204334365324, 1.5, 1.6666666666666667, 1.0, 1.3170731707317074, 1.0, 2.0, 1.012887828162291, 1.0, 2.0, 1.7222222222222223, 1.0103244837758112, 1.391304347826087, 1.5, 1.0113770105923892, 1.1981132075471699, 1.125, 1.1837837837837837, 1.03125, 1.0349854227405249, 1.1666666666666667, 1.005128205128205, 1.0232211134943578, 1.0339425587467364, 1.0073998468997194, 1.0181159420289856, 1.2307692307692308, 1.0452261306532664, 1.2758620689655173, 1.3333333333333333, 1.0188679245283019, 1.019379319691015, 1.0, 1.5714285714285714, 2.0, 1.0799238820171266, 1.2, 1.5454545454545454, 1.0, 1.0, 2.0, 1.0113924050632912, 2.0, 1.02, 1.0, 1.2248062015503876, 1.0, 1.0, 2.0, 1.0032894736842106, 1.0, 1.0357142857142858, 1.3125, 1.6842105263157894, 1.0, 1.0733333333333333, 1.8, 1.2658227848101267, 1.185483870967742, 1.202247191011236, 1.3043478260869565, 1.5535714285714286, 1.1502890173410405, 1.1296296296296295, 2.0, 1.0185746777862017, 1.1578947368421053, 1.0, 1.1851851851851851, 3.1, 1.151291512915129, 1.0, 1.0, 2.0, 1.0, 1.0, 2.0, 1.0, 2.0, 3.0, 1.1290322580645162, 1.050387596899225, 1.0, 1.3419354838709678, 1.091710758377425, 1.0377358490566038, 1.0, 1.0, 1.0347705146036161, 1.0065005417118094, 1.5, 1.2, 1.158450704225352, 1.0, 1.0203410725292787, 2.0, 1.0, 1.0, 2.0, 1.0, 1.826086956521739, 1.0, 1.0, 1.0506523407521104, 1.0364758698092031, 1.0, 1.2142857142857142, 1.098688319800125, 2.0, 1.0333620937589876, 1.037037037037037, 1.0, 1.125, 1.1428571428571428, 1.263157894736842, 1.3333333333333333, 1.0024937655860349, 1.6, 1.1237113402061856, 1.1659634317862166, 1.0405844155844155, 1.0666666666666667, 1.1345029239766082, 1.0125899280575539, 3.0, 1.0, 1.0526315789473684, 1.039855072463768, 1.1585365853658536, 1.0033496521515073, 1.0686427457098284, 1.2621648460774577, 1.2255892255892256, 1.0, 1.0, 2.0, 2.0, 2.0, 2.0, 1.0275862068965518, 1.1946308724832215, 3.0, 1.070539419087137, 2.125, 2.6, 1.0, 1.5, 2.0, 1.1219512195121952, 1.0, 1.3333333333333333, 1.0, 1.0373338189765071, 1.0161550888529887, 1.1153846153846154, 1.0, 1.0491803278688525, 1.1176470588235294, 1.0, 1.077120822622108, 1.0371338912133892, 1.3478260869565217, 1.53125, 1.0, 1.0, 2.0, 1.5, 1.0, 1.4545454545454546, 1.0306041962454646, 4.0, 2.0, 1.25, 1.3435897435897435, 1.0, 1.058242220353238, 1.1666666666666667, 1.2783505154639174, 1.0441165729311226, 1.0, 1.0, 1.2751677852348993, 1.048780487804878, 1.04, 1.0434782608695652, 1.1591397849462366, 1.123076923076923, 2.0, 1.0337477797513321, 1.0, 1.0238128297695084, 1.0, 1.0, 1.17, 2.0, 3.0, 1.009885535900104, 1.1067961165048543, 1.0, 1.1944444444444444, 1.0, 1.2348993288590604, 1.0135135135135136, 1.3333333333333333, 2.0, 3.0, 1.0121612230715775, 1.0073529411764706, 1.2822185970636215, 1.088235294117647, 1.0857142857142856, 1.0, 1.125, 1.010022271714922, 1.1483739837398375, 1.0550887021475257, 1.072445019404916, 1.010760613207547, 1.0, 2.5, 1.5, 1.0553191489361702, 2.0, 1.1242937853107344, 1.0, 1.0, 1.0, 1.0389294403892944, 1.0, 1.125, 2.0, 1.0325271059216012, 1.0, 1.0672782874617737, 1.2115384615384615, 1.0286624203821657, 1.4, 1.0550964187327823, 1.0, 1.3333333333333333, 1.24, 1.054263565891473, 1.170731707317073, 1.2857142857142858, 2.0, 1.0472972972972974, 1.0, 1.0, 1.0, 1.0666666666666667, 1.161556603773585, 1.25, 1.4230769230769231, 3.0, 2.6666666666666665, 1.0, 1.0070224719101124, 1.0222222222222221, 1.0, 1.0, 1.036347114947751, 1.0, 1.0, 1.5106382978723405, 1.0, 1.0, 1.0, 1.0260170293282875, 1.1710097719869708, 1.062111801242236, 1.053767660910518, 2.0, 1.1162790697674418, 2.0, 1.25, 1.0, 1.0, 1.0, 1.0329209014582412, 1.0, 1.0916898206617833, 1.6, 2.0, 1.1084537058962822, 1.1016949152542372, 1.0, 1.0, 2.0, 1.6666666666666667, 5.0, 1.114609571788413, 1.0, 1.0578703703703705, 1.0, 4.0, 1.0, 1.25, 1.0, 1.75, 1.0, 1.0, 1.0, 1.4931506849315068, 1.0289256198347108, 1.0, 1.112396694214876, 2.0, 2.0, 2.3333333333333335, 1.1538461538461537, 1.0, 2.0, 1.1428571428571428, 1.0, 1.037037037037037, 1.6666666666666667, 1.2456140350877194, 1.5, 1.1667111229661242, 1.0688673875924872, 1.3181818181818181, 1.0115074798619101, 2.0, 2.0, 1.0, 1.0, 1.0638297872340425, 1.0517241379310345, 1.1063829787234043, 1.1928625664388763, 2.0, 1.1451612903225807, 1.1466666666666667, 1.0, 1.0092592592592593, 1.0, 1.0, 1.0, 1.48, 3.0, 1.4367816091954022, 1.0, 3.0, 1.5, 1.4166666666666667, 1.1531531531531531, 1.1104972375690607, 1.0, 2.0, 1.1658986175115207, 2.0, 1.0, 1.0310502283105023, 1.1666666666666667, 1.0297029702970297, 1.1401673640167365, 1.6666666666666667, 1.0446428571428572, 1.8095238095238095, 1.0244072524407253, 2.5, 1.0909090909090908, 1.0, 1.0905172413793103, 1.2027027027027026, 1.25, 1.0533088235294117, 1.59375, 2.0, 1.0, 2.0, 1.0454545454545454, 4.0, 1.0379746835443038, 1.0516717325227964, 1.0446685878962536, 5.0, 1.0, 2.0, 1.4615384615384615, 1.1, 1.826086956521739, 1.0962566844919786, 1.0, 1.0494139278326822, 2.0, 1.048780487804878, 2.0, 1.0, 1.0689655172413792, 1.0, 1.0, 1.0, 1.0087094220110848, 1.0139103554868625, 1.0289330922242315, 2.0, 2.5, 2.0, 1.2, 1.0, 1.0, 1.4444444444444444, 1.75, 1.0, 1.0833333333333333, 2.0, 1.0, 2.0, 1.0555555555555556, 1.0952380952380953, 1.0513126491646778, 1.0454545454545454, 1.0058311824873338, 1.0, 1.0340425531914894, 1.0, 1.0935875216637783, 2.0, 1.1179039301310043, 2.0, 1.138219895287958, 1.0, 1.0, 1.2, 1.0769230769230769, 1.0134838507369082, 1.7777777777777777, 1.0037427696495407, 1.0124223602484472, 2.0, 1.5, 1.013487226040721, 1.3461538461538463, 1.0, 1.0, 1.0444444444444445, 1.0, 1.6666666666666667, 1.146916890080429, 1.1, 1.0, 1.0413448432530668, 1.5, 1.0526315789473684, 2.0, 1.0352059925093633, 2.0, 3.0, 1.1565836298932384, 1.0, 1.0568181818181819, 1.0, 1.5714285714285714, 2.0, 1.091324200913242, 1.1485148514851484, 1.1428571428571428, 1.003717472118959, 1.0491275167785235, 1.1348768834987137, 1.0529131985731273, 1.2730210016155088, 1.5, 1.8, 1.092485549132948, 1.0531400966183575, 2.0, 1.0, 1.5, 1.4, 1.0, 1.0, 1.0, 4.0, 1.4, 1.0, 2.0, 1.3333333333333333, 1.1237113402061856, 1.241486068111455, 3.0, 1.0912382331643737, 1.3333333333333333, 1.0, 1.2857142857142858, 1.0, 1.5, 1.25, 1.048148148148148, 1.5, 1.0, 1.3248407643312101, 1.0183946488294315, 1.3405172413793103, 1.0, 1.1, 1.0, 2.0, 1.0, 1.25, 1.0404569252736793, 1.0360360360360361, 1.016793893129771, 1.0081439163729184, 1.110204081632653, 1.3333333333333333, 2.5, 1.0759162303664922, 1.0841121495327102, 2.0, 1.0756302521008403, 1.0, 1.0130505709624795, 1.0874205267938237, 2.0, 1.7272727272727273, 1.0061728395061729, 1.0, 1.0389676113360324, 1.0, 2.0, 1.0219038208168643, 1.0, 1.0, 1.0497491638795986, 2.0, 1.0, 1.0, 1.2352941176470589, 1.1746724890829694, 1.0384615384615385, 1.0495603517186252, 1.1428571428571428, 1.244186046511628, 1.0245829675153644, 1.0, 1.0236696323652845, 1.0857142857142856, 2.0, 2.0, 2.0, 1.0, 1.0478890989287966, 1.0480769230769231, 2.0, 1.0387230268992018, 1.6, 1.0, 1.6666666666666667, 2.0, 1.0308370044052864, 1.3333333333333333, 2.0, 2.0, 1.030176026823135, 1.028, 1.1785714285714286, 1.1, 1.2222222222222223, 4.0, 1.2831858407079646, 1.0545058139534884, 1.0262136940337632, 1.1136801541425818, 1.0601684717208182, 1.2364532019704433, 1.0776081424936388, 1.0, 1.0, 1.042664344797562, 1.1236263736263736, 2.727272727272727, 1.1623931623931625, 1.2479338842975207, 1.0, 1.0253807106598984, 1.148936170212766, 1.4583333333333333, 1.2, 1.1, 1.04, 1.4, 1.000828328846552, 2.0, 1.2823218997361479, 1.0109506427551183, 1.4090909090909092, 1.0, 1.040006667777963, 1.0, 2.0, 1.0123456790123457, 1.1153846153846154, 1.1304347826086956, 3.0, 1.0, 1.0, 1.0420841683366733, 2.0, 1.0458094742321709, 1.1075949367088607, 2.0, 1.3888888888888888, 1.1758793969849246, 1.1451612903225807, 1.0, 2.0, 1.4339622641509433, 1.0, 1.021505376344086, 1.0305851063829787, 1.027027027027027, 1.184549356223176, 1.24, 1.4285714285714286, 1.0035857123155427, 1.0, 1.0271668822768434, 1.25, 1.0, 1.088131313131313, 1.3333333333333333, 4.0, 2.0, 1.0, 1.337837837837838, 1.0, 1.0694980694980696, 1.128755364806867, 1.0, 2.0, 2.0, 1.0, 1.0, 1.0, 1.159362549800797, 1.3, 1.0273972602739727, 1.0793650793650793, 2.0, 1.4, 1.0, 1.1346153846153846, 1.0, 1.0, 2.0, 1.0657065706570656, 1.75, 1.3571428571428572, 1.1844660194174756, 1.0, 1.0, 1.0, 1.0, 3.0, 1.0727931488801055, 3.0, 1.202127659574468, 2.2222222222222223, 1.037270642201835, 2.0, 1.3333333333333333, 1.031198415318587, 1.5, 1.1794871794871795, 1.2777777777777777, 2.111111111111111, 1.5, 1.0, 1.0903954802259888, 1.0985915492957747, 1.25, 1.4444444444444444, 1.0769230769230769, 2.0, 1.0, 1.0, 1.0, 1.0444444444444445, 2.0, 1.194072657743786, 1.0115718418514947, 1.0, 1.0, 2.0, 1.132404181184669, 1.028617536309844, 1.062450278440732, 2.0, 1.0256410256410255, 1.0205029013539653, 2.0, 1.1875, 1.0372093023255815, 1.0, 1.3636363636363635, 1.0, 1.1384615384615384, 2.0, 1.0074074074074073, 1.108433734939759, 1.15625, 1.5545454545454545, 1.6666666666666667, 1.0, 1.3766233766233766, 1.1666666666666667, 1.3333333333333333, 3.0, 2.0, 1.0823529411764705, 1.0036469730123998, 1.0260115606936415, 1.5, 1.0606060606060606, 2.0, 1.1578947368421053, 1.0658307210031348, 1.0123456790123457, 1.5, 1.5, 1.0718562874251496, 2.0, 1.172972972972973, 2.0, 1.0, 1.0, 1.3333333333333333, 2.5, 1.0627973358705993, 2.3333333333333335, 1.0, 1.0121212121212122, 1.0137174211248285, 1.0191570881226053, 1.0321888412017168, 1.0, 1.1287128712871286, 1.2272727272727273, 1.141025641025641, 1.0, 1.896551724137931, 1.0409982174688057, 1.1226415094339623, 1.088235294117647, 2.0, 1.4210526315789473, 1.0, 1.5384615384615385, 1.0369163952225842, 1.0, 1.0470588235294118, 1.2, 1.0714285714285714, 1.0, 1.3076923076923077, 1.1842105263157894, 3.0, 3.0, 1.36, 1.040625, 1.0483870967741935, 1.2307692307692308, 3.0, 1.0897435897435896, 1.0698924731182795, 4.6, 1.0688172043010753, 1.0657662947739284, 1.0723039215686274, 1.4285714285714286, 1.0, 2.0, 1.0467571644042233, 1.3783783783783783, 1.0146520146520146, 3.0, 2.0, 1.3214285714285714, 1.0, 1.042857142857143, 1.0256499133448873, 3.0, 1.0634920634920635, 1.048780487804878, 1.1260504201680672, 1.0672364672364671, 1.0, 1.0172413793103448, 1.3471074380165289, 1.0146372507424692, 1.0, 1.1076923076923078, 1.0386384544618215, 1.2758620689655173, 1.000208913649025, 2.0, 1.1546811397557666, 2.0, 2.0, 1.102189781021898, 1.0545454545454545, 1.1621052631578948, 1.021978021978022, 1.007202881152461, 1.0503978779840848, 1.2222222222222223, 1.0768237572627501, 1.0707070707070707, 2.5, 1.1910112359550562, 1.2, 2.0, 1.1428571428571428, 1.0, 1.3529411764705883, 1.0, 1.0, 1.0360101142209435, 1.256916996047431, 1.0776397515527951, 1.2083333333333333, 3.0, 1.0911854103343466, 1.6, 1.0265486725663717, 1.0, 1.3333333333333333, 1.0053566394135889, 1.0678733031674208, 1.183673469387755, 1.0, 1.2560975609756098, 1.5454545454545454, 1.0, 1.0, 1.0684410646387832, 1.2608695652173914, 1.1645569620253164, 1.0949367088607596, 1.3333333333333333, 1.0, 1.117199391171994, 2.0, 1.8571428571428572, 1.0, 1.05, 1.0, 1.0436731107205623, 1.0, 1.0657206870799103, 1.173913043478261, 1.5, 1.1266375545851528, 1.24, 1.0343618513323982, 1.0449438202247192, 1.3181818181818181, 1.5714285714285714, 1.0045285029302078, 1.0444553004396677, 2.0, 1.0, 1.0, 1.2920962199312716, 1.373134328358209, 1.0, 1.0235294117647058, 1.8387096774193548, 1.1009732360097324, 1.0353697749196142, 1.0, 1.074800290486565, 4.0, 1.0089686098654709, 1.0372960372960374, 1.3, 1.0068931560807484, 1.0, 1.0, 1.0030706243602865, 1.0, 1.167381974248927, 2.0, 2.7142857142857144, 1.2432432432432432, 1.4363636363636363, 1.0714285714285714, 1.0, 1.1458333333333333, 2.0, 1.1087719298245613, 1.1153846153846154, 1.4210526315789473, 1.046285018270402, 1.0, 1.1111111111111112, 1.0, 2.0, 1.0, 1.0756505951180149, 1.1490066225165563, 1.1044303797468353, 1.0, 1.3333333333333333, 1.125, 1.014436958614052, 1.055, 1.4645161290322581, 1.5714285714285714, 1.0590182018753447, 1.0026605853287722, 3.0, 1.266171792152704, 1.006872852233677, 1.0, 1.0, 1.0, 1.0223642172523961, 1.2073067119796093, 1.1764705882352942, 1.0, 1.2813688212927756, 1.0, 1.3076923076923077, 1.0, 1.1666666666666667, 1.309090909090909, 1.2222222222222223, 1.017176241480039, 1.0309734513274336, 1.0, 1.0601851851851851, 1.0144927536231885, 1.4230769230769231, 1.060430463576159, 1.1309090909090909, 1.0609000269469147, 1.0, 1.0, 2.0, 1.2329545454545454, 1.0404290429042904, 1.0393700787401574, 1.0149849701646552, 1.0333333333333334, 2.0, 1.1829268292682926, 1.0, 1.0, 2.0, 1.0, 1.5, 1.1275551921504496, 3.0, 1.125]
origin-census_12.27 	max: 5.0000	99th: 3.1090	95th: 2.0000	median: 1.0913	mean: 1.3215

...Done, result: results.csv

WORKLOAD-FINISHED | Type: QueryWorkload | Progress: 3/3 | Workload-time: 84.916501 | Model-update-time: 0.000000


Experiment Summary: #data-update-times=1, #drift=0 | total-time=175.003862