Input arguments = Namespace(data_update='tupleskew', update_size=8000, dataset='census', debug=False, drift_test='js', model_update='adapt', model='naru', end2end=False, query_seed=0, random_seed=42, num_workload=3)
JSON-passed parameters = {'data_updater': {'skew_ratio': '1e-2'}, 'random_seed': 40, 'naru': {'epochs': 0}}
MODEL-PATH=/home/kangping/code_copy/SAUCE/models/end2end/naru/origin-census-22.5MB-model27.255-data14.989-300epochs-seed0.pt
DATASET-PATH=/home/kangping/code_copy/SAUCE/data/census/end2end/census_int.npy
Workloads: ['QueryWorkload', 'DataUpdateWorkload', 'QueryWorkload']

WORKLOAD-START | Type: QueryWorkload | Progress: 1/3
Going to run: ['python', '/home/kangping/code_copy/SAUCE/Naru/eval_model.py', '--dataset=census', '--model=naru', '--query_seed=0', '--end2end', '--eval_type=first_estimate', '--num_workload=3', '--data_update=tupleskew', '--model_update=adapt', '--random_seed=42']
Torch device: cuda:1
GET-MODEL-PATH=./models/end2end/naru/origin-census-22.5MB-model27.255-data14.989-300epochs-seed0.pt
ckpts [PosixPath('/home/kangping/code_copy/SAUCE/models/end2end/naru/origin-census-22.5MB-model27.255-data14.989-300epochs-seed0.pt')]
Validate Argument: DATASET="census" is valid.
load_csv_dataset - census (32561, 13)
Parsing... done, took 0.0s
Loading ckpt: /home/kangping/code_copy/SAUCE/models/end2end/naru/origin-census-22.5MB-model27.255-data14.989-300epochs-seed0.pt
query_seed:0
origin-census_12.27 	max: 7.0000	99th: 3.0000	95th: 2.0000	median: 1.0439	mean: 1.2116
ReportEsts: [1.0, 1.1836884643644379, 1.0704225352112675, 2.0, 1.0307692307692307, 1.0793991416309012, 1.0, 1.2142857142857142, 1.0, 1.0, 1.0, 1.1156462585034013, 2.142857142857143, 1.1857142857142857, 1.3630136986301369, 1.0, 1.0738916256157636, 1.0, 1.0, 1.0, 1.0, 2.0, 1.2485549132947977, 2.5, 1.0125786163522013, 1.2, 1.0, 1.0224502886465683, 1.0, 1.044674347519398, 1.02639832723471, 1.3513513513513513, 1.1475409836065573, 1.1111111111111112, 1.0, 1.2410714285714286, 1.5, 1.0187110187110187, 1.0, 1.0027159152634437, 1.0, 1.0, 1.0, 1.0, 1.0, 1.0851063829787233, 1.0, 1.0096822995461423, 1.0, 4.0, 1.0, 1.2727272727272727, 1.0, 1.0434782608695652, 1.055045871559633, 3.0, 1.0555555555555556, 1.75, 1.0147282884713051, 1.0063694267515924, 1.1, 1.2, 1.1923076923076923, 1.205128205128205, 1.0, 1.0, 1.0, 1.0153592978606691, 1.0, 1.1666666666666667, 1.5789473684210527, 1.2222222222222223, 1.6666666666666667, 1.0, 1.0232131948686622, 1.0, 1.0, 1.411764705882353, 2.0, 1.0, 1.0, 1.0, 1.0, 1.3333333333333333, 1.2543859649122806, 1.1538461538461537, 1.0, 1.069767441860465, 1.0016091543000178, 1.0, 1.0612244897959184, 1.0, 1.032258064516129, 2.0, 1.0588235294117647, 1.5, 1.0506050605060506, 1.75, 1.6363636363636365, 1.5, 1.0, 1.0, 1.0, 1.0, 1.0, 1.0178571428571428, 1.0224299065420561, 1.1851851851851851, 1.0876712328767124, 1.032258064516129, 1.0952380952380953, 1.0, 1.3043478260869565, 1.3333333333333333, 1.5151515151515151, 1.0, 3.0, 1.1379310344827587, 3.0, 1.000900900900901, 2.0, 1.1848, 1.1274509803921569, 1.25, 1.0324817518248175, 1.0666666666666667, 1.0093962145394058, 1.0525683388404927, 1.2580645161290323, 1.1230425055928412, 1.0, 1.0017809439002672, 1.0, 1.0, 2.0, 1.0, 1.0859375, 1.0, 1.0, 1.5555555555555556, 1.0, 2.0588235294117645, 1.0, 1.0, 2.0, 1.0, 1.0, 1.1363636363636365, 1.000523286237572, 1.3118279569892473, 1.105263157894737, 1.2, 2.0, 1.0, 1.0, 1.5, 1.5, 1.0, 1.0, 1.3333333333333333, 1.08, 1.5, 1.4444444444444444, 1.0769230769230769, 1.181019332161687, 1.069033530571992, 1.0178571428571428, 1.0146225345726592, 1.0159340659340659, 1.1978609625668448, 1.0302530253025302, 1.2, 1.0, 1.0, 1.588235294117647, 1.4684466019417475, 1.5, 1.0670152091254752, 1.1468126207340632, 1.0408163265306123, 1.0, 1.21875, 1.0888888888888888, 1.0, 1.263157894736842, 1.0136884021901444, 1.5, 1.0, 1.076158940397351, 1.0578778135048232, 1.3846153846153846, 1.0909090909090908, 1.0049727681742837, 1.0, 1.1, 1.0869565217391304, 1.0425246195165623, 1.0, 1.0, 1.1428571428571428, 1.0, 1.0625, 1.3786407766990292, 1.0666666666666667, 2.0, 1.4, 1.0, 1.0045013850415512, 4.0, 1.0, 1.0334128878281623, 1.2298850574712643, 1.1538461538461537, 2.3333333333333335, 1.0, 1.1571428571428573, 1.0769230769230769, 1.0170745589072283, 1.1329479768786128, 1.273972602739726, 1.0, 1.2857142857142858, 1.0254372019077902, 1.1555555555555554, 2.0, 1.2276785714285714, 1.0, 1.0, 1.0, 1.0, 1.0, 1.5294117647058822, 1.1111111111111112, 1.1176470588235294, 1.0, 1.0, 1.0, 1.4, 1.0790172642762283, 1.0, 1.0, 1.2067796610169492, 2.0, 1.0, 1.0, 1.3333333333333333, 1.6111111111111112, 1.0, 1.0, 1.0638297872340425, 1.0, 1.0061349693251533, 1.4841269841269842, 1.2, 1.0, 1.0, 2.5, 1.0347826086956522, 1.7333333333333334, 1.0031627372052905, 1.0, 1.0, 1.5555555555555556, 1.0285714285714285, 1.3333333333333333, 1.0, 1.4545454545454546, 1.0099502487562189, 2.0, 1.1428571428571428, 1.0294117647058822, 1.0, 1.0, 2.0, 1.0181005110732537, 1.029585798816568, 1.0, 1.047337278106509, 1.0, 1.0, 1.7272727272727273, 1.2926829268292683, 1.0265151515151516, 1.5, 1.1006493506493507, 1.0, 1.053072625698324, 1.5, 1.0084033613445378, 1.0, 1.1842105263157894, 1.0014975664545114, 1.5, 1.0, 1.1148936170212767, 1.0, 1.0, 1.125, 1.0597014925373134, 1.0, 1.2222222222222223, 2.0, 1.0, 1.125, 1.028169014084507, 1.0031446540880504, 2.0, 1.1039755351681957, 1.4, 1.0, 1.0, 1.0, 1.0, 1.0544554455445545, 1.0, 1.0, 1.0, 1.0548712206047033, 1.0, 1.015177065767285, 1.0, 1.0156862745098039, 1.0, 1.0, 1.069119286510591, 1.2727272727272727, 1.0, 1.0055045871559634, 1.0, 1.0996028108768714, 1.0, 1.1470588235294117, 1.0, 1.0203936447711643, 1.0, 1.0, 2.0, 2.0, 3.0, 1.1415929203539823, 1.105263157894737, 1.0396039603960396, 1.0, 1.0344827586206897, 1.0392156862745099, 3.0, 1.037037037037037, 1.0, 1.5, 1.0, 1.0, 1.6666666666666667, 1.1333333333333333, 1.0, 1.2, 1.000343465567577, 1.1428571428571428, 1.0, 1.0, 1.0, 1.0352771778257739, 1.3333333333333333, 1.0, 1.163265306122449, 1.0, 1.5714285714285714, 1.0, 1.0673352435530086, 1.072072072072072, 1.0, 1.1961414790996785, 1.25, 1.0, 1.0, 3.0, 1.0, 1.0, 1.0909090909090908, 1.0833333333333333, 1.125, 1.305732484076433, 1.0, 1.21, 1.1428571428571428, 1.0, 1.0609756097560976, 1.0, 1.0, 1.0, 1.0, 2.0, 1.4321329639889198, 1.0, 1.0, 1.625, 1.6923076923076923, 1.0208333333333333, 1.5348837209302326, 1.0, 1.0, 1.1764705882352942, 1.0952380952380953, 1.0, 1.0204081632653061, 1.1587301587301588, 1.0, 1.0099476439790576, 1.055045871559633, 1.0384615384615385, 1.037037037037037, 1.4, 1.0, 1.0, 1.0, 1.25, 1.2828282828282829, 1.3181818181818181, 4.5, 1.380952380952381, 1.0512820512820513, 1.4, 1.0, 1.0048167539267017, 1.0, 1.3, 1.085397096498719, 1.1317567567567568, 1.1835443037974684, 2.5384615384615383, 1.144578313253012, 1.0, 1.0, 1.0099750623441397, 1.0, 1.0461538461538462, 1.0, 1.043879907621247, 1.0, 1.0054794520547945, 1.0, 1.5, 1.0416666666666667, 1.0, 1.0, 2.0, 1.1627906976744187, 1.0, 1.0, 1.1812865497076024, 1.043859649122807, 1.0321615557217652, 1.1428571428571428, 1.2608695652173914, 1.0, 1.0625, 1.4351851851851851, 1.0, 1.0124487704918033, 1.0009732360097323, 1.0, 1.0133712660028449, 1.0909090909090908, 1.0, 1.131578947368421, 2.0, 1.0888888888888888, 1.0, 1.0, 1.002242391884677, 1.054673721340388, 1.0740740740740742, 1.0, 1.0, 1.5, 1.1, 1.0054347826086956, 1.048951048951049, 1.020952380952381, 1.0, 2.0, 1.0, 1.1428571428571428, 1.3535353535353536, 1.0, 1.0, 1.0, 1.0, 1.0522648083623694, 1.0, 1.0, 1.0, 1.0, 2.0789473684210527, 1.0, 1.1538461538461537, 1.0, 1.9166666666666667, 1.187335092348285, 1.029520295202952, 1.4444444444444444, 1.0, 2.0, 1.0, 1.2857142857142858, 1.0, 1.0730136005726556, 1.1297872340425532, 1.2857142857142858, 1.0, 1.0341113105924595, 1.1428571428571428, 1.0, 1.015629284343296, 1.0449438202247192, 1.3, 1.0568181818181819, 1.055632823365786, 1.8333333333333333, 2.0, 1.078125, 1.0107758620689655, 1.018855218855219, 1.0, 1.1951219512195121, 1.2037037037037037, 1.1918367346938776, 1.2571428571428571, 3.0, 1.2162985529322163, 1.0209171359613838, 1.0, 1.250909090909091, 1.0, 1.0204081632653061, 1.8333333333333333, 1.0071696824854899, 1.1206896551724137, 1.0, 3.0, 1.0, 1.2580645161290323, 2.0, 1.0705882352941176, 1.1830065359477124, 1.0025684931506849, 1.013719512195122, 1.1102661596958174, 1.0, 1.043336439888164, 2.0, 1.1153846153846154, 1.0, 1.196319018404908, 1.0, 1.0, 1.8571428571428572, 2.0, 4.0, 1.1111111111111112, 2.0, 1.0389610389610389, 1.0, 1.1818181818181819, 1.0346093340325118, 1.0328480776409108, 1.0492610837438423, 1.07, 1.10752688172043, 1.0, 1.0, 1.0, 1.0, 1.013727560718057, 1.1666666666666667, 1.0485185185185186, 1.5, 2.0, 1.236842105263158, 1.0153846153846153, 1.0797101449275361, 1.0, 1.1499423298731257, 1.0, 1.4242424242424243, 1.1428571428571428, 1.0, 1.5, 1.0625, 3.0, 1.0, 1.0, 2.0, 1.0, 1.0317433798346003, 1.043565348022033, 1.0, 1.25, 1.0, 1.0833333333333333, 1.0899689762150981, 1.0, 1.2120141342756183, 1.6, 1.067448680351906, 2.0, 1.0, 1.0655021834061136, 1.0, 1.0555555555555556, 1.0, 1.0279828993392925, 1.3628318584070795, 1.2666666666666666, 1.018181818181818, 1.0304136253041363, 2.0, 1.6666666666666667, 1.0, 1.2727272727272727, 2.0, 1.0137693631669535, 1.0, 1.0, 1.0663764961915125, 1.5384615384615385, 1.0, 1.1585365853658536, 1.0, 1.0, 1.0126616379310345, 1.0, 1.0526315789473684, 1.4285714285714286, 1.2352941176470589, 1.002084018865855, 1.0, 1.4, 1.1554878048780488, 1.0126582278481013, 1.0992891538637928, 1.0, 1.108786610878661, 1.25, 1.023728813559322, 1.0, 1.0, 1.52, 1.125, 1.0824587706146926, 1.1523178807947019, 1.028899445764054, 1.0321543408360128, 1.2162162162162162, 1.0919540229885059, 1.5, 1.0, 1.163265306122449, 1.036649214659686, 1.0333333333333334, 1.0, 1.4666666666666666, 1.1833333333333333, 1.0, 1.0, 1.0769230769230769, 1.0, 1.0476190476190477, 1.0290697674418605, 1.0, 1.11864406779661, 1.5, 1.0, 1.0, 1.0, 1.2857142857142858, 1.0130434782608695, 1.0476190476190477, 1.7407407407407407, 1.0, 1.0, 1.0125, 1.081806282722513, 1.0, 1.0, 1.0, 1.0849056603773586, 1.2142857142857142, 1.0, 3.0, 1.0352204919225731, 1.3333333333333333, 1.0, 1.0, 1.1084905660377358, 1.25, 1.3125, 1.0776699029126213, 1.75, 1.375, 1.0, 1.0, 1.0, 1.709090909090909, 1.0, 1.076423723812334, 1.0693069306930694, 1.0463472113118617, 1.0, 1.0212821860220704, 1.003056768558952, 1.0666666666666667, 1.063157894736842, 1.0, 1.0, 1.0210542033746453, 2.0, 1.075, 1.25, 1.2717391304347827, 1.0, 1.3333333333333333, 1.0365853658536586, 2.0, 1.0, 1.3333333333333333, 1.6666666666666667, 1.0148367952522255, 1.372093023255814, 1.0909090909090908, 1.0789576040451185, 1.0317460317460319, 1.6666666666666667, 1.05, 1.0, 1.0, 1.0, 1.0, 1.0277777777777777, 1.0339225991399905, 1.0, 1.5, 2.0, 1.0, 1.0, 1.0, 1.0833333333333333, 1.0295375048581423, 1.0066539923954372, 1.0, 1.16751269035533, 1.0427063339731286, 3.0, 1.2142857142857142, 1.0018050541516246, 1.0, 1.5555555555555556, 1.0, 1.1411764705882352, 1.3617021276595744, 1.0766283524904214, 1.0152473038304202, 1.0218978102189782, 1.2079510703363914, 1.0, 1.1461716937354989, 1.0357142857142858, 1.4166666666666667, 1.0, 1.0208092485549134, 1.0, 1.0, 1.0, 1.0024778761061948, 1.0048076923076923, 1.0338983050847457, 1.2222222222222223, 1.2833333333333334, 2.0, 1.0891089108910892, 1.5, 1.0, 1.1041666666666667, 1.0, 1.15625, 1.0, 1.4285714285714286, 1.0120947421468167, 1.0086580086580086, 1.008097165991903, 1.0, 1.0038719044930224, 1.0, 1.0588235294117647, 1.0, 1.0066006600660067, 1.0, 1.0, 1.0, 1.0, 1.0441826215022092, 1.0, 1.0, 2.0, 1.0847457627118644, 1.020162419490339, 1.36, 1.0, 1.9705882352941178, 1.0411631419939578, 1.0191924488725748, 1.0, 1.291044776119403, 1.0, 1.3714285714285714, 1.0571428571428572, 1.5, 1.0, 1.4444444444444444, 1.09375, 1.2138964577656677, 1.0, 1.0, 1.0, 1.6666666666666667, 1.267605633802817, 1.0909090909090908, 1.0807453416149069, 1.0, 1.1180124223602483, 1.1029411764705883, 1.0092307692307692, 1.0052356020942408, 1.098793363499246, 1.05, 1.0, 1.7692307692307692, 1.3428571428571427, 1.0952380952380953, 1.0, 1.0, 1.2727272727272727, 1.0859852476290832, 1.3020833333333333, 1.0153550863723608, 1.0, 2.0, 1.0371509095567513, 1.0, 1.0, 1.0, 1.0, 1.6666666666666667, 1.0, 1.1951219512195121, 1.0434782608695652, 1.0, 1.0, 1.1046831955922864, 1.2357790601813685, 1.0116632860040569, 1.0, 1.15, 1.049645390070922, 1.0178837555886737, 1.0638297872340425, 1.1188725490196079, 1.0, 1.0873469387755101, 1.0063091482649842, 1.0833333333333333, 1.0893141945773526, 1.1059113300492611, 3.0, 1.2432432432432432, 1.2592592592592593, 2.0, 1.6666666666666667, 1.0, 1.2, 1.073394495412844, 1.0, 7.0, 3.0, 2.0, 3.0, 1.0125, 1.3461538461538463, 1.75, 1.1636363636363636, 1.2, 1.0, 1.2213740458015268, 1.0023830801310694, 1.0594162612925644, 1.018898271009248, 1.6666666666666667, 1.6, 3.0, 1.0, 1.0, 1.1956521739130435, 1.0268987341772151, 1.0, 1.2841648590021693, 1.0, 1.3076923076923077, 1.1136363636363635, 1.0, 1.3655913978494623, 1.1463815789473684, 1.0158730158730158, 1.101123595505618, 1.2857142857142858, 1.3057553956834533, 1.0175438596491229, 1.5833333333333333, 1.0, 1.0250329380764163, 1.5, 1.0, 1.0, 1.0, 1.2230303030303031, 1.0210859251449658, 1.0, 1.031417941298057, 1.3333333333333333, 1.1538461538461537, 1.1326530612244898, 1.0, 2.0, 1.0075187969924813, 1.162162162162162, 1.0554061323292092, 1.0529411764705883, 1.14, 1.0, 1.0, 1.0246305418719213, 1.0, 1.05, 1.1065022421524664, 1.2564102564102564, 1.0, 1.0, 1.0829268292682928, 1.5833333333333333, 1.0, 1.0, 1.0013094278807413, 1.0, 1.1363636363636365, 2.0, 1.0, 1.0, 1.054054054054054, 1.1363636363636365, 1.3214285714285714, 1.03768115942029, 3.0, 1.1470588235294117, 1.0, 1.0, 1.0, 1.0809638554216867, 1.1274382314694409, 1.1257088846880907, 1.3333333333333333, 1.0, 1.256838905775076, 1.3333333333333333, 1.0, 1.3786764705882353, 1.4615384615384615, 1.066972828166858, 1.023342175066313, 1.2941176470588236, 1.0, 1.5, 1.0, 1.5214285714285714, 1.0, 1.0225220756027384, 1.1816336884830037, 1.2, 1.0, 1.3125, 1.0, 1.6666666666666667, 1.0, 1.3333333333333333, 1.3111111111111111, 1.0, 2.5, 1.029511918274688, 1.0, 1.0, 1.0, 1.2, 1.0038610038610039]
origin-census_12.27 	max: 7.0000	99th: 3.0000	95th: 2.0000	median: 1.0439	mean: 1.2116

...Done, result: results.csv

WORKLOAD-FINISHED | Type: QueryWorkload | Progress: 1/3 | Workload-time: 85.165844 | Model-update-time: 0.000000


WORKLOAD-START | Type: DataUpdateWorkload | Progress: 2/3
Going to run: ['python', '/home/kangping/code_copy/SAUCE/Naru/eval_model.py', '--model=naru', '--data_update=tupleskew', '--dataset=census', '--drift_test=js', '--end2end', '--update_size=8000', '--query_seed=0', '--eval_type=drift']
Torch device: cuda:1
GET-MODEL-PATH=./models/end2end/naru/origin-census-22.5MB-model27.255-data14.989-300epochs-seed0.pt
GET-DATASET-PATH=./data/census/end2end/census_int.npy
TupleSkewSample - START
0.01
TupleSkewSample - END
load_npy_dataset_from_path - df.shape = (39073, 13)
Parsing... done, took 0.0s
Data updated!
Previous data size: (32561, 13), new data size: (6512, 13)
[2.9742718e-05 1.6278028e-04 6.9081783e-05 1.2516975e-05 7.7593327e-04
 2.4735928e-05 5.2928925e-05 3.2675266e-04 1.7881393e-06 7.9971552e-04
 5.6838989e-04 2.1302700e-04 7.4088573e-05]
Distance score: 0.00023934475029818714
SAUCE Drift detection: True
Detection latency: 0.0037s

DRIFT-DETECTED after 2-th workload
Going to run: ['python', '/home/kangping/code_copy/SAUCE/Naru/incremental_train.py', '--dataset=census', '--end2end', '--model=naru', '--model_update=adapt', '--update_size=8000', '--epochs=0']
Torch device: cuda:1
GET-MODEL-PATH=./models/end2end/naru/origin-census-22.5MB-model27.255-data14.989-300epochs-seed0.pt
update_size: 6512
AdaptTask - START
GET-DATASET-PATH=./data/census/end2end/census_int.npy
load_npy_dataset_from_path - df.shape = (39073, 13)
Parsing... done, took 0.0s
done, took 0.0s
dataset size: 39073
train data shape: torch.Size([6512, 13]), transfer data shape:torch.Size([1302, 13])
Training done; evaluating likelihood on full data:
Epoch None Iter 0, test loss 19.1447 nats / 27.6200 bits
Saved to: /home/kangping/code_copy/SAUCE/models/end2end/naru/origin-census-22.5MB-model27.255-data14.989-300epochs-seed0.pt
AdaptTask - END

WORKLOAD-FINISHED | Type: DataUpdateWorkload | Progress: 2/3 | Workload-time: 1.942513 | Model-update-time: 3.791122


WORKLOAD-START | Type: QueryWorkload | Progress: 3/3
Going to run: ['python', '/home/kangping/code_copy/SAUCE/Naru/eval_model.py', '--dataset=census', '--model=naru', '--end2end', '--query_seed=0', '--eval_type=estimate', '--num_workload=3', '--data_update=tupleskew', '--model_update=adapt', '--random_seed=42']
Torch device: cuda:1
GET-MODEL-PATH=./models/end2end/naru/origin-census-22.5MB-model27.255-data14.989-300epochs-seed0.pt
ckpts [PosixPath('/home/kangping/code_copy/SAUCE/models/end2end/naru/origin-census-22.5MB-model27.255-data14.989-300epochs-seed0.pt')]
Validate Argument: DATASET="census" is valid.
data size: 39073, total size: 39073, split index: [32560 39073]
Parsing... done, took 0.0s
Loading ckpt: /home/kangping/code_copy/SAUCE/models/end2end/naru/origin-census-22.5MB-model27.255-data14.989-300epochs-seed0.pt
query_seed:0
origin-census_12.27 	max: 33.0000	99th: 26.0000	95th: 13.5250	median: 1.1048	mean: 2.3651
ReportEsts: [1.3707865168539326, 1.0, 1.5348837209302326, 1.0, 1.6, 1.813664596273292, 1.047990401919616, 1.6185567010309279, 1.0, 1.0, 1.0033575825405707, 1.4081632653061225, 1.3584905660377358, 1.0472972972972974, 1.5522388059701493, 1.1580310880829014, 1.0740740740740742, 1.2340425531914894, 1.0, 26.0, 1.6944444444444444, 1.2105263157894737, 1.0, 1.1, 1.0, 1.5, 1.0073366555924697, 1.3029045643153527, 3.0, 1.05971037492561, 1.0638970422217204, 1.6216216216216217, 1.10626767200754, 1.0531177829099307, 1.6363636363636365, 1.0481927710843373, 1.0, 1.5, 1.25, 1.0457232952305873, 1.0357142857142858, 1.0, 17.0, 1.0870657178735872, 1.0, 1.3333333333333333, 18.0, 1.0224719101123596, 21.0, 1.0, 1.0057854917668, 1.1818181818181819, 1.0, 2.066666666666667, 1.2023809523809523, 1.3611111111111112, 1.625, 1.0198255352894527, 1.0555555555555556, 1.1428571428571428, 1.194736842105263, 1.3611111111111112, 1.0584795321637428, 1.1666666666666667, 1.3225806451612903, 1.0050737573992294, 1.1238223418573352, 1.024889810733731, 1.1896551724137931, 1.7, 1.2526690391459074, 1.5254237288135593, 1.3333333333333333, 1.0540688148552704, 1.023887079261672, 1.0, 1.4285714285714286, 22.0, 1.0454140694568121, 1.2, 3.7142857142857144, 1.0, 1.0, 10.0, 1.001290322580645, 2.0, 1.346938775510204, 1.0, 6.0, 1.1194805194805195, 1.0, 2.0, 1.1, 1.0, 1.2083333333333333, 2.0, 22.0, 1.0, 1.1595330739299612, 1.6, 1.0, 1.3306451612903225, 1.0375, 1.0454545454545454, 1.082191780821918, 1.0895522388059702, 1.3793103448275863, 2.0, 1.0224032586558045, 2.2857142857142856, 1.0, 1.0384615384615385, 2.6666666666666665, 1.120754716981132, 1.0, 1.0, 3.090909090909091, 1.0, 1.0, 1.0, 1.0, 1.0, 3.0, 1.25, 1.3877551020408163, 1.0, 1.2215909090909092, 1.1487603305785123, 1.008695652173913, 1.0, 1.019189765458422, 1.0358511220580187, 1.1518193224592221, 1.0, 1.3, 1.402542372881356, 1.0, 1.2941176470588236, 2.0, 1.0, 1.0, 2.0, 1.0, 1.5217391304347827, 1.0, 1.0, 1.0635192154179496, 1.0778275475923853, 1.0, 1.0283973029045643, 1.181937172774869, 1.0, 1.0418591224018476, 4.714285714285714, 1.0, 1.2303370786516854, 1.1185567010309279, 1.2777777777777777, 1.3333333333333333, 1.0741391426563598, 1.4, 1.0471204188481675, 1.292022792022792, 1.0144694533762058, 1.2727272727272727, 1.0198763250883391, 1.044280442804428, 27.0, 1.8571428571428572, 2.263157894736842, 1.0198363501115795, 1.0845070422535212, 1.0269392175443346, 1.171826625386997, 1.1049019607843138, 1.178343949044586, 1.0, 1.25, 1.0, 1.2549019607843137, 1.8, 1.0, 1.1506849315068493, 1.223728813559322, 1.0, 1.2281553398058251, 2.4285714285714284, 2.2, 1.0, 1.5, 1.0, 1.0873015873015872, 1.0, 1.0, 1.0, 1.0276772793053546, 1.0897666068222622, 1.2083333333333333, 1.0, 1.296875, 1.09375, 1.0, 1.0528967254408061, 1.0466595970307528, 1.6041666666666667, 1.2093023255813953, 1.0, 6.75, 1.0, 1.5, 1.0, 1.1538461538461537, 1.05181598062954, 1.5, 26.0, 1.2471590909090908, 1.1047120418848169, 1.0, 1.0054702293288449, 1.3333333333333333, 1.1083676268861453, 1.0172426552208984, 1.0, 1.0, 1.1851851851851851, 1.0945121951219512, 1.4, 1.5714285714285714, 1.3272311212814645, 1.2962962962962963, 2.0, 1.0017528483786153, 1.0, 1.019229448526887, 1.0, 1.0, 1.303030303030303, 2.0, 21.0, 1.1604627766599598, 1.073394495412844, 1.0, 1.1527777777777777, 24.0, 1.2764505119453924, 1.171875, 2.0, 1.0, 1.1945169712793733, 1.0578055964653903, 1.2173913043478262, 20.0, 1.032258064516129, 1.3142857142857143, 1.0, 22.0, 1.0743801652892562, 1.052, 1.016260162601626, 1.0867768595041323, 1.0890822784810126, 1.0, 1.5, 2.923076923076923, 1.008230452674897, 20.0, 1.0, 1.0, 1.424507658643326, 1.0, 1.0641646489104115, 1.0, 1.0666666666666667, 1.0, 1.0056749087961085, 1.0, 3.2857142857142856, 1.5365853658536586, 1.2291021671826625, 1.5, 1.1714485654303708, 1.0, 1.3333333333333333, 1.6666666666666667, 1.176991150442478, 1.475, 1.5, 1.0, 1.0198675496688743, 1.0, 1.0, 1.0, 1.5483870967741935, 1.0492957746478873, 1.5384615384615385, 1.062780269058296, 2.0952380952380953, 1.5675675675675675, 1.1176470588235294, 1.0185116623472787, 1.1282051282051282, 1.0, 1.0, 1.0492700729927007, 1.0, 1.0, 1.5777777777777777, 1.0, 20.0, 1.0, 1.034604385128694, 1.200507614213198, 1.4, 1.0459081836327346, 1.2956521739130435, 1.3846153846153846, 2.0, 1.0833333333333333, 1.0, 1.0, 1.0, 1.1073316478970352, 1.0, 1.110565745285456, 2.0, 1.0, 1.1656648232748257, 1.1833333333333333, 1.0, 1.0, 2.0, 1.3333333333333333, 3.0, 1.011124845488257, 1.0, 1.0068027210884354, 1.0, 16.5, 1.0, 2.0, 1.0, 2.0, 1.0, 1.0, 1.0, 1.0776699029126213, 1.2974137931034482, 1.0, 1.0433333333333332, 17.0, 1.0, 1.6666666666666667, 1.3636363636363635, 1.0, 1.6666666666666667, 1.12, 1.0, 1.0869565217391304, 1.5, 1.2452830188679245, 1.5, 1.1353633572159672, 1.010567296996663, 1.3181818181818181, 1.0381406436233611, 1.0, 22.0, 1.0, 1.0, 1.0222222222222221, 1.2083333333333333, 1.0666666666666667, 1.052703627652293, 1.0, 1.1610169491525424, 1.375, 1.0, 1.2988505747126438, 1.0, 1.0, 1.0, 1.3043478260869565, 2.0, 1.388095238095238, 1.0, 1.625, 1.3, 1.5238095238095237, 1.1666666666666667, 4.333333333333333, 1.0, 2.0, 1.3564814814814814, 26.0, 1.0, 1.047361299052774, 1.0, 1.1553846153846155, 1.283203125, 1.6666666666666667, 19.0, 1.8604651162790697, 1.0330520393811533, 2.0, 1.2105263157894737, 1.0, 1.0884450784593438, 1.0135135135135136, 19.0, 1.0595009596928984, 1.34375, 2.0, 1.0, 2.0, 25.0, 1.1316025067144135, 1.0120481927710843, 1.1055718475073313, 1.0038058991436727, 1.3695652173913044, 1.0, 1.0, 1.5384615384615385, 1.504201680672269, 1.9583333333333333, 1.069364161849711, 1.0, 1.0908228598529761, 21.0, 1.1722595078299776, 24.0, 1.1982758620689655, 1.2916666666666667, 1.0, 1.0, 1.0, 1.0087544767210506, 1.6875, 1.0648682559598495, 2.0, 2.0, 1.5, 1.1300448430493273, 1.0, 2.210526315789474, 1.121212121212121, 2.6923076923076925, 1.0, 1.2, 1.0, 1.0, 2.0, 1.0625, 1.1063829787234043, 1.2357142857142858, 1.0476190476190477, 1.0199374511336983, 1.0, 1.0491071428571428, 1.3333333333333333, 1.010221465076661, 1.0, 15.5, 1.0, 1.1357142857142857, 1.0, 1.0, 1.197879858657244, 1.4285714285714286, 1.0737838720208945, 1.5454545454545454, 1.0303190551736294, 1.0772442588726514, 4.333333333333333, 2.0, 1.0361352156456418, 1.5089820359281436, 1.0, 1.0, 1.0804597701149425, 1.0, 1.6666666666666667, 1.1422413793103448, 1.1111111111111112, 1.0, 1.0346399270738378, 1.5, 1.2666666666666666, 1.0, 1.0066371681415929, 1.0, 3.0, 1.1176470588235294, 1.2591362126245846, 1.5135135135135136, 1.0, 1.5714285714285714, 1.0, 1.0384615384615385, 2.1176470588235294, 21.0, 1.023076923076923, 1.0548844537815125, 1.0892285815854958, 1.0934405940594059, 1.280388978930308, 1.375, 1.4666666666666666, 1.1645569620253164, 1.0579710144927537, 16.0, 1.0, 1.7413793103448276, 1.4, 1.1304347826086956, 1.0, 1.0, 2.0, 1.2981366459627328, 1.5, 2.0, 1.5714285714285714, 1.1320754716981132, 1.3719298245614036, 3.25, 1.0655737704918034, 1.125, 1.0, 1.0277777777777777, 2.0, 1.0909090909090908, 1.125, 1.1403508771929824, 1.0, 1.0, 1.59375, 1.0601769911504424, 1.4256198347107438, 1.0, 1.0852713178294573, 1.0, 1.0, 1.0, 7.2, 1.0358659745162813, 1.0454545454545454, 1.0629780724120346, 1.0034718065365738, 1.0592885375494072, 1.0, 23.0, 1.1113074204946995, 1.0463917525773196, 2.0, 1.079429735234216, 1.0, 1.07166392092257, 1.029964221824687, 2.0, 1.2727272727272727, 1.1376811594202898, 1.1666666666666667, 1.0313435688348092, 1.0, 30.0, 1.2903225806451613, 1.0, 1.0, 1.069078947368421, 1.0, 1.0, 1.0, 2.3529411764705883, 1.3678756476683938, 1.2272727272727273, 1.1269565217391304, 1.5, 1.0595238095238095, 1.012037037037037, 23.0, 1.0335890878090366, 1.4722222222222223, 19.0, 2.0, 1.3142857142857143, 4.166666666666667, 1.0504807692307692, 1.140625, 2.0, 1.0108377270064441, 1.4, 1.0, 1.3333333333333333, 2.0, 1.0044247787610618, 1.3333333333333333, 1.0, 2.0, 1.1160220994475138, 1.0404984423676011, 1.4545454545454546, 2.2580645161290325, 1.5, 3.5, 1.0330578512396693, 1.0748502994011977, 1.045268376805346, 1.1537037037037037, 1.0632754342431763, 1.0717299578059072, 1.0352112676056338, 1.0, 1.0, 1.1135110294117647, 1.0640522875816993, 1.3529411764705883, 1.063976377952756, 1.1923076923076923, 1.0, 1.056701030927835, 1.3404255319148937, 1.7142857142857142, 1.0, 1.0689655172413792, 1.0833333333333333, 1.2, 1.0072541071047578, 21.0, 1.2928039702233252, 1.016145791703301, 2.8947368421052633, 1.0, 1.0104319478402608, 1.0, 13.5, 1.5068493150684932, 1.0217391304347827, 2.090909090909091, 19.0, 1.0, 1.0, 1.0168539325842696, 1.0, 1.0276700284458236, 1.2589928057553956, 1.0, 1.2777777777777777, 1.407185628742515, 1.2789317507418398, 1.0, 18.0, 1.76, 1.0, 1.1147540983606556, 1.029126213592233, 1.125, 1.0198863636363635, 1.1688311688311688, 1.5384615384615385, 1.0244857982370226, 1.0, 1.1615853658536586, 1.0833333333333333, 1.0, 1.702970297029703, 1.5, 3.0, 1.5, 1.0, 1.171875, 1.0, 1.0608695652173914, 1.0669642857142858, 1.0, 1.0, 1.0, 1.0, 1.0, 1.0, 1.0390625, 1.1111111111111112, 2.4705882352941178, 1.0990990990990992, 1.5, 1.1323529411764706, 1.0, 1.2826086956521738, 1.0, 1.0, 1.0, 1.035758761786159, 1.75, 1.4137931034482758, 1.0291858678955452, 1.0, 1.0, 1.0, 1.0, 27.0, 1.0107752956636005, 2.0, 1.0116279069767442, 1.1538461538461537, 1.0209155758709052, 6.75, 1.3333333333333333, 1.0670327895331932, 1.3333333333333333, 1.025236593059937, 1.105263157894737, 1.5555555555555556, 1.5, 1.0, 1.2169197396963123, 1.2222222222222223, 1.25, 1.2105263157894737, 1.173913043478261, 14.0, 1.0, 1.0, 1.0, 1.2571428571428571, 1.25, 1.2372168284789644, 1.0404738400789733, 1.0, 2.0, 1.0, 1.027027027027027, 1.0185627442466347, 1.0189003436426116, 2.0, 1.0595903165735567, 1.069129916567342, 3.0, 1.0, 1.0909090909090908, 1.0, 1.875, 1.0, 1.193069306930693, 1.0, 1.044776119402985, 1.2012987012987013, 1.1574803149606299, 1.170940170940171, 1.6666666666666667, 1.0, 1.318840579710145, 1.4, 6.25, 3.0, 2.0, 1.1242484969939879, 1.103119266055046, 1.3614457831325302, 1.0, 22.0, 2.0, 1.8571428571428572, 1.1833333333333333, 1.123456790123457, 1.7142857142857142, 1.139655172413793, 20.0, 5.3, 1.39375, 21.0, 1.0, 1.0, 1.625, 2.1818181818181817, 1.0907106475867088, 1.6666666666666667, 1.0, 18.0, 1.0963676797627873, 1.0886075949367089, 1.0851528384279476, 1.0, 1.0952380952380953, 1.0, 1.3709677419354838, 1.0, 1.6206896551724137, 1.1411992263056092, 1.1237113402061856, 1.2333333333333334, 2.7777777777777777, 3.933333333333333, 1.0, 2.769230769230769, 1.0159517901453385, 1.0, 1.0190615835777126, 1.2608695652173914, 3.2857142857142856, 1.0, 1.0769230769230769, 1.9375, 30.0, 1.0, 1.2, 1.180952380952381, 1.1886792452830188, 1.0833333333333333, 2.0, 1.3015873015873016, 1.2409638554216869, 4.6, 1.0120160213618157, 1.0441262419637638, 1.0761964735516374, 1.2380952380952381, 1.0, 1.0, 1.3287037037037037, 1.2321428571428572, 1.1358024691358024, 16.0, 1.0, 1.4714285714285715, 1.0, 1.0555555555555556, 1.022289648733808, 24.0, 1.2884615384615385, 1.2843137254901962, 1.181547619047619, 1.052046783625731, 2.0, 1.1120840630472855, 1.2032520325203253, 2.35, 1.0, 1.4366197183098592, 1.055956678700361, 1.1612903225806452, 1.0101680553594126, 33.0, 1.0103201347935973, 1.0, 21.0, 1.0189228529839884, 1.1551724137931034, 1.065934065934066, 1.2, 1.0113895216400912, 1.1737967914438503, 1.0909090909090908, 1.0692307692307692, 1.2008113590263692, 3.0, 1.0467289719626167, 1.5555555555555556, 2.0, 16.0, 1.0, 1.2230971128608923, 1.5114503816793894, 1.0, 1.0146222583265638, 8.666666666666666, 1.0382626680455016, 1.0204081632653061, 2.0, 1.0238990927196283, 1.4, 1.2522522522522523, 1.0, 1.1, 1.051383399209486, 1.0244648318042813, 2.1052631578947367, 1.0, 1.0344827586206897, 1.7, 1.0, 1.2173913043478262, 3.75, 26.0, 1.0533333333333332, 1.4276315789473684, 1.0, 1.0, 1.1538054968287526, 2.0, 4.857142857142857, 1.0, 1.2718446601941749, 1.0, 1.0483327421071302, 1.0, 1.0825082508250825, 1.0289473684210526, 2.0, 1.0657596371882085, 1.1125, 1.0171115674195756, 1.0052083333333333, 1.5614035087719298, 1.4285714285714286, 1.1253146853146854, 1.0285277636271013, 2.0, 1.0, 1.0, 1.4421768707482994, 1.068111455108359, 1.0, 1.0919540229885059, 2.066666666666667, 1.1457227138643067, 1.0977198697068404, 2.0, 1.0444104134762635, 4.0, 1.2171945701357465, 1.0909090909090908, 1.4, 1.0264361972547027, 1.2, 15.0, 1.0530785562632696, 1.0, 1.0278884462151394, 1.1570680628272252, 2.142857142857143, 1.0277777777777777, 1.7307692307692308, 1.25, 1.0, 1.3902439024390243, 22.0, 1.0465949820788532, 1.3181818181818181, 1.058252427184466, 1.0212765957446808, 1.0, 1.125, 1.0, 26.0, 1.0, 1.036573045059608, 1.2725173210161662, 1.1006339144215531, 1.0, 1.0, 1.0714285714285714, 1.02020202020202, 1.1727748691099475, 1.4395973154362416, 1.2666666666666666, 1.0485002631117348, 1.0941331824184115, 2.0, 1.0519031141868511, 1.0866788321167884, 1.0, 1.0, 1.0, 1.1631944444444444, 1.2701252236135958, 2.0588235294117645, 1.0, 1.0546075085324231, 1.0, 1.0769230769230769, 1.0, 1.4, 1.511111111111111, 1.1666666666666667, 1.0087951432129514, 1.009433962264151, 1.0, 1.673913043478261, 1.1724137931034482, 1.0689655172413792, 1.0418410041841004, 1.0548446069469835, 1.062319221667105, 1.0, 1.0, 2.0, 1.2398373983739837, 1.02757502027575, 1.0300751879699248, 1.0064453038182868, 1.0212765957446808, 2.0, 1.2592592592592593, 1.0, 1.0, 9.25, 1.0, 1.5, 1.1412213740458015, 27.0, 1.1333333333333333]
origin-census_12.27 	max: 33.0000	99th: 26.0000	95th: 13.5250	median: 1.1048	mean: 2.3651

...Done, result: results.csv

WORKLOAD-FINISHED | Type: QueryWorkload | Progress: 3/3 | Workload-time: 87.884738 | Model-update-time: 0.000000


Experiment Summary: #data-update-times=1, #drift=1 | total-time=178.838623