Input arguments = Namespace(data_update='tupleskew', update_size=8000, dataset='census', debug=False, drift_test='js', model_update='adapt', model='naru', end2end=False, query_seed=0, random_seed=42, num_workload=3)
JSON-passed parameters = {'data_updater': {'skew_ratio': '1e-2'}, 'random_seed': 87, 'naru': {'epochs': 0}}
MODEL-PATH=/home/kangping/code_copy/SAUCE/models/end2end/naru/origin-census-22.5MB-model27.255-data14.989-300epochs-seed0.pt
DATASET-PATH=/home/kangping/code_copy/SAUCE/data/census/end2end/census_int.npy
Workloads: ['QueryWorkload', 'DataUpdateWorkload', 'QueryWorkload']

WORKLOAD-START | Type: QueryWorkload | Progress: 1/3
Going to run: ['python', '/home/kangping/code_copy/SAUCE/Naru/eval_model.py', '--dataset=census', '--model=naru', '--query_seed=0', '--end2end', '--eval_type=first_estimate', '--num_workload=3', '--data_update=tupleskew', '--model_update=adapt', '--random_seed=42']
Torch device: cuda:1
GET-MODEL-PATH=./models/end2end/naru/origin-census-22.5MB-model27.255-data14.989-300epochs-seed0.pt
ckpts [PosixPath('/home/kangping/code_copy/SAUCE/models/end2end/naru/origin-census-22.5MB-model27.255-data14.989-300epochs-seed0.pt')]
Validate Argument: DATASET="census" is valid.
load_csv_dataset - census (32561, 13)
Parsing... done, took 0.0s
Loading ckpt: /home/kangping/code_copy/SAUCE/models/end2end/naru/origin-census-22.5MB-model27.255-data14.989-300epochs-seed0.pt
query_seed:0
origin-census_12.27 	max: 5.0000	99th: 3.0000	95th: 2.0000	median: 1.0447	mean: 1.2054
ReportEsts: [1.0, 1.1640173410404624, 1.147887323943662, 2.0, 1.0307692307692307, 1.0858369098712446, 1.0, 1.2142857142857142, 1.0, 1.0, 1.0, 1.1700680272108843, 2.142857142857143, 1.1527777777777777, 1.3630136986301369, 1.0, 1.0845771144278606, 1.0, 1.0, 1.0, 2.0, 2.0, 1.329479768786127, 2.5, 1.1521739130434783, 1.2, 1.0, 1.013324666883328, 1.0, 1.0498471667058547, 1.0258755880815473, 1.3243243243243243, 1.1147540983606556, 1.0, 1.0, 1.2232142857142858, 1.5, 1.0337552742616034, 1.125, 1.002172732210755, 1.0, 1.0, 1.0, 1.0, 1.0, 1.1333333333333333, 1.0, 1.033458411507192, 1.0, 4.0, 1.0, 1.1666666666666667, 1.0, 1.0434782608695652, 1.0779816513761469, 5.0, 1.0555555555555556, 1.4, 1.0288362512873326, 1.0127388535031847, 1.125, 1.0909090909090908, 1.1730769230769231, 1.2307692307692308, 1.0, 1.0, 1.0, 1.018151815181518, 1.0, 1.1666666666666667, 1.3043478260869565, 1.2941176470588236, 1.6666666666666667, 1.0, 1.0348197923029934, 1.0, 1.0, 1.411764705882353, 2.0, 1.0, 1.0, 1.0, 1.0, 1.3333333333333333, 1.3, 1.0714285714285714, 1.0, 1.069767441860465, 1.0154069240529273, 1.0, 1.0469798657718121, 1.0, 1.0161290322580645, 2.0, 1.026143790849673, 1.5, 1.0951834862385321, 1.75, 1.6363636363636365, 1.5, 1.0, 1.0, 1.0, 1.0, 1.0, 1.0769230769230769, 1.0327102803738317, 1.2222222222222223, 1.2103658536585367, 1.032258064516129, 1.3478260869565217, 1.0, 1.2826086956521738, 1.4444444444444444, 1.5151515151515151, 1.0, 3.0, 1.0689655172413792, 3.0, 1.008108108108108, 2.0, 1.1936, 1.0260869565217392, 1.25, 1.0165289256198347, 1.1, 1.0099865047233467, 1.0447227191413238, 1.0636363636363637, 1.1461187214611872, 1.0, 1.0276046304541406, 1.0, 1.0, 2.0, 1.0, 1.0518918918918918, 1.0, 1.0, 1.5555555555555556, 1.0, 2.3333333333333335, 1.0, 1.0, 2.0, 1.0, 1.0, 1.1818181818181819, 1.0402611534276387, 1.1090909090909091, 1.105263157894737, 1.0, 2.0, 1.0, 1.0, 1.0, 3.0, 1.0, 1.0, 1.3333333333333333, 1.0, 1.5, 1.4444444444444444, 1.0769230769230769, 1.1218697829716193, 1.0650887573964498, 1.0116959064327486, 1.0004536176003629, 1.0114879649890591, 1.1727748691099475, 1.0016042780748664, 1.2, 1.0, 1.0, 1.588235294117647, 1.4792176039119804, 1.25, 1.088221037324285, 1.1384417256922086, 1.0098039215686274, 1.0, 1.248, 1.0888888888888888, 1.0508474576271187, 1.263157894736842, 1.007046606502658, 1.5, 1.0, 1.079734219269103, 1.067524115755627, 1.4482758620689655, 1.125, 1.0378471368886704, 1.0, 1.0666666666666667, 1.0869565217391304, 1.0646374216651746, 1.0, 1.0, 1.0802469135802468, 1.0, 1.0588235294117647, 1.3203883495145632, 1.0666666666666667, 2.0, 1.4, 1.0, 1.0481301939058172, 3.0, 1.0, 1.016990291262136, 1.1382978723404256, 1.25, 2.0, 1.0, 1.1714285714285715, 1.0576923076923077, 1.1147847785402372, 1.1040462427745665, 1.2191780821917808, 1.0, 1.2857142857142858, 1.0096308186195826, 1.5294117647058822, 2.0, 1.1410788381742738, 1.0, 1.0, 1.0, 1.0, 1.0, 1.4444444444444444, 1.1111111111111112, 1.107843137254902, 1.0, 1.0, 1.0, 1.4, 1.0411686586985391, 1.0, 1.0, 1.1021671826625388, 2.0, 1.0, 1.0, 1.25, 1.45, 1.0, 1.0, 1.0638297872340425, 1.0, 1.0, 1.2986111111111112, 1.0909090909090908, 1.0, 1.0, 2.5, 1.0434782608695652, 1.7333333333333334, 1.0031527658354829, 1.0, 1.0, 1.6666666666666667, 1.0, 1.3333333333333333, 1.0, 1.3333333333333333, 1.0049751243781095, 2.0, 1.1428571428571428, 1.088235294117647, 1.0, 1.0, 2.0, 1.0228925973470262, 1.0524193548387097, 1.0, 1.0536723163841808, 1.0, 1.0, 1.9090909090909092, 1.2682926829268293, 1.0, 1.25, 1.0892857142857142, 1.0, 1.0141643059490084, 1.5, 1.0344827586206897, 1.0, 1.125, 1.002246349681767, 1.5, 1.0044296788482836, 1.1054852320675106, 1.0, 1.0, 1.0384615384615385, 1.0228544776119404, 1.02, 1.2222222222222223, 2.0, 1.0, 1.1454545454545455, 1.0422535211267605, 1.0676100628930818, 2.0, 1.0061162079510704, 1.4, 1.0, 1.0, 1.0, 1.0, 1.0757575757575757, 1.0, 1.0, 1.0, 1.0022446689113356, 1.0, 1.004105722350526, 1.0, 1.000603318250377, 1.0476190476190477, 1.0, 1.035674470457079, 1.2727272727272727, 1.0, 1.0023591087811272, 1.0, 1.0745493431102964, 1.0, 1.1510416666666667, 1.0, 1.0358074460516955, 1.0, 1.0, 2.0, 2.0, 3.0, 1.3008849557522124, 1.105263157894737, 1.0880829015544042, 1.0, 1.0344827586206897, 1.0, 3.0, 1.0119047619047619, 1.0, 1.75, 1.0, 1.0, 1.6666666666666667, 1.0714285714285714, 1.0, 1.2, 1.017345011162631, 1.2, 1.2, 1.0, 1.0, 1.0286123032904149, 1.3333333333333333, 1.0, 1.183673469387755, 1.0, 1.4666666666666666, 1.0, 1.1004431314623337, 1.054054054054054, 1.0, 1.180952380952381, 1.2708333333333333, 1.0, 1.0, 3.0, 1.0, 1.0, 1.0588235294117647, 1.0416666666666667, 1.1538461538461537, 1.2974683544303798, 1.0, 1.1862745098039216, 1.1428571428571428, 1.0, 1.1954022988505748, 1.0, 1.0, 1.0, 2.0, 2.0, 1.4899135446685878, 1.0, 1.0, 1.625, 1.6923076923076923, 1.1979166666666667, 1.5348837209302326, 1.0, 1.0, 1.1764705882352942, 1.0952380952380953, 1.0, 1.0425531914893618, 1.1746031746031746, 1.0, 1.0120671563483736, 1.0648148148148149, 1.0384615384615385, 1.0357142857142858, 1.4666666666666666, 1.0, 1.0, 1.0625, 1.25, 1.3368421052631578, 1.2608695652173914, 4.0, 1.2083333333333333, 1.0256410256410255, 1.75, 1.0, 1.0392029456356942, 1.0, 1.1818181818181819, 1.0707666385846673, 1.1114864864864864, 1.1987179487179487, 1.303030303030303, 1.144578313253012, 1.0, 1.0, 1.0049627791563276, 1.0, 1.056910569105691, 1.0, 1.0554272517321017, 1.0, 1.03988603988604, 1.0, 1.5, 1.0833333333333333, 1.0, 1.0, 2.0, 1.25, 1.0, 1.0, 1.198813056379822, 1.0818181818181818, 1.0142109199700822, 1.1428571428571428, 1.3043478260869565, 1.0, 1.0666666666666667, 1.4444444444444444, 1.0, 1.008657786885246, 1.0300751879699248, 1.0, 1.011664295874822, 1.0909090909090908, 1.0, 1.131578947368421, 2.0, 1.1111111111111112, 1.0, 1.0, 1.003096636412173, 1.0328151986183074, 1.0740740740740742, 1.0, 1.0, 1.5, 1.064516129032258, 1.0108695652173914, 1.020979020979021, 1.020952380952381, 1.0, 2.0, 1.0, 1.5714285714285714, 1.3958333333333333, 1.0, 1.0, 1.0, 1.0, 1.0785714285714285, 1.0, 1.0, 1.0, 1.0, 1.7173913043478262, 1.0, 1.1538461538461537, 1.0, 2.090909090909091, 1.1794195250659631, 1.014760147601476, 1.5138888888888888, 1.0, 2.0, 1.0, 1.2857142857142858, 1.0, 1.0416956219596942, 1.0948453608247424, 1.2857142857142858, 1.0, 1.0879712746858168, 1.1428571428571428, 1.0, 1.0407417813992694, 1.0449438202247192, 1.0833333333333333, 1.0482954545454546, 1.0008791208791208, 1.8333333333333333, 2.0, 1.0144927536231885, 1.0538793103448276, 1.0094276094276093, 1.0, 1.2098765432098766, 1.1607142857142858, 1.1918367346938776, 1.2285714285714286, 3.0, 1.1691068814055636, 1.0146938775510204, 1.0, 1.2072727272727273, 1.0, 1.0816326530612246, 1.8333333333333333, 1.0186923864800272, 1.1016949152542372, 1.0, 3.0, 1.0, 1.3448275862068966, 1.0, 1.1629392971246006, 1.1966942148760331, 1.0421127765881513, 1.0091047040971168, 1.1726907630522088, 1.0, 1.0736253494874184, 2.0, 1.183673469387755, 1.0, 1.4661654135338347, 1.0, 1.0, 2.0, 2.0, 2.0, 1.0, 2.0, 1.0389610389610389, 1.0, 1.1818181818181819, 1.027792343995805, 1.0209033221351251, 1.1036269430051813, 1.08, 1.0198019801980198, 1.0, 1.0, 1.0, 1.0, 1.0468920392584515, 1.0, 1.065086531226486, 1.3333333333333333, 2.0, 1.236842105263158, 1.0153846153846153, 1.1161048689138577, 1.0, 1.1349480968858132, 1.0, 1.3636363636363635, 1.263157894736842, 1.2, 1.5, 1.0416666666666667, 2.6666666666666665, 1.0, 1.0, 2.0, 1.0, 1.0329964079859661, 1.0250375563345018, 1.0, 1.25, 1.0, 1.0833333333333333, 1.041501976284585, 1.0, 1.1666666666666667, 1.6, 1.0429799426934097, 2.0, 1.0, 1.0504587155963303, 1.0, 1.0555555555555556, 1.0, 1.0011342155009453, 1.3893805309734513, 1.2127659574468086, 1.0, 1.03671970624235, 2.0, 1.25, 1.0, 1.1818181818181819, 2.0, 1.0206540447504302, 1.0, 1.0608695652173914, 1.0414452709883104, 1.6666666666666667, 1.0, 1.144578313253012, 1.0, 1.0, 1.015625, 1.0, 1.0619469026548674, 1.1111111111111112, 1.2352941176470589, 1.001974333662389, 1.0, 1.4, 1.1280487804878048, 1.0443037974683544, 1.0440265994038065, 1.0, 1.1234309623430963, 1.25, 1.019205298013245, 1.0, 1.0, 1.4615384615384615, 1.125, 1.0847076461769116, 1.1655629139072847, 1.0260560600078958, 1.0321543408360128, 1.25, 1.0919540229885059, 1.5555555555555556, 1.0, 1.0961538461538463, 1.031413612565445, 1.0666666666666667, 1.0, 1.2333333333333334, 1.2233333333333334, 1.0, 1.0, 1.1428571428571428, 1.0, 1.0476190476190477, 1.050387596899225, 1.0, 1.0932203389830508, 1.5, 1.0, 1.0, 1.0, 1.2653061224489797, 1.0119565217391304, 1.0555555555555556, 1.7407407407407407, 1.0, 1.0, 1.0995475113122173, 1.0026178010471205, 1.0, 1.0, 1.0, 1.15, 1.0714285714285714, 1.0, 3.0, 1.0183379420753893, 1.3333333333333333, 1.0, 1.0, 1.119047619047619, 1.25, 1.3125, 1.0776699029126213, 1.75, 1.375, 2.0, 1.0, 1.0, 1.5932203389830508, 1.0, 1.0534218885359514, 1.0693069306930694, 1.0191277735271613, 1.0, 1.0223331581713084, 1.0078363082281236, 1.1333333333333333, 1.0520833333333333, 1.0, 1.0, 1.0268809130500076, 2.0, 1.048780487804878, 2.142857142857143, 1.2282608695652173, 1.0, 1.3333333333333333, 1.0, 2.0, 1.0, 1.3333333333333333, 1.6666666666666667, 1.0281899109792285, 1.426356589147287, 1.1428571428571428, 1.1176470588235294, 1.0158730158730158, 1.6666666666666667, 1.05, 1.0, 1.0, 1.0, 1.0, 1.0, 1.0290061816452687, 1.0, 1.5, 2.0, 1.0, 1.0, 1.0, 1.0963855421686748, 1.0239659837649788, 1.0190114068441065, 1.0, 1.1825192802056554, 1.0446387482742752, 3.0, 1.2142857142857142, 1.0505415162454874, 1.0, 1.4736842105263157, 1.0, 1.3566433566433567, 1.198581560283688, 1.093385214007782, 1.0193380438824842, 1.0071942446043165, 1.146788990825688, 1.0, 1.1252900232018561, 1.0758620689655172, 1.4166666666666667, 1.004739336492891, 1.0520231213872833, 1.0, 1.0, 1.0, 1.0272727272727273, 1.0097087378640777, 1.0, 1.32, 1.2833333333333334, 2.0, 1.099009900990099, 1.4285714285714286, 1.0, 1.0833333333333333, 1.0, 1.125, 1.0, 1.4285714285714286, 1.020157903578028, 1.0043478260869565, 1.008097165991903, 1.0, 1.0120997015406954, 1.0, 1.0588235294117647, 1.0, 1.009933774834437, 1.0, 1.0, 1.1666666666666667, 1.0, 1.033527696793003, 1.0, 1.0, 1.3333333333333333, 1.0932203389830508, 1.023795871559633, 1.36, 1.0, 1.7352941176470589, 1.0306542056074766, 1.0325116872078197, 1.0, 1.193103448275862, 1.0, 1.3142857142857143, 1.0504731861198737, 1.5, 1.0, 1.2222222222222223, 1.09375, 1.204054054054054, 1.0, 1.0, 1.0, 1.25, 1.352112676056338, 1.0909090909090908, 1.093167701863354, 1.05, 1.1042944785276074, 1.0869565217391304, 1.0479233226837061, 1.036998254799302, 1.008304498269896, 1.0, 1.0, 1.6428571428571428, 1.236842105263158, 1.0476190476190477, 1.0220264317180616, 1.0, 1.3636363636363635, 1.0353626682740606, 1.3157894736842106, 1.0131113730111962, 1.0, 2.0, 1.0297634189773595, 1.0, 1.0, 1.0, 1.0, 1.6666666666666667, 1.0, 1.1219512195121952, 1.0869565217391304, 1.0, 1.0, 1.0, 1.1793863099921322, 1.0025125628140703, 1.0, 1.15, 1.0283687943262412, 1.0572755417956656, 1.0416666666666667, 1.131350681536555, 1.0, 1.0971428571428572, 1.0219435736677116, 1.0833333333333333, 1.0572755417956656, 1.1395939086294415, 2.25, 1.2162162162162162, 1.2962962962962963, 2.0, 2.5, 1.0, 1.0666666666666667, 1.073394495412844, 1.0, 2.7142857142857144, 3.0, 2.0, 3.0, 1.0390625, 1.3725490196078431, 1.75, 1.1272727272727272, 1.1666666666666667, 1.0, 1.1908396946564885, 1.0041778573560132, 1.1023138105567607, 1.0064751112909753, 1.6666666666666667, 1.6, 3.0, 1.0, 1.0, 1.2222222222222223, 1.0124804992199687, 1.0, 1.2505422993492408, 1.0, 1.3421052631578947, 1.053763440860215, 1.0, 1.3229166666666667, 1.1241935483870968, 1.2222222222222223, 1.1910112359550562, 1.2857142857142858, 1.2222222222222223, 1.2105263157894737, 1.5833333333333333, 1.0, 1.029100529100529, 1.5, 1.0, 1.0, 1.0, 1.176969696969697, 1.0216244725738397, 1.0, 1.0324370465215535, 1.3333333333333333, 1.2307692307692308, 1.1224489795918366, 1.0, 2.0, 1.0120300751879698, 1.2112676056338028, 1.0511027434104356, 1.0153970826580228, 1.1554054054054055, 1.0, 1.0, 1.0121654501216546, 1.0, 1.05, 1.0544871794871795, 1.2472727272727273, 1.0, 1.0, 1.1317073170731706, 1.5833333333333333, 1.0, 1.0, 1.0022179655207177, 1.0, 1.1904761904761905, 2.0, 1.0, 1.0, 1.0833333333333333, 1.0909090909090908, 1.3214285714285714, 1.0289855072463767, 1.5, 1.1818181818181819, 1.0, 1.0, 1.0, 1.0663180413596387, 1.163758389261745, 1.0425330812854443, 1.3333333333333333, 1.0, 1.1780626780626782, 2.0, 1.04, 1.4851485148514851, 1.5833333333333333, 1.1131962467558394, 1.0415766738660908, 1.2941176470588236, 1.0, 1.5, 1.0, 1.3229813664596273, 1.0, 1.0322516025641026, 1.182233502538071, 1.5, 1.0, 1.3616071428571428, 1.0, 2.0, 1.0, 1.3333333333333333, 1.2666666666666666, 1.0, 2.5, 1.0, 1.0, 1.0, 1.0, 1.2, 1.0231660231660231]
origin-census_12.27 	max: 5.0000	99th: 3.0000	95th: 2.0000	median: 1.0447	mean: 1.2054

...Done, result: results.csv

WORKLOAD-FINISHED | Type: QueryWorkload | Progress: 1/3 | Workload-time: 83.845073 | Model-update-time: 0.000000


WORKLOAD-START | Type: DataUpdateWorkload | Progress: 2/3
Going to run: ['python', '/home/kangping/code_copy/SAUCE/Naru/eval_model.py', '--model=naru', '--data_update=tupleskew', '--dataset=census', '--drift_test=js', '--end2end', '--update_size=8000', '--query_seed=0', '--eval_type=drift']
Torch device: cuda:1
GET-MODEL-PATH=./models/end2end/naru/origin-census-22.5MB-model27.255-data14.989-300epochs-seed0.pt
GET-DATASET-PATH=./data/census/end2end/census_int.npy
TupleSkewSample - START
0.01
TupleSkewSample - END
load_npy_dataset_from_path - df.shape = (39073, 13)
Parsing... done, took 0.0s
Data updated!
Previous data size: (32561, 13), new data size: (6512, 13)
[3.5166740e-05 2.3955107e-04 2.8312206e-05 1.9371510e-05 3.6358833e-06
 6.4909458e-05 5.0663948e-06 1.1827946e-03 2.0146370e-05 2.2017956e-04
 8.5175037e-05 1.2886524e-04 1.4957786e-03]
Distance score: 0.00027145788772031665
SAUCE Drift detection: True
Detection latency: 0.0035s

DRIFT-DETECTED after 2-th workload
Going to run: ['python', '/home/kangping/code_copy/SAUCE/Naru/incremental_train.py', '--dataset=census', '--end2end', '--model=naru', '--model_update=adapt', '--update_size=8000', '--epochs=0']
Torch device: cuda:1
GET-MODEL-PATH=./models/end2end/naru/origin-census-22.5MB-model27.255-data14.989-300epochs-seed0.pt
update_size: 6512
AdaptTask - START
GET-DATASET-PATH=./data/census/end2end/census_int.npy
load_npy_dataset_from_path - df.shape = (39073, 13)
Parsing... done, took 0.0s
done, took 0.0s
dataset size: 39073
train data shape: torch.Size([6512, 13]), transfer data shape:torch.Size([1302, 13])
Training done; evaluating likelihood on full data:
Epoch None Iter 0, test loss 18.2186 nats / 26.2838 bits
Saved to: /home/kangping/code_copy/SAUCE/models/end2end/naru/origin-census-22.5MB-model27.255-data14.989-300epochs-seed0.pt
AdaptTask - END

WORKLOAD-FINISHED | Type: DataUpdateWorkload | Progress: 2/3 | Workload-time: 1.842073 | Model-update-time: 3.913346


WORKLOAD-START | Type: QueryWorkload | Progress: 3/3
Going to run: ['python', '/home/kangping/code_copy/SAUCE/Naru/eval_model.py', '--dataset=census', '--model=naru', '--end2end', '--query_seed=0', '--eval_type=estimate', '--num_workload=3', '--data_update=tupleskew', '--model_update=adapt', '--random_seed=42']
Torch device: cuda:1
GET-MODEL-PATH=./models/end2end/naru/origin-census-22.5MB-model27.255-data14.989-300epochs-seed0.pt
ckpts [PosixPath('/home/kangping/code_copy/SAUCE/models/end2end/naru/origin-census-22.5MB-model27.255-data14.989-300epochs-seed0.pt')]
Validate Argument: DATASET="census" is valid.
data size: 39073, total size: 39073, split index: [32560 39073]
Parsing... done, took 0.0s
Loading ckpt: /home/kangping/code_copy/SAUCE/models/end2end/naru/origin-census-22.5MB-model27.255-data14.989-300epochs-seed0.pt
query_seed:0
origin-census_12.27 	max: 32.0000	99th: 26.0000	95th: 14.5250	median: 1.1080	mean: 2.4703
ReportEsts: [1.0879120879120878, 1.0, 1.5208333333333333, 1.0, 1.4, 1.1736111111111112, 1.048938679245283, 1.3, 1.0, 1.0, 1.0932857991681522, 1.118279569892473, 1.320754716981132, 1.0731707317073171, 1.161764705882353, 1.0061000406669378, 1.055299539170507, 1.2765957446808511, 1.0, 26.0, 1.2816901408450705, 1.368421052631579, 1.0, 1.1, 1.0, 1.5, 1.0113238069560528, 1.5566502463054188, 1.2857142857142858, 1.0280409978727518, 1.022009152320767, 1.6216216216216217, 1.0437284234752588, 1.1057692307692308, 1.6363636363636365, 1.0227272727272727, 1.0, 1.5, 1.25, 1.323076923076923, 1.3267326732673268, 1.0, 20.0, 1.0825383658233099, 1.0, 1.3333333333333333, 1.0, 1.5068493150684932, 1.0, 1.0, 1.0007974481658692, 1.2272727272727273, 1.0, 2.2666666666666666, 1.0712166172106825, 20.0, 1.5, 1.0803500397772474, 1.2095238095238094, 1.0, 1.2916666666666667, 12.5, 15.0, 3.5714285714285716, 1.005, 1.0358807082945014, 1.035206917850525, 1.012142676448267, 1.2517985611510791, 1.6, 1.2833333333333334, 1.0317460317460319, 2.0, 1.0463709677419355, 1.005928072717692, 1.0, 1.2857142857142858, 23.0, 1.0722781335773102, 1.2, 14.5, 1.0, 1.0, 19.0, 1.056422569027611, 2.0, 1.119047619047619, 1.0, 1.6049382716049383, 1.09255079006772, 1.0, 2.0, 1.026578073089701, 1.0, 1.1875, 1.4, 24.0, 1.0, 1.0687285223367697, 1.6, 1.3164556962025316, 1.3387096774193548, 1.4935064935064934, 1.2608695652173914, 1.1216216216216217, 1.3054662379421222, 1.0158730158730158, 2.0, 1.0696276183087665, 2.1333333333333333, 1.0, 1.472972972972973, 4.333333333333333, 1.2276507276507276, 1.0, 1.0, 12.5, 1.0, 1.0, 1.0, 1.0, 1.0, 3.0, 1.434782608695652, 22.0, 1.0, 1.722007722007722, 1.1539923954372624, 1.3068181818181819, 1.0, 2.4285714285714284, 1.113135708457982, 1.0801248699271593, 1.0, 1.2, 1.2290076335877862, 1.0, 1.0340285400658618, 2.0, 1.0, 1.0, 2.0, 1.0, 1.4583333333333333, 1.0, 1.0, 1.0178377202523385, 1.0568581477139507, 1.0, 1.2628205128205128, 1.0085324232081911, 1.0, 1.0151083238312428, 15.0, 1.0, 1.2252747252747254, 1.135135135135135, 1.3333333333333333, 1.0, 1.007936507936508, 1.4, 1.1288659793814433, 1.2863501483679525, 1.1317567567567568, 1.1724137931034482, 1.0632530120481927, 1.0071942446043165, 21.0, 1.1538461538461537, 1.3529411764705883, 1.0204496995541772, 1.5061728395061729, 1.0321949947862357, 1.086522462562396, 1.2641898864809082, 1.075075075075075, 1.0, 1.25, 20.0, 26.0, 1.5, 1.0, 1.1788617886178863, 1.041782729805014, 1.0, 1.1614349775784754, 2.2857142857142856, 2.2, 1.0, 1.5, 1.0, 1.096774193548387, 1.0, 1.0, 1.0, 1.0027267769496455, 1.0918367346938775, 1.2083333333333333, 1.0, 1.196078431372549, 1.5135135135135136, 1.0, 1.2638036809815951, 1.0244282744282744, 1.6, 1.7857142857142858, 1.0, 1.0, 1.0, 1.5, 1.0, 1.1818181818181819, 1.021360138212659, 3.0, 26.0, 1.2392638036809815, 1.0, 1.0, 1.0366292610628838, 1.3333333333333333, 1.0276073619631902, 1.0066483595895361, 1.0, 1.0, 1.5, 1.0209580838323353, 1.3, 1.3333333333333333, 1.0649350649350648, 1.2592592592592593, 1.6, 1.1120840630472855, 1.0, 1.03540437348143, 1.0, 1.0, 1.118811881188119, 2.0, 22.0, 1.0278350515463917, 1.0769230769230769, 1.0, 1.2237762237762237, 1.0, 1.2762237762237763, 1.08, 2.0, 1.0, 1.031281533804238, 1.0258353427488804, 1.0724637681159421, 1.0423280423280423, 1.5294117647058822, 1.3846153846153846, 1.0, 1.0071942446043165, 1.1101417666303162, 1.1652542372881356, 1.1231884057971016, 1.1857142857142857, 1.0035325287017958, 1.0, 2.0, 2.7142857142857144, 1.0251046025104602, 20.0, 1.281081081081081, 1.0, 1.592964824120603, 1.0, 1.044392523364486, 1.0, 1.1333333333333333, 2.0, 1.0191906549853984, 1.0, 1.0657322377960368, 1.5121951219512195, 1.0681818181818181, 1.75, 1.1096345514950166, 1.0, 1.6666666666666667, 1.4761904761904763, 1.176991150442478, 1.45, 6.4, 1.0, 1.0649350649350648, 1.0, 1.0, 1.0, 1.5625, 1.0454828660436137, 1.85, 1.2951807228915662, 25.0, 21.0, 1.0588235294117647, 1.1079691516709511, 1.205128205128205, 1.0, 1.0, 1.0610859728506787, 1.0, 1.0, 1.2083333333333333, 1.0, 1.0, 1.0, 1.0011169024571853, 1.1951219512195121, 1.025974025974026, 1.0233415233415233, 3.8, 2.2857142857142856, 2.0, 1.0833333333333333, 1.0, 1.0, 1.0, 1.0147544593701827, 1.0, 1.117817606747496, 2.0, 1.0, 1.1345690900337024, 1.1090909090909091, 1.0, 1.0, 2.0, 1.3333333333333333, 3.0, 1.0167064439140812, 1.0, 1.1488372093023256, 1.0, 5.8, 1.0, 3.857142857142857, 1.0, 1.75, 1.0, 1.0, 1.0, 1.2134831460674158, 1.0118577075098814, 1.0, 1.0586319218241043, 25.0, 1.0, 1.6666666666666667, 1.2727272727272727, 1.0, 1.6666666666666667, 1.2, 1.0, 1.1304347826086956, 1.5, 1.051948051948052, 1.5, 1.1391766268260293, 1.1359756097560976, 1.2758620689655173, 1.0, 1.0, 22.0, 1.0, 1.0, 1.0222222222222221, 1.2372881355932204, 1.425531914893617, 1.1945736434108527, 1.0, 1.2882882882882882, 1.0595238095238095, 1.0, 1.1132075471698113, 1.0, 1.0, 1.0, 1.2608695652173914, 2.0, 1.4479418886198547, 1.0, 1.9565217391304348, 1.3, 1.3125, 1.0769230769230769, 32.0, 1.0, 2.0, 1.0380952380952382, 21.0, 1.0, 1.043379856657865, 1.0, 1.2187028657616892, 1.0268595041322315, 1.6666666666666667, 1.24, 1.3404255319148937, 1.042239010989011, 1.3333333333333333, 2.0434782608695654, 1.0, 1.2107765451664025, 1.027027027027027, 3.25, 1.0926275992438563, 1.303030303030303, 2.0, 1.0, 2.0, 4.6, 5.2, 1.0123456790123457, 1.108761329305136, 1.0781469349555453, 1.1286764705882353, 1.0, 1.0, 1.3846153846153846, 1.3759398496240602, 2.7916666666666665, 1.0105820105820107, 1.0, 1.0295777827952133, 26.0, 19.0, 25.0, 4.75, 1.25, 1.0, 1.0, 1.0, 1.0056680161943319, 1.1219512195121952, 1.0092072222886523, 2.0, 2.0, 1.5, 23.0, 1.0, 1.1875, 1.504, 2.6923076923076925, 1.0, 1.3, 1.0, 1.0, 2.0, 1.0666666666666667, 1.3106796116504855, 1.0068722139673105, 1.0476190476190477, 1.052449624654287, 1.0, 1.0041152263374487, 1.6666666666666667, 1.3043478260869565, 2.0, 1.0411462160176341, 1.0, 1.116557734204793, 1.0, 1.0, 1.2310344827586206, 1.3333333333333333, 1.0372838330953513, 1.7777777777777777, 1.014622398073284, 1.0156862745098039, 2.4615384615384617, 2.0, 1.040397437573539, 1.4915254237288136, 1.0, 1.0, 1.1685393258426966, 1.0, 1.3333333333333333, 1.1679819616685456, 1.1111111111111112, 1.0, 1.0483870967741935, 1.5, 1.2, 1.0, 1.0022388059701492, 1.0, 3.0, 1.1422865701447829, 1.018181818181818, 2.55, 1.0, 1.5714285714285714, 1.0, 1.1889081455805892, 2.5, 18.0, 1.1946902654867257, 1.0440268456375839, 1.129238884702336, 1.016733987305251, 1.2725752508361203, 1.375, 2.6, 1.1775147928994083, 1.1545893719806763, 24.0, 1.0, 1.253968253968254, 1.4, 1.6785714285714286, 1.0, 1.0, 2.0, 31.0, 1.5, 2.0, 1.5714285714285714, 1.3734939759036144, 1.1560693641618498, 1.1213592233009708, 1.28, 1.125, 1.0, 1.0571428571428572, 2.0, 1.2, 1.25, 1.1264822134387351, 1.0, 1.0, 1.1620111731843576, 1.0117056856187292, 1.4038461538461537, 1.0, 1.024, 1.0, 1.0, 1.0, 1.0, 1.008932769158439, 1.1230425055928412, 1.0432525951557095, 1.0032632342277013, 1.078125, 1.0, 12.5, 1.0809018567639257, 1.3507109004739337, 2.0, 1.0268199233716475, 1.0, 1.0132708821233412, 1.0764014466546112, 2.0, 1.2727272727272727, 1.0680272108843538, 1.3333333333333333, 1.0359019264448337, 1.0, 16.0, 1.2232415902140672, 1.0, 1.0, 1.007927070947285, 1.0, 1.0, 1.0, 1.1764705882352942, 1.093984962406015, 1.1818181818181819, 1.0047095761381475, 1.4444444444444444, 1.2954545454545454, 1.130232558139535, 1.0, 1.024178756044689, 1.014140681653372, 25.0, 2.0, 1.0259067357512954, 1.3095238095238095, 1.1483253588516746, 1.0471698113207548, 2.0, 1.042360502483202, 1.4, 1.0, 1.3333333333333333, 2.0, 1.2072538860103628, 1.3333333333333333, 1.0, 2.0, 1.2340425531914894, 1.4156626506024097, 1.5454545454545454, 2.3529411764705883, 1.5, 3.5, 1.1833333333333333, 1.0476889214966985, 1.0153377455615085, 1.0855018587360594, 1.0140515222482436, 1.1330275229357798, 1.047741935483871, 1.0, 1.0, 1.0384948096885813, 1.1614987080103358, 1.3529411764705883, 1.0010322580645161, 1.41991341991342, 1.0, 1.0235148514851484, 1.5, 1.6666666666666667, 1.0, 1.1724137931034482, 1.1666666666666667, 1.4, 1.0456799240426204, 29.0, 1.510385756676558, 1.0095148962720324, 1.736842105263158, 1.0, 1.0404943893315985, 1.0, 23.0, 1.0136986301369864, 1.8857142857142857, 1.0909090909090908, 22.0, 1.0, 1.0, 1.0618556701030928, 1.0, 1.0650557620817844, 1.1456953642384107, 1.0, 1.2777777777777777, 1.4910179640718564, 1.2789317507418398, 1.0, 25.0, 1.32, 1.0, 1.0285714285714285, 1.1449487554904831, 1.09375, 1.4855072463768115, 1.6143790849673203, 1.4615384615384615, 1.0039813289401427, 1.0, 13.0, 1.0, 1.0, 1.1549295774647887, 1.0, 3.0, 1.5, 1.0, 1.0416666666666667, 1.0, 1.0508474576271187, 1.1631799163179917, 1.0, 1.0, 1.0, 1.0, 1.0, 1.0, 1.2301587301587302, 2.888888888888889, 18.0, 1.1081081081081081, 3.2142857142857144, 1.1159420289855073, 1.0, 1.2372881355932204, 1.0, 1.0, 1.0, 1.0435403283369022, 1.75, 1.017391304347826, 6.5, 1.0, 1.0, 1.0, 1.0, 30.0, 1.1290322580645162, 2.0, 1.1744186046511629, 1.5, 1.199546485260771, 26.0, 1.3333333333333333, 1.0381173351010937, 1.3333333333333333, 1.3428571428571427, 1.105263157894737, 1.3673469387755102, 1.5, 1.0, 1.1079545454545454, 1.2380952380952381, 1.25, 23.0, 1.1304347826086956, 22.0, 1.0, 1.0, 1.0, 1.2857142857142858, 1.25, 1.1359773371104815, 1.2034883720930232, 1.0, 1.0, 1.0, 1.212624584717608, 1.0200452634982218, 1.0041034058268363, 1.0, 2.217391304347826, 1.0557923285548236, 3.0, 1.0, 1.080906148867314, 1.0, 2.869565217391304, 1.0, 1.1401869158878504, 1.0, 1.1914893617021276, 1.073446327683616, 1.2777777777777777, 1.2627118644067796, 1.6666666666666667, 1.0, 1.2551724137931035, 1.4, 23.0, 3.0, 2.0, 1.0628272251308901, 1.0068790731354091, 1.105263157894737, 1.0, 1.02652683528686, 2.0, 1.8571428571428572, 1.5315985130111525, 1.0875, 1.7857142857142858, 1.2428571428571429, 10.666666666666666, 1.1049382716049383, 1.0377358490566038, 16.0, 1.0, 1.0, 1.625, 1.0350877192982457, 1.0375662595067987, 1.6666666666666667, 1.0, 1.1098484848484849, 1.022268615170494, 1.0692307692307692, 1.0479233226837061, 1.0, 1.0343137254901962, 1.0, 1.011764705882353, 1.0, 1.6785714285714286, 1.0812854442344046, 1.102803738317757, 1.2, 3.5454545454545454, 1.0555555555555556, 1.0, 1.0769230769230769, 1.0476710334788937, 1.0, 1.2666666666666666, 1.2608695652173914, 2.727272727272727, 1.0, 1.0769230769230769, 1.6335403726708075, 22.0, 1.0, 1.1111111111111112, 1.157377049180328, 1.2075471698113207, 1.0833333333333333, 2.0, 1.1066666666666667, 1.2982456140350878, 1.8, 1.25, 1.0338260375213189, 1.0901734104046243, 1.6666666666666667, 1.0, 1.0, 1.0231884057971015, 1.125, 1.0833333333333333, 23.0, 1.0, 1.1473214285714286, 1.0, 1.2857142857142858, 1.064279902359642, 1.3448275862068966, 1.0806451612903225, 1.2156862745098038, 1.1364902506963788, 1.0548953027730616, 1.0, 1.036764705882353, 1.6504065040650406, 1.6122448979591837, 1.0, 1.2096774193548387, 1.0332409972299168, 1.2456140350877194, 1.015848635062487, 8.333333333333334, 1.0377599183569333, 1.0, 28.0, 1.0014245014245013, 1.16, 1.1555555555555554, 1.4269662921348314, 1.0277777777777777, 1.1214689265536724, 1.375, 1.0880721220527045, 1.0121951219512195, 3.0, 1.1666666666666667, 1.0714285714285714, 2.0, 8.333333333333334, 1.0, 1.0396039603960396, 1.1984732824427482, 1.0, 1.0023316062176166, 12.5, 1.0982862903225807, 1.4489795918367347, 2.0, 1.1539258338512535, 1.4, 1.2408163265306122, 1.0, 1.1, 1.0078170237405906, 1.002828854314003, 10.333333333333334, 1.0, 1.2962962962962963, 1.7, 1.0, 1.2173913043478262, 21.0, 28.0, 1.08, 1.2292993630573248, 1.125, 1.0, 1.1893392559689062, 2.0, 3.5714285714285716, 1.0, 1.180722891566265, 1.0, 1.009820254274441, 1.0, 6.5, 1.2183908045977012, 2.0, 1.0637362637362637, 1.0619996593425312, 1.0336473755047106, 1.0459770114942528, 1.1111111111111112, 4.0, 1.0029193205944797, 1.0033589251439539, 2.0, 1.0, 1.0, 1.1283783783783783, 3.125, 1.0, 1.0114942528735633, 1.3823529411764706, 1.1232458816351434, 1.1717791411042944, 1.0, 1.1134969325153374, 4.0, 1.0754716981132075, 1.0703883495145632, 1.3, 1.0171112229491697, 1.2, 1.0, 1.0221579961464355, 1.0, 1.0846774193548387, 2.75, 5.142857142857143, 1.0285714285714285, 1.537037037037037, 1.25, 1.0, 1.3658536585365855, 19.0, 1.0742049469964665, 1.3181818181818181, 1.1811414392059554, 1.0023923444976077, 1.0, 1.25, 1.0, 21.0, 1.0, 1.0108972030512169, 1.2260127931769722, 1.0759289176090467, 1.0, 1.0, 1.2142857142857142, 1.1435643564356435, 1.109452736318408, 1.3307332293291732, 1.2666666666666666, 1.0491854392392237, 1.0689459765772573, 2.0, 1.2061482820976492, 1.0880974695407686, 1.0, 1.0, 1.0, 1.0267558528428093, 1.190557939914163, 1.0, 1.0, 1.3585657370517927, 1.0, 1.0769230769230769, 1.0, 1.4, 1.2166666666666666, 1.1666666666666667, 1.031872042548199, 1.0328638497652582, 1.0, 1.216699801192843, 1.1176470588235294, 1.6551724137931034, 1.0641447368421053, 1.121996303142329, 1.0369181380417336, 1.0, 1.0, 2.0, 1.250936329588015, 1.0264279624893435, 1.1764705882352942, 1.0189375196797266, 1.0045871559633028, 2.0, 1.366742596810934, 1.0, 1.0, 24.0, 1.0, 1.5, 1.0202135774218155, 21.0, 1.0666666666666667]
origin-census_12.27 	max: 32.0000	99th: 26.0000	95th: 14.5250	median: 1.1080	mean: 2.4703

...Done, result: results.csv

WORKLOAD-FINISHED | Type: QueryWorkload | Progress: 3/3 | Workload-time: 87.597871 | Model-update-time: 0.000000


Experiment Summary: #data-update-times=1, #drift=1 | total-time=177.337903