Input arguments = Namespace(data_update='sample', update_size=8000, dataset='census', debug=False, drift_test='js', model_update='adapt', model='naru', end2end=False, query_seed=0, random_seed=42, num_workload=3)
JSON-passed parameters = {'data_updater': {'skew_ratio': '1e-2'}, 'random_seed': 82, 'naru': {'epochs': 0}}
MODEL-PATH=/home/kangping/code_copy/SAUCE/models/end2end/naru/origin-census-22.5MB-model27.255-data14.989-300epochs-seed0.pt
DATASET-PATH=/home/kangping/code_copy/SAUCE/data/census/end2end/census_int.npy
Workloads: ['QueryWorkload', 'DataUpdateWorkload', 'QueryWorkload']

WORKLOAD-START | Type: QueryWorkload | Progress: 1/3
Going to run: ['python', '/home/kangping/code_copy/SAUCE/Naru/eval_model.py', '--dataset=census', '--model=naru', '--query_seed=0', '--end2end', '--eval_type=first_estimate', '--num_workload=3', '--data_update=sample', '--model_update=adapt', '--random_seed=42']
Torch device: cuda:1
GET-MODEL-PATH=./models/end2end/naru/origin-census-22.5MB-model27.255-data14.989-300epochs-seed0.pt
ckpts [PosixPath('/home/kangping/code_copy/SAUCE/models/end2end/naru/origin-census-22.5MB-model27.255-data14.989-300epochs-seed0.pt')]
Validate Argument: DATASET="census" is valid.
load_csv_dataset - census (32561, 13)
Parsing... done, took 0.0s
Loading ckpt: /home/kangping/code_copy/SAUCE/models/end2end/naru/origin-census-22.5MB-model27.255-data14.989-300epochs-seed0.pt
query_seed:0
origin-census_12.27 	max: 5.0000	99th: 3.0000	95th: 2.0000	median: 1.0476	mean: 1.2122
ReportEsts: [1.0, 1.2344827586206897, 1.0422535211267605, 2.0, 1.0, 1.0171673819742488, 1.0, 1.2142857142857142, 1.0, 1.0, 1.0, 1.2857142857142858, 2.142857142857143, 1.1690140845070423, 1.2922077922077921, 1.0, 1.0845771144278606, 1.0, 1.0, 1.0, 2.0, 2.0, 1.2967244701348748, 2.5, 1.0671140939597314, 1.4, 1.0, 1.0086593970493907, 1.0, 1.044909475664237, 1.0240460010454784, 1.3513513513513513, 1.1090909090909091, 1.1111111111111112, 1.0, 1.2232142857142858, 1.5, 1.0381355932203389, 1.125, 1.0005431830526887, 1.0, 1.0, 1.0, 1.0, 1.08, 1.1333333333333333, 1.0, 1.0015151515151515, 1.0, 4.0, 1.0, 1.2727272727272727, 1.0, 1.0, 1.0779816513761469, 5.0, 1.0253164556962024, 1.75, 1.017017017017017, 1.0129032258064516, 1.125, 1.0909090909090908, 1.1730769230769231, 1.1794871794871795, 1.0, 1.0, 1.0, 1.0087193460490462, 1.0, 1.1666666666666667, 1.40625, 1.2941176470588236, 1.6666666666666667, 1.0, 1.0049109883364027, 1.0, 1.0, 1.411764705882353, 2.0, 1.0, 1.0, 1.0, 1.0, 1.3333333333333333, 1.2882882882882882, 1.0714285714285714, 1.0, 1.0952380952380953, 1.028833792470156, 1.0, 1.0758620689655172, 1.0, 1.032258064516129, 2.0, 1.0522875816993464, 1.5, 1.0448577680525164, 1.25, 1.5483870967741935, 1.5, 1.0, 1.0, 1.0, 1.0, 1.0, 1.0464285714285715, 1.0219675262655206, 1.1851851851851851, 1.1710914454277286, 1.032258064516129, 1.0579710144927537, 1.0, 1.3043478260869565, 1.4444444444444444, 1.5151515151515151, 1.0, 3.0, 1.103448275862069, 3.0, 1.018348623853211, 2.0, 1.1096, 1.0987261146496816, 1.25, 1.008130081300813, 1.0666666666666667, 1.0226372124800729, 1.02726473175022, 1.2446808510638299, 1.1230425055928412, 1.0, 1.042711234911792, 1.0, 1.0, 2.0, 1.0, 1.0263713080168777, 1.0, 1.0, 1.5555555555555556, 1.0, 2.1875, 1.0, 1.0, 2.0, 1.0, 1.0, 1.1818181818181819, 1.0125523012552302, 1.0608695652173914, 1.2105263157894737, 1.2, 2.0, 1.0, 1.0, 1.5, 3.0, 1.0, 1.0, 1.3333333333333333, 1.02, 1.5, 1.4444444444444444, 1.0769230769230769, 1.1487179487179486, 1.0242424242424242, 1.0118343195266273, 1.0115620040807074, 1.0131506849315068, 1.1727748691099475, 1.028555738605162, 1.2, 1.0, 1.0, 1.6470588235294117, 1.4901477832512315, 1.5, 1.0579641847313854, 1.03026400515132, 1.0851063829787233, 1.0, 1.2580645161290323, 1.065217391304348, 1.0925925925925926, 1.263157894736842, 1.014003858841103, 1.5, 1.0, 1.1168384879725086, 1.0514469453376205, 1.3695652173913044, 1.0909090909090908, 1.020048309178744, 1.0, 1.1, 1.0869565217391304, 1.0414503133393016, 1.0, 1.0172413793103448, 1.0285714285714285, 1.0, 1.1333333333333333, 1.3786407766990292, 1.0666666666666667, 2.0, 1.5555555555555556, 1.0, 1.004847645429363, 5.0, 1.0, 1.2219570405727924, 1.0918367346938775, 1.1538461538461537, 2.1666666666666665, 1.0, 1.1857142857142857, 1.0192307692307692, 1.0869829683698298, 1.1098265895953756, 1.2465753424657535, 1.0, 1.2857142857142858, 1.0311475409836066, 1.368421052631579, 2.0, 1.2331838565022422, 1.0, 1.0, 1.0, 1.0, 1.0, 1.2380952380952381, 1.2, 1.088235294117647, 1.0, 1.0, 1.0, 1.4, 1.0405046480743692, 1.0, 1.0, 1.1827242524916943, 2.0, 1.0, 1.0, 1.25, 1.5263157894736843, 1.0, 1.0, 1.0638297872340425, 1.0, 1.0061349693251533, 1.4609375, 1.0909090909090908, 1.0, 1.0, 2.5, 1.0217391304347827, 1.7333333333333334, 1.002298190175237, 1.0, 1.0, 1.4444444444444444, 1.0606060606060606, 1.3333333333333333, 1.0, 1.3333333333333333, 1.0199004975124377, 2.0, 1.1428571428571428, 1.2058823529411764, 1.0, 1.0, 2.0, 1.0688575899843507, 1.01953125, 1.0, 1.0172413793103448, 1.0, 1.0, 1.8181818181818181, 1.2926829268292683, 1.0151515151515151, 1.0, 1.0511945392491469, 1.0, 1.100558659217877, 1.5, 1.0, 1.0, 1.2857142857142858, 1.0225880551301685, 1.5, 1.0055432372505544, 1.1196581196581197, 1.0, 1.0, 1.0384615384615385, 1.0844216417910448, 1.02, 1.2222222222222223, 2.0, 1.0, 1.105263157894737, 1.0070422535211268, 1.04874213836478, 2.0, 1.0514469453376205, 1.4, 1.0, 1.0, 1.0, 1.0, 1.0757575757575757, 1.0, 1.0, 1.0, 1.0067189249720045, 1.0, 1.0150453955901426, 1.0, 1.0115959719255416, 1.2222222222222223, 1.0, 1.1081382385730212, 1.2727272727272727, 1.0, 1.0432503276539973, 1.0, 1.0831041857622976, 1.0, 1.2533081285444234, 1.0, 1.0062037699832975, 1.0, 1.0, 2.0, 2.0, 3.0, 1.247787610619469, 1.105263157894737, 1.0344827586206897, 1.0, 1.0344827586206897, 1.0196078431372548, 3.0, 1.0119047619047619, 1.0, 1.5, 1.0, 1.0, 1.6666666666666667, 1.0666666666666667, 1.0, 1.3, 1.012879958784132, 1.3333333333333333, 1.0, 1.0, 1.0, 1.0323043790380473, 1.3333333333333333, 1.0, 1.1224489795918366, 1.0, 1.1578947368421053, 1.0, 1.1152694610778444, 1.072072072072072, 1.0, 1.2525252525252526, 1.1666666666666667, 1.0, 1.0, 3.0, 1.0, 1.0, 1.0909090909090908, 1.0, 1.1538461538461537, 1.28125, 1.0, 1.198019801980198, 1.1428571428571428, 1.0, 1.1494252873563218, 1.0, 1.0, 1.0, 2.0, 2.0, 1.4563380281690141, 1.0, 1.0, 1.625, 1.3846153846153846, 1.0833333333333333, 1.5348837209302326, 1.0, 1.0, 1.1764705882352942, 1.078125, 1.0, 1.0, 1.1428571428571428, 1.0, 1.0171073094867806, 1.074766355140187, 1.0384615384615385, 1.1428571428571428, 1.4666666666666666, 1.0, 1.0, 1.0625, 1.25, 1.2828282828282829, 1.2608695652173914, 4.5, 1.1958762886597938, 1.0512820512820513, 1.7, 1.0, 1.0180352217271378, 1.0, 1.3, 1.0426579163248564, 1.1283783783783783, 1.16875, 1.696969696969697, 1.144578313253012, 1.0, 1.0, 1.0049382716049382, 1.0, 1.0153846153846153, 1.0, 1.0277136258660509, 1.0, 1.0138888888888888, 1.0, 1.5, 1.0833333333333333, 1.0, 1.0, 2.0, 1.4705882352941178, 1.0, 1.0, 1.270440251572327, 1.1018518518518519, 1.0224382946896036, 1.1666666666666667, 1.173913043478261, 1.0, 1.0, 1.5, 1.0, 1.0145491803278688, 1.0116788321167882, 1.0, 1.0093883357041251, 1.0909090909090908, 1.0, 1.105263157894737, 2.0, 1.1111111111111112, 1.0, 1.0, 1.023384943940203, 1.1368821292775666, 1.0545454545454545, 1.0, 1.0, 1.5, 1.0879120879120878, 1.059782608695652, 1.055944055944056, 1.0229007633587786, 1.0, 2.0, 1.0, 1.5714285714285714, 1.38860103626943, 1.0, 1.0, 1.0, 1.0, 1.0202702702702702, 1.0, 1.0, 1.0, 1.0, 1.6808510638297873, 1.0, 1.0769230769230769, 1.0, 2.090909090909091, 1.1978891820580475, 1.0044477390659747, 1.5, 1.0, 2.0, 1.0, 1.2857142857142858, 1.0, 1.0409722222222222, 1.1773835920177385, 1.2857142857142858, 1.0, 1.0179533213644525, 1.0, 1.0, 1.0053995680345573, 1.0224719101123596, 1.0384615384615385, 1.0632102272727273, 1.0755786490316486, 1.5714285714285714, 2.0, 1.0454545454545454, 1.0288248337028825, 1.020875420875421, 1.0, 1.1951219512195121, 1.1607142857142858, 1.1967213114754098, 1.2, 3.0, 1.1456241032998564, 1.009748172217709, 1.0, 1.3418181818181818, 1.8, 1.1020408163265305, 1.5714285714285714, 1.0130590645271424, 1.1206896551724137, 1.0, 3.0, 1.0, 1.2580645161290323, 1.0, 1.0705882352941176, 1.1534784917684546, 1.0216934919524143, 1.0105263157894737, 1.1145038167938932, 1.0, 1.0079217148182666, 2.0, 1.0943396226415094, 1.0, 1.2913907284768211, 1.0, 1.0, 2.0, 2.0, 2.0, 1.0, 2.0, 1.077922077922078, 1.0, 1.2727272727272727, 1.0283167278447825, 1.0403135498320268, 1.1210526315789473, 1.0101010101010102, 1.0618556701030928, 1.0, 1.0, 1.0, 1.0, 1.1123986095017382, 1.1666666666666667, 1.083843797856049, 1.5, 2.0, 1.2702702702702702, 1.0153846153846153, 1.075812274368231, 1.0, 1.1707035755478663, 1.0, 1.4545454545454546, 1.263157894736842, 1.2, 1.5, 1.0208333333333333, 3.0, 1.0, 1.0, 2.0, 1.0, 1.0416840698354357, 1.015022533800701, 1.0, 1.25, 1.0909090909090908, 1.0833333333333333, 1.0038095238095237, 1.0, 1.1471571906354514, 1.6, 1.067448680351906, 2.0, 1.0, 1.0305676855895196, 1.0, 1.0, 1.0, 1.060332732010423, 1.336283185840708, 1.1875, 1.018181818181818, 1.0095351609058403, 2.0, 1.6666666666666667, 1.0, 1.1363636363636365, 2.0, 1.0481927710843373, 1.0, 1.1192660550458715, 1.0103092783505154, 1.5384615384615385, 1.0, 1.1242603550295858, 1.0, 1.0, 1.0158943965517242, 1.0, 1.0526315789473684, 1.25, 1.2, 1.0044970933421082, 1.0, 1.4, 1.1646341463414633, 1.0126582278481013, 1.0151341435450585, 1.0, 1.0643305439330544, 1.25, 1.001990710019907, 1.0, 1.0, 1.4615384615384615, 1.125, 1.0772113943028485, 1.1655629139072847, 1.0132553606237817, 1.0862944162436547, 1.2328767123287672, 1.0804597701149425, 1.5, 1.0, 1.14, 1.0628272251308901, 1.1, 1.0, 1.2333333333333334, 1.2, 1.0, 1.0, 1.0714285714285714, 1.0, 1.0476190476190477, 1.0077519379844961, 1.0, 1.0508474576271187, 1.5, 1.0, 1.0, 1.0, 1.2448979591836735, 1.0521739130434782, 1.0555555555555556, 1.7407407407407407, 1.0, 1.0, 1.0565217391304347, 1.0177619893428065, 1.0, 1.0, 1.0, 1.0360360360360361, 1.1428571428571428, 1.0, 3.0, 1.0344927958084704, 1.3333333333333333, 1.0, 1.0, 1.0829493087557605, 1.25, 1.3125, 1.11, 1.75, 1.4, 2.0, 1.0, 1.0, 1.6785714285714286, 1.0, 1.0494821634062141, 1.1020408163265305, 1.052132701421801, 1.0, 1.0278507619548083, 1.0041358293426208, 1.0344827586206897, 1.063157894736842, 1.0, 1.0, 1.0274981217129977, 2.0, 1.131578947368421, 1.5, 1.184782608695652, 2.0, 1.3333333333333333, 1.0103189493433395, 2.0, 1.0, 1.25, 1.6666666666666667, 1.0163204747774481, 1.4108527131782946, 1.0434782608695652, 1.0964426877470357, 1.0476190476190477, 1.6666666666666667, 1.2, 1.0, 1.0, 1.0, 1.0, 1.0, 1.0691699604743083, 1.0, 1.5, 2.0, 1.0, 1.0, 1.0, 1.0622568093385214, 1.0235703245749614, 1.0504243634548178, 1.0, 1.144278606965174, 1.0133456051541647, 3.0, 1.2142857142857142, 1.0072727272727273, 1.0, 1.4, 1.0, 1.0486486486486486, 1.0638297872340425, 1.1106719367588933, 1.039047973224247, 1.1170212765957446, 1.201834862385321, 1.0, 1.179814385150812, 1.0413793103448277, 1.3333333333333333, 1.004739336492891, 1.0092485549132948, 1.0, 1.0, 1.0, 1.0092035398230088, 1.0192307692307692, 1.0166666666666666, 1.1785714285714286, 1.2833333333333334, 2.0, 1.0792079207920793, 1.5714285714285714, 1.0, 1.0833333333333333, 1.0769230769230769, 1.15, 1.0, 1.3636363636363635, 1.014782462623887, 1.0, 1.0562248995983936, 1.0, 1.0298459304670484, 1.0, 1.0294117647058822, 1.0, 1.0590277777777777, 1.0, 1.0, 1.0, 1.0, 1.0550595238095237, 1.0, 1.0, 1.0, 1.1016949152542372, 1.0140016802016243, 1.38, 1.0344827586206897, 1.8235294117647058, 1.0395927601809956, 1.026296335410286, 1.0, 1.193103448275862, 1.0, 1.4, 1.0605095541401275, 1.5, 1.0, 1.0, 1.0606060606060606, 1.2620396600566572, 1.0, 1.0, 1.0, 1.25, 1.352112676056338, 1.0909090909090908, 1.0993788819875776, 1.0317460317460319, 1.003717472118959, 1.0613207547169812, 1.086092715231788, 1.0230366492146596, 1.1400625978090766, 2.0952380952380953, 1.0, 1.7692307692307692, 1.146341463414634, 1.0952380952380953, 1.0704845814977975, 1.0, 1.2727272727272727, 1.0384925433293026, 1.2755102040816326, 1.0021811836556638, 1.0, 2.0, 1.043298969072165, 1.0, 1.0, 1.0, 1.0, 1.6666666666666667, 1.0, 1.1219512195121952, 1.0952380952380953, 1.0, 1.0, 1.063660477453581, 1.153372659656322, 1.0347510373443984, 1.0, 1.1625, 1.049645390070922, 1.0427480916030534, 1.0204081632653061, 1.120245398773006, 1.0, 1.1224489795918366, 1.006269592476489, 1.0833333333333333, 1.0589147286821705, 1.0924574209245743, 3.0, 1.2837837837837838, 1.2962962962962963, 2.0, 2.142857142857143, 1.0, 1.2, 1.0833333333333333, 1.0, 3.5, 3.0, 2.0, 3.0, 1.040625, 1.3461538461538463, 1.75, 1.1454545454545455, 1.1666666666666667, 1.0, 1.16793893129771, 1.0023830801310694, 1.007215480485405, 1.01468788249694, 1.6666666666666667, 2.0, 3.0, 1.0, 1.0, 1.25, 1.085284280936455, 1.0, 1.2776572668112798, 1.0, 1.3783783783783783, 1.1264367816091954, 1.0, 1.3655913978494623, 1.1260096930533119, 1.380952380952381, 1.1348314606741574, 1.2857142857142858, 1.2, 1.1666666666666667, 1.4166666666666667, 1.0, 1.0456989247311828, 1.5, 1.0, 1.0, 1.0, 1.1581818181818182, 1.0167979002624672, 1.0, 1.0988011575031005, 1.3333333333333333, 1.358974358974359, 1.1326530612244898, 1.0, 2.0, 1.0347510373443984, 1.1543624161073827, 1.0387305002689617, 1.0278917145200985, 1.1324503311258278, 1.0, 1.0, 1.002409638554217, 1.0, 1.05, 1.0020263424518743, 1.2338129496402879, 1.0, 1.0, 1.102439024390244, 1.6666666666666667, 1.0, 1.0, 1.0094557891560205, 1.0, 1.1904761904761905, 2.0, 1.0, 1.0, 1.0833333333333333, 1.0454545454545454, 1.2857142857142858, 1.0840579710144929, 1.5, 1.1304347826086956, 1.0, 1.0, 1.0, 1.076295585412668, 1.1498673740053051, 1.05168986083499, 1.3333333333333333, 2.0, 1.1375515818431912, 2.0, 1.32, 1.3686131386861313, 1.5833333333333333, 1.0594717841535246, 1.0078369905956113, 1.2222222222222223, 1.0, 1.5, 1.0, 1.196629213483146, 1.0, 1.0226235364159555, 1.2454545454545454, 1.2, 1.0, 1.3080357142857142, 1.0, 1.6666666666666667, 1.0, 1.3333333333333333, 1.2666666666666666, 1.0, 2.5, 1.010321100917431, 1.0, 1.0, 1.0, 1.24, 1.0405405405405406]
origin-census_12.27 	max: 5.0000	99th: 3.0000	95th: 2.0000	median: 1.0476	mean: 1.2122

...Done, result: results.csv

WORKLOAD-FINISHED | Type: QueryWorkload | Progress: 1/3 | Workload-time: 88.195686 | Model-update-time: 0.000000


WORKLOAD-START | Type: DataUpdateWorkload | Progress: 2/3
Going to run: ['python', '/home/kangping/code_copy/SAUCE/Naru/eval_model.py', '--model=naru', '--data_update=sample', '--dataset=census', '--drift_test=js', '--end2end', '--update_size=8000', '--query_seed=0', '--eval_type=drift']
Torch device: cuda:1
GET-MODEL-PATH=./models/end2end/naru/origin-census-22.5MB-model27.255-data14.989-300epochs-seed0.pt
GET-DATASET-PATH=./data/census/end2end/census_int.npy
Sample - START
Sample - END
load_npy_dataset_from_path - df.shape = (39073, 13)
Parsing... done, took 0.0s
Data updated!
Previous data size: (32561, 13), new data size: (6512, 13)
[1.6093254e-06 8.3446503e-07 5.3048134e-06 6.3776970e-06 1.4901161e-06
 2.1457672e-06 6.7353249e-06 2.0563602e-05 1.8477440e-06 6.2632561e-04
 1.7642975e-05 3.3974648e-06 3.2186508e-06]
Distance score: 5.365335164242424e-05
SAUCE Drift detection: False
Detection latency: 0.0037s

WORKLOAD-FINISHED | Type: DataUpdateWorkload | Progress: 2/3 | Workload-time: 1.930030 | Model-update-time: 0.000000


WORKLOAD-START | Type: QueryWorkload | Progress: 3/3
Going to run: ['python', '/home/kangping/code_copy/SAUCE/Naru/eval_model.py', '--dataset=census', '--model=naru', '--end2end', '--query_seed=0', '--eval_type=estimate', '--num_workload=3', '--data_update=sample', '--model_update=adapt', '--random_seed=42']
Torch device: cuda:1
GET-MODEL-PATH=./models/end2end/naru/origin-census-22.5MB-model27.255-data14.989-300epochs-seed0.pt
ckpts [PosixPath('/home/kangping/code_copy/SAUCE/models/end2end/naru/origin-census-22.5MB-model27.255-data14.989-300epochs-seed0.pt')]
Validate Argument: DATASET="census" is valid.
data size: 39073, total size: 39073, split index: [32560 39073]
Parsing... done, took 0.0s
Loading ckpt: /home/kangping/code_copy/SAUCE/models/end2end/naru/origin-census-22.5MB-model27.255-data14.989-300epochs-seed0.pt
query_seed:0
origin-census_12.27 	max: 6.0000	99th: 3.0000	95th: 2.0036	median: 1.0882	mean: 1.3208
ReportEsts: [1.3296703296703296, 1.0, 1.6944444444444444, 1.0, 1.3333333333333333, 1.0357142857142858, 1.0005871990604815, 1.4102564102564104, 1.0, 1.0, 1.0388951521984215, 1.160919540229885, 1.2222222222222223, 1.0452380952380953, 1.0298507462686568, 1.0767004341534008, 1.0012062726176116, 1.0169491525423728, 1.0, 2.0, 1.7777777777777777, 1.0, 1.0, 1.2, 1.0, 1.5, 1.1428571428571428, 1.359504132231405, 1.25, 1.0416503715291356, 1.0292896174863388, 1.2765957446808511, 1.0181858505211798, 1.0509977827050998, 1.5, 1.150943396226415, 1.0, 2.0, 1.2, 1.0833333333333333, 1.0952380952380953, 1.0, 2.0, 1.0754873496474493, 1.0, 1.6666666666666667, 1.0, 1.1758241758241759, 1.0, 1.0, 1.144927536231884, 1.0769230769230769, 1.0, 1.619047619047619, 1.0464767616191903, 1.1764705882352942, 1.5, 1.023828125, 1.2019230769230769, 1.125, 1.2378378378378379, 2.0, 2.0, 1.0, 1.0628272251308901, 1.0283291398751282, 1.0019417475728156, 1.07479012973798, 1.021505376344086, 1.6, 1.0816326530612246, 1.2580645161290323, 1.3333333333333333, 1.0245398773006136, 1.0023993601706211, 1.0, 1.1111111111111112, 1.0579710144927537, 1.0099188458070334, 1.4, 1.4285714285714286, 1.0, 2.0, 2.0, 1.0535031847133758, 2.0, 1.0208333333333333, 1.0, 1.0434782608695652, 1.0023148148148149, 1.0, 2.0, 1.0309278350515463, 1.0, 1.0, 1.2352941176470589, 1.4444444444444444, 2.0, 1.0129449838187703, 1.8, 1.2345679012345678, 1.2, 1.0, 1.3333333333333333, 1.423728813559322, 1.1964285714285714, 1.2830188679245282, 2.0, 1.03767572633552, 1.3181818181818181, 1.0, 1.021505376344086, 3.2222222222222223, 1.1378059836808703, 1.0, 1.0, 1.0, 1.0, 1.0, 2.0, 1.0, 1.0, 3.0, 1.3333333333333333, 1.25, 1.5, 1.3954248366013071, 1.1821428571428572, 1.0666666666666667, 1.0, 1.1428571428571428, 1.093850267379679, 1.0106723585912487, 1.0, 1.1818181818181819, 1.1631205673758864, 1.0, 3.0, 2.0, 1.0, 1.0, 2.0, 1.0, 1.7391304347826086, 3.0, 1.0, 1.0504623815504053, 1.0860724233983288, 1.0, 1.1245421245421245, 1.0754950495049505, 1.0, 1.0180078784468205, 1.0, 1.0, 1.0825242718446602, 1.0476190476190477, 1.1428571428571428, 1.0, 1.0084367245657568, 1.6, 1.12565445026178, 1.1917808219178083, 1.1624365482233503, 1.0909090909090908, 1.0293159609120521, 1.0462633451957295, 2.0, 1.1333333333333333, 1.0, 1.0166454745116171, 1.1518987341772151, 1.0308358483138695, 1.127388535031847, 1.297741273100616, 1.2297520661157024, 1.0, 1.1666666666666667, 2.0, 1.5, 1.5, 1.0, 1.0193548387096774, 1.2133333333333334, 1.0, 1.0196850393700787, 2.125, 2.6, 1.0, 1.5, 1.0, 1.0534351145038168, 1.0, 1.1666666666666667, 2.0, 1.0459791170544055, 1.0839041095890412, 1.0689655172413792, 1.0, 1.0, 1.088235294117647, 1.0, 1.0783289817232375, 1.0367114788004137, 1.2549019607843137, 1.3513513513513513, 1.0, 1.25, 2.0, 1.5, 1.0, 1.2857142857142858, 1.0284180612567098, 2.5, 2.0, 1.0127118644067796, 1.239795918367347, 1.0, 1.0395998332638599, 1.1666666666666667, 1.2348178137651822, 1.0096625430056365, 1.0, 1.0, 1.625, 1.087719298245614, 1.0, 1.25, 1.0808510638297872, 1.0769230769230769, 2.75, 1.0043898156277435, 1.0, 1.0268257361561273, 1.0, 2.0, 1.2872340425531914, 2.0, 1.5, 1.008849557522124, 1.0642201834862386, 1.0, 1.0909090909090908, 1.0, 1.2307692307692308, 1.0273972602739727, 2.0, 1.0, 1.0873015873015872, 1.0497003877335214, 1.0296296296296297, 1.0833333333333333, 1.088235294117647, 1.0588235294117647, 1.0, 2.0, 1.0095338983050848, 1.1162324649298596, 1.167785234899329, 1.1290322580645162, 1.0223660977045321, 1.0, 1.3333333333333333, 1.4285714285714286, 1.064102564102564, 2.0, 1.0108108108108107, 1.0, 1.1798087141339002, 1.0, 1.0846625766871165, 1.0, 1.125, 2.0, 1.0155396892062158, 1.0, 1.046495489243581, 1.2857142857142858, 1.019108280254777, 1.75, 1.0588235294117647, 1.0, 1.0, 1.6538461538461537, 1.0952380952380953, 1.375, 1.1666666666666667, 1.0, 1.0068493150684932, 1.0, 2.0, 2.0, 1.0333333333333334, 1.006287726358149, 1.25, 2.0, 1.0, 3.0, 1.105263157894737, 1.0133991537376588, 1.0909090909090908, 1.0, 1.0, 1.0170863309352518, 1.0, 1.0, 1.46, 1.0, 1.0, 1.0, 1.040989192873138, 1.175, 1.1933333333333334, 1.011253395421032, 1.1059322033898304, 1.0317460317460319, 2.0, 1.25, 1.0, 1.0, 1.0, 1.0275066548358474, 2.0, 1.0878223129946387, 2.0, 1.0, 1.1172178988326849, 1.0333333333333334, 1.0, 1.0, 4.0, 1.6666666666666667, 3.0, 1.1065468549422337, 1.0, 1.024498886414254, 1.0, 6.0, 1.0, 1.0423728813559323, 1.0, 1.6, 1.0, 1.0, 1.0, 1.3466666666666667, 1.0476190476190477, 1.0, 1.1142857142857143, 2.0, 1.0, 2.0, 1.1538461538461537, 1.0, 2.3333333333333335, 1.1111111111111112, 2.0, 1.0384615384615385, 1.5, 1.1111111111111112, 1.5, 1.135397533455786, 1.1218487394957983, 1.12, 1.0225118483412323, 1.0, 2.0, 2.0, 1.0, 1.1702127659574468, 1.0, 1.288888888888889, 1.2113636363636364, 1.0, 1.2, 1.155844155844156, 1.0, 1.0377358490566038, 2.0, 1.0, 1.0, 1.1379310344827587, 2.0, 1.366742596810934, 1.0, 1.5, 1.6, 1.2, 1.1092436974789917, 3.0, 1.0, 2.0, 1.2629107981220657, 2.0, 1.0, 1.0052669814747548, 1.0, 1.0096685082872927, 1.127388535031847, 1.6666666666666667, 1.3225806451612903, 1.3725490196078431, 1.0431286549707601, 2.5, 1.0434782608695652, 1.0, 1.0543933054393306, 1.36986301369863, 1.5, 1.1011029411764706, 1.5, 1.3333333333333333, 1.0, 3.0, 1.2272727272727273, 1.4, 1.0649350649350648, 1.0058479532163742, 1.0337236533957845, 2.375, 1.75, 1.0, 1.0588235294117647, 1.0144927536231885, 1.4, 1.0829015544041452, 1.0, 1.0425005621767485, 2.0, 1.023454157782516, 3.0, 2.0, 1.0689655172413792, 1.0, 1.0, 1.0, 1.0189274447949528, 2.0, 1.0277144571085783, 2.0, 2.0, 1.5, 1.0, 1.0, 1.0526315789473684, 1.3134328358208955, 1.9411764705882353, 1.0, 1.0909090909090908, 1.0, 1.0, 2.0, 1.1111111111111112, 1.0388349514563107, 1.0833333333333333, 1.0454545454545454, 1.030276394179119, 1.0, 1.013157894736842, 1.6666666666666667, 1.0547008547008547, 1.5, 1.036742528105292, 1.0, 1.141213389121339, 1.0, 2.0, 1.0964630225080385, 1.125, 1.0046794571829667, 2.0, 1.0253929866989118, 1.0304259634888437, 1.2105263157894737, 2.0, 1.005651168764449, 1.3641304347826086, 1.0, 1.0, 1.3333333333333333, 1.0, 1.0, 1.1238605898123324, 1.2, 1.0, 1.0307198532783126, 2.5, 1.0526315789473684, 1.0, 1.0242468772961058, 2.0, 3.0, 1.1578947368421053, 1.096774193548387, 2.0, 1.0, 1.25, 2.0, 1.0835820895522388, 1.073482428115016, 2.0, 1.0222222222222221, 1.042558886509636, 1.159156976744186, 1.053066037735849, 1.2716857610474632, 1.8571428571428572, 1.5333333333333334, 1.1005917159763314, 1.0191387559808613, 2.0, 1.0, 1.087719298245614, 1.4, 1.1923076923076923, 2.0, 1.0, 2.0, 4.0, 1.5, 2.0, 1.2938144329896908, 1.1067961165048543, 1.175074183976261, 1.0510204081632653, 1.5833333333333333, 1.2, 1.0, 1.1388888888888888, 2.0, 1.3, 1.0, 1.0141843971631206, 1.5, 2.0, 1.2993630573248407, 1.0201342281879195, 1.3333333333333333, 1.0, 2.0, 1.0, 1.0, 2.0, 1.25, 1.0098499061913695, 1.0248306997742664, 1.0344390985059508, 1.0016945049624788, 1.145922746781116, 1.0, 1.2268041237113403, 1.062729658792651, 1.0448430493273542, 2.0, 1.02, 1.0, 1.0477326968973748, 1.0695652173913044, 3.0, 1.4545454545454546, 1.0063291139240507, 1.1904761904761905, 1.0289064459493353, 2.0, 2.0, 1.2032258064516128, 1.0, 1.0, 1.0075908909308828, 2.0, 1.0, 2.0, 1.625, 1.0893617021276596, 1.1020408163265305, 1.0039904229848364, 1.2727272727272727, 1.1704545454545454, 1.086128739800544, 1.0, 1.0334521990151129, 2.0833333333333335, 3.0, 2.0, 1.0175438596491229, 1.014218009478673, 1.039572864321608, 1.018181818181818, 2.0, 1.039819260096018, 1.6, 1.0, 2.3333333333333335, 2.0, 1.043103448275862, 1.6666666666666667, 1.0, 1.3333333333333333, 1.0184365781710913, 1.0216729575063923, 1.4782608695652173, 1.083076923076923, 1.3333333333333333, 4.0, 1.2564102564102564, 1.0456553755522828, 1.0086467340347953, 1.0018083182640145, 1.010112359550562, 1.1962616822429906, 1.0634517766497462, 1.0, 1.0, 1.03090013434841, 1.0797385620915032, 1.8571428571428572, 1.0041241588886478, 1.3656387665198237, 2.0, 1.0294871794871794, 1.1063829787234043, 1.2962962962962963, 1.4, 1.0813953488372092, 1.1538461538461537, 1.4, 1.0924181247196052, 2.0, 1.3297872340425532, 1.0097814940443322, 1.3181818181818181, 1.0, 1.0298801510425217, 1.0, 1.4285714285714286, 1.16, 1.7428571428571429, 1.2272727272727273, 1.1007371007371007, 1.0, 1.0, 1.0875, 2.0, 1.0319938571794216, 1.0542168674698795, 2.0, 1.6111111111111112, 1.2525252525252526, 1.1977401129943503, 1.0, 3.0, 1.4901960784313726, 2.0, 1.0494505494505495, 1.0143229166666667, 1.0555555555555556, 1.3584905660377358, 1.3286713286713288, 1.1764705882352942, 1.019313602890093, 2.0, 1.1287128712871286, 1.4166666666666667, 1.0, 1.4081632653061225, 1.0, 3.0, 1.5, 1.0, 1.2878787878787878, 1.0, 1.116182572614108, 1.1538461538461537, 1.0, 2.0, 2.0, 2.0, 1.0, 1.0, 1.1097560975609757, 1.4444444444444444, 1.3571428571428572, 1.0725806451612903, 1.6, 1.3333333333333333, 1.0, 1.0169491525423728, 2.0, 1.0, 1.0, 1.0447866879093646, 1.75, 1.0135593220338983, 1.0, 2.0, 1.0, 1.0, 1.0, 2.0, 1.0200445434298442, 2.0, 1.063157894736842, 1.391304347826087, 1.0007535795026374, 1.5, 1.6666666666666667, 1.0375803527278722, 1.5, 1.0858725761772854, 1.5294117647058822, 2.0, 3.0, 1.0, 1.0961538461538463, 1.0, 2.3333333333333335, 3.0, 1.12, 1.3, 1.0, 2.0, 1.0, 1.069767441860465, 1.5, 1.1685750636132315, 1.0326732673267327, 1.0, 2.0, 1.0, 1.0976430976430978, 1.0320867208672087, 1.0154095701540957, 2.0, 1.03996003996004, 1.0097809076682316, 2.5, 1.25, 1.0243161094224924, 1.0, 1.5238095238095237, 2.0, 1.3297297297297297, 2.0, 1.0150375939849625, 1.0414201183431953, 1.176, 1.4273504273504274, 2.3333333333333335, 1.0, 1.5277777777777777, 1.1666666666666667, 1.2777777777777777, 3.0, 2.0, 1.121212121212121, 1.0268456375838926, 1.0911764705882352, 2.0, 2.0, 2.0, 1.6, 1.1406727828746177, 1.0, 1.5, 1.0054347826086956, 1.0, 2.0, 1.3163841807909604, 1.75, 1.0, 1.0, 1.5, 1.4, 1.0287114845938374, 2.6666666666666665, 1.0, 1.0476190476190477, 1.0061099796334012, 1.0115830115830116, 1.0595744680851065, 1.0, 1.0909090909090908, 1.2173913043478262, 1.1756756756756757, 1.0, 2.0714285714285716, 1.0588235294117647, 1.0857142857142856, 1.0, 1.0578512396694215, 1.2777777777777777, 1.0, 1.1538461538461537, 1.0237399561723886, 3.0, 1.0072727272727273, 1.2, 1.140625, 1.0, 1.3846153846153846, 1.75, 4.0, 1.0, 1.36, 1.0441640378548895, 1.0847457627118644, 1.0833333333333333, 3.0, 1.0273972602739727, 1.062857142857143, 4.571428571428571, 1.019642857142857, 1.0154834940111013, 1.0672424429364589, 1.25, 1.0, 2.0, 1.2764227642276422, 1.5128205128205128, 1.032967032967033, 3.0, 3.0, 1.0143939393939394, 1.0, 1.0, 1.000336322869955, 1.3076923076923077, 1.0806451612903225, 1.007936507936508, 1.1565217391304348, 1.0850694444444444, 2.0, 1.35, 1.1774193548387097, 1.0143061516452074, 1.0, 1.0285714285714285, 1.0063810391978123, 1.2612612612612613, 1.0294710502537012, 2.0, 1.074766355140187, 1.0, 2.0, 1.1364985163204748, 1.0925925925925926, 1.1325051759834368, 1.0823529411764705, 1.0879801734820322, 1.0582010582010581, 1.2142857142857142, 1.0763157894736841, 1.098360655737705, 3.6666666666666665, 1.2738095238095237, 1.3225806451612903, 2.0, 1.0, 1.0, 1.19921875, 1.128787878787879, 1.0, 1.043806104129264, 1.0465116279069768, 1.0660904931367565, 1.3125, 3.0, 1.0188855938816919, 1.4, 1.186046511627907, 1.0, 1.4, 1.0014136273678258, 1.0462249614791987, 1.3636363636363635, 1.0, 1.2941176470588236, 1.8, 1.0, 1.12, 1.1428571428571428, 1.032258064516129, 1.1728395061728396, 1.1818181818181819, 1.25, 1.0, 1.1506631299734749, 3.0, 1.5714285714285714, 1.0, 1.0206185567010309, 1.0, 1.0166507674963143, 1.0, 1.4807692307692308, 1.184873949579832, 1.3333333333333333, 1.133630289532294, 1.0218978102189782, 1.026045236463331, 1.0437158469945356, 1.4516129032258065, 1.8571428571428572, 1.0282561894510227, 1.0259610584123815, 1.0, 2.0, 1.0, 1.3058419243986255, 1.0297152290548905, 2.0, 1.035294117647059, 1.903225806451613, 1.0940012368583798, 1.0158227848101267, 1.0, 1.0245069605568446, 3.0, 1.0, 1.0179372197309418, 1.0, 1.0069135802469136, 1.5, 1.0, 1.0545645330535152, 1.0, 1.208888888888889, 1.0133928571428572, 2.25, 1.1714285714285715, 1.4615384615384615, 1.1111111111111112, 1.0, 1.1521739130434783, 3.0, 1.010204081632653, 1.0, 1.361904761904762, 1.0378279438682123, 2.0, 1.1111111111111112, 1.0, 2.0, 1.0, 1.094891984655764, 1.1439732142857142, 1.0172820109976433, 1.0, 1.5, 1.1333333333333333, 1.0357487922705313, 1.0299251870324189, 1.4772344013490726, 1.5714285714285714, 1.0420692077990514, 1.104297994269341, 2.0, 1.095724907063197, 1.0076013513513513, 2.0, 1.0, 2.0, 1.1073825503355705, 1.200260078023407, 1.2352941176470589, 1.0, 1.286764705882353, 1.0, 1.2307692307692308, 1.0, 1.4, 1.34, 1.263157894736842, 1.0199032157352481, 1.0330188679245282, 1.0, 1.088235294117647, 1.0606060606060606, 1.3214285714285714, 1.0609555189456343, 1.1096892138939671, 1.050079491255962, 1.0, 1.0, 2.0, 1.263779527559055, 1.058970099667774, 1.080188679245283, 1.0111454276890022, 1.1818181818181819, 1.0, 1.1777777777777778, 1.0, 1.5, 3.0, 1.0, 1.0, 1.012735956333864, 3.0, 1.0]
origin-census_12.27 	max: 6.0000	99th: 3.0000	95th: 2.0036	median: 1.0882	mean: 1.3208

...Done, result: results.csv

WORKLOAD-FINISHED | Type: QueryWorkload | Progress: 3/3 | Workload-time: 85.543843 | Model-update-time: 0.000000


Experiment Summary: #data-update-times=1, #drift=0 | total-time=175.794031