Input arguments = Namespace(data_update='valueskew', update_size=8000, dataset='census', debug=False, drift_test='js', model_update='adapt', model='naru', end2end=False, query_seed=0, random_seed=42, num_workload=3)
JSON-passed parameters = {'data_updater': {'skew_ratio': '1e-2'}, 'random_seed': 64, 'naru': {'epochs': 0}}
MODEL-PATH=/home/kangping/code_copy/SAUCE/models/end2end/naru/origin-census-22.5MB-model27.255-data14.989-300epochs-seed0.pt
DATASET-PATH=/home/kangping/code_copy/SAUCE/data/census/end2end/census_int.npy
Workloads: ['QueryWorkload', 'DataUpdateWorkload', 'QueryWorkload']

WORKLOAD-START | Type: QueryWorkload | Progress: 1/3
Going to run: ['python', '/home/kangping/code_copy/SAUCE/Naru/eval_model.py', '--dataset=census', '--model=naru', '--query_seed=0', '--end2end', '--eval_type=first_estimate', '--num_workload=3', '--data_update=valueskew', '--model_update=adapt', '--random_seed=42']
Torch device: cuda:1
GET-MODEL-PATH=./models/end2end/naru/origin-census-22.5MB-model27.255-data14.989-300epochs-seed0.pt
ckpts [PosixPath('/home/kangping/code_copy/SAUCE/models/end2end/naru/origin-census-22.5MB-model27.255-data14.989-300epochs-seed0.pt')]
Validate Argument: DATASET="census" is valid.
load_csv_dataset - census (32561, 13)
Parsing... done, took 0.0s
Loading ckpt: /home/kangping/code_copy/SAUCE/models/end2end/naru/origin-census-22.5MB-model27.255-data14.989-300epochs-seed0.pt
query_seed:0
origin-census_12.27 	max: 4.0000	99th: 3.0000	95th: 2.0000	median: 1.0433	mean: 1.2059
ReportEsts: [1.0, 1.1564967695620962, 1.1338028169014085, 2.0, 1.0317460317460319, 1.0343347639484979, 1.0, 1.1428571428571428, 1.0, 1.0, 1.0, 1.163265306122449, 2.142857142857143, 1.1690140845070423, 1.3630136986301369, 1.0, 1.1065989847715736, 1.0, 1.0, 1.0, 3.0, 2.0, 1.30635838150289, 2.5, 1.0251572327044025, 1.2, 1.0, 1.0280250576986483, 1.0, 1.048436397836821, 1.0250914793518036, 1.3783783783783783, 1.0701754385964912, 1.1111111111111112, 1.0, 1.2410714285714286, 1.5, 1.0272536687631026, 1.125, 1.0173818576860403, 1.0, 1.0, 1.0, 1.0, 1.04, 1.108695652173913, 1.0, 1.0051703163017032, 1.0, 4.0, 1.0, 1.2727272727272727, 1.0, 1.0, 1.1192660550458715, 1.0, 1.0617283950617284, 1.75, 1.0067567567567568, 1.019108280254777, 1.125, 1.0909090909090908, 1.2115384615384615, 1.1794871794871795, 1.0, 1.0, 1.0, 1.0081699346405228, 1.0, 1.1666666666666667, 1.3235294117647058, 1.2222222222222223, 1.6666666666666667, 1.0, 1.0103848503359805, 1.0, 1.0, 1.411764705882353, 2.0, 1.0, 1.0, 1.0, 1.0, 1.3333333333333333, 1.2543859649122806, 1.0714285714285714, 1.0, 1.0952380952380953, 1.022822713164141, 1.0, 1.054054054054054, 1.0, 1.0, 2.0, 1.026143790849673, 1.5, 1.0754504504504505, 1.75, 1.5824175824175823, 1.5, 1.0, 1.0, 1.0, 1.0, 1.0, 1.0980392156862746, 1.0514018691588785, 1.2222222222222223, 1.1921921921921923, 1.032258064516129, 1.3043478260869565, 1.0, 1.3478260869565217, 1.3333333333333333, 1.5151515151515151, 1.0, 3.0, 1.0344827586206897, 3.0, 1.022099447513812, 2.0, 1.0992, 1.0318840579710145, 1.25, 1.0003536067892504, 1.0666666666666667, 1.0232897315528007, 1.0506746626686656, 1.2857142857142858, 1.1081677704194262, 1.0, 1.0080789946140036, 1.0, 1.0, 2.0, 1.0, 1.0835189309576838, 1.0, 1.0, 1.5555555555555556, 1.0, 2.1875, 1.0, 1.0, 2.0, 1.0, 1.0, 1.1818181818181819, 1.0159404888416579, 1.2708333333333333, 1.1578947368421053, 1.2, 2.0, 1.0, 1.0, 1.5, 1.0, 1.0, 1.5, 1.3333333333333333, 1.1, 1.5, 1.4444444444444444, 1.0769230769230769, 1.1666666666666667, 1.0276134122287968, 1.0118343195266273, 1.0071412378145546, 1.0159340659340659, 1.1727748691099475, 1.0129799891833424, 1.0, 1.0, 1.0, 1.588235294117647, 1.4439140811455846, 1.25, 1.0584629891560584, 1.0920798454603993, 1.0408163265306123, 1.0, 1.2682926829268293, 1.0888888888888888, 1.1238095238095238, 1.263157894736842, 1.0097929837610016, 1.5, 1.0, 1.0869565217391304, 1.0096463022508038, 1.68, 1.0909090909090908, 1.007103954534691, 1.0, 1.0666666666666667, 1.1111111111111112, 1.0491495076096689, 1.0, 1.0175438596491229, 1.0457142857142858, 1.0, 1.0625, 1.2912621359223302, 1.0666666666666667, 2.0, 1.5555555555555556, 1.0, 1.0155817174515236, 3.0, 1.0, 1.1431980906921242, 1.2159090909090908, 1.1538461538461537, 2.1666666666666665, 1.0, 1.0571428571428572, 1.0384615384615385, 1.0813918305597578, 1.1040462427745665, 1.2054794520547945, 1.0, 1.2857142857142858, 1.012718600953895, 1.3, 2.0, 1.2276785714285714, 1.0, 1.0, 1.0, 1.0, 1.0, 1.4444444444444444, 1.25, 1.0833333333333333, 1.0, 1.0, 1.0, 1.4, 1.0225763612217795, 1.0, 1.0, 1.002808988764045, 2.0, 1.0, 1.0, 1.1666666666666667, 1.5263157894736843, 1.0, 1.0, 1.0425531914893618, 1.0, 1.0061349693251533, 1.230263157894737, 1.5, 1.0, 1.0, 2.5, 1.0391304347826087, 1.7333333333333334, 1.003739930955121, 1.0, 1.0, 1.4444444444444444, 1.0285714285714285, 1.3333333333333333, 1.0, 1.3333333333333333, 1.0199004975124377, 2.0, 1.1428571428571428, 1.088235294117647, 1.0, 1.0, 2.0, 1.0432031420466943, 1.0057803468208093, 1.0, 1.0172413793103448, 1.0, 1.0, 1.9090909090909092, 1.2926829268292683, 1.0153846153846153, 1.25, 1.013991769547325, 1.0, 1.111731843575419, 1.5, 1.0344827586206897, 1.0, 1.2162162162162162, 1.0111678970282036, 1.5, 1.0022099447513813, 1.1293103448275863, 1.0, 1.0, 1.0, 1.021455223880597, 1.0204081632653061, 1.2222222222222223, 2.0, 1.0, 1.0862068965517242, 1.1267605633802817, 1.0361635220125787, 2.0, 1.1720430107526882, 1.4, 1.0, 1.0, 1.0, 1.0, 1.07035175879397, 1.0, 1.0, 1.0, 1.0136208853575484, 1.0, 1.0039611551239458, 1.0, 1.0131418092909537, 1.1578947368421053, 1.0, 1.0947603121516165, 1.2727272727272727, 1.0, 1.0124734607218684, 1.0, 1.1081576535288726, 1.0, 1.1797153024911031, 1.0, 1.0080626037467393, 1.0, 1.0, 2.0, 2.0, 3.0, 1.1946902654867257, 1.105263157894737, 1.0880829015544042, 1.0, 1.0714285714285714, 1.0196078431372548, 3.0, 1.0119047619047619, 1.0, 1.5, 1.0, 1.0, 1.6666666666666667, 1.1538461538461537, 1.0, 1.2, 1.0237341772151898, 1.411764705882353, 1.1666666666666667, 1.0, 1.0, 1.0176928520877566, 1.3333333333333333, 1.0, 1.1428571428571428, 1.0, 1.0476190476190477, 1.0, 1.1236802413273002, 1.063063063063063, 1.0, 1.2317880794701987, 1.2291666666666667, 1.0, 1.0, 3.0, 1.0, 1.0, 1.0909090909090908, 1.0208333333333333, 1.1538461538461537, 1.2893081761006289, 1.0, 1.174757281553398, 1.1428571428571428, 1.0, 1.0116279069767442, 1.0, 1.0, 1.0, 2.0, 2.0, 1.5386904761904763, 1.0, 1.0, 1.625, 1.6923076923076923, 1.0105263157894737, 1.5348837209302326, 1.0, 1.0, 1.2121212121212122, 1.078125, 1.0, 1.0425531914893618, 1.126984126984127, 1.0, 1.0321027287319422, 1.0648148148148149, 1.0, 1.1428571428571428, 1.4, 1.0, 1.0, 1.125, 1.25, 1.27, 1.3181818181818181, 4.0, 1.1958762886597938, 1.0512820512820513, 1.6, 1.0, 1.0252136752136751, 1.0, 1.3, 1.0443714050944946, 1.125, 1.1761006289308176, 3.6666666666666665, 1.1325301204819278, 1.0, 1.0, 1.0175879396984924, 1.2, 1.0153846153846153, 1.0, 1.0207852193995381, 1.0, 1.03988603988604, 1.0, 1.5, 1.0833333333333333, 1.0, 1.0, 2.0, 1.2820512820512822, 1.0, 1.0, 1.2132132132132132, 1.0530973451327434, 1.0, 1.1428571428571428, 1.3043478260869565, 1.0, 1.0, 1.4814814814814814, 1.0, 1.0120901639344262, 1.006859382655561, 1.0, 1.0139402560455193, 1.0909090909090908, 1.0, 1.131578947368421, 2.0, 1.1111111111111112, 1.0, 1.0, 1.004057661505606, 1.0328151986183074, 1.045045045045045, 1.0, 1.0, 1.5, 1.125, 1.0108695652173914, 1.132867132867133, 1.0530451866404715, 1.0, 2.0, 1.0, 1.4285714285714286, 1.3604060913705585, 1.0, 1.0, 1.0, 1.0, 1.0522648083623694, 1.0, 1.0, 1.5, 1.0, 1.7173913043478262, 1.0, 1.2307692307692308, 1.0909090909090908, 2.090909090909091, 1.1899736147757256, 1.0199261992619926, 1.4305555555555556, 1.0, 2.0, 1.0434782608695652, 1.2857142857142858, 1.0, 1.0691868758915835, 1.120253164556962, 1.2857142857142858, 1.0, 1.082585278276481, 1.125, 1.0, 1.0223571625724537, 1.0369181380417336, 1.2, 1.0603693181818181, 1.0065876152832676, 1.8333333333333333, 2.0, 1.0615384615384615, 1.0280172413793103, 1.0053872053872055, 1.0, 1.225, 1.1607142857142858, 1.1918367346938776, 1.2571428571428571, 3.0, 1.200751879699248, 1.008849557522124, 1.0, 1.2654545454545454, 2.5, 1.0612244897959184, 1.5714285714285714, 1.010754523728235, 1.0833333333333333, 1.0, 3.0, 1.0, 1.2580645161290323, 1.0, 1.0833333333333333, 1.1810766721044046, 1.0450966356478169, 1.006015037593985, 1.1587301587301588, 1.0, 1.0414725069897484, 1.0, 1.0545454545454545, 1.0, 1.3732394366197183, 1.0, 1.0, 2.0, 2.0, 2.0, 1.0, 2.0, 1.051948051948052, 1.0, 1.1818181818181819, 1.0272679601468275, 1.0291153415453527, 1.086734693877551, 1.04, 1.0842105263157895, 1.0, 1.0, 1.0, 1.0, 1.0311493018259936, 1.2857142857142858, 1.0616913557097318, 1.5, 2.0, 1.2702702702702702, 1.0153846153846153, 1.0530035335689045, 1.0, 1.08881199538639, 1.0, 1.3333333333333333, 1.2, 1.2, 1.5, 1.0416666666666667, 2.6666666666666665, 1.0, 1.0, 2.0, 1.0, 1.037423774120792, 1.0320480721081622, 1.0, 1.25, 1.0, 1.04, 1.0363815142576205, 1.0, 1.1993006993006994, 1.6, 1.0520231213872833, 2.0, 1.0, 1.074235807860262, 1.0, 1.0588235294117647, 1.0, 1.0279828993392925, 1.3185840707964602, 1.0363636363636364, 1.037037037037037, 1.0482673267326732, 2.0, 1.6666666666666667, 1.0, 1.3181818181818181, 2.0, 1.0051635111876076, 1.0, 1.0427350427350428, 1.0594594594594595, 1.5384615384615385, 1.0, 1.0555555555555556, 1.0, 1.0, 1.0134698275862069, 1.0, 1.0526315789473684, 1.25, 1.1666666666666667, 1.0019782393669634, 1.0, 1.3333333333333333, 1.1554878048780488, 1.0063291139240507, 1.0807154322403119, 1.0, 1.0104602510460252, 1.25, 1.055206149545772, 1.0, 1.0, 1.4615384615384615, 1.125, 1.0749625187406298, 1.0794701986754967, 1.0073105040400154, 1.0338164251207729, 1.2162162162162162, 1.0919540229885059, 1.7222222222222223, 1.0, 1.1176470588235294, 1.0471204188481675, 1.0333333333333334, 1.0, 1.3666666666666667, 1.13, 1.0, 1.0, 1.3571428571428572, 1.0, 1.0952380952380953, 1.0290697674418605, 1.0, 1.0085470085470085, 1.5, 1.0, 1.0, 1.0, 1.3061224489795917, 1.0108695652173914, 1.0413223140495869, 1.6785714285714286, 1.0, 1.0, 1.0617283950617284, 1.020935412026726, 1.0, 1.0, 1.0, 1.074766355140187, 1.0714285714285714, 1.0, 3.0, 1.0189200989666716, 1.263157894736842, 1.0, 1.0, 1.0681818181818181, 1.4285714285714286, 1.3125, 1.088235294117647, 1.75, 1.375, 2.0, 1.0, 1.0, 1.709090909090909, 1.0, 1.055402864168957, 1.0693069306930694, 1.0325581395348837, 1.0, 1.019442984760904, 1.0063125816282108, 1.5666666666666667, 1.030612244897959, 1.0, 1.0, 1.023398654577362, 2.0, 1.0232558139534884, 1.6666666666666667, 1.2065217391304348, 1.0, 1.3333333333333333, 1.0769230769230769, 2.0, 1.0, 1.3333333333333333, 1.6666666666666667, 1.0178041543026706, 1.3953488372093024, 1.0909090909090908, 1.0739450251645373, 1.0317460317460319, 1.6666666666666667, 1.15, 1.0, 1.0, 1.0, 1.0, 1.0571428571428572, 1.0879839115133232, 1.0, 1.5, 2.0, 1.0, 1.0, 1.0, 1.0790513833992095, 1.0262138429752066, 1.0333988212180747, 1.0, 1.1794871794871795, 1.0036815462494248, 3.0, 1.2142857142857142, 1.0146520146520146, 1.0, 1.2727272727272727, 1.0, 1.0837988826815643, 1.2695035460992907, 1.00711743772242, 1.0312383785793975, 1.0473815461346634, 1.1192660550458715, 1.0, 1.1612529002320187, 1.0283687943262412, 1.5, 1.0047169811320755, 1.0323699421965318, 1.0, 1.0, 1.0, 1.006054131054131, 1.0192307692307692, 1.0338983050847457, 1.1785714285714286, 1.2833333333333334, 2.0, 1.1386138613861385, 1.5, 1.0, 1.125, 1.0769230769230769, 1.1625, 1.0, 1.4285714285714286, 1.004217273954116, 1.0086580086580086, 1.0200803212851406, 1.0, 1.0040332338468985, 1.0, 1.0588235294117647, 1.0, 1.020066889632107, 1.0, 1.0, 1.1666666666666667, 1.0, 1.036549707602339, 1.0, 1.0, 1.0, 1.0677966101694916, 1.0044805376645198, 1.38, 1.0, 1.7352941176470589, 1.0466970387243735, 1.0173785594639866, 1.0, 1.1849315068493151, 1.0, 1.3714285714285714, 1.0571428571428572, 1.5, 1.0, 1.1111111111111112, 1.0606060606060606, 1.223901098901099, 1.0, 1.0, 1.0, 1.25, 1.3380281690140845, 1.0909090909090908, 1.0869565217391304, 1.0, 1.1111111111111112, 1.1421319796954315, 1.0825082508250825, 1.0115183246073298, 1.0392296718972895, 1.4285714285714286, 1.0, 1.7692307692307692, 1.3823529411764706, 1.0952380952380953, 1.0352422907488987, 1.0, 1.3636363636363635, 1.0129742480833497, 1.3297872340425532, 1.0002908244874218, 1.0, 2.0, 1.0391477345655242, 1.0, 1.0, 1.0, 1.0, 1.6666666666666667, 1.0, 1.2682926829268293, 1.0222222222222221, 1.0, 1.0, 1.0075376884422111, 1.135032811711257, 1.023076923076923, 1.0, 1.1875, 1.0851063829787233, 1.0671875, 1.0416666666666667, 1.1675191815856778, 1.0, 1.0783673469387756, 1.0438871473354232, 1.0833333333333333, 1.06055900621118, 1.1141439205955335, 3.0, 1.2027027027027026, 1.2962962962962963, 2.0, 3.75, 1.0, 1.4666666666666666, 1.054054054054054, 1.0, 1.0, 3.0, 2.0, 3.0, 1.02421875, 1.3725490196078431, 1.75, 1.1636363636363636, 1.1333333333333333, 1.0, 1.16793893129771, 1.0101040118870728, 1.1111516034985423, 1.0197024527543226, 1.6666666666666667, 1.6, 3.0, 1.0, 1.0, 1.25, 1.086286594761171, 1.0, 1.183297180043384, 1.0, 1.4166666666666667, 1.1529411764705881, 1.0, 1.351063829787234, 1.1134185303514377, 1.1428571428571428, 1.1685393258426966, 1.2857142857142858, 1.2495697074010328, 1.0, 1.4166666666666667, 1.0, 1.0012853470437018, 1.5, 1.0, 1.0, 1.0, 1.1387878787878787, 1.0547236591342226, 1.0, 1.0677966101694916, 1.3333333333333333, 1.1794871794871795, 1.1020408163265305, 2.0, 2.0, 1.0300751879699248, 1.2374100719424461, 1.0220548682087143, 1.0015987210231814, 1.1476510067114094, 1.0, 1.0, 1.0348258706467661, 1.0, 1.05, 1.0378548895899053, 1.2894736842105263, 1.0, 1.0, 1.1317073170731706, 1.75, 1.0, 1.0, 1.025751936424907, 1.0, 1.3157894736842106, 2.0, 1.0, 1.0, 1.1142857142857143, 1.1363636363636365, 1.2857142857142858, 1.046376811594203, 1.5, 1.04, 1.0, 1.0, 1.0, 1.0498478820500818, 1.1318537859007833, 1.0737240075614367, 1.3333333333333333, 1.0, 1.2215657311669128, 2.0, 1.08, 1.4124293785310735, 1.4615384615384615, 1.0495012234142669, 1.0067849686847599, 1.375, 1.0, 1.5, 1.0, 1.1833333333333333, 1.0, 1.0125761446256631, 1.1645, 1.2, 1.0, 1.25, 1.0, 1.3333333333333333, 1.0, 1.3333333333333333, 1.2222222222222223, 1.0, 2.5, 1.0011350737797957, 1.0, 1.0, 1.0, 1.2, 1.0347490347490347]
origin-census_12.27 	max: 4.0000	99th: 3.0000	95th: 2.0000	median: 1.0433	mean: 1.2059

...Done, result: results.csv

WORKLOAD-FINISHED | Type: QueryWorkload | Progress: 1/3 | Workload-time: 88.009992 | Model-update-time: 0.000000


WORKLOAD-START | Type: DataUpdateWorkload | Progress: 2/3
Going to run: ['python', '/home/kangping/code_copy/SAUCE/Naru/eval_model.py', '--model=naru', '--data_update=valueskew', '--dataset=census', '--drift_test=js', '--end2end', '--update_size=8000', '--query_seed=0', '--eval_type=drift']
Torch device: cuda:1
GET-MODEL-PATH=./models/end2end/naru/origin-census-22.5MB-model27.255-data14.989-300epochs-seed0.pt
GET-DATASET-PATH=./data/census/end2end/census_int.npy
ValueSample - START
ValueSample - END
load_npy_dataset_from_path - df.shape = (39073, 13)
Parsing... done, took 0.0s
Data updated!
Previous data size: (32561, 13), new data size: (6512, 13)
[2.6822090e-06 6.6757202e-06 1.5199184e-05 1.1920929e-07 1.9073486e-06
 2.6226044e-06 2.5982082e-02 1.1920929e-06 8.3446503e-07 1.9282103e-04
 9.9539757e-06 1.5437603e-05 9.2387199e-06]
Distance score: 0.002018520375713706
SAUCE Drift detection: True
Detection latency: 0.0037s

DRIFT-DETECTED after 2-th workload
Going to run: ['python', '/home/kangping/code_copy/SAUCE/Naru/incremental_train.py', '--dataset=census', '--end2end', '--model=naru', '--model_update=adapt', '--update_size=8000', '--epochs=0']
Torch device: cuda:1
GET-MODEL-PATH=./models/end2end/naru/origin-census-22.5MB-model27.255-data14.989-300epochs-seed0.pt
update_size: 6512
AdaptTask - START
GET-DATASET-PATH=./data/census/end2end/census_int.npy
load_npy_dataset_from_path - df.shape = (39073, 13)
Parsing... done, took 0.0s
done, took 0.0s
dataset size: 39073
train data shape: torch.Size([6512, 13]), transfer data shape:torch.Size([1302, 13])
Training done; evaluating likelihood on full data:
Epoch None Iter 0, test loss 25.9602 nats / 37.4527 bits
Saved to: /home/kangping/code_copy/SAUCE/models/end2end/naru/origin-census-22.5MB-model27.255-data14.989-300epochs-seed0.pt
AdaptTask - END

WORKLOAD-FINISHED | Type: DataUpdateWorkload | Progress: 2/3 | Workload-time: 1.933577 | Model-update-time: 3.822750


WORKLOAD-START | Type: QueryWorkload | Progress: 3/3
Going to run: ['python', '/home/kangping/code_copy/SAUCE/Naru/eval_model.py', '--dataset=census', '--model=naru', '--end2end', '--query_seed=0', '--eval_type=estimate', '--num_workload=3', '--data_update=valueskew', '--model_update=adapt', '--random_seed=42']
Torch device: cuda:1
GET-MODEL-PATH=./models/end2end/naru/origin-census-22.5MB-model27.255-data14.989-300epochs-seed0.pt
ckpts [PosixPath('/home/kangping/code_copy/SAUCE/models/end2end/naru/origin-census-22.5MB-model27.255-data14.989-300epochs-seed0.pt')]
Validate Argument: DATASET="census" is valid.
data size: 39073, total size: 39073, split index: [32560 39073]
Parsing... done, took 0.0s
Loading ckpt: /home/kangping/code_copy/SAUCE/models/end2end/naru/origin-census-22.5MB-model27.255-data14.989-300epochs-seed0.pt
query_seed:0
origin-census_12.27 	max: 257.0000	99th: 23.0200	95th: 3.0000	median: 1.1760	mean: 2.3378
ReportEsts: [1.1, 1.0, 1.1071428571428572, 1.0, 1.4, 1.7604790419161678, 1.0322014051522248, 1.690721649484536, 3.0, 3.0, 1.2379661016949153, 1.380952380952381, 1.0185185185185186, 1.3622754491017963, 1.1016949152542372, 1.2374100719424461, 1.2740619902120718, 1.16, 1.0, 2.0, 2.0454545454545454, 1.4736842105263157, 1.0, 1.2222222222222223, 1.0, 1.5, 1.0909090909090908, 1.6009852216748768, 1.125, 1.0331319430910153, 1.2140616832200732, 1.6216216216216217, 1.1618235137296722, 1.5885057471264368, 1.4615384615384615, 1.2777777777777777, 1.0, 1.0, 1.25, 1.4210526315789473, 1.1764705882352942, 1.0, 3.0, 1.259801488833747, 1.0, 1.3333333333333333, 1.0, 1.4125, 1.0, 1.0, 1.4300518134715026, 1.1363636363636365, 1.0, 2.066666666666667, 1.0614692653673163, 51.0, 1.4444444444444444, 1.1785879095523766, 1.3908045977011494, 1.5555555555555556, 1.0105820105820107, 1.5, 1.3522727272727273, 1.1666666666666667, 1.3225806451612903, 1.1346467834984217, 1.2640625, 1.0605828220858895, 1.1853448275862069, 1.2142857142857142, 1.570967741935484, 1.0677966101694916, 1.3333333333333333, 1.20625375826819, 1.0143243243243243, 1.3333333333333333, 1.4285714285714286, 1.1111111111111112, 1.0497777777777777, 2.2, 9.0, 1.0, 1.0, 1.0, 1.0971599402092675, 2.0, 1.0196078431372548, 1.0, 1.0494186046511629, 1.0023584905660377, 1.0, 2.0, 1.16796875, 1.0, 1.2083333333333333, 1.2941176470588236, 2.0, 1.0, 1.0460526315789473, 2.0, 1.2804878048780488, 1.1885245901639345, 4.0, 1.2727272727272727, 1.5263157894736843, 1.4270833333333333, 1.3181818181818181, 2.0, 1.0411921032649962, 19.0, 1.0, 1.5, 2.6666666666666665, 1.7880324543610548, 1.0, 1.0, 1.013986013986014, 1.0, 1.0, 2.0, 1.0, 1.0, 3.0, 1.1515151515151516, 2.0, 1.0, 1.346875, 1.347732181425486, 1.0467289719626167, 1.0, 1.243816254416961, 1.2862706913339825, 1.2107969151670952, 1.0, 1.2, 1.3728813559322033, 1.0, 1.1428571428571428, 2.0, 1.0, 1.0, 2.0, 2.0, 2.5833333333333335, 1.0, 1.0, 1.2425593287006687, 1.2215168727029737, 1.0, 55.8, 1.1145374449339207, 1.0, 1.2027206370272063, 1.3333333333333333, 1.0, 1.3167701863354038, 1.2823529411764707, 1.2, 1.3333333333333333, 1.208366375892149, 1.4, 1.3814432989690721, 1.333810888252149, 1.2741617357001973, 1.0606060606060606, 1.0184626700993011, 1.171487603305785, 2.0, 1.2307692307692308, 1.0526315789473684, 1.0626702997275204, 1.794871794871795, 1.1965798798336158, 1.2638376383763839, 1.5121951219512195, 1.1629032258064516, 1.0, 1.25, 1.0, 9.0, 2.2, 1.0, 1.1788617886178863, 1.4216867469879517, 1.0, 1.2184466019417475, 2.4285714285714284, 2.4, 1.0, 1.5, 1.0, 1.053030303030303, 1.0, 1.3333333333333333, 1.0, 1.0247963800904978, 1.0877796901893289, 1.1724137931034482, 1.0, 1.196078431372549, 1.0625, 1.0, 1.056555269922879, 1.1519370460048426, 1.18, 1.7142857142857142, 1.0, 1.0, 1.0, 1.5, 1.0, 1.5384615384615385, 1.010085092971951, 1.5, 2.0, 1.3076923076923077, 1.3781094527363185, 1.0, 1.019077568134172, 1.1428571428571428, 16.0, 1.1923009776536313, 1.0, 1.0, 1.1132075471698113, 1.090643274853801, 1.35, 1.0476190476190477, 1.5517970401691332, 1.0298507462686568, 2.0, 1.0334538878842676, 1.0, 1.0331526271893245, 1.0, 1.0, 1.8061224489795917, 2.0, 3.0, 1.0427440633245382, 1.0841121495327102, 1.0, 1.4409448818897639, 1.0, 1.5349794238683128, 1.0135135135135136, 1.3333333333333333, 1.0, 2.0, 1.2344068487566244, 1.0215827338129497, 1.0, 1.3636363636363635, 1.1935483870967742, 1.0, 3.0, 1.0481927710843373, 1.1059907834101383, 1.7865168539325842, 1.125884016973126, 1.2171134386650098, 1.0, 1.6666666666666667, 1.1428571428571428, 1.2139303482587065, 1.0, 1.121212121212121, 1.0, 1.7695693178245835, 1.0, 1.2196861626248217, 1.0, 1.1875, 2.0, 1.0125104253544621, 1.0, 1.016295025728988, 1.3404255319148937, 1.0095846645367412, 1.75, 1.0273109243697478, 1.0, 1.3333333333333333, 1.12, 1.04, 1.05, 1.8333333333333333, 2.0, 1.253968253968254, 1.0, 1.0, 1.0, 1.1851851851851851, 1.0044514270751506, 1.5384615384615385, 20.0, 2.0, 4.0, 1.1176470588235294, 1.1754312158182583, 1.1538461538461537, 2.0, 1.0, 1.0298440979955457, 1.0, 1.0, 1.183673469387755, 1.0, 1.0, 1.0, 1.0010307346326837, 1.1426256077795787, 1.205128205128205, 1.2079021636876763, 1.375, 1.1384615384615384, 2.0, 1.25, 1.0, 1.0, 2.0, 1.2306684141546527, 1.0, 1.0624365482233502, 2.0, 1.0, 1.6511627906976745, 1.1967213114754098, 1.0, 1.0, 2.0, 1.6666666666666667, 7.0, 1.1612483745123536, 1.0, 1.0454545454545454, 1.0, 1.3333333333333333, 2.0, 19.0, 1.0, 1.75, 1.0, 1.0, 2.0, 1.1951219512195121, 1.7563025210084033, 1.0, 1.155268022181146, 2.0, 1.0, 2.3333333333333335, 1.1538461538461537, 1.0, 2.6666666666666665, 1.2962962962962963, 1.0, 1.1304347826086956, 1.8, 1.3278688524590163, 1.3333333333333333, 1.2655163533350502, 1.2055234425176622, 1.1818181818181819, 1.4759615384615385, 1.0, 2.0, 1.0, 1.0, 1.108695652173913, 1.1481481481481481, 1.127659574468085, 1.4228675136116153, 2.0, 1.0614035087719298, 1.375, 1.0, 1.118811881188119, 1.0, 1.0, 1.0, 1.0357142857142858, 3.0, 1.6568627450980393, 1.0, 2.0, 1.5, 1.0714285714285714, 1.2708333333333333, 1.5, 1.0, 1.0, 1.1895734597156398, 1.0, 1.0, 1.1768826619964974, 1.3333333333333333, 1.9638932496075354, 1.6943866943866943, 2.3333333333333335, 23.0, 1.75, 1.0230849947534102, 2.6666666666666665, 1.2105263157894737, 1.0, 1.3061224489795917, 1.0135135135135136, 3.0, 1.0544090056285178, 1.6129032258064515, 1.0, 1.0, 2.0, 1.0, 1.055, 1.4146341463414633, 1.0116959064327486, 1.1849201981287838, 1.0, 1.0, 1.0, 1.5384615384615385, 1.0743243243243243, 1.76, 1.4322916666666667, 1.0, 1.2437824542224651, 2.0, 2.0, 1.0, 2.0, 1.0333333333333334, 1.0, 1.0, 1.0, 1.0224809313528704, 4.0, 1.1898972354899406, 2.0, 2.0, 1.5, 38.0, 1.0, 1.1875, 1.467741935483871, 2.0588235294117645, 1.0, 1.0833333333333333, 1.0, 2.0, 4.0, 1.0625, 1.1170212765957446, 1.0851063829787233, 1.391304347826087, 1.1577207977207977, 1.0, 1.2307692307692308, 1.25, 1.104129263913824, 1.5, 1.3245614035087718, 2.0, 1.0870445344129556, 2.0, 1.0, 1.381294964028777, 1.380952380952381, 1.216099304118864, 4.0, 1.0011896668932698, 1.2033492822966507, 2.0, 2.0, 1.0181556948798327, 1.349726775956284, 1.0, 1.0, 1.2873563218390804, 1.0, 1.3333333333333333, 1.326478149100257, 1.2, 1.0, 1.0305796439981743, 1.5, 1.2666666666666666, 1.0, 1.0169992609017, 2.0, 3.0, 2.0, 1.9879518072289157, 2.5, 3.0, 1.2222222222222223, 1.0, 1.2531418312387792, 1.6923076923076923, 1.0, 1.0, 1.0206732043466737, 1.0705317577548006, 1.2485795454545454, 1.800986842105263, 2.0, 1.375, 1.0666666666666667, 1.1657458563535912, 1.0, 1.0, 1.0084745762711864, 1.4, 1.0769230769230769, 1.0, 1.0, 3.0, 3.0, 1.5, 1.75, 1.546583850931677, 1.3734939759036144, 1.263975155279503, 1.0862068965517242, 1.302325581395349, 1.5555555555555556, 1.0, 1.5142857142857142, 2.0, 1.2, 1.0, 1.2188841201716738, 1.5, 1.0, 1.3537414965986394, 1.0066889632107023, 1.7276785714285714, 1.0, 3.0, 2.0, 1.0, 1.0, 1.0, 1.01906090190609, 1.1742627345844503, 1.0085620750440696, 1.0097406550590526, 1.5408163265306123, 1.3333333333333333, 5.0, 1.730537352555701, 1.1237113402061856, 2.0, 1.1813842482100239, 1.0, 1.0162337662337662, 1.0185516316495307, 2.0, 1.9090909090909092, 1.1904761904761905, 1.2222222222222223, 1.0504148053605615, 1.0, 1.0, 1.1162790697674418, 1.0, 1.0, 1.232725527831094, 1.0, 1.0, 1.0, 1.75, 1.3316062176165804, 1.2045454545454546, 1.2346263008514664, 1.5, 1.0348837209302326, 1.118488253319714, 1.0, 1.048532156796199, 3.0, 2.0, 2.0, 25.0, 1.0689655172413792, 1.049056603773585, 1.0145631067961165, 2.0, 1.0427759497457374, 1.6, 1.0, 1.3333333333333333, 2.0, 1.150259067357513, 1.3333333333333333, 1.0, 2.0, 4.0, 1.3908045977011494, 1.3461538461538463, 2.0, 1.375, 3.5, 1.0869565217391304, 1.0610119047619047, 1.2082129850558834, 1.1016949152542372, 1.1393775372124493, 1.3977272727272727, 1.253030303030303, 1.0, 1.0, 1.3120083901415835, 1.1994177583697234, 1.6428571428571428, 1.0255009107468125, 1.5764192139737991, 2.0, 1.0575719649561952, 1.1914893617021276, 1.6666666666666667, 1.0, 1.0823529411764705, 1.08, 1.2, 1.2062415196743554, 1.0, 1.573667711598746, 1.0194027467262856, 2.1818181818181817, 1.0, 1.021123301129851, 1.0, 1.5, 1.1232876712328768, 1.2777777777777777, 1.0434782608695652, 31.0, 1.0, 1.0, 1.251219512195122, 1.0, 1.1508928571428572, 1.0727272727272728, 1.0, 1.6666666666666667, 1.4191616766467066, 1.1593406593406594, 1.0, 1.0, 1.6603773584905661, 2.0, 1.1180124223602483, 1.2924071082390953, 1.125, 1.0884615384615384, 1.576158940397351, 1.6153846153846154, 1.0078849080094066, 1.0, 2.0, 1.0, 1.0, 88.15384615384616, 1.5, 3.0, 1.5, 1.0, 1.6849315068493151, 1.0, 1.0689655172413792, 1.1767241379310345, 1.0, 1.0, 2.0, 1.0, 1.0, 1.0, 1.5809128630705394, 1.6, 1.5072463768115942, 1.072, 1.5, 1.8088235294117647, 1.0, 1.18, 1.0, 1.0, 1.0, 1.032394366197183, 1.75, 1.7857142857142858, 37.5, 1.0, 1.0, 1.0, 1.0, 2.0, 1.575, 3.0, 1.2043010752688172, 1.2, 1.0442536327608982, 2.0, 1.3333333333333333, 1.0025673940949935, 2.0, 1.6531531531531531, 1.4705882352941178, 1.1111111111111112, 1.5, 1.0, 1.092485549132948, 1.0389610389610389, 1.25, 1.9464285714285714, 1.173913043478261, 3.0, 1.0, 1.0, 1.0, 1.15, 2.0, 1.3794601303133727, 1.062874251497006, 1.0, 1.0, 1.0, 1.098901098901099, 1.0154093097913324, 1.1506653992395437, 1.0, 1.8571428571428572, 1.0386146496815287, 2.0, 1.3529411764705883, 1.0453857791225416, 1.0, 1.1666666666666667, 1.0, 1.1082474226804124, 1.0, 1.037037037037037, 1.1464968152866242, 1.1484375, 1.6787330316742082, 3.6666666666666665, 1.0, 2.0413793103448277, 1.0, 2.0, 3.0, 2.0, 1.7586206896551724, 1.0047033285094067, 1.07492795389049, 1.0, 1.3636363636363635, 2.0, 1.7857142857142858, 1.41635687732342, 1.0253164556962024, 1.7142857142857142, 1.4047619047619047, 1.5245901639344261, 1.0, 1.3875, 2.0, 1.0, 1.0, 1.375, 1.125, 1.0248638408714184, 1.6666666666666667, 1.0, 1.2556818181818181, 1.2043973941368078, 1.2777777777777777, 1.0374331550802138, 1.0, 1.1014492753623188, 1.3043478260869565, 1.2394366197183098, 1.0, 3.4827586206896552, 1.2549019607843137, 1.9230769230769231, 1.2333333333333334, 1.0, 2.4210526315789473, 1.0, 1.1538461538461537, 1.003958258366319, 1.0, 1.368421052631579, 1.3043478260869565, 2.4285714285714284, 1.0, 1.4615384615384615, 1.36, 1.0, 2.0, 1.1538461538461537, 1.184782608695652, 1.0461538461538462, 1.1538461538461537, 2.0, 1.2857142857142858, 1.16875, 6.4, 1.621870882740448, 1.2265270506108203, 1.0637254901960784, 1.1904761904761905, 1.0, 1.0, 2.03494623655914, 1.7666666666666666, 1.018450184501845, 1.0, 1.0, 1.8877551020408163, 1.0, 1.106060606060606, 1.0092938909667915, 1.0, 1.25, 1.2450980392156863, 1.0515151515151515, 1.1551835157759176, 1.0, 1.0187188019966722, 1.0661157024793388, 1.0296184738955823, 1.0, 1.2096774193548387, 1.014505893019039, 1.5, 1.0143079756339426, 1.0, 1.4259259259259258, 1.0, 1.0, 1.1068580542264752, 1.2363636363636363, 1.2520408163265306, 1.2, 1.0305997552019583, 1.1692789968652038, 1.375, 1.5922521339461588, 1.111358574610245, 2.25, 1.527027027027027, 1.2727272727272727, 3.0, 1.21875, 1.0, 1.7772727272727273, 1.1196581196581197, 1.0, 1.2171926910299002, 1.3214285714285714, 1.1216685979142527, 1.1020408163265305, 2.0, 1.4803293687099726, 1.6, 3.0, 3.0, 1.1, 1.0047806524184477, 1.0455927051671732, 1.0, 1.0, 1.0714285714285714, 1.3076923076923077, 1.0, 1.1071428571428572, 1.8571428571428572, 1.3333333333333333, 1.08, 1.087837837837838, 1.125, 1.0, 1.7346617724174096, 3.0, 1.625, 1.0, 1.5544554455445545, 1.0, 1.009401932619483, 1.0, 1.7959183673469388, 1.2857142857142858, 2.0, 1.1280898876404495, 257.0, 1.0013698630136987, 1.178343949044586, 1.5964912280701755, 2.0, 1.167192429022082, 1.028428927680798, 2.0, 1.0, 1.0, 1.6822742474916388, 120.16666666666667, 1.0, 1.2571428571428571, 1.7741935483870968, 1.1671695835847917, 1.2607003891050583, 2.0, 1.4434389140271493, 3.0, 1.04739336492891, 1.1550802139037433, 1.3, 1.0188960716061661, 1.0, 1.0, 1.2484624846248462, 1.0, 1.0224215246636772, 1.5, 2.111111111111111, 1.0285714285714285, 1.5660377358490567, 1.2916666666666667, 1.0, 1.14, 2.0, 1.1013986013986015, 1.3214285714285714, 1.4363636363636363, 1.0690505548705302, 1.0, 1.3, 1.0, 3.0, 1.0, 1.1154703522068659, 1.5861702127659574, 1.3960302457466918, 1.0, 2.0, 1.0, 1.1042600896860986, 1.0798969072164948, 1.6746987951807228, 1.7333333333333334, 1.077246963562753, 1.294412770809578, 3.0, 1.0869565217391304, 1.0345423143350605, 1.0, 1.0, 1.0, 1.051660516605166, 1.5266608391608392, 1.0, 1.0, 1.6071428571428572, 1.0, 2.037037037037037, 1.0, 1.4, 1.5333333333333334, 1.4444444444444444, 1.014883612482027, 1.0657276995305165, 1.0, 175.5, 1.293103448275862, 1.0344827586206897, 1.0766062602965403, 1.0101694915254238, 1.0901814300960513, 1.0, 1.0, 1.0, 1.3226452905811623, 1.0468876313662085, 1.078740157480315, 1.019700872079888, 1.0701754385964912, 2.0, 1.4416873449131513, 1.0, 1.3333333333333333, 2.0, 1.0, 1.6666666666666667, 1.0139462809917354, 3.0, 1.0666666666666667]
origin-census_12.27 	max: 257.0000	99th: 23.0200	95th: 3.0000	median: 1.1760	mean: 2.3378

...Done, result: results.csv

WORKLOAD-FINISHED | Type: QueryWorkload | Progress: 3/3 | Workload-time: 83.012475 | Model-update-time: 0.000000


Experiment Summary: #data-update-times=1, #drift=1 | total-time=176.832829