Input arguments = Namespace(data_update='sample', update_size=8000, dataset='census', debug=False, drift_test='js', model_update='adapt', model='naru', end2end=False, query_seed=0, random_seed=42, num_workload=3)
JSON-passed parameters = {'data_updater': {'skew_ratio': '1e-2'}, 'random_seed': 67, 'naru': {'epochs': 0}}
MODEL-PATH=/home/kangping/code_copy/SAUCE/models/end2end/naru/origin-census-22.5MB-model27.255-data14.989-300epochs-seed0.pt
DATASET-PATH=/home/kangping/code_copy/SAUCE/data/census/end2end/census_int.npy
Workloads: ['QueryWorkload', 'DataUpdateWorkload', 'QueryWorkload']

WORKLOAD-START | Type: QueryWorkload | Progress: 1/3
Going to run: ['python', '/home/kangping/code_copy/SAUCE/Naru/eval_model.py', '--dataset=census', '--model=naru', '--query_seed=0', '--end2end', '--eval_type=first_estimate', '--num_workload=3', '--data_update=sample', '--model_update=adapt', '--random_seed=42']
Torch device: cuda:1
GET-MODEL-PATH=./models/end2end/naru/origin-census-22.5MB-model27.255-data14.989-300epochs-seed0.pt
ckpts [PosixPath('/home/kangping/code_copy/SAUCE/models/end2end/naru/origin-census-22.5MB-model27.255-data14.989-300epochs-seed0.pt')]
Validate Argument: DATASET="census" is valid.
load_csv_dataset - census (32561, 13)
Parsing... done, took 0.0s
Loading ckpt: /home/kangping/code_copy/SAUCE/models/end2end/naru/origin-census-22.5MB-model27.255-data14.989-300epochs-seed0.pt
query_seed:0
origin-census_12.27 	max: 7.0000	99th: 3.0000	95th: 2.0000	median: 1.0467	mean: 1.2019
ReportEsts: [1.0, 1.1321152494729445, 1.119718309859155, 2.0, 1.015625, 1.0343347639484979, 1.0, 1.2142857142857142, 1.0, 1.0, 1.0, 1.1428571428571428, 2.142857142857143, 1.1527777777777777, 1.2756410256410255, 1.0, 1.0186915887850467, 1.0, 1.0, 1.0, 1.2, 2.0, 1.23121387283237, 2.5, 1.0188679245283019, 1.2, 1.0, 1.0256574727389351, 1.0, 1.0538443451681165, 1.0295347621536852, 1.4054054054054055, 1.0655737704918034, 1.1111111111111112, 1.0, 1.1785714285714286, 1.5, 1.0020449897750512, 1.375, 1.029331884845193, 1.0, 1.0, 1.0, 1.0, 1.08, 1.1333333333333333, 1.0, 1.0093797276853254, 1.0, 4.0, 1.0, 1.2727272727272727, 1.0, 1.0434782608695652, 1.091743119266055, 1.0, 1.0679012345679013, 1.75, 1.0037537537537538, 1.019108280254777, 1.1123595505617978, 1.0909090909090908, 1.1730769230769231, 1.1923076923076923, 1.0, 1.0, 1.0, 1.0037960954446854, 1.0, 1.1666666666666667, 1.25, 1.2222222222222223, 1.6666666666666667, 1.0, 1.0146609651802077, 1.0, 1.0, 1.5, 2.0, 1.0, 1.0, 1.0, 1.0, 1.3333333333333333, 1.3, 1.1538461538461537, 1.0, 1.069767441860465, 1.0308818279186005, 1.0, 1.0612244897959184, 1.0, 1.032258064516129, 2.0, 1.0718954248366013, 1.5, 1.0471491228070176, 1.3333333333333333, 1.5483870967741935, 1.5, 1.0, 1.0, 1.0, 1.0, 1.0, 1.0408921933085502, 1.0318225650916104, 1.1481481481481481, 1.181547619047619, 1.032258064516129, 1.1594202898550725, 1.0, 1.3043478260869565, 1.2222222222222223, 1.4848484848484849, 1.0, 3.0, 1.103448275862069, 3.0, 1.009090909090909, 2.0, 1.1264, 1.0917721518987342, 1.25, 1.0017674089784376, 1.0666666666666667, 1.0113057970361696, 1.0666666666666667, 1.231578947368421, 1.0913043478260869, 1.0, 1.0017841213202499, 1.0, 1.0, 2.0, 1.0, 1.027455121436114, 1.0, 1.0, 1.5555555555555556, 1.0, 2.1875, 1.0, 1.0, 2.0, 1.0, 1.0, 1.1818181818181819, 1.0340724716062737, 1.1844660194174756, 1.0526315789473684, 1.0, 2.0, 1.0, 1.0, 1.5, 1.5, 1.0, 1.0, 1.3333333333333333, 1.0, 1.5, 1.4444444444444444, 1.0769230769230769, 1.160621761658031, 1.003960396039604, 1.0175438596491229, 1.0025, 1.0306577480490524, 1.2375690607734806, 1.0540236353404615, 1.2, 1.0, 1.0, 1.6470588235294117, 1.4938271604938271, 1.25, 1.0654959658281917, 1.0431423052157116, 1.0784313725490196, 1.0, 1.2580645161290323, 1.065217391304348, 1.0535714285714286, 1.3157894736842106, 1.018440957679565, 1.5, 1.0, 1.0655737704918034, 1.0707395498392283, 1.5365853658536586, 1.125, 1.006156760596732, 1.0, 1.0666666666666667, 1.1111111111111112, 1.0473589973142345, 1.0, 1.0344827586206897, 1.1828571428571428, 1.0, 1.02, 1.3398058252427185, 1.0666666666666667, 2.0, 1.4, 1.0, 1.0429362880886426, 2.0, 1.0, 1.0269607843137254, 1.1758241758241759, 1.1538461538461537, 2.1666666666666665, 1.0, 1.1428571428571428, 1.0192307692307692, 1.0022383883603805, 1.092485549132948, 1.178082191780822, 1.0, 1.2857142857142858, 1.0080128205128205, 1.2682926829268293, 2.0, 1.1627906976744187, 1.0, 1.0, 1.0, 1.0, 1.0, 1.4444444444444444, 1.2, 1.1029411764705883, 1.0, 1.0, 1.0, 1.4, 1.0703851261620185, 1.0, 1.0, 1.0470588235294118, 2.0, 1.0, 1.0, 1.25, 1.5263157894736843, 1.0, 1.0, 1.0638297872340425, 1.0, 1.0, 1.2142857142857142, 1.7142857142857142, 1.0, 1.0714285714285714, 2.5, 1.0478260869565217, 1.793103448275862, 1.0086730268863833, 1.0, 1.0, 1.4444444444444444, 1.0285714285714285, 1.3333333333333333, 1.0, 1.4545454545454546, 1.005, 2.0, 1.2142857142857142, 1.1764705882352942, 1.0, 1.0, 2.0, 1.000418322526668, 1.0172413793103448, 1.0, 1.1666666666666667, 1.0, 1.0, 2.0, 1.2682926829268293, 1.0113636363636365, 1.5, 1.0251623376623376, 1.0, 1.053072625698324, 2.0, 1.1111111111111112, 1.0, 1.25, 1.01231760469964, 1.5, 1.0066592674805772, 1.1148936170212767, 1.0, 1.0, 1.0384615384615385, 1.0866700456158134, 1.0204081632653061, 1.2222222222222223, 2.0, 1.0, 1.1666666666666667, 1.0704225352112675, 1.0251572327044025, 2.0, 1.1223241590214068, 1.4, 1.0, 1.0, 1.0, 1.0, 1.0757575757575757, 1.0, 1.0, 1.0, 1.0182440136830102, 1.0, 1.012550135851986, 1.0, 1.016247700797057, 1.1, 1.0, 1.084726867335563, 1.2727272727272727, 1.0, 1.0233289646133683, 1.0, 1.0800488848151544, 1.0, 1.1510416666666667, 1.0, 1.036755987668959, 1.0, 1.0, 2.0, 2.0, 3.0, 1.2212389380530972, 1.105263157894737, 1.05, 1.0, 1.0344827586206897, 1.0196078431372548, 3.0, 1.0357142857142858, 1.0, 1.5, 1.0, 1.0, 1.6666666666666667, 1.0714285714285714, 1.0, 1.1, 1.004808517946076, 1.411764705882353, 1.0, 1.0, 1.0, 1.0699404761904763, 1.6666666666666667, 1.0, 1.163265306122449, 1.0, 1.2222222222222223, 1.0, 1.1069836552748886, 1.0360360360360361, 1.0, 1.1847133757961783, 1.25, 1.0, 1.0, 3.0, 1.0, 1.0, 1.0588235294117647, 1.0625, 1.0975609756097562, 1.305732484076433, 1.0, 1.2474226804123711, 1.1428571428571428, 1.0, 1.0344827586206897, 1.0, 1.0, 1.0, 1.0, 2.0, 1.5205882352941176, 1.0, 1.0, 1.625, 1.6153846153846154, 1.032258064516129, 1.5116279069767442, 1.0, 1.0, 1.1428571428571428, 1.0952380952380953, 1.0, 1.0208333333333333, 1.2380952380952381, 1.0, 1.008812856402281, 1.055045871559633, 1.0, 1.0357142857142858, 1.6, 1.0, 1.0, 1.125, 1.25, 1.351063829787234, 1.2608695652173914, 4.0, 1.2210526315789474, 1.0256410256410255, 1.4, 1.0, 1.008194998949359, 1.0, 1.3, 1.0538971807628523, 1.1114864864864864, 1.16875, 1.1785714285714286, 1.144578313253012, 1.0, 1.0, 1.0148148148148148, 1.0, 1.0076923076923077, 1.0, 1.0323325635103926, 1.0, 1.0252808988764044, 1.0, 1.5, 1.0416666666666667, 1.0, 1.0, 2.0, 1.3888888888888888, 1.0, 1.0, 1.243076923076923, 1.072072072072072, 1.0037397157816006, 1.1428571428571428, 1.3043478260869565, 1.0, 1.0, 1.4444444444444444, 1.0, 1.015625, 1.029043565348022, 1.0, 1.008819345661451, 1.0909090909090908, 1.0, 1.1578947368421053, 2.0, 1.1111111111111112, 1.0, 1.0, 1.0287817203119851, 1.1012891344383058, 1.0545454545454545, 1.0, 1.0, 1.5, 1.1123595505617978, 1.0869565217391304, 1.0419580419580419, 1.0327552986512525, 1.0, 2.0, 1.0, 1.4285714285714286, 1.3267326732673268, 1.0, 1.0, 1.0, 1.0, 1.0671378091872792, 1.0, 1.0, 1.0, 1.0, 1.880952380952381, 1.0, 1.1538461538461537, 1.0, 2.090909090909091, 1.1741424802110818, 1.022140221402214, 1.4583333333333333, 1.0, 2.0, 1.0, 1.2857142857142858, 1.0, 1.0534082923401265, 1.125, 1.2857142857142858, 1.0, 1.0610412926391382, 1.1428571428571428, 1.0, 1.0248380129589634, 1.028892455858748, 1.2380952380952381, 1.0667613636363635, 1.0680112570356473, 1.5714285714285714, 2.0, 1.0, 1.0086206896551724, 1.02020202020202, 1.0, 1.180722891566265, 1.2037037037037037, 1.1918367346938776, 1.2571428571428571, 3.0, 1.16399416909621, 1.0305711987127917, 1.0, 1.2254545454545454, 2.5, 1.0, 1.8333333333333333, 1.0081085694776375, 1.0833333333333333, 1.0, 1.5, 1.0, 1.21875, 1.0, 1.0224719101123596, 1.1765980498374864, 1.024381687423259, 1.024653312788906, 1.0695970695970696, 1.0, 1.054054054054054, 1.0, 1.1372549019607843, 1.0, 1.1676646706586826, 1.0, 1.0, 1.8571428571428572, 2.0, 2.0, 1.0, 2.0, 1.0909090909090908, 1.0, 1.1818181818181819, 1.017304667016256, 1.036207540126913, 1.065, 1.04, 1.0618556701030928, 1.0, 1.0, 1.0, 1.0, 1.0105263157894737, 1.1666666666666667, 1.0463869894659028, 1.5, 2.0, 1.2702702702702702, 1.0153846153846153, 1.0719424460431655, 1.0, 1.1141868512110726, 1.0, 1.393939393939394, 1.2, 1.0, 1.5, 1.0625, 2.6666666666666665, 1.0, 1.0, 2.0, 1.0, 1.0434383092473478, 1.029544316474712, 1.0, 1.28125, 1.0, 1.04, 1.0132827324478177, 1.0, 1.1357615894039734, 1.8, 1.055072463768116, 2.0, 1.0, 1.039301310043668, 1.0, 1.0555555555555556, 1.0, 1.0105062082139447, 1.3097345132743363, 1.0961538461538463, 1.0178571428571428, 1.0316686967113275, 2.0, 1.25, 1.0, 1.1363636363636365, 2.0, 1.0069324090121317, 1.0, 1.0082644628099173, 1.1212814645308924, 1.5384615384615385, 1.0, 1.1515151515151516, 1.0, 1.0, 1.0026939655172413, 1.0, 1.0619469026548674, 1.25, 1.2, 1.003948667324778, 1.0, 1.3333333333333333, 1.1890243902439024, 1.018987341772152, 1.0648933730795689, 1.0, 1.0121757543673902, 1.25, 1.0314207650273224, 1.0, 1.0, 1.52, 1.125, 1.0772113943028485, 1.1324503311258278, 1.026866851047017, 1.0594059405940595, 1.25, 1.0919540229885059, 1.7222222222222223, 1.0, 1.1875, 1.031413612565445, 1.0666666666666667, 1.0, 1.3333333333333333, 1.14, 1.0, 1.0, 1.0769230769230769, 1.0, 1.0476190476190477, 1.066860465116279, 1.0, 1.0254237288135593, 1.5, 1.0, 1.0, 1.0, 1.3265306122448979, 1.0152173913043478, 1.0476190476190477, 1.8076923076923077, 1.0, 1.0, 1.102880658436214, 1.0185427574171029, 1.0, 1.0, 1.0, 1.0502283105022832, 1.1428571428571428, 1.0, 3.0, 1.0143194567463831, 1.3333333333333333, 1.0, 1.0, 1.124401913875598, 1.25, 1.4, 1.0571428571428572, 1.75, 1.4, 2.0, 1.0, 1.0, 1.540983606557377, 1.0, 1.0172894590072503, 1.1020408163265305, 1.0673076923076923, 1.0, 1.0218076720966895, 1.0185023944275142, 1.2, 1.0, 1.0, 1.0, 1.0576952822892498, 2.0, 1.131578947368421, 1.5789473684210527, 1.184782608695652, 1.0, 1.3333333333333333, 1.047842401500938, 2.0, 1.0, 1.25, 1.6666666666666667, 1.0118694362017804, 1.4186046511627908, 1.0909090909090908, 1.1038599283724633, 1.0158730158730158, 1.6666666666666667, 1.1, 1.0434782608695652, 1.0, 1.0, 1.0, 1.0277777777777777, 1.0766169154228855, 1.0, 1.5, 2.0, 1.0, 1.0, 1.0, 1.0833333333333333, 1.0357096311742473, 1.0313688212927756, 1.0, 1.1704834605597965, 1.0013824884792626, 3.0, 1.2142857142857142, 1.0054151624548737, 1.0, 1.5555555555555556, 1.0, 1.503875968992248, 1.3191489361702127, 1.0725190839694656, 1.0163629602082558, 1.0796915167095116, 1.437308868501529, 1.0, 1.1160092807424593, 1.0413793103448277, 1.4166666666666667, 1.0141509433962264, 1.021965317919075, 1.0, 1.0, 1.0, 1.0332845647403073, 1.0097087378640777, 1.0517241379310345, 1.2692307692307692, 1.2833333333333334, 2.0, 1.0297029702970297, 1.4285714285714286, 1.0, 1.125, 1.0769230769230769, 1.1625, 1.0, 1.4285714285714286, 1.013270619855535, 1.0266666666666666, 1.0163265306122449, 1.0, 1.0027501415514033, 1.0, 1.088235294117647, 1.0, 1.0065573770491802, 1.0, 1.0, 1.1666666666666667, 1.0, 1.062968515742129, 1.0, 1.0, 1.25, 1.1355932203389831, 1.0042005040604873, 1.36, 1.0, 1.6764705882352942, 1.0376364320662401, 1.0769060283687943, 1.0, 1.2720588235294117, 1.0, 1.4, 1.0471698113207548, 1.5, 1.0, 1.1111111111111112, 1.0606060606060606, 1.2801724137931034, 1.0, 1.0, 1.0, 1.6666666666666667, 1.2816901408450705, 1.0909090909090908, 1.1118012422360248, 1.0317460317460319, 1.0887096774193548, 1.1083743842364533, 1.0649350649350648, 1.000698080279232, 1.0512265512265513, 1.0952380952380953, 1.0, 1.7692307692307692, 1.146341463414634, 1.1428571428571428, 1.0352422907488987, 1.0, 1.3636363636363635, 1.0443858937981354, 1.3736263736263736, 1.0311890838206628, 1.0, 2.0, 1.0658241179568193, 1.0, 1.0, 1.0, 1.0, 1.6666666666666667, 1.0, 1.2439024390243902, 1.0454545454545454, 1.0, 1.0, 1.0126262626262625, 1.1995198719658575, 1.0134620269240537, 1.0, 1.175, 1.0638297872340425, 1.0364188163884673, 1.0638297872340425, 1.1484276729559748, 1.0, 1.0514285714285714, 1.031347962382445, 1.1666666666666667, 1.0910543130990416, 1.071599045346062, 3.0, 1.2297297297297298, 1.3333333333333333, 2.0, 1.6666666666666667, 1.0, 1.2, 1.054054054054054, 1.0, 7.0, 3.0, 2.0, 3.0, 1.0207336523125996, 1.3461538461538463, 1.75, 1.1818181818181819, 1.2, 1.0, 1.2213740458015268, 1.0023830801310694, 1.0349626612355736, 1.029387417218543, 1.6666666666666667, 1.6, 3.0, 1.0, 1.0, 1.1702127659574468, 1.0030816640986133, 1.0, 1.3188720173535793, 1.0, 1.3076923076923077, 1.0888888888888888, 1.0, 1.3368421052631578, 1.1241935483870968, 1.1587301587301588, 1.146067415730337, 1.2, 1.2284263959390862, 1.0789473684210527, 1.5833333333333333, 1.0, 1.047106325706595, 1.5, 1.0, 1.0, 1.0, 1.1248484848484848, 1.01281045751634, 1.0, 1.008336807002918, 1.3333333333333333, 1.205128205128205, 1.1020408163265305, 1.0, 2.0, 1.0095238095238095, 1.162162162162162, 1.0199031737493276, 1.0820379965457685, 1.163265306122449, 1.0, 1.0, 1.0297029702970297, 1.0, 1.05, 1.1015625, 1.2206405693950177, 1.0, 1.0, 1.1121951219512196, 1.6666666666666667, 1.0, 1.0, 1.0109646916809174, 1.0, 1.0869565217391304, 2.0, 1.0, 1.0, 1.054054054054054, 1.1363636363636365, 1.2857142857142858, 1.0579710144927537, 1.5, 1.21875, 1.0, 1.0, 1.0, 1.08514755684567, 1.1407894736842106, 1.0444234404536863, 1.3333333333333333, 1.0, 1.1534170153417016, 2.0, 1.3157894736842106, 1.6268980477223427, 1.4615384615384615, 1.0530689329556184, 1.034871244635193, 1.375, 1.0, 1.5, 1.0, 1.3148148148148149, 1.0, 1.0170729300305932, 1.2657608695652174, 1.2, 1.0, 1.3928571428571428, 1.0, 1.6666666666666667, 1.0, 1.3333333333333333, 1.4444444444444444, 1.0, 2.5, 1.0057077625570776, 1.0, 1.0, 1.0, 1.24, 1.0250965250965252]
origin-census_12.27 	max: 7.0000	99th: 3.0000	95th: 2.0000	median: 1.0467	mean: 1.2019

...Done, result: results.csv

WORKLOAD-FINISHED | Type: QueryWorkload | Progress: 1/3 | Workload-time: 83.424808 | Model-update-time: 0.000000


WORKLOAD-START | Type: DataUpdateWorkload | Progress: 2/3
Going to run: ['python', '/home/kangping/code_copy/SAUCE/Naru/eval_model.py', '--model=naru', '--data_update=sample', '--dataset=census', '--drift_test=js', '--end2end', '--update_size=8000', '--query_seed=0', '--eval_type=drift']
Torch device: cuda:1
GET-MODEL-PATH=./models/end2end/naru/origin-census-22.5MB-model27.255-data14.989-300epochs-seed0.pt
GET-DATASET-PATH=./data/census/end2end/census_int.npy
Sample - START
Sample - END
load_npy_dataset_from_path - df.shape = (39073, 13)
Parsing... done, took 0.0s
Data updated!
Previous data size: (32561, 13), new data size: (6512, 13)
[2.20537186e-06 5.54323196e-06 3.93390656e-06 1.01327896e-06
 3.21865082e-06 9.53674316e-07 1.01327896e-06 1.50203705e-05
 5.96046448e-08 1.68085098e-05 4.94718552e-05 7.74860382e-07
 8.52346420e-06]
Distance score: 8.349235031346325e-06
SAUCE Drift detection: False
Detection latency: 0.0037s

WORKLOAD-FINISHED | Type: DataUpdateWorkload | Progress: 2/3 | Workload-time: 1.945835 | Model-update-time: 0.000000


WORKLOAD-START | Type: QueryWorkload | Progress: 3/3
Going to run: ['python', '/home/kangping/code_copy/SAUCE/Naru/eval_model.py', '--dataset=census', '--model=naru', '--end2end', '--query_seed=0', '--eval_type=estimate', '--num_workload=3', '--data_update=sample', '--model_update=adapt', '--random_seed=42']
Torch device: cuda:1
GET-MODEL-PATH=./models/end2end/naru/origin-census-22.5MB-model27.255-data14.989-300epochs-seed0.pt
ckpts [PosixPath('/home/kangping/code_copy/SAUCE/models/end2end/naru/origin-census-22.5MB-model27.255-data14.989-300epochs-seed0.pt')]
Validate Argument: DATASET="census" is valid.
data size: 39073, total size: 39073, split index: [32560 39073]
Parsing... done, took 0.0s
Loading ckpt: /home/kangping/code_copy/SAUCE/models/end2end/naru/origin-census-22.5MB-model27.255-data14.989-300epochs-seed0.pt
query_seed:0
origin-census_12.27 	max: 5.5000	99th: 4.0000	95th: 2.1440	median: 1.0921	mean: 1.3376
ReportEsts: [1.3820224719101124, 2.0, 1.1296296296296295, 2.0, 1.0, 1.06875, 1.0064440538957236, 1.3524590163934427, 1.0, 1.0, 1.0352348993288591, 1.1885714285714286, 1.169811320754717, 1.1243781094527363, 1.0, 1.0649651972157772, 1.0235294117647058, 1.125, 1.0, 2.0, 1.5352112676056338, 1.0416666666666667, 1.0, 1.4444444444444444, 1.0, 1.0, 1.0, 1.3122529644268774, 1.0, 1.0345030386198784, 1.0357610117749674, 1.5121951219512195, 1.0103115893297467, 1.0156599552572707, 1.2, 1.0723404255319149, 2.0, 2.0, 1.25, 1.5, 1.078125, 1.0, 3.0, 1.0977833022581314, 1.0, 1.3333333333333333, 1.0, 1.216867469879518, 1.0, 1.0, 1.0195397307859313, 1.1153846153846154, 1.0, 1.9411764705882353, 1.0239162929745889, 1.0, 1.3, 1.007843137254902, 1.2061855670103092, 1.0, 1.1302083333333333, 2.0, 2.0, 1.1666666666666667, 1.1595744680851063, 1.0451864535768645, 1.063953488372093, 1.0464998736416478, 1.0036363636363637, 1.1818181818181819, 1.7142857142857142, 1.3448275862068966, 2.0, 1.0247295208655331, 1.0210242587601077, 1.0, 1.4285714285714286, 4.0, 1.0153429602888087, 1.6, 2.0, 3.0, 1.0, 3.0, 1.02375, 2.0, 1.0, 1.0, 1.111587982832618, 1.0068493150684932, 1.0, 2.0, 1.0677966101694916, 1.0, 1.1538461538461537, 1.0476190476190477, 1.5, 1.0, 1.0610169491525423, 1.8, 1.2375, 1.185483870967742, 1.2222222222222223, 1.5789473684210527, 1.5, 1.188235294117647, 1.1372549019607843, 1.6, 1.0420041439065737, 1.736842105263158, 2.0, 1.2777777777777777, 3.4444444444444446, 1.0241351568785197, 2.0, 1.0, 1.0857664233576643, 1.0, 1.0, 1.0, 1.0, 1.0, 3.0, 1.32, 2.0, 1.0, 1.414012738853503, 1.1552028218694885, 1.0084745762711864, 1.0, 1.1761761761761762, 1.0638873849485653, 1.0196078431372548, 2.0, 1.2, 1.0996563573883162, 2.0, 1.0226195313558175, 3.0, 1.0, 1.0, 2.0, 1.0, 1.9130434782608696, 1.0, 1.0, 1.0143656102642833, 1.0140806184428492, 1.0, 1.0198061525495155, 1.0506172839506174, 3.0, 1.0175438596491229, 1.5, 2.0, 1.160621761658031, 1.07035175879397, 1.0454545454545454, 1.3333333333333333, 1.008626410086264, 1.4, 1.0621761658031088, 1.2125748502994012, 1.024390243902439, 1.03125, 1.090311986863711, 1.0476190476190477, 2.0, 1.0714285714285714, 1.2352941176470589, 1.010836584308626, 1.1219512195121952, 1.0219563502498028, 1.0770416024653313, 1.2622133599202392, 1.2019230769230769, 2.0, 1.0, 1.0, 4.0, 2.2, 1.0, 1.020979020979021, 1.1986754966887416, 2.0, 1.007936507936508, 2.2857142857142856, 2.142857142857143, 1.0, 1.5, 1.0, 1.112, 1.0, 1.0, 1.0, 1.01985559566787, 1.1261101243339253, 1.0357142857142858, 1.0, 1.0701754385964912, 1.1176470588235294, 1.0, 1.0401002506265664, 1.016037247801345, 1.1454545454545455, 1.457142857142857, 1.0, 1.25, 2.0, 2.0, 1.5, 1.0, 1.0193365822983809, 1.5, 2.0, 1.0, 1.0555555555555556, 2.0, 1.0211954217888937, 1.1666666666666667, 1.2884615384615385, 1.0097030285210233, 2.0, 1.0, 1.416058394160584, 1.0574018126888218, 1.2272727272727273, 1.5, 1.1258278145695364, 1.046875, 2.75, 1.001763668430335, 1.0, 1.0250363095649768, 1.0, 1.0, 1.2395833333333333, 2.0, 1.5, 1.030987394957983, 1.0925925925925926, 1.0, 1.2013888888888888, 1.0, 1.1661237785016287, 1.1066666666666667, 1.25, 2.0, 1.177685950413223, 1.0635208711433757, 1.006993006993007, 2.0, 1.0909090909090908, 1.0, 1.0, 2.0, 1.0199556541019956, 1.2483516483516484, 1.2071005917159763, 1.1224764468371466, 1.0140845070422535, 1.0, 1.25, 1.9230769230769231, 1.0205761316872428, 2.0, 1.0331491712707181, 1.0, 1.0026239067055394, 1.0, 1.0119331742243436, 2.0, 1.0625, 2.0, 1.002069536423841, 1.0, 1.057953144266338, 1.3617021276595744, 1.0227272727272727, 1.5, 1.1115646258503402, 2.0, 1.25, 1.0740740740740742, 1.1015625, 1.2, 1.0, 1.0, 1.0935251798561152, 1.0, 1.0, 3.0, 1.1290322580645162, 2.081081081081081, 1.25, 1.1085271317829457, 3.0, 1.425531914893617, 1.0, 1.0165052027269466, 1.0208333333333333, 1.0, 1.0, 1.0065963060686016, 1.0, 1.0, 1.553191489361702, 1.0, 1.0, 1.0, 1.013157894736842, 1.1470588235294117, 1.1210191082802548, 1.0368772067477443, 2.6666666666666665, 1.3623188405797102, 2.0, 1.3333333333333333, 2.0, 1.0, 1.0, 1.0543693594541053, 1.0, 1.0700588084888776, 2.0, 1.0, 1.1041069723018146, 1.0833333333333333, 2.0, 1.0, 2.0, 1.6666666666666667, 4.0, 1.1123737373737375, 1.0, 1.0348027842227379, 1.0, 1.024390243902439, 1.0, 1.0823863636363635, 2.0, 1.5, 1.0, 1.0, 1.0, 1.4, 1.0755555555555556, 1.6, 1.0094043887147335, 2.0, 2.0, 1.6666666666666667, 1.1538461538461537, 1.0, 2.3333333333333335, 1.1481481481481481, 1.0, 1.1304347826086956, 1.6666666666666667, 1.028169014084507, 1.3333333333333333, 1.1241914618369988, 1.0462519936204147, 1.0714285714285714, 1.0191387559808613, 1.0, 2.0, 1.0, 1.0, 1.1777777777777778, 1.0, 1.2391304347826086, 1.163141993957704, 1.0, 1.26890756302521, 1.2328767123287672, 2.0, 1.0285714285714285, 2.0, 1.0, 2.0, 1.103448275862069, 4.0, 1.5761421319796953, 1.0, 1.0714285714285714, 1.7, 1.2916666666666667, 1.3017241379310345, 1.0895522388059702, 1.0, 3.0, 1.1961722488038278, 2.0, 2.0, 1.01371640407785, 1.1666666666666667, 1.023021582733813, 1.2939814814814814, 1.6666666666666667, 1.0123456790123457, 1.9, 1.0627437079049982, 1.6666666666666667, 1.1304347826086956, 1.0, 1.0905233380480905, 1.1333333333333333, 4.0, 1.0036101083032491, 1.6875, 1.3333333333333333, 1.0, 2.0, 4.0, 1.6744186046511629, 1.0632911392405062, 1.066465256797583, 1.0018492834026815, 2.0, 1.2, 1.0, 1.0555555555555556, 1.1655172413793105, 1.5833333333333333, 1.085561497326203, 1.0, 1.0321174581325991, 3.0, 1.0344827586206897, 2.0, 1.1176470588235294, 1.0689655172413792, 2.0, 2.0, 1.0, 1.031957928802589, 4.0, 1.0159651669085632, 2.0, 3.0, 2.0, 1.4470588235294117, 1.0, 1.1111111111111112, 1.4375, 2.2666666666666666, 1.0, 1.0, 1.0, 1.0, 2.0, 1.2857142857142858, 1.018348623853211, 1.03004572175049, 1.0, 1.0202118355844914, 1.0, 1.0256410256410255, 1.3333333333333333, 1.0578947368421052, 3.0, 1.0460992907801419, 1.0, 1.0686868686868687, 2.0, 1.0, 1.137123745819398, 1.0344827586206897, 1.0137844611528821, 1.1428571428571428, 1.0052542372881357, 1.0181451612903225, 1.0588235294117647, 2.0, 1.0166990291262137, 1.3315508021390374, 2.0, 2.0, 1.0574712643678161, 1.0, 1.0, 1.0894568690095847, 1.1111111111111112, 1.0, 1.0397412199630314, 1.0, 1.1176470588235294, 1.0, 1.048762190547637, 2.0, 1.5, 1.2192066805845512, 1.5833333333333333, 3.0, 1.0, 1.1111111111111112, 2.0, 1.0429629629629629, 1.056701030927835, 3.0, 1.0572519083969465, 1.072079536039768, 1.0743045387994143, 1.057772483621203, 1.1865203761755485, 1.5, 1.625, 1.0486486486486486, 1.0095693779904307, 2.0, 1.0, 1.0661157024793388, 1.1666666666666667, 1.0, 2.0, 1.0, 2.0, 1.75, 2.0, 2.0, 1.3404255319148937, 1.1546391752577319, 1.263975155279503, 1.1666666666666667, 1.2797619047619047, 1.2222222222222223, 1.0, 1.2222222222222223, 2.0, 1.0909090909090908, 1.1111111111111112, 1.0287769784172662, 1.0, 1.0, 1.2777777777777777, 1.0, 1.2326530612244897, 1.0, 1.0833333333333333, 1.0, 1.0, 1.0, 1.0, 1.0018735362997657, 1.0157657657657657, 1.0415407854984895, 1.008299768094715, 1.1829268292682926, 1.0, 2.0, 1.0759293435275508, 1.1435643564356435, 2.0, 1.09247311827957, 1.0, 1.0348460291734198, 1.0130425005621768, 4.0, 1.5454545454545454, 1.1, 1.1578947368421053, 1.028083562672004, 1.0, 2.0, 1.3636363636363635, 2.0, 1.0, 1.0203334688897927, 1.0, 2.0, 1.0, 1.6875, 1.0248962655601659, 1.0, 1.0242566510172144, 1.3, 1.1511627906976745, 1.0257548845470692, 1.0, 1.0288820931022766, 1.0302684903748733, 2.0, 4.0, 1.2765957446808511, 1.5, 1.0752823086574654, 1.041860465116279, 2.0, 1.0005730659025789, 1.1666666666666667, 1.0, 2.0, 2.0, 1.0043478260869565, 1.3333333333333333, 1.0, 1.3333333333333333, 1.25, 1.0813559322033899, 1.2307692307692308, 1.0204081632653061, 1.5, 5.5, 1.2, 1.0784313725490196, 1.0377833753148615, 1.1119544592030361, 1.030127462340672, 1.1826923076923077, 1.0718870346598204, 1.0, 2.0, 1.0017391304347827, 1.0901749663526246, 1.3888888888888888, 1.0186159969187316, 1.3016528925619835, 1.0, 1.0199004975124377, 1.1956521739130435, 1.3461538461538463, 1.4, 1.0119047619047619, 1.0740740740740742, 1.0, 1.0171470650115717, 3.0, 1.358288770053476, 1.0240064231232437, 1.0869565217391304, 3.0, 1.0126685073899626, 1.0, 2.0, 1.1973684210526316, 1.375, 1.3043478260869565, 1.0, 2.0, 2.0, 1.048582995951417, 1.0, 1.0601307189542484, 1.035928143712575, 1.0, 1.5, 1.2266009852216748, 1.1347708894878705, 1.0, 3.0, 1.5576923076923077, 1.0, 1.1277777777777778, 1.0702702702702702, 1.088235294117647, 1.0, 1.3443708609271523, 1.4285714285714286, 1.010685539827921, 1.0, 1.113888888888889, 1.3333333333333333, 1.0, 1.2448979591836735, 2.0, 3.0, 1.5, 1.0, 1.1944444444444444, 2.0, 1.0572519083969465, 1.138655462184874, 2.0, 1.0, 1.0, 1.0, 1.0, 1.0, 1.1578947368421053, 1.3333333333333333, 1.4242424242424243, 1.0737704918032787, 1.9285714285714286, 1.3582089552238805, 1.0, 1.1132075471698113, 1.0, 1.0, 1.0, 1.039517398146529, 1.1666666666666667, 1.0769230769230769, 1.0331262939958592, 1.0, 1.0, 1.0, 1.0, 2.0, 1.0338401177047571, 2.0, 1.0618556701030928, 1.85, 1.0443418940609952, 1.0, 1.6666666666666667, 1.0213938411669368, 1.6666666666666667, 1.1830357142857142, 1.105263157894737, 1.0835164835164834, 1.5, 2.0, 1.0928433268858802, 1.0263157894736843, 1.6666666666666667, 1.3666666666666667, 1.037037037037037, 2.0, 1.0, 1.0, 1.0, 1.0952380952380953, 1.5, 1.1328220858895706, 1.0527363184079601, 1.0, 2.0, 2.0, 1.1096345514950166, 1.024052399871148, 1.0825845100556268, 1.0, 1.1331923890063424, 1.0200308166409862, 1.5, 1.2352941176470589, 1.0015128593040847, 1.0, 1.7, 1.0, 1.1428571428571428, 1.0, 1.0151515151515151, 1.185897435897436, 1.1796875, 1.4910714285714286, 2.3333333333333335, 2.0, 1.4782608695652173, 1.2, 1.6666666666666667, 3.0, 3.0, 2.75, 1.0071505184125848, 1.047197640117994, 1.0, 2.0, 2.0, 1.8666666666666667, 1.170731707317073, 1.0987654320987654, 1.263157894736842, 1.0, 1.2465753424657535, 1.2333333333333334, 1.077720207253886, 3.0, 1.0, 1.0, 1.2222222222222223, 1.1304347826086956, 1.0394736842105263, 1.6666666666666667, 1.3333333333333333, 1.0676691729323309, 1.0141987829614605, 1.0186567164179106, 1.050420168067227, 1.0, 1.1100478468899522, 1.3478260869565217, 1.1690140845070423, 1.0, 2.0, 1.0401459854014599, 1.0555555555555556, 1.1935483870967742, 2.0, 1.1111111111111112, 1.0, 1.2307692307692308, 1.012399708242159, 1.0, 1.0819423368740515, 1.0, 1.0, 1.0, 1.3571428571428572, 1.2602739726027397, 2.0, 1.0, 1.5, 1.0154798761609907, 1.0158730158730158, 1.3076923076923077, 3.0, 1.0410958904109588, 1.1077844311377245, 2.1666666666666665, 1.3414634146341464, 1.0351699882766705, 1.127989657401422, 1.037037037037037, 1.0, 1.0, 1.1136363636363635, 1.5454545454545454, 1.03584229390681, 2.0, 1.0, 1.1150817686250758, 1.0, 1.0597014925373134, 1.0177276390008059, 1.0771535580524345, 1.0298507462686568, 1.0245901639344261, 1.1218130311614731, 1.056741573033708, 2.0, 1.2545454545454546, 1.2666666666666666, 3.0, 2.0, 1.042857142857143, 1.0338680926916222, 1.3274336283185841, 1.0016809076901527, 2.0, 1.1666666666666667, 1.0, 2.0, 1.0918220946915351, 1.1886792452830188, 1.1431578947368422, 1.0595238095238095, 1.005966587112172, 1.0183727034120735, 1.3461538461538463, 1.0656598818122127, 1.120408163265306, 4.0, 1.244186046511628, 1.3125, 4.0, 1.411764705882353, 1.0, 1.19140625, 1.1297709923664123, 1.0, 1.0216262975778547, 1.3076923076923077, 1.0974825923942153, 1.25, 2.0, 3.0, 1.8, 1.5, 1.0, 1.1, 1.00249653259362, 1.0716463414634145, 1.1666666666666667, 1.0, 1.2650602409638554, 1.3076923076923077, 1.0, 1.037037037037037, 1.1714285714285715, 2.0, 1.1097560975609757, 1.163265306122449, 1.4444444444444444, 1.0, 1.175865800865801, 2.0, 2.1666666666666665, 1.0, 1.0404040404040404, 1.0, 1.0283799077217723, 1.0, 1.053763440860215, 1.1355932203389831, 1.5, 1.0811965811965811, 1.0067340067340067, 1.0248618784530388, 1.0271739130434783, 1.3428571428571427, 1.25, 1.0143084260731319, 1.0339490763854218, 2.0, 1.0, 1.0, 1.2755102040816326, 1.0879120879120878, 1.0, 1.011764705882353, 1.8333333333333333, 1.0695860827834434, 1.0438871473354232, 1.0, 1.3229166666666667, 4.0, 1.0491071428571428, 1.0205479452054795, 1.0, 1.0094433399602385, 1.1666666666666667, 1.0, 1.0376569037656904, 1.0, 1.1063829787234043, 1.0734265734265733, 2.0, 1.2571428571428571, 1.4807692307692308, 1.0344827586206897, 1.0, 1.173913043478261, 2.0, 1.0842105263157895, 1.12, 1.0, 1.043398533007335, 1.0, 1.0, 1.0, 3.0, 2.0, 1.0146555005709936, 1.176536312849162, 1.1020900321543408, 1.0, 1.0, 1.1176470588235294, 1.044204322200393, 1.0869565217391304, 1.473257698541329, 1.6666666666666667, 1.0158227848101267, 1.027462121212121, 4.0, 1.0821033210332103, 1.0206896551724138, 1.0, 1.0, 1.0, 1.025974025974026, 1.276741010468821, 1.1875, 2.0, 1.338403041825095, 1.0, 1.1153846153846154, 1.0, 1.1666666666666667, 1.2142857142857142, 1.3888888888888888, 1.0145974066309495, 1.0095693779904307, 2.0, 1.0029380902413432, 1.0147058823529411, 1.1724137931034482, 1.0712530712530712, 1.147329650092081, 1.0531746031746032, 1.0, 1.0, 2.0, 1.3195020746887967, 1.002467105263158, 1.131578947368421, 1.019782304322298, 1.12987012987013, 1.0, 1.20625, 1.0, 1.3333333333333333, 2.0, 2.0, 1.5, 1.097938144329897, 2.0, 1.125]
origin-census_12.27 	max: 5.5000	99th: 4.0000	95th: 2.1440	median: 1.0921	mean: 1.3376

...Done, result: results.csv

WORKLOAD-FINISHED | Type: QueryWorkload | Progress: 3/3 | Workload-time: 88.230849 | Model-update-time: 0.000000


Experiment Summary: #data-update-times=1, #drift=0 | total-time=173.733101