Input arguments = Namespace(data_update='valueskew', update_size=8000, dataset='census', debug=False, drift_test='js', model_update='adapt', model='transformer', end2end=False, query_seed=0, random_seed=42, num_workload=3)
JSON-passed parameters = {'data_updater': {'skew_ratio': '1e-3'}, 'random_seed': 73, 'transformer': {'epochs': 0}}
MODEL-PATH=/home/kangping/code_copy/SAUCE/models/end2end/transformer/origin-census-2.8MB-model16.858-data14.989-200epochs-seed0.pt
DATASET-PATH=/home/kangping/code_copy/SAUCE/data/census/end2end/census_int.npy
Workloads: ['QueryWorkload', 'DataUpdateWorkload', 'QueryWorkload']

WORKLOAD-START | Type: QueryWorkload | Progress: 1/3
Going to run: ['python', '/home/kangping/code_copy/SAUCE/Naru/eval_model.py', '--dataset=census', '--model=transformer', '--query_seed=0', '--end2end', '--eval_type=first_estimate', '--num_workload=3', '--data_update=valueskew', '--model_update=adapt', '--random_seed=42']
Torch device: cuda:1
GET-MODEL-PATH=./models/end2end/transformer/origin-census-2.8MB-model16.858-data14.989-200epochs-seed0.pt
ckpts [PosixPath('/home/kangping/code_copy/SAUCE/models/end2end/transformer/origin-census-2.8MB-model16.858-data14.989-200epochs-seed0.pt')]
Validate Argument: DATASET="census" is valid.
load_csv_dataset - census (32561, 13)
Parsing... done, took 0.0s
Loading ckpt: /home/kangping/code_copy/SAUCE/models/end2end/transformer/origin-census-2.8MB-model16.858-data14.989-200epochs-seed0.pt
query_seed:0
origin-census_1.87 	max: 16.0000	99th: 4.0000	95th: 2.0000	median: 1.0952	mean: 1.3513
ReportEsts: [1.0, 1.026691495965239, 1.0352112676056338, 2.0, 1.0483870967741935, 1.1857506361323156, 1.2857142857142858, 1.4285714285714286, 1.0, 1.0, 1.0, 1.0068027210884354, 1.1538461538461537, 1.1204819277108433, 1.0934065934065933, 1.0, 1.4342105263157894, 1.0, 2.0, 1.0, 1.2, 1.0, 1.1742081447963801, 1.8, 1.272, 1.6, 1.0, 1.019563822963438, 1.0, 1.124147660474959, 1.0235232618923158, 1.0277777777777777, 1.3114754098360655, 1.1111111111111112, 1.0, 1.4642857142857142, 2.0, 1.1342592592592593, 1.5, 1.0439978272677892, 2.0, 1.0, 2.0, 1.0, 1.0, 1.0625, 2.0, 1.0076219512195121, 1.0, 1.3333333333333333, 1.0, 1.75, 1.0, 1.125, 1.1237113402061856, 2.0, 1.3728813559322033, 1.1428571428571428, 1.0381917381137957, 1.197452229299363, 1.0909090909090908, 1.2, 1.0384615384615385, 1.1470588235294117, 1.0, 1.0, 1.0, 1.053484602917342, 1.0, 1.4, 1.0222222222222221, 1.2272727272727273, 1.5, 1.0, 1.0500320718409237, 1.0, 1.0, 1.7142857142857142, 2.0, 1.0, 1.0, 1.0, 1.5, 1.75, 1.1398601398601398, 2.142857142857143, 1.0, 1.0869565217391304, 1.0308818279186005, 1.0, 1.1470588235294117, 1.0, 1.1272727272727272, 1.5, 1.3333333333333333, 3.0, 1.031317494600432, 1.3333333333333333, 1.1736111111111112, 1.125, 2.0, 2.0, 2.0, 1.0909090909090908, 1.0, 1.292857142857143, 1.0521140609636186, 1.2592592592592593, 1.397887323943662, 1.3333333333333333, 1.6666666666666667, 1.0, 1.0222222222222221, 1.6666666666666667, 1.1785714285714286, 1.0, 1.0, 1.0689655172413792, 1.5, 1.0703953712632595, 1.0, 1.1638733705772812, 1.5, 1.2, 1.0081967213114753, 1.25, 1.0375231053604437, 1.05989110707804, 1.7727272727272727, 1.1130820399113082, 1.0, 1.0169189670525378, 2.0, 1.0, 1.0, 1.0, 1.0103842159916927, 2.0, 2.0, 1.125, 1.0, 1.5714285714285714, 1.0, 1.0, 1.1666666666666667, 2.0, 1.0, 1.0454545454545454, 1.1293561724748966, 1.0338983050847457, 1.7894736842105263, 1.2, 1.5, 1.0, 1.0, 1.5, 3.0, 1.0, 1.0, 4.0, 2.5, 1.5, 1.625, 1.0714285714285714, 1.0654761904761905, 1.1496598639455782, 1.1176470588235294, 1.0503631384688654, 1.097980997624703, 1.041860465116279, 1.0523224773091298, 3.2, 2.0, 2.0, 1.1764705882352942, 1.043103448275862, 2.0, 1.018140589569161, 1.0203679369250986, 1.2439024390243902, 2.0, 1.0129870129870129, 1.0204081632653061, 1.2796610169491525, 1.0555555555555556, 1.0275622831914222, 1.5, 2.0, 1.1130136986301369, 1.178030303030303, 1.3263157894736841, 1.3846153846153846, 1.028244460676893, 3.0, 1.2, 1.0869565217391304, 1.0432427383954421, 1.0, 3.0526315789473686, 1.1885714285714286, 1.0, 1.0392156862745099, 1.355263157894737, 1.1428571428571428, 2.0, 1.4, 2.0, 1.0732069862504645, 4.0, 1.0, 1.0405727923627686, 1.3831775700934579, 1.25, 1.5, 1.0, 1.0, 1.0196078431372548, 1.1065015479876161, 1.0679012345679013, 1.825, 1.0, 1.1111111111111112, 1.191287878787879, 1.1063829787234043, 1.0, 1.0185185185185186, 1.0, 1.0, 1.0, 1.0, 1.0, 1.0384615384615385, 1.1111111111111112, 1.1657142857142857, 1.0, 1.0, 2.0, 1.1666666666666667, 1.1434262948207172, 2.0, 1.0, 1.0280898876404494, 2.0, 1.0, 1.5, 1.5, 1.45, 1.0, 2.0, 1.0638297872340425, 2.0, 1.1081081081081081, 1.050561797752809, 1.1666666666666667, 1.0, 1.2666666666666666, 1.6666666666666667, 1.317391304347826, 1.1304347826086956, 1.004299226139295, 1.0, 6.0, 1.5, 1.5909090909090908, 4.0, 1.0, 1.1428571428571428, 1.425531914893617, 2.0, 2.0, 1.2142857142857142, 1.0, 1.0, 1.0, 1.084126984126984, 1.2030651340996168, 1.0, 1.032069970845481, 1.0, 2.0, 11.0, 1.2926829268292683, 1.0340909090909092, 2.0, 1.0114942528735633, 2.0, 1.028735632183908, 1.5, 1.0416666666666667, 2.0, 1.25, 1.0336687306501549, 1.5, 1.0213963963963963, 1.0194552529182879, 1.0, 2.0, 1.0, 1.2639925373134329, 1.0, 1.125, 2.0, 2.0, 1.2063492063492063, 1.1408450704225352, 1.1316725978647686, 2.0, 1.1314878892733564, 1.8, 1.0, 1.0, 1.0, 1.0, 1.0328638497652582, 1.0, 1.0, 1.0, 1.0918253079507279, 2.0, 1.0628819774548417, 1.0, 1.1024276687728634, 1.6818181818181819, 1.0, 1.1514762516046213, 1.0769230769230769, 2.0, 1.038532110091743, 2.0, 1.0363580812710051, 1.0, 1.3928571428571428, 2.0, 1.0657063431892848, 1.0, 2.0, 1.0, 1.0, 1.0, 1.018018018018018, 1.5, 1.0606060606060606, 1.0, 1.8333333333333333, 1.0784313725490196, 2.0, 1.05, 1.0, 1.75, 1.0, 1.0, 1.0, 1.6666666666666667, 1.0, 1.0, 1.0783333333333334, 1.263157894736842, 6.0, 1.0, 1.5, 1.1606397774687065, 1.0, 1.0, 1.1951219512195121, 1.0, 1.0, 1.0, 1.018791946308725, 1.2065217391304348, 1.0, 1.3844086021505377, 1.3333333333333333, 1.0, 1.0, 1.3333333333333333, 1.0, 1.0, 1.0588235294117647, 1.0833333333333333, 1.25, 1.1388888888888888, 2.0, 1.043103448275862, 1.1666666666666667, 1.0, 1.0344827586206897, 1.0, 1.0, 1.0, 1.0, 1.5, 1.5858895705521472, 3.0, 1.0, 1.4444444444444444, 1.1538461538461537, 1.25, 1.186046511627907, 2.0, 4.0, 1.0, 1.1896551724137931, 1.0, 1.2894736842105263, 3.7058823529411766, 3.0, 1.0513219284603421, 1.0952380952380953, 1.04, 1.2727272727272727, 1.0, 2.0, 1.0, 3.2, 2.0, 1.016, 1.3181818181818181, 3.0, 1.1717171717171717, 1.4444444444444444, 1.65, 1.0, 1.1199813258636788, 1.0, 1.625, 1.0609348914858097, 1.114864864864865, 1.2406417112299466, 1.4242424242424243, 1.456140350877193, 1.0, 1.0, 1.108641975308642, 2.2, 1.056910569105691, 1.0, 1.2309468822170901, 1.0, 1.1514195583596214, 1.0, 3.0, 1.0909090909090908, 2.0, 1.0, 2.0, 1.0638297872340425, 1.0, 1.75, 1.0279898218829517, 1.3837209302325582, 1.3290258449304175, 1.2857142857142858, 1.0869565217391304, 1.0, 2.2857142857142856, 1.4166666666666667, 2.0, 1.0084016393442623, 1.0608272506082725, 1.0, 1.0362617924528301, 1.1818181818181819, 1.0, 1.0555555555555556, 2.0, 1.0, 3.0, 1.0, 1.0199302984099325, 1.1936127744510978, 1.183673469387755, 1.0, 1.0, 1.0, 1.2323232323232323, 1.0823529411764705, 1.7439024390243902, 1.0, 1.0, 2.0, 1.0, 2.142857142857143, 1.2523364485981308, 1.0, 2.0, 1.0, 2.0, 1.0671378091872792, 2.0, 1.0, 2.0, 1.0, 1.0, 1.0, 1.2307692307692308, 1.1, 1.0434782608695652, 1.0053050397877985, 1.0051660516605165, 1.3846153846153846, 2.0, 2.0, 1.0434782608695652, 3.5, 5.0, 1.0563777307963353, 1.1370449678800856, 1.4, 1.0, 1.048964218455744, 1.5, 1.0, 1.1393417410027684, 1.064957264957265, 1.56, 1.0291193181818181, 1.0097560975609756, 1.4545454545454546, 2.0, 1.4492753623188406, 1.091764705882353, 1.1057239057239057, 1.0, 1.1395348837209303, 1.1016949152542372, 1.1145038167938932, 1.8421052631578947, 1.0, 1.0263496143958868, 1.0780572419774501, 1.0, 1.8456375838926173, 1.0, 1.4411764705882353, 2.75, 1.0063161488562649, 1.0615384615384615, 1.0, 1.5, 2.0, 1.054054054054054, 3.0, 1.3236363636363637, 1.1817192600652884, 1.076100976598489, 1.0, 1.0774907749077491, 3.0, 1.145852749301025, 1.0, 1.0689655172413792, 1.0, 1.0717948717948718, 2.0, 2.0, 1.2857142857142858, 2.0, 1.75, 1.1111111111111112, 2.0, 1.3766233766233766, 2.0, 1.375, 1.033044420368364, 1.0428182172051381, 1.1126760563380282, 1.5873015873015872, 1.233009708737864, 1.0, 2.0, 1.0, 2.0, 1.2270833333333333, 1.0, 1.016955139526669, 1.7142857142857142, 2.0, 1.0425531914893618, 1.0307692307692307, 1.0067567567567568, 1.0, 1.078358208955224, 1.0, 1.0606060606060606, 1.2083333333333333, 1.25, 1.5, 1.0909090909090908, 2.6666666666666665, 1.0, 1.5, 2.0, 1.0, 1.0855096118969896, 1.1902854281422133, 1.0, 1.09375, 1.2222222222222223, 1.3, 1.086337760910816, 2.0, 1.3177842565597668, 1.6, 1.064327485380117, 2.0, 1.5, 1.222707423580786, 1.0, 1.3333333333333333, 1.0, 1.0204475308641976, 1.313953488372093, 1.3571428571428572, 1.12, 1.09009009009009, 1.0, 1.2, 2.0, 1.5454545454545454, 1.0, 1.0192982456140351, 1.0, 1.161904761904762, 1.1098527746319367, 1.4, 1.0, 1.0497237569060773, 1.0, 1.0, 1.0822157434402333, 1.0, 1.348314606741573, 1.5, 1.380952380952381, 1.1521546821685833, 1.0, 1.0666666666666667, 1.1590106007067138, 1.0822784810126582, 1.106291222729579, 1.0, 1.138095238095238, 1.3333333333333333, 1.00265604249668, 1.0, 1.0, 1.0526315789473684, 2.25, 1.080161943319838, 1.0596026490066226, 1.1587160053499777, 1.2090395480225988, 1.1333333333333333, 1.0344827586206897, 1.3888888888888888, 1.0, 1.0701754385964912, 1.1361256544502618, 1.7333333333333334, 2.0, 1.2333333333333334, 1.1904761904761905, 1.0, 1.0, 1.2142857142857142, 2.0, 1.05, 1.0445344129554657, 2.0, 1.0260869565217392, 1.3333333333333333, 1.0, 1.0, 1.0, 1.2894736842105263, 1.1543478260869566, 1.0476190476190477, 1.4242424242424243, 1.0, 1.0, 1.1682692307692308, 1.0770676691729324, 2.0, 2.0, 1.0, 1.270718232044199, 2.142857142857143, 1.0, 1.5, 1.0423240291262137, 1.0416666666666667, 1.0, 1.0, 1.0638297872340425, 1.0, 1.0476190476190477, 2.5813953488372094, 1.4, 1.0694444444444444, 1.0, 1.0, 3.0, 1.1604938271604939, 1.0, 1.0141784820683903, 1.542857142857143, 1.015015015015015, 1.0, 1.002627430373095, 1.021985198084458, 1.1, 1.0466321243523315, 1.0, 1.0, 1.0301295570955107, 2.0, 1.313953488372093, 1.6666666666666667, 1.2777777777777777, 1.0, 1.25, 1.00375234521576, 1.0, 1.0, 1.0, 1.25, 1.2091988130563798, 1.1395348837209303, 1.0416666666666667, 1.0378514780100938, 1.0317460317460319, 1.6666666666666667, 1.05, 1.0, 1.0, 1.0, 1.0, 1.135135135135135, 1.0355822550831792, 1.0, 2.8333333333333335, 1.5, 1.0, 1.0, 1.0, 1.120879120879121, 1.0292708198419893, 1.070737913486005, 1.0, 1.07981220657277, 1.0092038656235618, 1.3333333333333333, 1.0, 1.2393736017897092, 1.0, 1.8666666666666667, 1.0, 1.2278481012658229, 1.1631205673758864, 1.0213523131672597, 1.0026031982149497, 1.1290322580645162, 1.1162079510703364, 1.0, 1.1380510440835268, 1.1310344827586207, 1.0909090909090908, 1.1777777777777778, 1.0289017341040463, 1.0, 2.0, 2.0, 1.065635609204074, 1.1063829787234043, 1.1639344262295082, 1.121212121212121, 1.0389610389610389, 1.0, 1.4455445544554455, 1.1666666666666667, 1.0, 1.375, 1.2307692307692308, 1.1267605633802817, 1.0, 1.5, 1.0363857938718664, 1.1323529411764706, 1.4910179640718564, 1.0, 1.0004839880616279, 1.0, 1.0303030303030303, 1.0, 1.0032786885245901, 1.0, 1.0, 2.3333333333333335, 1.5, 1.1130298273155417, 2.0, 1.0, 1.0, 1.1683168316831682, 1.0294035284234109, 1.02, 1.3, 1.8823529411764706, 1.1516290726817042, 1.0355924978687128, 1.0, 1.0809248554913296, 2.0, 1.6285714285714286, 1.1137123745819397, 1.0, 1.0, 1.3333333333333333, 1.3461538461538463, 1.11375, 1.0, 1.0, 1.0, 1.0, 1.619718309859155, 1.0909090909090908, 1.1428571428571428, 1.1666666666666667, 1.0444444444444445, 1.1066666666666667, 1.326219512195122, 1.0686311077955986, 1.028140013726836, 1.380952380952381, 1.0, 1.0952380952380953, 1.0425531914893618, 1.0952380952380953, 1.1464646464646464, 1.0, 1.1, 1.0201824180089267, 1.032, 1.012505452959139, 1.0, 1.5, 1.002717391304348, 1.0, 2.0, 2.0, 1.0, 1.25, 1.0, 1.2682926829268293, 1.0454545454545454, 1.0, 1.0, 1.0498753117206983, 1.038568129330254, 1.0524927459773148, 1.0, 1.4814814814814814, 1.0921985815602837, 1.0073746312684366, 1.7241379310344827, 1.4749596122778674, 2.0, 1.0146938775510204, 1.009493670886076, 1.0833333333333333, 1.0884462151394423, 1.1692650334075725, 3.0, 1.162162162162162, 1.2962962962962963, 2.0, 2.0, 1.0, 5.0, 1.4096385542168675, 1.0, 3.0, 3.0, 1.3333333333333333, 1.0, 1.1169284467713787, 1.1475409836065573, 1.0, 1.2222222222222223, 1.0344827586206897, 1.0, 1.2596153846153846, 1.0187708144111414, 1.1449493052947803, 1.095112285336856, 1.1666666666666667, 1.0, 1.3333333333333333, 2.0, 1.0, 1.0727272727272728, 1.2553191489361701, 2.0, 1.1685678073510772, 1.0, 1.9615384615384615, 1.6896551724137931, 1.0, 1.1981132075471699, 1.035868005738881, 4.2, 2.870967741935484, 1.1111111111111112, 1.096676737160121, 1.7014925373134329, 1.3333333333333333, 1.0, 1.3141891891891893, 1.5, 1.0, 1.0, 1.0, 1.0178901912399754, 1.11868322263933, 1.0, 1.148077835785477, 1.6666666666666667, 1.1470588235294117, 1.2346938775510203, 1.0, 1.0, 1.0411027568922306, 1.0683229813664596, 1.0408734602463605, 1.0909816440542697, 1.0058823529411764, 1.0, 2.0, 1.0504807692307692, 1.0, 1.45, 1.0154320987654322, 1.1868512110726643, 16.0, 2.0, 1.2926829268292683, 1.0909090909090908, 1.0, 1.0, 1.0285685544713812, 1.0, 1.25, 1.0, 2.0, 2.0, 1.1470588235294117, 1.1818181818181819, 2.0, 1.0202898550724637, 1.5, 1.0128205128205128, 2.0, 2.0, 1.0, 1.0537937514681701, 1.1529255319148937, 1.174250832408435, 2.0, 2.0, 1.120918984280532, 1.25, 12.5, 1.13464447806354, 1.105263157894737, 1.0219941348973607, 1.2542262678803642, 1.0454545454545454, 1.0, 1.5, 1.0, 1.0187793427230047, 1.0, 1.0465069049553208, 1.1202501202501203, 1.2, 1.0, 1.391304347826087, 1.0, 1.0, 2.0, 1.3333333333333333, 2.3684210526315788, 2.0, 1.4, 1.0635641316685585, 1.0, 1.0, 1.05, 1.08, 1.0193050193050193]
origin-census_1.87 	max: 16.0000	99th: 4.0000	95th: 2.0000	median: 1.0952	mean: 1.3513

...Done, result: results.csv

WORKLOAD-FINISHED | Type: QueryWorkload | Progress: 1/3 | Workload-time: 39.308589 | Model-update-time: 0.000000


WORKLOAD-START | Type: DataUpdateWorkload | Progress: 2/3
Going to run: ['python', '/home/kangping/code_copy/SAUCE/Naru/eval_model.py', '--model=transformer', '--data_update=valueskew', '--dataset=census', '--drift_test=js', '--end2end', '--update_size=8000', '--query_seed=0', '--eval_type=drift']
Torch device: cuda:1
GET-MODEL-PATH=./models/end2end/transformer/origin-census-2.8MB-model16.858-data14.989-200epochs-seed0.pt
GET-DATASET-PATH=./data/census/end2end/census_int.npy
ValueSample - START
ValueSample - END
load_npy_dataset_from_path - df.shape = (39073, 13)
Parsing... done, took 0.0s
Data updated!
Previous data size: (32561, 13), new data size: (6512, 13)
[2.9802322e-06 6.9737434e-06 8.8691711e-03 2.9802322e-07 4.5299530e-06
 1.2934208e-05 1.0132790e-06 1.2516975e-06 2.0861626e-06 3.4600496e-04
 3.2544136e-05 1.2874603e-05 1.8036366e-04]
Distance score: 0.0007286943146027625
SAUCE Drift detection: True
Detection latency: 0.0037s

DRIFT-DETECTED after 2-th workload
Going to run: ['python', '/home/kangping/code_copy/SAUCE/Naru/incremental_train.py', '--dataset=census', '--end2end', '--model=transformer', '--model_update=adapt', '--update_size=8000', '--epochs=0']
Torch device: cuda:1
GET-MODEL-PATH=./models/end2end/transformer/origin-census-2.8MB-model16.858-data14.989-200epochs-seed0.pt
update_size: 6512
AdaptTask - START
GET-DATASET-PATH=./data/census/end2end/census_int.npy
load_npy_dataset_from_path - df.shape = (39073, 13)
Parsing... done, took 0.0s
done, took 0.0s
dataset size: 39073
train data shape: torch.Size([6512, 13]), transfer data shape:torch.Size([1302, 13])
Training done; evaluating likelihood on full data:
Epoch None Iter 0, test loss 60.4981 nats / 87.2803 bits
Saved to: /home/kangping/code_copy/SAUCE/models/end2end/transformer/origin-census-2.8MB-model16.858-data14.989-200epochs-seed0.pt
AdaptTask - END

WORKLOAD-FINISHED | Type: DataUpdateWorkload | Progress: 2/3 | Workload-time: 4.091365 | Model-update-time: 4.540101


WORKLOAD-START | Type: QueryWorkload | Progress: 3/3
Going to run: ['python', '/home/kangping/code_copy/SAUCE/Naru/eval_model.py', '--dataset=census', '--model=transformer', '--end2end', '--query_seed=0', '--eval_type=estimate', '--num_workload=3', '--data_update=valueskew', '--model_update=adapt', '--random_seed=42']
Torch device: cuda:1
GET-MODEL-PATH=./models/end2end/transformer/origin-census-2.8MB-model16.858-data14.989-200epochs-seed0.pt
ckpts [PosixPath('/home/kangping/code_copy/SAUCE/models/end2end/transformer/origin-census-2.8MB-model16.858-data14.989-200epochs-seed0.pt')]
Validate Argument: DATASET="census" is valid.
data size: 39073, total size: 39073, split index: [32560 39073]
Parsing... done, took 0.0s
Loading ckpt: /home/kangping/code_copy/SAUCE/models/end2end/transformer/origin-census-2.8MB-model16.858-data14.989-200epochs-seed0.pt
query_seed:0
origin-census_1.87 	max: 727.0000	99th: 26.1700	95th: 3.5000	median: 1.1546	mean: 4.5186
ReportEsts: [1.1140350877192982, 1.0, 1.2321428571428572, 1.0, 6.0, 1.079268292682927, 1.1819464033850493, 1.1666666666666667, 1.0, 2.0, 1.1233898305084746, 1.0204081632653061, 1.148936170212766, 1.136138613861386, 1.5526315789473684, 1.0938215102974829, 2.0, 1.4042553191489362, 1.0, 90.0, 1.1379310344827587, 2.0526315789473686, 2.0, 14.0, 2.0, 1.5, 1.3, 1.2426778242677825, 1.5714285714285714, 1.0880330123796425, 1.0307692307692307, 1.2162162162162162, 1.0506525105065252, 1.0665280665280665, 1.4545454545454546, 1.1192660550458715, 1.0, 1.25, 7.0, 1.7777777777777777, 1.0204081632653061, 2.0, 285.0, 1.0194278394534586, 2.5, 1.1, 1.0, 1.4146341463414633, 1.0, 1.0, 1.3529411764705883, 1.4, 1.5, 5.25, 1.0944, 2.0, 4.0, 1.1153668666359022, 1.144736842105263, 1.6, 1.3908045977011494, 1.3076923076923077, 1.1822660098522169, 1.0, 1.2083333333333333, 1.0493736856542013, 1.284873949579832, 1.139697322467986, 1.257918552036199, 1.1538461538461537, 1.265947888589398, 1.7857142857142858, 1.0, 1.1554404145077721, 1.1025185185185185, 1.0, 1.0, 2.0, 1.2152852529601723, 1.1666666666666667, 1.25, 1.0, 1.0, 7.0, 1.0740740740740742, 2.0, 1.3333333333333333, 1.0, 1.1397379912663756, 1.100250626566416, 1.0, 2.0, 1.1796875, 1.0, 1.0416666666666667, 1.3333333333333333, 1.1842105263157894, 1.0, 1.0484429065743945, 1.0, 1.125, 1.5206611570247934, 2.0, 3.625, 1.1951219512195121, 1.0537313432835822, 1.2641509433962264, 1.6666666666666667, 1.1423452120246864, 1.3630136986301369, 3.0, 1.294871794871795, 1.736842105263158, 1.0031496062992127, 1.0, 1.0, 1.1, 2.0, 1.5, 1.0, 3.0, 2.0, 3.0, 1.2173913043478262, 1.3333333333333333, 2.5, 1.089171974522293, 1.3507109004739337, 1.4234234234234233, 1.0, 1.380952380952381, 1.0029761904761905, 1.1311053984575836, 1.5, 1.8333333333333333, 1.1164383561643836, 1.0, 1.0413443960061877, 2.0, 3.0, 1.0, 1.5, 1.0, 1.4, 1.0, 1.0, 1.0379419049763567, 1.0290681105728128, 1.5, 1.099526066350711, 1.1162143354210161, 1.5, 1.169324441867208, 1.2, 1.0, 1.0869565217391304, 1.0561224489795917, 1.0952380952380953, 1.3333333333333333, 1.0519458544839255, 11.0, 1.078048780487805, 1.1908496732026144, 1.0552268244575937, 1.4137931034482758, 1.201793721973094, 1.1391650099403579, 3.0, 1.1428571428571428, 6.25, 1.102238354506957, 1.2524271844660195, 1.0599755201958385, 1.096774193548387, 1.309968847352025, 1.2973856209150327, 1.0, 4.0, 2.0, 1.0126582278481013, 4.5, 1.0, 1.0909090909090908, 1.23828125, 1.0, 1.2475728155339805, 2.6666666666666665, 7.0, 1.0, 1.5, 1.0, 1.203125, 1.0, 1.5, 2.0, 1.0692079940784605, 1.0919540229885059, 1.5, 1.0, 1.392156862745098, 1.1111111111111112, 1.0, 1.1536523929471032, 1.2855648535564854, 1.2698412698412698, 5.166666666666667, 1.0, 4.0, 1.0, 1.5, 1.5, 2.0, 1.0314102564102565, 3.0, 727.0, 1.2266009852216748, 1.0, 1.0, 1.0740272865083376, 1.0, 1.136604774535809, 1.0001446027040706, 12.0, 1.0, 1.2721518987341771, 1.3524590163934427, 1.1764705882352942, 12.0, 1.0216962524654833, 1.0, 2.0, 1.0364900086880973, 2.0, 1.0677590788308238, 1.0, 1.0, 1.3370786516853932, 2.0, 1.2, 1.045958795562599, 1.125, 1.0, 1.013157894736842, 1.0, 1.0, 1.0714285714285714, 1.6, 2.0, 1.5269886363636365, 1.0965824665676078, 1.4695652173913043, 1.4387755102040816, 1.4146341463414633, 1.6206896551724137, 1.0, 1.3214285714285714, 1.1716906946264745, 1.1428571428571428, 1.2467532467532467, 1.228882833787466, 1.0150650870264737, 2.0, 3.0, 1.0625, 1.02, 4.0, 1.1968911917098446, 1.0, 1.1461187214611872, 1.0, 1.03859649122807, 1.0, 1.1764705882352942, 1.0, 1.1451135241855874, 1.0, 1.8695652173913044, 1.3061224489795917, 1.0714285714285714, 4.0, 1.0502376103190767, 2.0, 1.5, 6.25, 1.019736842105263, 1.0566037735849056, 2.3333333333333335, 2.0, 1.3783783783783783, 1.0, 2.0, 2.0, 1.0625, 1.0191191532946398, 1.1538461538461537, 1.0, 1.216733870967742, 1.1928571428571428, 1.0, 1.097321765371558, 1.2608695652173914, 1.0, 1.0, 1.0457883369330454, 2.0, 1.0, 1.2424242424242424, 1.0, 1.0, 4.0, 1.0916911045943305, 1.1245421245421245, 1.3701657458563536, 1.091219096334186, 1.1304347826086956, 1.4074074074074074, 2.0, 1.15, 1.0, 1.0, 2.0, 1.0067893123083662, 2.0, 1.1138028169014085, 1.2, 1.0, 1.054178145087236, 1.2461538461538462, 1.0, 2.0, 2.0, 5.0, 1.3333333333333333, 1.0929951690821256, 1.0, 1.3142857142857143, 1.0, 2.3333333333333335, 2.0, 1.0454545454545454, 1.0, 2.5, 1.0, 2.0, 2.0, 1.7121212121212122, 1.4065934065934067, 1.2, 1.2865064695009243, 2.0, 1.0, 1.2, 1.0833333333333333, 1.0, 1.25, 1.08, 1.0, 1.6875, 1.5333333333333334, 1.3125, 1.5, 1.016458043579045, 1.0224043715846995, 1.125, 1.0102389078498293, 2.0, 13.0, 1.0, 1.0, 1.0, 1.4146341463414633, 1.75, 1.0816, 1.0, 1.0555555555555556, 1.2835820895522387, 1.0, 1.2524271844660195, 1.0, 2.0, 1.0, 1.1785714285714286, 2.5, 1.2789256198347108, 2.0, 1.5, 1.0769230769230769, 1.1111111111111112, 1.2575757575757576, 1.123076923076923, 2.0, 2.0, 1.2587719298245614, 57.0, 1.0, 1.0745365853658537, 1.1666666666666667, 1.3220338983050848, 1.3075221238938053, 2.0, 2.0, 1.0579710144927537, 1.3642638036809815, 1.5, 1.8, 2.0, 1.067132867132867, 1.0, 1.0, 1.0116666666666667, 1.1403508771929824, 1.5, 1.0, 2.5, 3.0, 1.032258064516129, 1.5333333333333334, 1.0305555555555554, 1.1931875953228266, 1.5454545454545454, 1.2, 1.0, 1.0769230769230769, 1.8439716312056738, 1.1515151515151516, 1.091324200913242, 1.0, 1.0529214559386972, 1.0, 1.3897435897435897, 1.0, 2.0, 1.1111111111111112, 2.0, 1.0, 1.0, 1.0485781990521328, 1.3333333333333333, 1.073749355337803, 1.0, 4.0, 1.3333333333333333, 1.5, 1.0, 3.3333333333333335, 1.6746987951807228, 1.125, 1.0, 1.25, 1.0, 2.0, 2.0, 1.9090909090909092, 1.0458715596330275, 1.072314049586777, 4.0, 1.0403027622137029, 1.0, 1.0125, 3.5, 1.1754385964912282, 5.0, 1.0567049808429119, 2.0, 1.21355617455896, 1.0, 2.0, 1.0227272727272727, 1.1153846153846154, 1.1129284844266574, 1.2857142857142858, 1.1646341463414633, 1.0567226890756303, 1.0, 3.0, 1.0469664715274083, 1.2956989247311828, 1.0, 1.0, 2.5, 1.0, 1.5, 1.0388297872340426, 1.625, 2.0, 1.3361018826135105, 1.0, 1.5, 1.0, 1.3912264995523724, 2.0, 3.0, 1.0224719101123596, 1.2676518883415435, 1.3333333333333333, 1.0, 1.2222222222222223, 1.0, 1.2937293729372936, 1.1636363636363636, 2.0, 1.1440329218106995, 1.1431009957325746, 1.015294974508376, 1.093198992443325, 1.1363636363636365, 2.6666666666666665, 1.1578947368421053, 1.2248062015503876, 1.0047846889952152, 2.0, 2.0, 1.0, 1.6, 1.0625, 1.0, 1.0, 2.0, 1.0236686390532543, 2.0, 3.0, 1.0786516853932584, 1.25, 1.125, 1.0833333333333333, 2.1176470588235294, 1.1428571428571428, 1.0, 1.3611111111111112, 1.0, 1.2727272727272727, 1.5, 1.3983739837398375, 2.5, 2.0, 1.3671875, 1.1945945945945946, 1.188976377952756, 1.0, 2.0, 1.0, 1.0, 1.0, 1.8, 1.2200269420745398, 1.115, 1.0362167795726942, 1.0273691825415963, 1.1224489795918366, 1.3333333333333333, 1.25, 1.0665083135391924, 1.0201612903225807, 1.0, 1.0386100386100385, 1.0, 1.3674367436743675, 1.1661905998441964, 1.0, 1.0, 1.05, 1.411764705882353, 1.0230974054120998, 1.0, 1.0, 1.0965732087227413, 2.0, 1.0, 1.0902777777777777, 1.0, 1.0, 2.0, 1.1111111111111112, 1.064516129032258, 1.0535714285714286, 1.030995106035889, 7.666666666666667, 1.0285714285714285, 1.00332502078138, 1.0, 1.0173688736027515, 1.3402777777777777, 1.0, 1.0, 2.5, 1.0, 1.03955174686882, 1.0095238095238095, 1.5, 1.1122091169907555, 1.25, 2.0, 1.6666666666666667, 1.0, 1.4444444444444444, 4.0, 2.0, 3.0, 1.2159344750558452, 1.1669829222011385, 1.48, 1.0, 1.375, 1.1428571428571428, 1.4805194805194806, 1.0577496274217586, 1.0345050679318526, 1.3157894736842106, 1.1758530183727034, 1.1875, 1.0512820512820513, 1.0, 1.0, 1.0486824475212149, 1.4452149791955617, 1.1428571428571428, 1.0714616096207215, 1.0748031496062993, 2.0, 1.0582089552238807, 1.9830508474576272, 1.5, 1.3, 1.4754098360655739, 1.3478260869565217, 2.0, 1.0514421007318122, 26.0, 1.1266149870801034, 1.0829609645055223, 1.5294117647058822, 1.0, 1.115972894482091, 2.0, 1.2857142857142858, 1.0222222222222221, 1.1346153846153846, 1.3333333333333333, 1.0416666666666667, 1.0, 1.0, 1.0317073170731708, 1.0, 1.1727930535455862, 1.25, 1.0, 1.35, 1.0144230769230769, 1.0809248554913296, 2.0, 228.0, 1.329268292682927, 1.0, 1.4148936170212767, 1.172859450726979, 1.125, 1.1327265832385287, 1.004739336492891, 1.4615384615384615, 1.2009705488621152, 2.0, 6.5, 1.0714285714285714, 2.0, 1.0344827586206897, 3.3333333333333335, 2.0, 1.6666666666666667, 1.0, 2.8823529411764706, 2.0, 1.2974137931034482, 1.0714285714285714, 1.0, 2.0, 2.0, 1.0, 2.0, 1.0, 1.4808510638297872, 1.6, 1.1818181818181819, 1.088, 1.5238095238095237, 1.2705882352941176, 1.0, 1.3529411764705883, 2.0, 2.0, 2.0, 1.3010655589669495, 1.25, 3.0, 1.0768247883724644, 1.0, 2.0, 1.0, 1.0, 106.0, 1.0263671875, 2.0, 2.311111111111111, 1.0, 1.3473822371299402, 652.25, 1.1666666666666667, 1.1188980183663606, 1.5, 1.1045627376425855, 1.3043478260869565, 1.3116883116883118, 1.3333333333333333, 1.0, 1.185614849187935, 1.2222222222222223, 6.0, 1.5, 1.037037037037037, 1.0, 2.0, 1.0, 1.0, 1.7428571428571429, 1.1666666666666667, 1.079268292682927, 1.0140056022408963, 1.0, 1.0, 1.0, 1.0411392405063291, 1.0344641313742438, 1.2107991360691144, 1.0, 2.25, 1.0615572768039137, 1.3333333333333333, 1.1764705882352942, 1.2302025782688766, 2.0, 1.7142857142857142, 1.0, 1.2916666666666667, 2.0, 1.1985294117647058, 1.0580645161290323, 1.5824175824175823, 1.1313868613138687, 1.4, 2.0, 1.072072072072072, 1.5714285714285714, 3.0, 1.0, 2.0, 1.1529411764705881, 1.1233766233766234, 1.098802395209581, 2.0, 1.3333333333333333, 1.0, 2.375, 1.0940438871473355, 1.4202898550724639, 1.1875, 1.4130434782608696, 2.3333333333333335, 2.0, 1.1215469613259668, 656.0, 1.0, 1.0, 1.1, 19.0, 1.0315326326081642, 1.6, 1.0, 1.565217391304348, 1.0170183798502384, 1.2857142857142858, 1.047518479408659, 1.0, 1.0524017467248907, 1.2083333333333333, 1.1290322580645162, 1.0, 1.0754716981132075, 1.0631808278867103, 1.3711340206185567, 1.0909090909090908, 3.0, 1.0526315789473684, 1.0, 1.0, 1.0750658472344161, 2.0, 1.2694394213381555, 1.4166666666666667, 2.0, 1.0, 1.0952380952380953, 1.0612244897959184, 1.0, 1.0, 1.25, 1.0575079872204474, 1.5166666666666666, 1.0833333333333333, 1.5, 1.2419354838709677, 1.041237113402062, 4.5, 1.0736115675320408, 1.1863874345549739, 1.0103746397694524, 1.5217391304347827, 1.0, 1.0, 1.0070754716981132, 1.6538461538461537, 1.2334801762114538, 5.0, 2.0, 1.0186945500633713, 1.0, 1.510204081632653, 1.005821112728087, 1.121212121212121, 1.1153846153846154, 1.120879120879121, 1.0515151515151515, 1.1317912856374395, 1.0, 1.0892857142857142, 1.3482142857142858, 1.3592318534179, 2.0, 1.5, 1.0350877192982457, 1.1666666666666667, 1.035183456595103, 121.0, 1.040720961281709, 1.0, 2.0, 1.2446280991735537, 1.6388888888888888, 1.289198606271777, 1.488888888888889, 1.2327188940092166, 1.0721003134796239, 1.0, 1.0282555282555284, 1.148014440433213, 1.0909090909090908, 1.1910112359550562, 1.303030303030303, 1.0, 4.0, 1.0, 1.0702479338842976, 1.411764705882353, 2.0, 1.0024077736692751, 1.0, 1.0552208835341366, 1.1132075471698113, 1.0, 1.0015319349516851, 1.0, 1.0547945205479452, 2.0, 1.0833333333333333, 1.2235865219874358, 1.0665557404326123, 1.125, 1.0, 1.1111111111111112, 1.8, 1.0, 1.12, 7.0, 2.0, 1.3571428571428572, 1.2837837837837838, 1.1111111111111112, 1.0, 1.202970297029703, 1.0, 1.3333333333333333, 2.0, 1.148936170212766, 1.0, 1.0755129958960328, 1.0, 1.3636363636363635, 1.2783505154639174, 1.0, 1.1511627906976745, 1.2727272727272727, 1.1141666666666667, 1.1984732824427482, 1.0895522388059702, 1.4285714285714286, 1.0314449064449065, 1.1254372813593203, 1.0, 2.0, 2.0, 1.3890675241157557, 1.8695652173913044, 1.0, 1.2280701754385965, 2.2, 1.0636725412166004, 1.028, 1.0, 1.032258064516129, 1.5, 1.037037037037037, 1.2652068126520681, 1.25, 1.1343126967471144, 1.7142857142857142, 1.0, 1.0714285714285714, 1.0, 1.18, 1.0909090909090908, 1.6363636363636365, 1.2777777777777777, 1.5294117647058822, 1.1153846153846154, 3.0, 1.3170731707317074, 6.0, 1.4251207729468598, 1.4090909090909092, 1.0475206611570247, 1.1102265768524189, 1.0, 1.6, 2.0, 11.0, 1.0, 1.0031313317369681, 1.2283737024221453, 1.0047021943573669, 3.5, 2.0, 1.2307692307692308, 1.1213389121338913, 1.03855421686747, 1.076178960096735, 1.4210526315789473, 1.00253807106599, 1.0282664558213086, 1.0, 1.1232227488151658, 1.1867671691792294, 2.0, 1.0, 1.0, 1.0590062111801242, 1.1160749900279219, 20.0, 1.0, 1.3333333333333333, 1.0, 3.888888888888889, 2.0, 1.8333333333333333, 1.2745098039215685, 1.12, 1.069453756655492, 1.1963470319634704, 1.0, 1.0590163934426229, 1.0289855072463767, 1.0588235294117647, 1.0393081761006289, 1.0548672566371682, 1.0010584810796508, 1.0, 2.0, 1.0, 1.12565445026178, 1.3076152304609219, 1.06055900621118, 1.0695765715351613, 1.3473282442748091, 3.0, 1.0601659751037344, 2.0, 1.0, 1.066079295154185, 1.0, 1.5, 1.4280155642023347, 43.0, 1.25]
origin-census_1.87 	max: 727.0000	99th: 26.1700	95th: 3.5000	median: 1.1546	mean: 4.5186

...Done, result: results.csv

WORKLOAD-FINISHED | Type: QueryWorkload | Progress: 3/3 | Workload-time: 39.327028 | Model-update-time: 0.000000


Experiment Summary: #data-update-times=1, #drift=1 | total-time=87.283622