Input arguments = Namespace(data_update='valueskew', update_size=8000, dataset='census', debug=False, drift_test='js', model_update='adapt', model='transformer', end2end=False, query_seed=0, random_seed=42, num_workload=3)
JSON-passed parameters = {'data_updater': {'skew_ratio': '1e-3'}, 'random_seed': 11, 'transformer': {'epochs': 0}}
MODEL-PATH=/home/kangping/code_copy/SAUCE/models/end2end/transformer/origin-census-2.8MB-model16.858-data14.989-200epochs-seed0.pt
DATASET-PATH=/home/kangping/code_copy/SAUCE/data/census/end2end/census_int.npy
Workloads: ['QueryWorkload', 'DataUpdateWorkload', 'QueryWorkload']

WORKLOAD-START | Type: QueryWorkload | Progress: 1/3
Going to run: ['python', '/home/kangping/code_copy/SAUCE/Naru/eval_model.py', '--dataset=census', '--model=transformer', '--query_seed=0', '--end2end', '--eval_type=first_estimate', '--num_workload=3', '--data_update=valueskew', '--model_update=adapt', '--random_seed=42']
Torch device: cuda:1
GET-MODEL-PATH=./models/end2end/transformer/origin-census-2.8MB-model16.858-data14.989-200epochs-seed0.pt
ckpts [PosixPath('/home/kangping/code_copy/SAUCE/models/end2end/transformer/origin-census-2.8MB-model16.858-data14.989-200epochs-seed0.pt')]
Validate Argument: DATASET="census" is valid.
load_csv_dataset - census (32561, 13)
Parsing... done, took 0.0s
Loading ckpt: /home/kangping/code_copy/SAUCE/models/end2end/transformer/origin-census-2.8MB-model16.858-data14.989-200epochs-seed0.pt
query_seed:0
origin-census_1.87 	max: 9.0000	99th: 5.0000	95th: 2.3333	median: 1.1062	mean: 1.3891
ReportEsts: [1.0, 1.0885135135135136, 1.3786407766990292, 2.0, 1.015625, 1.033259423503326, 1.0, 1.6428571428571428, 1.0, 1.0, 2.0, 1.4, 1.1538461538461537, 1.1690140845070423, 1.0698924731182795, 1.5, 1.4248366013071896, 1.0, 2.0, 1.0, 6.0, 2.0, 1.0926315789473684, 1.8, 1.0529801324503312, 1.4, 1.0, 1.1488577745025792, 1.0, 1.0646602398307077, 1.0313643491897544, 1.2758620689655173, 1.8484848484848484, 1.8888888888888888, 1.0, 1.302325581395349, 1.0, 1.234256926952141, 8.0, 1.0365990990990992, 2.0, 1.0, 2.0, 1.0, 1.04, 1.108695652173913, 1.0, 1.1154235572055349, 1.0, 2.0, 1.0, 1.75, 1.0, 6.0, 1.0845771144278606, 9.0, 1.0308641975308641, 1.1428571428571428, 1.0327827827827827, 1.1146496815286624, 1.2424242424242424, 1.5, 1.0192307692307692, 1.0263157894736843, 1.0, 1.0, 1.0, 1.110377924415117, 1.0, 1.75, 1.0112359550561798, 1.3636363636363635, 3.0, 1.0, 1.0186683260734288, 1.0, 1.0, 1.0909090909090908, 2.0, 1.0, 1.0, 1.0, 1.5, 1.0, 1.2882882882882882, 1.0, 1.0, 1.0434782608695652, 1.027136046938027, 1.0, 1.1063829787234043, 1.0, 1.0333333333333334, 1.5, 1.4313725490196079, 3.0, 1.221227621483376, 3.5, 1.006993006993007, 1.1666666666666667, 2.0, 2.0, 1.0, 1.0909090909090908, 1.0, 1.2334801762114538, 1.019047619047619, 1.4444444444444444, 1.4280575539568345, 1.7777777777777777, 1.4680851063829787, 1.0, 1.1794871794871795, 1.1111111111111112, 1.2222222222222223, 1.0, 1.5, 1.103448275862069, 1.5, 1.0249307479224377, 1.0, 1.0434056761268782, 1.0237388724035608, 1.2, 1.0526687875574408, 1.1538461538461537, 1.0080616426153572, 1.0516206482593038, 1.8, 1.1130820399113082, 1.0, 1.014453477868112, 2.0, 2.0, 1.0, 1.0, 1.0599128540305012, 2.0, 2.0, 1.2857142857142858, 1.0, 1.4, 1.0, 1.0, 1.6666666666666667, 2.0, 1.0, 1.2727272727272727, 1.0869812393405345, 1.2323232323232323, 2.111111111111111, 1.6, 1.0, 1.0, 2.0, 1.5, 3.0, 1.0, 2.0, 4.0, 2.0833333333333335, 1.0, 1.8571428571428572, 1.0, 1.0769230769230769, 1.0276134122287968, 1.3255813953488371, 1.0322958109056868, 1.0681686886192951, 1.1546391752577319, 1.122228879568604, 2.2, 2.0, 2.0, 1.7058823529411764, 1.4543269230769231, 4.0, 1.018140589569161, 1.0680880330123796, 1.0294117647058822, 2.0, 1.0196078431372548, 1.0204081632653061, 1.2881355932203389, 1.263157894736842, 1.0529309119110708, 1.5, 2.0, 1.069078947368421, 1.1561338289962826, 1.2352941176470589, 1.5, 1.0570713391739675, 6.0, 1.1666666666666667, 1.16, 1.039838854073411, 1.0, 2.0, 1.1657142857142857, 1.0, 1.108695652173913, 1.1318681318681318, 2.2857142857142856, 2.0, 1.0769230769230769, 1.0, 1.1191135734072022, 4.0, 1.0, 1.2267303102625298, 1.1505376344086022, 1.0, 1.6666666666666667, 1.0, 1.0571428571428572, 1.3333333333333333, 1.058649289099526, 1.0297619047619047, 2.433333333333333, 1.0, 1.3333333333333333, 1.1333333333333333, 2.08, 1.0, 1.1066398390342052, 1.0, 1.0, 1.0, 1.0, 1.0, 1.0769230769230769, 1.3043478260869565, 1.1657142857142857, 1.0, 1.0, 2.0, 1.1666666666666667, 1.081896551724138, 3.0, 1.0, 1.1373801916932906, 1.5, 1.0, 1.5, 1.7142857142857142, 1.45, 1.0, 1.0, 1.0, 2.0, 1.086092715231788, 1.1333333333333333, 1.5, 1.0, 1.2, 2.0, 1.4, 1.1818181818181819, 1.0496389891696751, 1.0, 1.0, 1.2857142857142858, 1.4583333333333333, 4.0, 1.0, 1.0666666666666667, 1.1754385964912282, 2.0, 1.2727272727272727, 1.2592592592592593, 1.0, 1.0, 1.0, 1.075348627980207, 1.1274298056155507, 1.0, 1.0759878419452888, 1.0, 2.0, 1.375, 1.2682926829268293, 1.0795454545454546, 4.0, 1.1014610389610389, 2.0, 1.0028011204481793, 4.0, 1.0333333333333334, 2.0, 1.2162162162162162, 1.0829110075005068, 2.0, 1.0044296788482836, 1.0396825396825398, 1.0, 2.0, 1.1111111111111112, 1.0317613089509143, 1.0869565217391304, 1.5555555555555556, 2.5, 2.0, 1.0158730158730158, 1.0845070422535212, 1.1521739130434783, 2.0, 1.2576923076923077, 1.2, 1.0, 1.0, 2.0, 1.0, 1.0191387559808613, 1.0, 1.0, 1.0, 1.1063829787234043, 2.0, 1.0204720302516626, 1.0, 1.1061061061061062, 3.6666666666666665, 1.0, 1.0078037904124861, 1.0714285714285714, 2.0, 1.0623781676413255, 2.0, 1.0699575024517816, 1.0, 1.175531914893617, 2.0, 1.0170737491107422, 1.0, 1.0, 1.0, 4.0, 1.0, 1.2212389380530972, 1.3125, 1.105263157894737, 1.0, 2.5, 1.1568627450980393, 3.0, 1.7142857142857142, 1.0, 1.25, 1.0, 1.0, 1.0, 1.4, 1.0, 1.8, 1.0164077500436377, 1.3333333333333333, 6.0, 1.0, 2.0, 1.0250347705146037, 2.0, 2.0, 1.225, 1.0, 1.0476190476190477, 1.0, 1.0376044568245126, 1.168421052631579, 1.0, 1.0, 1.7083333333333333, 2.0, 1.0, 1.3333333333333333, 1.0, 1.0, 1.0, 1.0909090909090908, 1.1842105263157894, 1.0199004975124377, 2.0, 1.3884297520661157, 1.1666666666666667, 1.0, 1.0574712643678161, 1.0, 1.0, 1.0, 2.0, 1.5, 1.0508130081300813, 5.0, 1.0, 1.8571428571428572, 1.3076923076923077, 1.5737704918032787, 1.186046511627907, 2.0, 2.0, 1.1428571428571428, 1.1129032258064515, 1.0, 1.183673469387755, 1.3174603174603174, 1.0, 1.0523587350959047, 1.1057692307692308, 1.04, 1.0769230769230769, 1.2666666666666666, 2.0, 2.0, 4.0, 1.3333333333333333, 1.1545454545454545, 1.3103448275862069, 2.5, 1.16, 1.4444444444444444, 1.1764705882352942, 1.0, 1.0969364426154549, 1.0, 1.625, 1.0521523178807948, 1.0136986301369864, 1.0053475935828877, 2.0303030303030303, 1.456140350877193, 2.0, 1.0, 1.0823045267489713, 1.25, 1.0, 1.0, 1.0969976905311778, 1.0, 1.0410958904109588, 1.0, 1.6666666666666667, 1.0909090909090908, 2.0, 1.0, 4.0, 1.0204081632653061, 1.0, 1.0, 1.0548302872062663, 1.1428571428571428, 1.1456726649528706, 1.3333333333333333, 1.5217391304347827, 1.0, 8.0, 1.5, 2.0, 1.0079918032786885, 1.0695863746958638, 1.0, 1.0427172945713439, 1.2727272727272727, 2.0, 1.1578947368421053, 2.0, 1.0444444444444445, 3.0, 1.0, 1.0103577148958889, 1.2254098360655739, 1.2083333333333333, 1.0, 1.0, 1.5, 1.3131313131313131, 1.2602739726027397, 1.43, 1.041044776119403, 1.0, 2.0, 1.0, 2.4285714285714284, 1.4331550802139037, 1.0, 2.0, 2.0, 2.0, 1.2742616033755274, 2.0, 1.0, 4.0, 1.0, 1.0886075949367089, 2.0, 1.1538461538461537, 1.0, 1.2105263157894737, 1.087071240105541, 1.0878228782287822, 1.5319148936170213, 1.0, 2.0, 1.0454545454545454, 7.0, 2.0, 1.0680453635757172, 1.0993788819875776, 1.2857142857142858, 1.0, 1.2460850111856823, 1.5, 2.0, 1.0613180515759313, 1.1431192660550458, 1.0263157894736843, 1.1051805337519622, 1.0, 1.4545454545454546, 2.0, 1.4927536231884058, 1.008695652173913, 1.0502121640735502, 1.0, 1.1136363636363635, 1.1016949152542372, 1.0695970695970696, 1.2, 1.0, 1.0349967595593002, 1.1528559935639582, 1.0, 1.2581818181818183, 2.5, 1.2653061224489797, 2.2, 1.0047165766229311, 1.0317460317460319, 1.0, 1.0, 2.0, 1.21875, 2.0, 1.5041322314049588, 1.1342036553524804, 1.0873207968720908, 1.3194444444444444, 1.5051546391752577, 2.0, 1.0023353573096683, 1.0, 1.2241379310344827, 4.0, 1.005128205128205, 2.0, 1.0, 1.1428571428571428, 2.0, 4.0, 1.1111111111111112, 2.0, 1.2987012987012987, 1.0, 1.2222222222222223, 1.2107936507936508, 1.0113250283125708, 1.0339805825242718, 1.0526315789473684, 1.0510204081632653, 1.0, 2.0, 1.0, 1.0, 1.0714285714285714, 1.4, 1.062522077004592, 1.3333333333333333, 1.0, 1.148936170212766, 1.1076923076923078, 1.0939597315436242, 1.0, 1.0309155766944114, 1.0, 1.2692307692307692, 1.411764705882353, 1.25, 1.5, 1.0434782608695652, 2.3333333333333335, 2.0, 2.5, 2.0, 1.0, 1.0061354849554547, 1.1051577366049075, 1.0, 1.46875, 1.1, 1.2380952380952381, 1.1347248576850095, 2.0, 1.3265306122448979, 1.2, 1.123456790123457, 2.0, 1.5, 1.081513828238719, 1.0, 1.2222222222222223, 1.0, 1.021827313115704, 1.424778761061947, 1.0555555555555556, 1.12, 1.0469715698393078, 1.0, 2.0, 2.0, 1.4090909090909092, 1.0, 1.278829604130809, 1.0, 1.0163934426229508, 1.1936662606577344, 1.25, 1.0, 1.0315789473684212, 1.0, 1.0, 1.0584545195323638, 1.0, 1.3953488372093024, 1.2, 1.75, 1.056920936702991, 1.0, 1.0666666666666667, 1.0731707317073171, 1.0822784810126582, 1.1344953173777315, 2.0, 1.0188284518828452, 1.3333333333333333, 1.0, 1.0, 1.0, 1.0, 2.25, 1.0301158301158302, 1.2377049180327868, 1.0726372265786215, 1.0919003115264798, 1.211111111111111, 1.0919540229885059, 1.2222222222222223, 2.0, 1.280701754385965, 1.031413612565445, 1.1111111111111112, 1.0, 1.1666666666666667, 1.3761467889908257, 2.0, 1.0, 1.2857142857142858, 3.0, 1.2352941176470589, 1.2997481108312343, 2.0, 1.0254237288135593, 1.3333333333333333, 1.0, 1.0, 1.0, 1.163265306122449, 1.0490307867730901, 1.575, 1.6206896551724137, 1.0, 1.0, 1.0210084033613445, 1.0547630004601933, 2.0, 2.0, 1.0, 1.031390134529148, 1.4285714285714286, 1.0, 1.0, 1.0285928143712575, 1.2083333333333333, 1.0, 1.0, 1.030701754385965, 1.3, 1.0476190476190477, 1.2522522522522523, 2.625, 1.0547945205479452, 1.0, 1.0, 3.0, 1.4893617021276595, 1.0, 1.0581580855692532, 1.3012048192771084, 1.0367867867867868, 1.0, 1.03231739358907, 1.0901756051257712, 1.3636363636363635, 1.4752475247524752, 1.0, 1.0, 1.0186205869208997, 2.0, 1.1025641025641026, 2.6, 1.173913043478261, 1.0, 1.25, 1.0787992495309568, 1.0, 1.5, 1.1, 1.25, 1.132047477744807, 1.2248062015503876, 1.0, 1.0511557408109131, 1.0158730158730158, 5.0, 1.6, 1.2105263157894737, 1.0, 1.0, 1.0, 1.2333333333333334, 1.0825412706353177, 1.0, 2.8333333333333335, 2.0, 1.0, 1.0, 1.0, 1.1355311355311355, 1.0263463773731112, 1.0253411306042886, 1.0, 1.0952380952380953, 1.023469857340083, 1.0, 1.4166666666666667, 1.2393736017897092, 1.0, 1.3214285714285714, 1.0, 1.127906976744186, 1.247787610619469, 1.2028469750889679, 1.1067311268129416, 1.3375796178343948, 1.2629969418960245, 1.0, 1.1194895591647331, 1.2344827586206897, 1.25, 1.1843575418994414, 1.1606936416184972, 2.0, 1.0, 2.0, 1.0401325478645067, 1.0240384615384615, 1.1967213114754098, 2.5384615384615383, 1.0389610389610389, 2.0, 1.10989010989011, 1.0769230769230769, 1.0, 1.1041666666666667, 1.4615384615384615, 1.0457516339869282, 1.0, 1.4285714285714286, 1.016737830913749, 1.1213592233009708, 1.2205882352941178, 1.0, 1.0124223602484472, 1.0, 1.0588235294117647, 1.0, 1.1553030303030303, 1.0, 1.0, 2.3333333333333335, 1.5, 1.005641748942172, 1.0, 1.0, 1.25, 1.0727272727272728, 1.0019640852974185, 1.06, 1.3333333333333333, 1.2352941176470589, 1.0411631419939578, 1.0035109458901281, 1.0, 1.5028901734104045, 1.0, 1.3428571428571427, 1.0673076923076923, 1.0, 1.0, 1.5, 1.2962962962962963, 1.0022497187851518, 1.0, 1.0, 1.0, 1.0, 1.2033898305084745, 1.0909090909090908, 1.0993788819875776, 1.3404255319148937, 1.0931174089068827, 1.0044444444444445, 1.298780487804878, 1.0283560660445084, 1.0878517501715854, 2.3333333333333335, 1.0, 1.15, 1.574468085106383, 1.0476190476190477, 1.1073170731707318, 1.0, 1.1, 1.080535610324083, 1.224, 1.0196306529009742, 1.0, 1.5, 1.0928725701943844, 1.0, 2.0, 2.0, 2.0, 1.0, 1.0, 2.2777777777777777, 1.108695652173913, 1.0, 1.0, 1.0224438902743143, 1.1169895678092399, 1.0078302601667088, 1.0, 1.6666666666666667, 1.1418439716312057, 1.020497803806735, 5.0, 1.8709016393442623, 2.0, 1.0755048287971904, 1.0290322580645161, 1.0, 1.0468521229868228, 1.1224944320712695, 4.5, 1.1891891891891893, 1.2222222222222223, 2.0, 1.0666666666666667, 1.0, 1.4666666666666666, 1.3604651162790697, 1.0, 7.0, 1.0, 1.3333333333333333, 1.0, 1.1604714415231188, 1.1475409836065573, 1.1666666666666667, 1.2222222222222223, 1.0666666666666667, 1.0, 1.1592920353982301, 1.0421183028801486, 1.0069352708058124, 1.1222924187725631, 1.1666666666666667, 1.0, 1.0, 1.0, 1.0, 1.2790697674418605, 1.1908256880733945, 2.0, 1.0054229934924077, 1.0, 1.8214285714285714, 1.6333333333333333, 1.0, 1.1140350877192982, 1.0723076923076924, 1.126984126984127, 1.3088235294117647, 1.1111111111111112, 1.0819672131147542, 1.0087719298245614, 1.7142857142857142, 1.0, 1.0973201692524683, 1.5, 1.0, 1.0, 2.0, 1.077726975832789, 1.1052781740370898, 1.0, 1.2076884672990513, 1.5, 1.3448275862068966, 1.4411764705882353, 1.0, 1.0, 1.1028192371475953, 1.029940119760479, 1.0745664739884393, 1.1267985611510791, 1.0467836257309941, 1.0, 2.0, 1.0531645569620254, 1.0, 1.3, 1.0238589211618256, 1.0029154518950438, 2.0, 2.0, 1.102439024390244, 1.0909090909090908, 1.0, 1.0, 1.013663709595187, 1.0, 1.16, 1.0, 2.0, 3.0, 1.054054054054054, 1.2941176470588236, 1.6428571428571428, 1.0521739130434782, 1.0, 1.1142857142857143, 2.0, 2.0, 1.0, 1.000669194735668, 1.1498673740053051, 1.2302325581395348, 1.3333333333333333, 2.0, 1.2703533026113671, 1.25, 2.08, 1.1609907120743035, 1.1578947368421053, 1.0816682832201745, 1.0288, 1.1818181818181819, 1.0, 2.0, 1.0, 1.290909090909091, 1.0, 1.0343489229575005, 1.1974293059125964, 1.1666666666666667, 1.0, 1.1666666666666667, 1.0, 3.0, 2.0, 1.75, 2.142857142857143, 2.0, 5.0, 1.2122587968217935, 1.0, 1.0, 1.4285714285714286, 1.12, 1.048582995951417]
origin-census_1.87 	max: 9.0000	99th: 5.0000	95th: 2.3333	median: 1.1062	mean: 1.3891

...Done, result: results.csv

WORKLOAD-FINISHED | Type: QueryWorkload | Progress: 1/3 | Workload-time: 39.262808 | Model-update-time: 0.000000


WORKLOAD-START | Type: DataUpdateWorkload | Progress: 2/3
Going to run: ['python', '/home/kangping/code_copy/SAUCE/Naru/eval_model.py', '--model=transformer', '--data_update=valueskew', '--dataset=census', '--drift_test=js', '--end2end', '--update_size=8000', '--query_seed=0', '--eval_type=drift']
Torch device: cuda:1
GET-MODEL-PATH=./models/end2end/transformer/origin-census-2.8MB-model16.858-data14.989-200epochs-seed0.pt
GET-DATASET-PATH=./data/census/end2end/census_int.npy
ValueSample - START
ValueSample - END
load_npy_dataset_from_path - df.shape = (39073, 13)
Parsing... done, took 0.0s
Data updated!
Previous data size: (32561, 13), new data size: (6512, 13)
[1.2853146e-02 2.3841858e-07 2.0861626e-06 1.1920929e-07 4.1723251e-07
 1.7881393e-06 1.7881393e-07 1.9669533e-06 5.9604645e-07 1.3172626e-04
 1.2636185e-05 8.2850456e-06 1.2516975e-06]
Distance score: 0.0010011104168370366
SAUCE Drift detection: True
Detection latency: 0.0037s

DRIFT-DETECTED after 2-th workload
Going to run: ['python', '/home/kangping/code_copy/SAUCE/Naru/incremental_train.py', '--dataset=census', '--end2end', '--model=transformer', '--model_update=adapt', '--update_size=8000', '--epochs=0']
Torch device: cuda:1
GET-MODEL-PATH=./models/end2end/transformer/origin-census-2.8MB-model16.858-data14.989-200epochs-seed0.pt
update_size: 6512
AdaptTask - START
GET-DATASET-PATH=./data/census/end2end/census_int.npy
load_npy_dataset_from_path - df.shape = (39073, 13)
Parsing... done, took 0.0s
done, took 0.0s
dataset size: 39073
train data shape: torch.Size([6512, 13]), transfer data shape:torch.Size([1302, 13])
Training done; evaluating likelihood on full data:
Epoch None Iter 0, test loss 26.8787 nats / 38.7777 bits
Saved to: /home/kangping/code_copy/SAUCE/models/end2end/transformer/origin-census-2.8MB-model16.858-data14.989-200epochs-seed0.pt
AdaptTask - END

WORKLOAD-FINISHED | Type: DataUpdateWorkload | Progress: 2/3 | Workload-time: 4.130816 | Model-update-time: 4.603652


WORKLOAD-START | Type: QueryWorkload | Progress: 3/3
Going to run: ['python', '/home/kangping/code_copy/SAUCE/Naru/eval_model.py', '--dataset=census', '--model=transformer', '--end2end', '--query_seed=0', '--eval_type=estimate', '--num_workload=3', '--data_update=valueskew', '--model_update=adapt', '--random_seed=42']
Torch device: cuda:1
GET-MODEL-PATH=./models/end2end/transformer/origin-census-2.8MB-model16.858-data14.989-200epochs-seed0.pt
ckpts [PosixPath('/home/kangping/code_copy/SAUCE/models/end2end/transformer/origin-census-2.8MB-model16.858-data14.989-200epochs-seed0.pt')]
Validate Argument: DATASET="census" is valid.
data size: 39073, total size: 39073, split index: [32560 39073]
Parsing... done, took 0.0s
Loading ckpt: /home/kangping/code_copy/SAUCE/models/end2end/transformer/origin-census-2.8MB-model16.858-data14.989-200epochs-seed0.pt
query_seed:0
origin-census_1.87 	max: 81.3333	99th: 12.0793	95th: 4.3367	median: 1.1540	mean: 1.8719
ReportEsts: [1.2323232323232323, 1.0, 1.1224489795918366, 1.0, 6.0, 1.565217391304348, 1.0277275467148885, 1.3627450980392157, 1.0, 2.0, 1.0562613430127041, 1.5176470588235293, 1.0384615384615385, 1.0317848410757946, 1.0454545454545454, 1.0363701836514223, 1.5942028985507246, 1.0, 1.0, 2.0, 1.2666666666666666, 1.8333333333333333, 2.0, 1.0769230769230769, 1.0, 1.0, 1.0730176839703365, 1.095435684647303, 1.4285714285714286, 1.0127354260089687, 1.1071428571428572, 1.135135135135135, 1.112099644128114, 1.3246753246753247, 1.4285714285714286, 12.062200956937799, 1.0, 2.5, 4.0, 1.0668452968551685, 1.1379310344827587, 1.0, 1.0, 1.0490877497827975, 2.5, 1.25, 1.0, 1.3846153846153846, 1.0, 2.0, 1.1627069834413246, 1.1578947368421053, 1.5, 2.066666666666667, 1.6024279210925645, 2.0, 1.125, 1.0619614279852276, 1.0535714285714286, 1.5, 1.582191780821918, 3.0, 1.0, 1.3333333333333333, 1.0769230769230769, 1.0148316651501366, 1.3865086599817684, 1.0560193913277673, 1.0175438596491229, 4.333333333333333, 1.0134907251264755, 1.452054794520548, 1.3333333333333333, 1.057501306847883, 1.10650623885918, 1.0, 1.1428571428571428, 1.0952380952380953, 1.0231522707034728, 1.0, 6.0, 1.0, 1.0, 1.0, 1.0615006150061501, 2.0, 1.1666666666666667, 1.0, 1.0482954545454546, 1.0926430517711172, 1.0, 3.0, 1.1843003412969284, 1.0, 1.1041666666666667, 1.2666666666666666, 15.0, 1.0, 1.0972222222222223, 1.3333333333333333, 1.025, 1.7063492063492063, 6.784810126582278, 2.1153846153846154, 1.25, 1.1595441595441596, 1.15, 1.3333333333333333, 1.1601656134234037, 2.0, 3.0, 1.1772151898734178, 1.206896551724138, 1.1669341894060996, 1.0, 1.0, 1.073555166374781, 2.0, 2.0, 1.0, 3.0, 2.0, 2.0, 1.2972972972972974, 1.7142857142857142, 3.0, 1.2664092664092663, 1.1903052064631956, 1.5420560747663552, 1.0, 1.0541813898704357, 1.1660365469439193, 1.0126715945089757, 1.5, 2.3, 1.0921985815602837, 2.0, 1.339969372128637, 2.0, 2.0, 1.0, 2.0, 1.0, 1.069767441860465, 1.0, 1.0, 1.0409490133455002, 1.095906432748538, 1.0, 1.0134083044982698, 1.0851063829787233, 2.0, 1.0173393973848777, 12.857142857142858, 1.0, 1.1581920903954803, 1.1529411764705881, 1.0588235294117647, 4.0, 1.014688699716241, 1.0833333333333333, 1.146067415730337, 1.0369897959183674, 1.0500863557858378, 1.0588235294117647, 1.017505310188237, 1.0268595041322315, 1.5, 1.0769230769230769, 1.0555555555555556, 1.4471544715447155, 1.5692307692307692, 1.0579512991429738, 1.1259720062208398, 1.1344765342960288, 1.1076388888888888, 1.0, 1.25, 1.0, 30.0, 4.5, 1.0, 1.0731707317073171, 1.0883534136546185, 1.0, 1.1729323308270676, 2.2857142857142856, 7.0, 1.0, 1.0, 1.0, 1.2169811320754718, 1.0, 1.5, 2.0, 1.1343504979868617, 1.482598607888631, 1.5416666666666667, 1.0, 1.392156862745098, 1.027027027027027, 1.0, 1.4478527607361964, 1.0081053698074975, 1.0317460317460319, 1.103448275862069, 1.0, 4.0, 1.0, 2.0, 2.0, 13.0, 1.0134648504775325, 4.333333333333333, 1.5, 1.1517241379310346, 1.3523316062176165, 1.0, 1.0029479890503263, 1.1666666666666667, 1.2, 1.0134613985301608, 6.0, 1.0, 1.8137254901960784, 1.00711743772242, 1.15, 1.1904761904761905, 1.1797235023041475, 1.064516129032258, 2.0, 1.038527397260274, 2.0, 1.065382117341416, 1.0, 1.0, 1.0408163265306123, 3.0, 5.0, 1.2557900154400412, 1.1136363636363635, 1.0, 2.0569105691056913, 2.0, 1.2857142857142858, 1.4375, 6.5, 2.0, 1.4185110663983904, 1.244360902255639, 1.391304347826087, 1.2692307692307692, 1.3783783783783783, 1.2758620689655173, 1.0, 1.0454545454545454, 1.0151843817787418, 1.1578947368421053, 1.9, 1.082036775106082, 1.0212121212121212, 1.0, 4.0, 1.125, 1.2388059701492538, 1.0, 1.0233644859813085, 7.0, 9.738461538461538, 1.0, 1.0011723329425557, 1.0, 1.4, 1.0, 1.06993006993007, 1.5, 1.0502873563218391, 1.5853658536585367, 1.3409090909090908, 2.0, 1.0343203230148048, 2.0, 2.5, 5.8, 1.112, 1.4047619047619047, 1.0, 2.0, 1.3097345132743363, 2.0, 2.0, 2.0, 4.702702702702703, 1.1804123711340206, 1.3076923076923077, 35.75, 1.0, 2.3333333333333335, 1.263157894736842, 1.1265130808278017, 1.2432432432432432, 1.0, 1.0, 1.2230929989550678, 2.0, 2.0, 1.16, 1.0, 1.0, 4.0, 1.002346316283435, 1.141804788213628, 1.1419354838709677, 1.0117600940807527, 1.3880597014925373, 1.1003039513677813, 1.0, 1.5384615384615385, 2.0, 1.0, 2.0, 1.0492293535771797, 2.0, 1.0397521941146102, 1.0, 1.0, 1.037086386853209, 1.3636363636363635, 1.0, 1.0, 1.0, 4.0, 1.3333333333333333, 1.031615925058548, 1.0, 1.078125, 1.0, 9.04225352112676, 3.0, 1.3414634146341464, 1.0, 2.0, 1.0, 2.0, 1.0, 1.481012658227848, 1.141732283464567, 1.8333333333333333, 1.0442073170731707, 1.0, 1.0, 1.2, 1.1818181818181819, 1.0, 1.4, 1.2058823529411764, 1.0, 1.6428571428571428, 1.7272727272727273, 1.1754385964912282, 1.5, 1.0449868389566883, 1.0775462962962963, 1.0416666666666667, 1.136111111111111, 1.0, 1.0, 1.0, 2.0, 1.1111111111111112, 1.2307692307692308, 1.0465116279069768, 1.0175438596491229, 1.0, 1.2396694214876034, 1.0625, 1.0, 1.2755102040816326, 1.0, 1.0, 1.0, 1.4838709677419355, 2.5, 1.0847201210287443, 2.0, 1.0584795321637428, 1.0, 1.2647058823529411, 1.105263157894737, 7.857142857142857, 2.0, 7.0, 1.1091703056768558, 2.0, 1.0, 1.004374772147284, 1.3333333333333333, 1.144736842105263, 1.0215827338129497, 1.8, 2.0, 1.0930232558139534, 1.0425609312477264, 1.0, 1.2666666666666666, 1.0, 1.1025236593059937, 1.0810810810810811, 9.6, 1.0560165975103735, 1.0344827586206897, 1.5, 1.0, 1.5, 3.0, 2.0, 1.1166666666666667, 1.3208191126279865, 1.0382857142857143, 1.0, 1.6666666666666667, 1.0, 7.333333333333333, 1.5177304964539007, 1.7307692307692308, 1.1040462427745665, 1.0, 1.0069662921348315, 1.5, 2.0, 1.0, 1.0, 1.1666666666666667, 2.0, 2.0, 1.0, 1.0243998425816607, 2.0, 1.0311956251553567, 2.0, 1.5, 1.3333333333333333, 1.1818181818181819, 1.0, 3.0, 1.1374045801526718, 4.0, 1.0, 1.1, 1.0, 1.0, 2.0, 1.4375, 1.2234042553191489, 1.0598255089322808, 1.5172413793103448, 1.029267815191856, 1.0, 1.2151394422310757, 4.0, 1.035472972972973, 3.0, 1.115544206830514, 1.0, 1.0499445061043284, 1.0, 1.0, 1.1541218637992832, 1.2380952380952381, 1.0377542717656631, 7.635922330097087, 1.0528760271525546, 1.1339712918660287, 3.0, 7.0, 1.0570659488559893, 1.308108108108108, 1.0, 1.0, 2.25, 1.0, 1.125, 1.0676251331203408, 1.0, 1.0, 1.144874715261959, 6.0, 1.2777777777777777, 1.0, 1.0956937799043063, 2.0, 2.0, 1.0360360360360361, 1.0769230769230769, 1.5, 1.0, 2.875, 1.0, 1.2261682242990655, 1.3157894736842106, 2.0, 1.430188679245283, 1.114866800343741, 1.2068707991038088, 1.6565217391304348, 1.0947075208913648, 2.090909090909091, 1.1578947368421053, 1.1189189189189188, 1.149171270718232, 1.0, 2.0, 10.222222222222221, 5.571428571428571, 1.3478260869565217, 1.0, 1.0, 2.0, 4.0, 2.5, 4.0, 1.4098360655737705, 1.1494252873563218, 1.3418803418803418, 9.08108108108108, 2.3636363636363638, 10.0, 1.0, 1.1935483870967742, 1.0, 1.2727272727272727, 1.375, 1.0583657587548638, 2.0, 2.0, 1.1014492753623188, 1.0848126232741617, 1.1314984709480123, 1.0, 1.1698924731182796, 1.0, 1.0, 1.0, 1.5, 1.014760147601476, 1.193029490616622, 1.1022372528616025, 1.252121936640765, 1.0375, 1.3333333333333333, 26.0, 1.0430761742516428, 1.047008547008547, 1.0, 1.0614406779661016, 1.0, 1.0877963125548726, 1.0893364928909952, 1.5, 1.4285714285714286, 1.673913043478261, 1.7777777777777777, 1.0208177976634352, 1.0, 1.0, 1.0020909566126504, 1.0, 1.0, 1.1046561298590345, 1.0, 1.0, 1.0, 1.25, 1.1545064377682404, 1.7241379310344827, 1.0137096774193548, 1.6666666666666667, 7.936842105263158, 1.0847803881511746, 1.0, 1.2186213991769548, 1.02915082382763, 1.0, 1.0, 4.4, 14.26923076923077, 1.0180383314543404, 1.0310880829015545, 1.0, 1.0864349430944324, 1.0, 2.0, 3.0, 2.0, 1.1754385964912282, 2.0, 2.0, 3.0, 1.121212121212121, 1.3629032258064515, 1.9545454545454546, 33.916666666666664, 1.3636363636363635, 2.0, 2.414285714285714, 1.21221613155834, 1.0712924560026902, 1.1074766355140186, 1.1434370771312585, 1.0430622009569377, 1.1272727272727272, 1.0, 1.0, 1.0902716914986854, 1.0786026200873362, 9.0, 1.0563827675203494, 1.3897058823529411, 2.0, 1.1350210970464134, 1.3396226415094339, 1.3125, 1.8461538461538463, 1.1194029850746268, 1.2, 1.1666666666666667, 1.0362976406533575, 1.0, 1.007936507936508, 1.044231869838934, 4.0, 1.0, 1.0540403184821276, 2.0, 5.0, 1.2205882352941178, 1.1090909090909091, 1.6, 1.0985915492957747, 1.0, 3.0, 1.0, 2.0, 1.2083835946924004, 1.0, 1.0, 1.2105263157894737, 1.1277777777777778, 1.1776315789473684, 2.0, 2.0, 2.8, 2.0, 1.4126984126984128, 1.0684931506849316, 1.1538461538461537, 1.4482758620689655, 1.3829787234042554, 1.7692307692307692, 1.002795248078267, 2.0, 1.1239669421487604, 1.5, 2.0, 1.1470588235294117, 5.0, 1.6666666666666667, 1.3333333333333333, 1.0, 1.5666666666666667, 2.0, 1.6574585635359116, 1.010948905109489, 1.0, 2.0, 3.0, 1.0, 2.0, 1.0, 1.00354609929078, 1.5, 2.0, 1.015267175572519, 1.5625, 1.1168831168831168, 1.0, 1.1521739130434783, 1.0, 2.0, 2.0, 1.014388489208633, 1.0, 2.066666666666667, 1.0309278350515463, 1.0, 3.0, 1.0, 1.0, 1.0, 1.0443707764885886, 3.0, 1.0833333333333333, 1.5862068965517242, 1.4107142857142858, 1.5, 1.5, 1.0394464768570064, 1.375, 1.236842105263158, 1.0952380952380953, 1.3402545210984596, 1.6666666666666667, 1.0, 1.0596153846153846, 8.777777777777779, 2.3333333333333335, 2.4615384615384617, 1.1666666666666667, 1.0, 2.0, 4.0, 2.0, 1.119047619047619, 1.3333333333333333, 1.0081278786236791, 1.031657355679702, 1.0, 1.0, 1.0, 1.0739856801909309, 1.1462186988800804, 1.1096006796941376, 2.0, 1.0103950103950103, 1.2015646571560055, 1.0, 1.4705882352941178, 1.2162661737523106, 2.0, 1.09375, 1.0, 1.0758293838862558, 2.0, 1.121212121212121, 1.0072992700729928, 1.6747967479674797, 1.1322314049586777, 1.6, 1.0, 1.1605504587155964, 1.1666666666666667, 14.0, 1.0, 2.0, 1.9490445859872612, 1.01458257382428, 1.1827242524916943, 1.5, 1.0859941944847604, 2.0, 2.111111111111111, 1.4367088607594938, 1.4057971014492754, 1.2142857142857142, 1.245, 81.33333333333333, 12.071428571428571, 1.956989247311828, 1.0, 2.0, 1.0, 1.375, 2.0, 1.0670760510155881, 1.25, 1.3333333333333333, 1.3333333333333333, 1.0213204951856947, 1.0046296296296295, 1.2570194384449245, 1.0, 1.7255813953488373, 1.0416666666666667, 1.1176470588235294, 1.0, 1.425531914893617, 1.2156862745098038, 1.175257731958763, 1.1333333333333333, 6.470588235294118, 1.0526315789473684, 1.0, 1.0, 1.0825285338015804, 2.0, 1.042384105960265, 1.4782608695652173, 6.0, 1.0, 1.6428571428571428, 1.065915727993325, 1.0, 1.0, 1.6, 1.1594202898550725, 1.5483870967741935, 1.0833333333333333, 1.5, 1.0327868852459017, 2.0816326530612246, 5.0, 1.35678391959799, 1.0049533799533799, 1.0764959901295497, 2.1153846153846154, 1.0, 2.0, 1.7069767441860466, 1.2121212121212122, 1.09765625, 1.0, 2.0, 1.625, 1.0, 1.1666666666666667, 1.1984351814380143, 3.3333333333333335, 1.0192307692307692, 1.2647058823529411, 1.509727626459144, 1.1457399103139014, 2.0, 1.0695652173913044, 1.1727272727272726, 1.0568297655453618, 2.0, 2.257142857142857, 1.073502722323049, 1.234375, 1.014947577217342, 1.0, 1.0137614678899083, 1.0, 1.0, 1.1756548536209552, 2.185185185185185, 1.0021953896816684, 1.3829787234042554, 1.1022326674500587, 1.1128526645768024, 1.375, 1.224743777452416, 1.204007285974499, 3.3333333333333335, 1.1797752808988764, 1.7037037037037037, 2.0, 2.5, 1.0, 1.4280575539568345, 1.1359223300970873, 1.0, 1.0061933007676205, 3.1785714285714284, 1.1245654692931635, 1.1, 3.0, 1.117816091954023, 1.0, 7.046875, 3.0, 1.1818181818181819, 1.0585106382978724, 1.0442338072669826, 6.142857142857143, 1.0, 1.06, 1.4, 1.0, 1.173913043478261, 1.0, 2.0, 1.0714285714285714, 1.0342857142857143, 1.8888888888888888, 1.0, 1.2016713091922007, 1.0, 1.0, 2.0, 1.2409638554216869, 2.0, 1.0153138001239268, 1.0, 1.1213322759714512, 7.0, 1.5, 1.2653061224489797, 1.0, 1.090568862275449, 1.0229885057471264, 1.4264705882352942, 1.25, 1.1985465870750065, 1.1971057884231537, 1.0, 2.0, 2.0, 1.0670103092783505, 1.0909090909090908, 1.0, 1.1714285714285715, 1.2181818181818183, 1.0958677685950413, 1.0583657587548638, 3.0, 1.0541871921182266, 3.0, 1.41991341991342, 1.0502183406113537, 1.5, 1.0972877358490567, 1.2, 2.0, 1.1865828092243187, 1.0, 1.1493775933609958, 7.740863787375416, 1.368421052631579, 1.048780487804878, 1.3048780487804879, 1.2083333333333333, 3.0, 1.4146341463414633, 1.0, 1.2754237288135593, 1.2608695652173914, 1.0, 1.1068548387096775, 2.0, 1.6, 2.0, 2.0, 1.0, 1.0316091954022988, 1.028735632183908, 1.0063091482649842, 2.0, 2.0, 1.3846153846153846, 1.0751121076233183, 1.3214285714285714, 1.1738623103850643, 1.1428571428571428, 1.0090205270260673, 1.0272692601067888, 1.0, 1.140952380952381, 1.2149437052200613, 1.0, 2.0, 1.0, 1.2806451612903227, 1.0148228488792481, 1.3076923076923077, 1.0, 1.1178861788617886, 1.0, 1.1875, 3.0, 5.0, 1.1951219512195121, 1.2380952380952381, 1.015053930317374, 1.0779816513761469, 1.0, 1.134185303514377, 1.7777777777777777, 1.1379310344827587, 1.176186645213194, 1.0667976424361494, 1.4216436957631444, 1.0, 1.0, 1.0, 1.0924214417744917, 1.0686106346483706, 1.0112994350282485, 1.0564546304957905, 1.2654320987654322, 3.0, 1.2849740932642486, 2.0, 1.0, 1.6311787072243347, 1.0, 1.0, 1.3515358361774743, 1.0, 1.4]
origin-census_1.87 	max: 81.3333	99th: 12.0793	95th: 4.3367	median: 1.1540	mean: 1.8719

...Done, result: results.csv

WORKLOAD-FINISHED | Type: QueryWorkload | Progress: 3/3 | Workload-time: 39.179179 | Model-update-time: 0.000000


Experiment Summary: #data-update-times=1, #drift=1 | total-time=87.192827