Input arguments = Namespace(data_update='sample', update_size=8000, dataset='census', debug=False, drift_test='js', model_update='adapt', model='transformer', end2end=False, query_seed=0, random_seed=42, num_workload=3)
JSON-passed parameters = {'data_updater': {'skew_ratio': '1e-3'}, 'random_seed': 66, 'transformer': {'epochs': 0}}
MODEL-PATH=/home/kangping/code_copy/SAUCE/models/end2end/transformer/origin-census-2.8MB-model16.858-data14.989-200epochs-seed0.pt
DATASET-PATH=/home/kangping/code_copy/SAUCE/data/census/end2end/census_int.npy
Workloads: ['QueryWorkload', 'DataUpdateWorkload', 'QueryWorkload']

WORKLOAD-START | Type: QueryWorkload | Progress: 1/3
Going to run: ['python', '/home/kangping/code_copy/SAUCE/Naru/eval_model.py', '--dataset=census', '--model=transformer', '--query_seed=0', '--end2end', '--eval_type=first_estimate', '--num_workload=3', '--data_update=sample', '--model_update=adapt', '--random_seed=42']
Torch device: cuda:1
GET-MODEL-PATH=./models/end2end/transformer/origin-census-2.8MB-model16.858-data14.989-200epochs-seed0.pt
ckpts [PosixPath('/home/kangping/code_copy/SAUCE/models/end2end/transformer/origin-census-2.8MB-model16.858-data14.989-200epochs-seed0.pt')]
Validate Argument: DATASET="census" is valid.
load_csv_dataset - census (32561, 13)
Parsing... done, took 0.0s
Loading ckpt: /home/kangping/code_copy/SAUCE/models/end2end/transformer/origin-census-2.8MB-model16.858-data14.989-200epochs-seed0.pt
query_seed:0
origin-census_1.87 	max: 25.0000	99th: 5.0000	95th: 2.2416	median: 1.0991	mean: 1.3888
ReportEsts: [1.0, 1.0675944333996024, 1.3943661971830985, 2.0, 1.0483870967741935, 1.273224043715847, 1.4285714285714286, 1.6428571428571428, 1.0, 1.0, 1.0, 1.0, 1.6666666666666667, 1.1369863013698631, 1.0050251256281406, 1.5, 1.379746835443038, 1.0, 2.0, 1.0, 1.8333333333333333, 1.5, 1.0338645418326693, 5.0, 1.1132075471698113, 1.4, 1.0, 1.0774015203870075, 1.0, 1.1589466259111216, 1.0321484579194982, 1.121212121212121, 1.4186046511627908, 1.3333333333333333, 1.0, 1.2142857142857142, 2.0, 1.1750599520383693, 1.875, 1.140141227593699, 2.0, 1.0, 1.0, 1.0, 1.4705882352941178, 1.0625, 1.0, 1.0893210283454187, 1.0, 1.3333333333333333, 1.0, 1.5555555555555556, 1.0, 2.2083333333333335, 1.0046082949308757, 3.0, 1.1408450704225352, 1.4, 1.0125125125125125, 1.127388535031847, 1.0206185567010309, 1.5, 1.0576923076923077, 1.164179104477612, 1.0, 1.0, 1.0, 1.0098199672667758, 1.0, 1.1666666666666667, 1.011111111111111, 1.3181818181818181, 1.5, 1.0, 1.0581771170006464, 1.0, 1.0, 1.25, 2.0, 1.0, 1.0, 1.0, 1.5, 1.5, 1.3006993006993006, 1.1538461538461537, 1.0, 1.391304347826087, 1.0419493038200642, 1.0, 1.0909090909090908, 1.0, 1.24, 1.25, 1.0980392156862746, 1.5, 1.1156542056074767, 7.0, 1.2743362831858407, 1.1666666666666667, 2.0, 2.0, 2.0, 1.0909090909090908, 1.0, 1.0408921933085502, 1.030841121495327, 1.4444444444444444, 1.4028268551236749, 2.0, 1.9130434782608696, 1.0, 1.108695652173913, 1.8888888888888888, 1.2222222222222223, 1.0, 1.0, 1.1379310344827587, 1.5, 1.0249307479224377, 1.0, 1.042535446205171, 1.4375, 1.4, 1.0205019441498764, 1.1538461538461537, 1.0151926207270754, 1.1252408477842004, 1.1938775510204083, 1.105726872246696, 1.0, 1.0988423864648265, 2.0, 1.0, 1.0, 1.0, 1.050755939524838, 2.0, 2.0, 1.5555555555555556, 1.0, 1.4285714285714286, 1.0, 1.0, 1.1666666666666667, 2.0, 1.0, 1.3181818181818181, 1.0546056260341974, 1.0608695652173914, 1.1176470588235294, 1.25, 1.5, 1.0, 2.0, 1.5, 3.0, 1.0, 1.0, 4.0, 1.25, 1.5, 1.3846153846153846, 1.135135135135135, 1.1041666666666667, 1.04930966469428, 1.2046783625730995, 1.007998171846435, 1.374721189591078, 1.0, 1.1448655256723717, 3.8, 2.0, 2.0, 1.0625, 1.318082788671024, 1.0, 1.09619140625, 1.1964560862865947, 1.0980392156862746, 2.0, 1.0909090909090908, 1.0408163265306123, 1.1779661016949152, 1.0, 1.057853386143757, 1.5, 2.0, 1.0124610591900312, 1.0868167202572347, 1.3548387096774193, 1.3333333333333333, 1.0146564151850073, 1.0, 1.3666666666666667, 1.3157894736842106, 1.0187887632251003, 1.0, 1.1896551724137931, 1.0514285714285714, 1.0, 1.0588235294117647, 1.2718446601941749, 2.6666666666666665, 2.0, 1.4, 1.0, 1.057875457875458, 4.0, 1.0, 1.4749403341288783, 1.5970149253731343, 1.3636363636363635, 1.1666666666666667, 1.0, 1.2142857142857142, 1.0769230769230769, 1.1649282920469362, 1.2890173410404624, 1.2166666666666666, 1.0, 1.3333333333333333, 1.0589225589225588, 1.0, 1.0, 1.0516252390057361, 1.0, 1.0, 1.0, 1.0, 1.0, 1.1923076923076923, 2.3076923076923075, 1.0149253731343284, 1.0, 1.0, 2.0, 1.0, 1.324538258575198, 2.0, 1.0, 1.1265822784810127, 2.0, 1.0, 1.5, 1.7142857142857142, 1.380952380952381, 1.0, 2.0, 1.127659574468085, 2.0, 1.1310344827586207, 1.230263157894737, 1.0909090909090908, 1.0, 1.6, 5.0, 1.3956521739130434, 1.1063829787234043, 1.1454366382140513, 2.0, 4.0, 1.2857142857142858, 1.25, 4.0, 1.0, 1.1428571428571428, 1.3233830845771144, 2.0, 1.5555555555555556, 1.0294117647058822, 1.0, 1.0, 1.5, 1.0797199638663053, 1.028735632183908, 1.0, 1.1879194630872483, 1.0, 2.0, 2.75, 1.3170731707317074, 1.0492424242424243, 1.3333333333333333, 1.2370129870129871, 2.0, 1.1329113924050633, 2.5, 1.1083333333333334, 2.0, 1.0975609756097562, 1.036677663496992, 1.5, 1.0110253583241455, 1.1391304347826088, 1.0, 2.0, 1.0, 1.0438432835820894, 1.0, 1.4444444444444444, 4.0, 2.0, 1.1587301587301588, 1.0518518518518518, 1.213740458015267, 2.0, 1.1529051987767585, 1.0, 1.0, 1.0, 1.0, 1.0, 1.0191387559808613, 1.0, 1.0, 1.0, 1.0615901455767078, 2.0, 1.0405531179364447, 1.0, 1.154649947753396, 1.2941176470588236, 2.0, 1.0228050171037628, 1.0, 2.0, 1.0594279366842543, 2.0, 1.0470249520153552, 1.0, 1.438177874186551, 2.0, 1.023295316670711, 1.0, 1.0, 1.0, 4.0, 1.0, 1.107843137254902, 1.4, 1.1111111111111112, 1.0, 1.2666666666666666, 1.0784313725490196, 2.0, 1.5849056603773586, 1.0, 2.75, 1.0, 1.0, 1.3333333333333333, 1.7333333333333334, 1.0, 3.3333333333333335, 1.018184997377164, 1.625, 6.0, 1.0, 2.0, 1.056576047024247, 1.0, 1.0, 1.3611111111111112, 1.0, 1.0909090909090908, 1.0, 1.0281879194630872, 1.6818181818181819, 1.0, 1.4408602150537635, 1.3333333333333333, 1.0, 1.0, 1.3333333333333333, 1.0, 1.0, 1.0588235294117647, 1.1875, 1.3235294117647058, 1.28125, 2.0, 1.1203703703703705, 1.4, 1.0, 1.367816091954023, 1.0, 1.0, 1.0, 1.0, 1.5, 1.4563380281690141, 1.0, 1.0, 1.625, 1.7692307692307692, 1.0520833333333333, 1.0465116279069768, 2.0, 4.0, 1.25, 1.2105263157894737, 1.0, 1.0425531914893618, 1.105263157894737, 2.0, 1.0254017625712804, 1.0849056603773586, 1.1304347826086956, 1.0769230769230769, 1.2, 1.0, 1.0, 1.0666666666666667, 2.0, 1.0241935483870968, 1.1379310344827587, 4.0, 1.6338028169014085, 1.3448275862068966, 1.75, 2.0, 1.0579933847850056, 1.0, 1.8571428571428572, 1.0031570639305445, 1.010135135135135, 1.038888888888889, 5.5, 1.4310344827586208, 1.0, 1.0, 1.1012345679012345, 1.6666666666666667, 1.476923076923077, 1.0, 1.071593533487298, 1.0, 1.0766961651917404, 1.0, 1.3333333333333333, 1.0434782608695652, 2.0, 1.0, 1.0, 1.0638297872340425, 1.0, 1.25, 1.2392638036809815, 1.1092436974789917, 1.2414113277623027, 1.0952380952380953, 1.0, 1.0, 2.75, 1.3148148148148149, 2.0, 1.0132890365448506, 1.0749391727493918, 1.0, 1.037179108881676, 1.1818181818181819, 4.0, 1.1875, 1.0, 1.1555555555555554, 3.0, 1.0, 1.0271222637479978, 1.0912408759124088, 1.2473118279569892, 1.0, 1.0, 2.0, 1.2323232323232323, 1.1219512195121952, 1.3706293706293706, 1.0489236790606653, 1.0, 2.0, 1.0, 7.0, 1.3201970443349753, 1.0, 1.0, 1.0, 2.0, 1.2326530612244897, 2.0, 1.0, 1.0, 1.0, 1.0128205128205128, 2.0, 1.0, 1.1818181818181819, 1.2105263157894737, 1.1319261213720317, 1.1343173431734317, 1.2857142857142858, 2.0, 2.0, 1.0869565217391304, 1.8571428571428572, 2.0, 1.1480987324883256, 1.015065913370998, 1.0, 1.0, 1.122983870967742, 8.0, 2.0, 1.1351517008887526, 1.0383333333333333, 1.04, 1.0594431903686983, 1.0655124005615348, 1.3636363636363635, 2.0, 1.2173913043478262, 1.0474040632054176, 1.0691144708423326, 1.0, 1.1264367816091954, 1.0923076923076922, 1.0656934306569343, 1.2285714285714286, 1.0, 1.1067221067221067, 1.0112630732099759, 1.0, 1.0545454545454545, 5.0, 1.183673469387755, 3.6666666666666665, 1.0102612744675348, 1.0615384615384615, 1.0, 1.5, 2.0, 1.0, 2.0, 1.1895604395604396, 1.124223602484472, 1.0541516245487366, 1.0538827258320127, 1.0318021201413428, 2.0, 1.000465983224604, 4.0, 2.32, 4.0, 1.0512820512820513, 2.0, 2.0, 1.0, 2.0, 1.75, 1.1111111111111112, 2.0, 1.2857142857142858, 1.0, 1.1, 1.0336043360433604, 1.0907980456026058, 1.0938967136150235, 1.0, 1.0388349514563107, 1.0, 1.0, 1.0, 1.0, 1.0223642172523961, 3.2857142857142856, 1.0044154009184034, 1.5, 1.0, 1.127659574468085, 1.0615384615384615, 1.023489932885906, 1.0, 1.1303780964797914, 1.0, 1.1515151515151516, 1.6, 1.0, 1.5, 1.0666666666666667, 3.0, 2.0, 2.5, 2.0, 1.0, 1.0439522106915498, 1.1357035553329995, 1.0, 1.03125, 1.2222222222222223, 1.368421052631579, 1.0787476280834916, 2.0, 1.215743440233236, 1.25, 1.1518987341772151, 2.0, 1.5, 1.1280788177339902, 1.0, 1.7777777777777777, 1.0, 1.032703213610586, 1.0265486725663717, 1.2127659574468086, 1.12, 1.1700118063754428, 1.0, 5.0, 2.0, 1.0909090909090908, 1.0, 1.0757314974182444, 1.0, 1.0892857142857142, 1.0061601642710472, 1.1, 1.0, 1.0157894736842106, 1.0, 1.0, 1.1520794537554313, 1.0, 1.3793103448275863, 1.3, 1.6153846153846154, 1.0865212727922775, 1.0, 1.0666666666666667, 1.4137931034482758, 1.0696202531645569, 1.0319451017510648, 2.0, 1.0115062761506277, 2.75, 1.0582781456953643, 1.0, 1.0, 1.0526315789473684, 1.2857142857142858, 1.034910783553142, 1.4660194174757282, 1.1701936064835659, 1.0638629283489096, 1.1111111111111112, 1.103448275862069, 1.0555555555555556, 1.0, 1.4210526315789473, 1.1047120418848169, 1.0666666666666667, 1.0, 1.2666666666666666, 1.0266666666666666, 1.5, 1.0, 2.0, 2.0, 1.0, 1.1061093247588425, 1.0, 1.0350877192982457, 1.3333333333333333, 1.0, 1.0, 1.0, 1.510204081632653, 1.1271739130434784, 1.105263157894737, 2.238095238095238, 1.0, 1.0, 1.2272727272727273, 1.0170845351675173, 2.0, 1.0, 1.0, 1.216931216931217, 1.4, 1.0, 1.0, 1.017925925925926, 1.125, 1.0, 1.0, 1.1691542288557213, 1.2, 1.2380952380952381, 2.1346153846153846, 1.0476190476190477, 1.025974025974026, 1.0, 2.0, 3.0, 1.1898734177215189, 1.0, 1.1127039804788776, 1.0092592592592593, 1.0773273273273274, 1.0, 1.0044866719451042, 1.06317981948623, 1.875, 1.2722772277227723, 1.0, 1.0, 1.0157456922162804, 2.0, 1.2325581395348837, 10.0, 1.1219512195121952, 1.0, 1.25, 1.1885553470919326, 1.0, 1.5, 1.1, 1.25, 1.0029761904761905, 1.124031007751938, 1.0416666666666667, 1.0206033848417955, 1.0, 1.25, 1.15, 1.0, 1.0, 1.0, 1.0, 1.1081081081081081, 1.1504518872939926, 1.0, 6.0, 1.5, 1.0, 1.0, 1.0, 1.0293040293040292, 1.0419562082076832, 1.0535803705558338, 1.0, 1.069767441860465, 1.0083526682134571, 1.0, 1.2142857142857142, 1.2913752913752914, 1.0, 1.4736842105263157, 5.0, 1.2763157894736843, 1.24822695035461, 1.0255474452554745, 1.150985496467088, 1.4583333333333333, 1.1376146788990826, 1.0, 1.222695035460993, 1.0758620689655172, 1.0833333333333333, 1.2045454545454546, 1.030989272943981, 1.0, 1.0, 2.0, 1.031398320554947, 1.223529411764706, 1.459016393442623, 1.8333333333333333, 1.025974025974026, 1.0, 1.2277227722772277, 1.2727272727272727, 1.0, 1.2916666666666667, 1.3846153846153846, 1.26875, 1.0, 3.3333333333333335, 1.0676111908177905, 1.155, 1.3910614525139664, 1.0, 1.0424655230406996, 1.0, 1.0625, 1.0, 1.0459016393442624, 1.0, 1.0, 2.3333333333333335, 1.5, 1.0677710843373494, 2.0, 1.0, 4.0, 1.0254237288135593, 1.026043125175021, 1.04, 1.4666666666666666, 1.0625, 1.0756925477955521, 1.0328408970134977, 1.0, 1.2890173410404624, 1.0, 1.3142857142857143, 1.0707395498392283, 1.0, 1.0, 1.8, 1.25, 1.127946127946128, 1.0, 1.0, 1.0, 1.2, 1.9014084507042253, 1.0, 1.093167701863354, 1.26, 1.224074074074074, 1.0622222222222222, 1.2530487804878048, 1.041061046511628, 1.0343170899107756, 1.7619047619047619, 1.0, 1.2777777777777777, 1.127659574468085, 1.0476190476190477, 1.1581632653061225, 1.0, 1.0909090909090908, 1.0159700315457414, 1.176, 1.0133779264214047, 1.0, 1.5, 1.0181571146245059, 1.0, 2.0, 2.0, 1.0, 1.25, 1.0, 1.1951219512195121, 1.15, 1.0, 1.0, 1.0224438902743143, 1.1156040684693624, 1.0112781954887218, 1.0, 1.6, 1.1843971631205674, 1.0161054172767203, 1.7857142857142858, 1.2859154929577465, 2.0, 1.2164846077457796, 1.0562913907284768, 1.0833333333333333, 1.0292825768667642, 1.1826280623608019, 1.5555555555555556, 1.0945945945945945, 1.4074074074074074, 1.5, 1.3333333333333333, 1.0, 1.875, 1.4444444444444444, 1.0, 7.0, 3.0, 1.0, 1.0, 1.1753902662993572, 1.09375, 1.1666666666666667, 1.4102564102564104, 1.0333333333333334, 1.0, 1.0737704918032787, 1.0135542168674698, 1.10072202166065, 1.1092774308652988, 1.0, 1.1428571428571428, 1.3333333333333333, 2.0, 1.0, 1.1458333333333333, 1.0154083204930662, 2.0, 1.029284164859002, 1.0, 2.217391304347826, 1.0204081632653061, 1.0, 1.165137614678899, 1.0993690851735016, 1.105263157894737, 1.5892857142857142, 1.2222222222222223, 1.0069348127600555, 1.2105263157894737, 1.2, 1.0, 1.0141388174807198, 1.0, 1.0, 1.0, 1.0, 1.0091743119266054, 1.0023231801755292, 1.0, 1.1025524156791249, 1.3333333333333333, 1.2580645161290323, 1.1529411764705881, 1.0, 1.0, 1.0142348754448398, 1.1096774193548387, 1.0293466223698782, 1.0710295291300878, 1.0058479532163742, 1.0, 1.0, 1.1754807692307692, 1.0, 1.3, 1.0030487804878048, 1.071875, 2.0, 2.0, 1.1512195121951219, 1.2, 1.0, 1.0, 1.0079468866311236, 1.0, 1.1363636363636365, 1.0, 1.0, 1.3333333333333333, 1.3076923076923077, 1.0909090909090908, 1.5555555555555556, 1.0087719298245614, 1.5, 1.1282051282051282, 2.0, 1.0, 1.0, 1.1694473409801878, 1.0988593155893536, 1.0037950664136623, 2.0, 2.0, 1.2002902757619738, 1.25, 25.0, 1.0578279266572637, 1.105263157894737, 1.0048657415750586, 1.0929178470254957, 1.0476190476190477, 1.0, 2.0, 1.0, 1.2456140350877194, 1.0, 1.0257131767902192, 1.1744831064044376, 1.1666666666666667, 1.0, 1.03125, 1.0, 3.0, 2.0, 4.0, 1.40625, 2.0, 2.5, 1.010321100917431, 1.0, 1.0, 1.4285714285714286, 1.16, 1.0422535211267605]
origin-census_1.87 	max: 25.0000	99th: 5.0000	95th: 2.2416	median: 1.0991	mean: 1.3888

...Done, result: results.csv

WORKLOAD-FINISHED | Type: QueryWorkload | Progress: 1/3 | Workload-time: 39.442596 | Model-update-time: 0.000000


WORKLOAD-START | Type: DataUpdateWorkload | Progress: 2/3
Going to run: ['python', '/home/kangping/code_copy/SAUCE/Naru/eval_model.py', '--model=transformer', '--data_update=sample', '--dataset=census', '--drift_test=js', '--end2end', '--update_size=8000', '--query_seed=0', '--eval_type=drift']
Torch device: cuda:1
GET-MODEL-PATH=./models/end2end/transformer/origin-census-2.8MB-model16.858-data14.989-200epochs-seed0.pt
GET-DATASET-PATH=./data/census/end2end/census_int.npy
Sample - START
Sample - END
load_npy_dataset_from_path - df.shape = (39073, 13)
Parsing... done, took 0.0s
Data updated!
Previous data size: (32561, 13), new data size: (6512, 13)
[1.0728836e-06 1.0728836e-06 1.1324883e-06 4.7683716e-07 1.3709068e-06
 3.9935112e-06 1.0251999e-05 5.3644180e-06 5.3644180e-07 9.0599060e-06
 4.8696995e-05 2.5629997e-06 2.2888184e-05]
Distance score: 8.344650268554688e-06
SAUCE Drift detection: False
Detection latency: 0.0037s

WORKLOAD-FINISHED | Type: DataUpdateWorkload | Progress: 2/3 | Workload-time: 3.931203 | Model-update-time: 0.000000


WORKLOAD-START | Type: QueryWorkload | Progress: 3/3
Going to run: ['python', '/home/kangping/code_copy/SAUCE/Naru/eval_model.py', '--dataset=census', '--model=transformer', '--end2end', '--query_seed=0', '--eval_type=estimate', '--num_workload=3', '--data_update=sample', '--model_update=adapt', '--random_seed=42']
Torch device: cuda:1
GET-MODEL-PATH=./models/end2end/transformer/origin-census-2.8MB-model16.858-data14.989-200epochs-seed0.pt
ckpts [PosixPath('/home/kangping/code_copy/SAUCE/models/end2end/transformer/origin-census-2.8MB-model16.858-data14.989-200epochs-seed0.pt')]
Validate Argument: DATASET="census" is valid.
data size: 39073, total size: 39073, split index: [32560 39073]
Parsing... done, took 0.0s
Loading ckpt: /home/kangping/code_copy/SAUCE/models/end2end/transformer/origin-census-2.8MB-model16.858-data14.989-200epochs-seed0.pt
query_seed:0
origin-census_1.87 	max: 8.0000	99th: 4.6557	95th: 3.0000	median: 1.1304	mean: 1.4190
ReportEsts: [1.131578947368421, 2.0, 1.1428571428571428, 1.0, 5.0, 1.2962962962962963, 1.0241460541813898, 1.0619469026548674, 1.0, 1.0, 1.0830842797369995, 1.1437908496732025, 1.064516129032258, 1.0255754475703325, 1.16, 1.0112478777589133, 1.061904761904762, 1.0961538461538463, 1.0, 2.0, 1.2352941176470589, 7.333333333333333, 2.0, 3.0, 1.0, 3.0, 1.1478260869565218, 1.0881057268722467, 2.5555555555555554, 1.2312218081976858, 1.0362129144851657, 1.024390243902439, 1.0972659085410115, 1.1133786848072562, 1.0, 3.0, 1.0, 2.0, 5.0, 1.2077922077922079, 1.0495867768595042, 1.0, 2.0, 1.111238269626917, 1.6666666666666667, 1.1, 1.0, 1.2169811320754718, 1.0, 1.0, 1.2916666666666667, 1.588235294117647, 1.5, 3.4, 1.050381679389313, 1.24, 2.25, 1.1136752136752137, 1.2183908045977012, 1.25, 1.1641025641025642, 1.5384615384615385, 1.1867469879518073, 1.1428571428571428, 1.2307692307692308, 1.008610532040243, 1.2061128526645768, 1.059390048154093, 1.2657657657657657, 1.4444444444444444, 1.1626984126984128, 1.6818181818181819, 1.3333333333333333, 1.026394422310757, 1.0489921612541993, 1.0, 1.3333333333333333, 1.0588235294117647, 1.0327715355805243, 6.0, 1.3703703703703705, 1.0, 2.0, 2.0, 1.0947109471094711, 2.0, 1.375, 1.0, 1.1193866374589265, 1.1893333333333334, 1.0, 3.0, 1.1452145214521452, 1.0, 1.24, 1.1666666666666667, 3.0, 1.0, 1.4563106796116505, 1.3, 1.1428571428571428, 1.205128205128205, 1.0300751879699248, 1.0333333333333334, 1.2083333333333333, 1.1737704918032787, 1.326086956521739, 1.3333333333333333, 1.0236912495223538, 1.6734693877551021, 1.5, 1.1704545454545454, 1.1071428571428572, 1.1853658536585365, 1.0, 1.0, 1.5, 1.0, 2.0, 2.0, 2.0, 1.3333333333333333, 2.0, 1.75, 2.210526315789474, 1.0, 1.0758620689655172, 1.0987432675044884, 1.209090909090909, 1.0, 1.0831353919239906, 1.0887120542292956, 1.0299145299145298, 1.0, 1.4166666666666667, 1.087719298245614, 2.0, 1.0355275506100012, 2.0, 1.0, 1.0, 1.0, 2.0, 1.170731707317073, 1.0, 2.0, 1.0232506396707086, 1.0583703703703704, 1.3333333333333333, 1.2666666666666666, 1.0968178740690588, 3.0, 1.0150459738088604, 1.1111111111111112, 1.0, 1.1162790697674418, 1.02, 1.4705882352941178, 4.0, 1.012175057584732, 1.2857142857142858, 1.1065989847715736, 1.0515723270440251, 1.132841328413284, 1.565217391304348, 1.0751708428246014, 1.0978886756238004, 3.0, 1.2307692307692308, 1.4736842105263157, 1.129988597491448, 1.2183908045977012, 1.0712530712530712, 1.035658914728682, 1.0641891891891893, 1.099337748344371, 1.0, 4.0, 2.0, 1.234375, 5.5, 1.0, 1.0921985815602837, 1.090566037735849, 2.0, 1.0294117647058822, 2.0, 8.0, 2.0, 1.5, 2.0, 1.3875968992248062, 1.0, 1.1428571428571428, 2.0, 1.0633077355309983, 1.0475382003395586, 1.3225806451612903, 1.0, 1.3508771929824561, 1.0731707317073171, 1.0, 1.2041343669250646, 1.003058103975535, 1.105263157894737, 1.8857142857142857, 1.0, 2.4, 1.0, 1.3333333333333333, 1.5, 1.0526315789473684, 1.0889270386266094, 3.0, 1.3333333333333333, 1.0226628895184136, 1.2972972972972974, 3.0, 1.033210332103321, 1.4, 1.2530120481927711, 1.0131492916818017, 3.0, 2.0, 1.10989010989011, 1.2777777777777777, 1.0476190476190477, 4.333333333333333, 1.4212034383954155, 1.0615384615384615, 3.0, 1.0843585237258349, 1.0, 1.0948855480849136, 1.0, 1.0, 1.3253012048192772, 1.0, 1.1, 1.0, 1.09, 1.0, 1.0482758620689656, 1.0, 1.1782178217821782, 1.1428571428571428, 2.0, 2.0, 1.1201255042581801, 1.2377563834240268, 1.2045454545454546, 1.0363636363636364, 1.0, 1.6, 2.0, 2.0, 1.0197585071350164, 1.1690721649484537, 1.25, 1.0866752910737387, 1.045035351982785, 1.0, 4.0, 1.0588235294117647, 1.0464135021097047, 2.0, 1.0097560975609756, 1.0, 1.0062843676355067, 1.0, 1.17090395480226, 1.0, 1.105263157894737, 1.0, 1.004482477587612, 1.0, 1.0, 1.2708333333333333, 1.0523076923076924, 1.25, 1.1563236449332286, 1.0, 2.0, 4.6521739130434785, 1.0078125, 1.2745098039215685, 1.125, 1.0, 1.3288590604026846, 2.0, 1.0, 2.0, 1.03125, 1.03490990990991, 1.1538461538461537, 1.0372492836676217, 1.1071428571428572, 2.0, 1.3125, 1.0104748603351956, 1.5416666666666667, 2.0, 1.0, 1.0748151370160939, 2.0, 1.0, 1.25, 1.0, 2.0, 1.0, 1.0045197740112994, 1.0620017714791852, 1.0180722891566265, 1.0172621437173825, 1.0970319634703196, 1.3181818181818181, 2.0, 1.3333333333333333, 2.0, 1.0, 2.0, 1.0537218301843843, 2.0, 1.0610520577814118, 2.0, 2.0, 1.0943127962085308, 1.1538461538461537, 1.0, 1.0, 1.0, 1.25, 1.0, 1.0702764976958525, 2.0, 1.044871794871795, 1.0, 1.5, 2.0, 1.0629991126885536, 1.0, 1.5, 1.0, 2.0, 2.0, 1.355263157894737, 1.2206572769953052, 1.2857142857142858, 1.0515933232169954, 1.5, 2.0, 1.3333333333333333, 1.0833333333333333, 1.0, 1.8, 1.2916666666666667, 1.0, 2.230769230769231, 1.6666666666666667, 1.0149253731343284, 1.3333333333333333, 1.023702299123015, 1.128128724672229, 1.2916666666666667, 1.0674698795180724, 2.0, 2.0, 2.0, 1.0, 1.173913043478261, 1.1320754716981132, 1.2093023255813953, 1.1904340124003543, 2.0, 1.1209677419354838, 1.1304347826086956, 1.0, 1.0178571428571428, 1.0, 2.0, 2.0, 1.037037037037037, 1.5, 1.3228511530398324, 1.0, 2.0, 1.3636363636363635, 1.0714285714285714, 1.5545454545454545, 1.0714285714285714, 2.0, 1.0, 1.317948717948718, 1.5, 1.0, 1.0638503086419753, 1.0, 1.123055162659123, 1.1477516059957173, 3.5, 1.3714285714285714, 1.0263157894736843, 1.023157894736842, 1.5, 1.4375, 3.0, 1.21602787456446, 1.0602409638554218, 2.0, 1.0909090909090908, 1.3333333333333333, 1.0, 2.0, 1.0, 2.0, 1.25, 1.2063492063492063, 1.1355932203389831, 1.0866141732283465, 1.0669371196754565, 1.1428571428571428, 1.0, 1.0666666666666667, 1.198581560283688, 1.5263157894736843, 1.394736842105263, 1.0, 1.0002261420171867, 2.0, 1.1654135338345866, 2.0, 2.0, 1.0, 2.0, 1.0, 1.0, 1.025908739365816, 1.6153846153846154, 1.0266173752310537, 1.0, 1.0, 3.0, 1.106060606060606, 1.0, 6.333333333333333, 1.3229166666666667, 1.2666666666666666, 1.0, 1.5454545454545454, 1.0, 1.0, 3.0, 1.8421052631578947, 1.1090909090909091, 1.2291666666666667, 1.1818181818181819, 1.0309348996573666, 1.0, 1.0691244239631337, 3.0, 1.0963855421686748, 2.0, 1.0867124142233313, 2.0, 1.0182982616651417, 1.0, 1.0, 1.109271523178808, 1.28, 1.0779003677699766, 1.021978021978022, 1.0008410428931875, 1.4567164179104477, 1.1, 1.0, 1.0107165913492575, 1.0083333333333333, 2.0, 1.0, 1.1764705882352942, 1.0, 1.4285714285714286, 1.0401284109149278, 1.0, 2.0, 1.0304038004750593, 4.0, 1.6666666666666667, 1.0, 1.171809841534612, 1.0, 1.0, 1.0495732107682205, 1.2151162790697674, 1.0909090909090908, 1.0, 1.375, 1.0, 1.073667711598746, 1.0344827586206897, 2.0, 1.3082706766917294, 1.1740696278511404, 1.138960560265389, 1.0190362879238548, 1.0120481927710843, 1.0, 1.5555555555555556, 1.0053763440860215, 1.0226244343891402, 3.0, 2.0, 1.5, 1.4, 1.2307692307692308, 1.0, 1.0, 2.0, 1.069767441860465, 1.5, 2.0, 1.0677966101694916, 1.1645569620253164, 1.2744360902255638, 1.25, 1.0105448154657293, 4.0, 1.0, 1.2, 1.0, 1.1333333333333333, 1.375, 1.1755102040816328, 1.0, 2.0, 1.1014492753623188, 1.104424778761062, 1.1818181818181819, 1.0, 2.0, 1.0, 1.0, 2.0, 1.0, 1.0342240975152368, 1.0068181818181818, 1.0142857142857142, 1.0103965183752417, 1.1822033898305084, 1.6666666666666667, 2.0, 1.0194965449160909, 1.0304347826086957, 1.0, 1.0301204819277108, 1.0, 1.0176706827309236, 1.037473976405274, 5.0, 1.1428571428571428, 1.1910828025477707, 3.4285714285714284, 1.0227526348419096, 1.0, 1.0, 1.0354131534569984, 2.0, 1.0, 1.0027899561578317, 1.0, 1.5, 1.0, 1.15, 1.173913043478261, 1.3518518518518519, 1.0236966824644549, 2.3333333333333335, 1.0792079207920793, 1.1008620689655173, 1.0, 1.0069491525423728, 1.0460271317829457, 2.0, 1.0, 1.0067567567567568, 1.0714285714285714, 1.1813432835820896, 1.457142857142857, 1.0, 1.1300097751710656, 1.6, 2.0, 1.3333333333333333, 2.0, 1.4768211920529801, 1.75, 2.0, 2.0, 1.0632911392405062, 1.125, 2.25, 1.1076923076923078, 1.2857142857142858, 1.1111111111111112, 1.089655172413793, 1.0914634146341464, 1.0743061772605194, 1.0842696629213484, 1.115482233502538, 1.086021505376344, 1.0816326530612246, 1.0, 1.0, 1.0707350901525658, 1.0926174496644296, 1.1304347826086956, 1.0555256064690026, 1.0627062706270627, 1.0, 1.0458488228004956, 4.5, 1.4375, 1.625, 1.3235294117647058, 1.0769230769230769, 1.2857142857142858, 1.1033352176370832, 3.0, 1.0706521739130435, 1.0259761083941312, 1.037037037037037, 1.0, 1.0343791722296396, 2.0, 2.0, 1.3837209302325582, 1.1041666666666667, 1.4230769230769231, 4.0, 1.0, 2.0, 1.0895196506550218, 1.0, 1.2231655548817466, 1.2074074074074075, 1.0, 1.2272727272727273, 1.0591397849462365, 1.3333333333333333, 2.0, 1.0, 1.4675324675324675, 1.0, 1.05, 1.1026785714285714, 1.2105263157894737, 2.0, 1.0615384615384615, 1.0555555555555556, 1.0092618579848442, 2.0, 2.0, 1.3846153846153846, 2.0, 1.7894736842105263, 1.5, 1.5, 1.0, 1.0, 1.0769230769230769, 1.0, 1.4814814814814814, 1.12, 2.0, 2.0, 2.0, 1.0, 2.0, 2.0, 1.0826771653543308, 1.0, 1.083720930232558, 1.449612403100775, 3.111111111111111, 1.0224719101123596, 2.0, 1.1111111111111112, 1.5, 2.0, 2.0, 1.0409907552764697, 1.25, 1.6964285714285714, 1.0153293743958016, 1.0, 1.0, 1.0, 1.0, 1.5, 1.1276827937431793, 2.0, 1.5849056603773586, 1.619047619047619, 1.1057529610829102, 1.0, 1.2, 1.0369143398012304, 1.5, 1.0162130862767806, 1.3333333333333333, 1.129496402877698, 1.0, 1.0, 1.1591928251121075, 1.025974025974026, 1.3333333333333333, 4.0, 1.12, 2.0, 2.0, 2.0, 2.0, 1.2619047619047619, 5.0, 1.1491798204890127, 1.0056497175141244, 1.0, 1.0, 1.0, 1.158450704225352, 1.0019878635697845, 1.1616438356164382, 1.0, 1.0474452554744527, 1.0219349784567175, 1.3333333333333333, 1.0555555555555556, 1.2214022140221403, 2.0, 1.7241379310344827, 1.0, 1.0166666666666666, 1.0, 1.1691176470588236, 1.1214285714285714, 1.3157894736842106, 1.273469387755102, 1.6, 1.0, 1.1556603773584906, 1.1428571428571428, 2.0, 1.0, 3.0, 2.0, 1.0183387270765911, 1.0171428571428571, 3.0, 1.3333333333333333, 2.0, 2.375, 1.0934256055363323, 1.1585365853658536, 1.3571428571428572, 1.3235294117647058, 1.3421052631578947, 2.0, 1.0869565217391304, 3.0, 1.0, 2.0, 1.1, 3.0, 1.0475493782004388, 1.2, 1.3333333333333333, 1.457142857142857, 1.0184174624829467, 1.2369668246445498, 1.0894117647058823, 1.0, 1.0429184549356223, 1.0357142857142858, 1.1475409836065573, 2.0, 1.1481481481481481, 1.1067193675889329, 1.162162162162162, 1.1388888888888888, 4.0, 1.16, 1.0, 1.25, 1.0645539906103287, 1.0, 1.3333333333333333, 1.12, 3.0, 1.0, 1.15, 2.5, 2.0, 1.0, 1.0930232558139534, 1.0461538461538462, 1.8666666666666667, 1.0714285714285714, 1.0, 1.2413793103448276, 1.2578947368421052, 3.0, 1.0508474576271187, 1.0651234567901235, 1.0640243902439024, 1.2941176470588236, 1.0, 1.0, 1.143827859569649, 1.0, 1.0846153846153845, 2.0, 2.0, 1.1818181818181819, 1.0, 1.1515151515151516, 1.0153329602686065, 2.0, 1.0166666666666666, 1.0265486725663717, 1.0598958333333333, 1.1136228435455087, 1.0, 1.1177462887989205, 1.3394495412844036, 1.088235294117647, 2.0, 1.0128205128205128, 1.071808510638298, 1.45, 1.067465040166617, 2.0, 1.4523809523809523, 1.0, 1.0, 1.147919876733436, 1.84375, 1.4467532467532467, 1.0759493670886076, 1.1500586166471278, 1.0426666666666666, 1.0344827586206897, 1.0391167192429023, 1.2290076335877862, 3.3333333333333335, 1.3444444444444446, 1.4666666666666666, 1.3333333333333333, 1.5, 1.0, 1.0677179962894248, 1.37, 1.0, 1.0034626038781163, 1.1886792452830188, 1.0943494038361845, 1.2340425531914894, 2.0, 1.0178533921445074, 1.2857142857142858, 1.2656716417910447, 2.0, 1.1666666666666667, 1.0852459016393443, 1.0315457413249212, 1.5714285714285714, 2.0, 1.3820224719101124, 1.4545454545454546, 1.0, 1.3043478260869565, 1.25, 1.0, 1.240506329113924, 1.0, 1.3333333333333333, 1.0, 1.1557894736842105, 1.0, 1.2222222222222223, 2.0, 1.1397849462365592, 1.0, 1.0153615255584003, 1.0, 1.3333333333333333, 1.047244094488189, 1.0, 1.1037924151696608, 1.0539152759948651, 1.0441389290882779, 1.3868613138686132, 1.1029411764705883, 1.375, 1.0130771283693623, 1.0925742574257427, 1.0, 2.0, 1.0, 1.0450928381962865, 1.3048780487804879, 1.0, 1.0625, 3.0, 1.1624834874504624, 1.1263940520446096, 1.0, 1.8, 4.0, 1.0744186046511628, 1.178391959798995, 1.1666666666666667, 1.0895127118644068, 7.0, 3.0, 1.0041928721174005, 2.0, 1.065040650406504, 1.0303030303030303, 1.6818181818181819, 1.0238095238095237, 1.1573033707865168, 1.2142857142857142, 3.0, 1.0980392156862746, 2.0, 1.1520912547528517, 1.3333333333333333, 1.111368909512761, 1.12483039348711, 1.0, 2.5, 2.0, 1.0, 1.0, 1.0147683219494186, 1.0973821989528796, 1.1716141001855287, 3.0, 2.0, 1.8333333333333333, 1.1134020618556701, 1.1119221411192215, 1.3692077727952168, 1.1818181818181819, 1.021186440677966, 1.0107852412488174, 1.0, 1.1302847282139776, 1.192929292929293, 2.0, 1.0, 2.0, 1.1918819188191883, 1.0889235569422777, 1.9047619047619047, 1.0, 1.168103448275862, 2.0, 1.5, 1.0, 1.125, 1.5, 1.0, 1.0258986030450479, 1.2469879518072289, 2.0, 1.0, 1.144736842105263, 1.0, 1.0151400454201362, 1.1036789297658862, 1.0753915582691798, 1.0, 2.0, 2.0, 1.1516754850088184, 1.0075062552126772, 1.0810810810810811, 1.0553971296339582, 1.2222222222222223, 1.0, 1.104417670682731, 2.0, 3.0, 2.0, 1.0, 1.0, 1.0158357771260997, 3.0, 1.0]
origin-census_1.87 	max: 8.0000	99th: 4.6557	95th: 3.0000	median: 1.1304	mean: 1.4190

...Done, result: results.csv

WORKLOAD-FINISHED | Type: QueryWorkload | Progress: 3/3 | Workload-time: 39.363454 | Model-update-time: 0.000000


Experiment Summary: #data-update-times=1, #drift=0 | total-time=82.753731