Input arguments = Namespace(data_update='tupleskew', update_size=8000, dataset='census', debug=False, drift_test='js', model_update='adapt', model='transformer', end2end=False, query_seed=0, random_seed=42, num_workload=3)
JSON-passed parameters = {'data_updater': {'skew_ratio': '1e-3'}, 'random_seed': 10, 'transformer': {'epochs': 0}}
MODEL-PATH=/home/kangping/code_copy/SAUCE/models/end2end/transformer/origin-census-2.8MB-model16.858-data14.989-200epochs-seed0.pt
DATASET-PATH=/home/kangping/code_copy/SAUCE/data/census/end2end/census_int.npy
Workloads: ['QueryWorkload', 'DataUpdateWorkload', 'QueryWorkload']

WORKLOAD-START | Type: QueryWorkload | Progress: 1/3
Going to run: ['python', '/home/kangping/code_copy/SAUCE/Naru/eval_model.py', '--dataset=census', '--model=transformer', '--query_seed=0', '--end2end', '--eval_type=first_estimate', '--num_workload=3', '--data_update=tupleskew', '--model_update=adapt', '--random_seed=42']
Torch device: cuda:1
GET-MODEL-PATH=./models/end2end/transformer/origin-census-2.8MB-model16.858-data14.989-200epochs-seed0.pt
ckpts [PosixPath('/home/kangping/code_copy/SAUCE/models/end2end/transformer/origin-census-2.8MB-model16.858-data14.989-200epochs-seed0.pt')]
Validate Argument: DATASET="census" is valid.
load_csv_dataset - census (32561, 13)
Parsing... done, took 0.0s
Loading ckpt: /home/kangping/code_copy/SAUCE/models/end2end/transformer/origin-census-2.8MB-model16.858-data14.989-200epochs-seed0.pt
query_seed:0
origin-census_1.87 	max: 7.0000	99th: 5.0000	95th: 2.0000	median: 1.0989	mean: 1.3497
ReportEsts: [1.0, 1.0080695220360025, 1.5106382978723405, 2.0, 1.0307692307692307, 1.0729613733905579, 1.2857142857142858, 1.2857142857142858, 1.0, 1.0, 2.0, 1.0970149253731343, 1.0714285714285714, 1.0481927710843373, 1.0101522842639594, 1.5, 1.345679012345679, 1.0, 2.0, 1.0, 3.5, 1.0, 1.2183098591549295, 1.25, 1.1823899371069182, 1.2, 1.0, 1.0057729313662604, 1.0, 1.1523630378556313, 1.0013068478829064, 1.135135135135135, 1.1311475409836065, 1.5555555555555556, 1.0, 1.0267857142857142, 2.0, 1.2760416666666667, 1.3333333333333333, 1.0060109289617487, 2.0, 1.0, 2.0, 1.0, 2.7777777777777777, 1.0625, 2.0, 1.0868135481749424, 2.0, 1.3333333333333333, 1.0, 1.5555555555555556, 1.0, 1.4166666666666667, 1.184782608695652, 3.0, 1.4086956521739131, 1.2857142857142858, 1.0045045045045045, 1.1656050955414012, 1.2424242424242424, 2.0, 1.0961538461538463, 1.0129870129870129, 1.0, 1.0, 1.0, 1.1539900249376558, 1.0, 1.4, 1.2328767123287672, 1.4090909090909092, 1.5, 1.0, 1.1001344086021505, 1.0, 1.0, 1.7142857142857142, 2.0, 1.0, 1.0, 1.0, 1.5, 1.25, 1.2797202797202798, 1.4, 1.0, 1.0, 1.0255265976436987, 1.0, 1.1470588235294117, 6.0, 1.1923076923076923, 1.5, 1.1633986928104576, 1.5, 1.0324607329842932, 3.75, 1.2100840336134453, 1.1666666666666667, 2.0, 2.0, 2.0, 1.0909090909090908, 1.0, 1.2571428571428571, 1.0358180058083253, 1.3703703703703705, 1.4703703703703703, 1.0, 1.15, 1.0, 1.7826086956521738, 3.0, 1.2222222222222223, 1.0, 1.0, 1.103448275862069, 1.5, 1.009009009009009, 2.0, 1.2626262626262625, 1.208695652173913, 1.4, 1.0355051244509517, 1.2, 1.008462497773027, 1.118416852856687, 1.1111111111111112, 1.1155555555555556, 1.0, 1.0715648854961832, 2.0, 1.0, 1.0, 1.0, 1.1130524152106887, 2.0, 2.0, 1.2222222222222223, 1.0, 1.3428571428571427, 1.0, 1.0, 3.0, 2.0, 1.0, 1.2272727272727273, 1.0453799890650628, 1.2131147540983607, 1.7272727272727273, 1.25, 1.5, 1.0, 2.0, 1.5, 3.0, 2.0, 2.0, 4.0, 1.1627906976744187, 1.5, 1.0, 1.05, 1.05, 1.0710059171597632, 1.1324503311258278, 1.094948491994539, 1.0054083288263926, 1.0666666666666667, 1.0097035040431266, 5.0, 1.0, 2.0, 1.3076923076923077, 1.0503472222222223, 4.0, 1.0503340757238306, 1.0489375402446877, 1.0098039215686274, 1.0, 1.0833333333333333, 1.0612244897959184, 1.194915254237288, 1.1875, 1.0381698846619511, 1.5, 2.0, 1.097972972972973, 1.219607843137255, 3.8181818181818183, 1.3846153846153846, 1.0546953046953047, 1.0, 1.2, 1.0204081632653061, 1.0210237659963437, 1.0, 1.3275862068965518, 1.1314285714285715, 1.0, 1.2439024390243902, 2.340909090909091, 1.1428571428571428, 2.0, 1.4, 1.0, 1.015927977839335, 1.0, 1.0, 1.0580808080808082, 1.1775700934579438, 1.4, 1.3333333333333333, 1.0, 1.09375, 1.2380952380952381, 1.102406267487409, 1.4180327868852458, 1.1967213114754098, 1.0, 1.1111111111111112, 1.1152482269503545, 1.2115384615384615, 1.0, 1.120162932790224, 1.0, 1.0, 1.0, 1.0, 1.0, 1.1818181818181819, 2.142857142857143, 1.6721311475409837, 1.0, 1.0, 2.0, 1.1666666666666667, 1.0604249667994687, 3.0, 1.0, 1.0171428571428571, 1.5, 1.0, 1.5, 1.7142857142857142, 1.380952380952381, 1.0, 2.0, 1.0212765957446808, 2.0, 1.1081081081081081, 1.0267379679144386, 2.0, 1.0, 1.5333333333333334, 2.5, 1.3391304347826087, 1.1818181818181819, 1.161838161838162, 1.0, 5.0, 1.5, 1.9444444444444444, 4.0, 1.0, 1.1428571428571428, 1.1964285714285714, 2.0, 1.0, 1.2592592592592593, 1.0, 1.0, 1.5, 1.0851112119836586, 1.0336633663366337, 1.0, 1.2, 1.0, 2.0, 1.375, 1.2926829268292683, 1.0757575757575757, 2.0, 1.146046511627907, 2.0, 1.098159509202454, 1.5, 1.1214953271028036, 2.0, 1.3636363636363635, 1.012916510670161, 2.5, 1.0168161434977578, 1.0229007633587786, 1.0, 2.0, 1.0384615384615385, 1.0242537313432836, 1.08, 1.2222222222222223, 2.0, 1.0, 1.3968253968253967, 1.0352112676056338, 1.0779661016949154, 1.0, 1.09, 1.2, 1.0, 1.0, 1.0, 1.0, 1.0191387559808613, 1.0, 1.0, 1.0, 1.024636058230683, 1.0, 1.064327485380117, 1.0, 1.0693548387096774, 5.5, 1.0, 1.080722891566265, 1.0769230769230769, 2.0, 1.0380952380952382, 2.0, 1.0282752120640906, 2.0, 1.0608, 1.0, 1.0782408591153159, 1.0, 2.0, 1.0, 4.0, 1.0, 1.1649484536082475, 1.5, 1.1229946524064172, 1.0, 2.1333333333333333, 1.1372549019607843, 2.0, 1.0833333333333333, 1.0, 2.0, 1.0, 1.0, 1.3333333333333333, 1.3333333333333333, 1.0, 3.1, 1.0258985200845665, 1.5, 6.0, 1.0, 2.0, 1.016973125884017, 1.0, 1.0, 1.0408163265306123, 1.0, 1.1578947368421053, 1.0, 1.0177595628415301, 1.2906976744186047, 1.0, 1.0420168067226891, 1.0833333333333333, 1.0, 1.0, 1.6666666666666667, 1.0, 1.0, 1.1111111111111112, 1.4545454545454546, 1.25, 1.673170731707317, 2.0, 1.0614035087719298, 1.1666666666666667, 1.0, 1.0689655172413792, 1.0, 1.0, 1.0, 2.0, 2.0, 1.121475054229935, 1.0, 1.0, 1.0833333333333333, 1.0769230769230769, 1.8113207547169812, 1.0, 2.0, 1.0, 1.5384615384615385, 1.0615384615384615, 1.0, 1.0888888888888888, 1.0677966101694916, 2.0, 1.0741316744427165, 1.0952380952380953, 1.368421052631579, 1.25, 1.5333333333333334, 2.0, 2.0, 1.0, 2.0, 1.0, 1.1724137931034482, 3.0, 1.1206896551724137, 1.5, 1.4285714285714286, 1.0, 1.0287307032590052, 1.0, 1.4444444444444444, 1.028324154209284, 1.097972972972973, 1.1497326203208555, 2.303030303030303, 1.3174603174603174, 1.0, 1.0, 1.1300411522633744, 1.0, 1.3541666666666667, 1.0, 1.0277136258660509, 1.0, 1.0579710144927537, 1.0, 1.3333333333333333, 1.0909090909090908, 2.0, 1.0, 2.0, 1.0869565217391304, 1.0, 1.5, 1.1284916201117319, 1.1782178217821782, 1.4905239687848384, 1.3333333333333333, 1.0454545454545454, 1.0, 1.4545454545454546, 1.3518518518518519, 2.0, 1.0039959016393443, 1.102676399026764, 1.0, 1.0420990216424548, 1.1818181818181819, 2.0, 1.027027027027027, 1.0, 1.0, 3.0, 1.0, 1.0522471910112359, 1.0468227424749164, 1.183673469387755, 1.0, 1.0, 1.5, 1.1515151515151516, 1.2602739726027397, 1.2767857142857142, 1.080223880597015, 1.0, 2.0, 1.0, 7.0, 1.4408602150537635, 1.0, 1.0, 1.0, 2.0, 1.0747330960854093, 2.0, 1.0, 2.0, 1.0, 1.0632911392405062, 1.0, 1.2307692307692308, 1.0, 1.15, 1.0949868073878628, 1.0819188191881919, 1.1428571428571428, 2.0, 2.0, 1.1304347826086956, 7.0, 1.0, 1.008069939475454, 1.0948453608247424, 1.1666666666666667, 1.0, 1.1978494623655913, 4.0, 2.0, 1.036987041036717, 1.1601489757914338, 1.0512820512820513, 1.0414201183431953, 1.0910397700047916, 1.3636363636363635, 1.0, 1.1884057971014492, 1.0265486725663717, 1.0962962962962963, 1.0, 1.1395348837209303, 1.0461538461538462, 1.042857142857143, 1.0571428571428572, 1.0, 1.0782717595491547, 1.1310282074613285, 1.0, 1.2008733624454149, 5.0, 1.183673469387755, 1.5714285714285714, 1.00307272106521, 1.0153846153846153, 1.0, 1.0, 2.0, 1.0, 2.0, 1.4444444444444444, 1.1265560165975104, 1.091588785046729, 1.0589171974522293, 1.275109170305677, 2.0, 1.0834109972041006, 1.0, 1.5263157894736843, 1.0, 1.0773480662983426, 2.0, 1.0, 1.5714285714285714, 2.0, 1.75, 1.1111111111111112, 2.0, 1.2077922077922079, 2.0, 1.2222222222222223, 1.1467227901383044, 1.0568047337278106, 1.1408450704225352, 1.2, 1.087378640776699, 1.0, 1.0, 1.0, 1.0, 1.1636363636363636, 2.3333333333333335, 1.0510488212363096, 1.2, 2.0, 1.127659574468085, 1.123076923076923, 1.5402684563758389, 1.0, 1.0230680507497116, 1.0, 1.4242424242424243, 2.1818181818181817, 1.0, 1.5, 1.0666666666666667, 4.0, 2.0, 1.5, 2.0, 1.0, 1.0772068748312786, 1.0655983975963945, 1.0, 1.125, 1.1, 1.3, 1.0262901655306718, 2.0, 1.358600583090379, 1.2, 1.0996978851963746, 2.0, 1.5, 1.0262008733624455, 1.0, 1.8888888888888888, 1.0, 1.024003097173829, 1.547945205479452, 1.2666666666666666, 1.0980392156862746, 1.0316686967113275, 1.0, 1.6666666666666667, 2.0, 1.5, 1.0, 1.072289156626506, 1.0, 1.0245901639344261, 1.0316326530612245, 1.1111111111111112, 1.0, 1.2179487179487178, 1.0, 1.0, 1.1170628949744208, 1.0, 1.411764705882353, 1.1, 1.0476190476190477, 1.10885429335928, 1.0, 1.0666666666666667, 1.451219512195122, 1.0886075949367089, 1.0503371868978806, 2.0, 1.0285099515868747, 2.0, 1.0216508795669823, 1.0, 1.0, 1.0, 3.0, 1.0454545454545454, 1.495049504950495, 1.06560065600656, 1.0594059405940595, 1.1666666666666667, 1.0689655172413792, 1.5, 1.0, 1.105263157894737, 1.1099476439790577, 1.2, 1.0, 1.0666666666666667, 1.2875536480686696, 2.5, 1.0, 1.2857142857142858, 2.0, 1.2380952380952381, 1.2285714285714286, 2.0, 1.0254237288135593, 1.5, 1.0, 1.0, 1.0, 1.7959183673469388, 1.083627797408716, 1.1150442477876106, 1.6206896551724137, 1.0, 1.0, 1.02880658436214, 1.1596256008095118, 2.0, 3.0, 1.0, 1.1111111111111112, 7.0, 1.0, 1.3333333333333333, 1.0740972330780054, 1.3333333333333333, 1.0, 1.0, 1.0173160173160174, 1.2, 1.2857142857142858, 1.121212121212121, 1.5, 1.0405405405405406, 1.0, 1.0, 3.0, 1.574468085106383, 1.0, 1.0113667868034377, 1.1020408163265305, 1.0608108108108107, 1.0, 1.0031628887717448, 1.0711121473536955, 1.5, 1.0247524752475248, 1.0, 1.0, 1.0222287218484938, 2.0, 1.244186046511628, 1.3, 1.826086956521739, 1.0, 1.25, 1.203564727954972, 1.0, 1.5, 1.0, 1.25, 1.1261127596439169, 1.2170542635658914, 1.125, 1.0255948089401585, 1.0158730158730158, 5.0, 1.15, 1.2173913043478262, 1.0, 1.0, 1.0, 1.0, 1.1206628689798033, 1.0, 6.0, 1.5, 1.0, 1.0, 1.0, 1.021978021978022, 1.0292708198419893, 1.031372549019608, 1.0, 1.0360360360360361, 1.0473999079613439, 1.0, 1.0625, 1.199134199134199, 1.0, 1.0357142857142858, 1.0, 1.2933333333333332, 1.2269503546099292, 1.2657657657657657, 1.136481963555225, 1.2173913043478262, 1.400611620795107, 1.0, 1.2695139911634756, 1.2275862068965517, 1.1666666666666667, 1.1910112359550562, 1.2277456647398843, 2.0, 1.0, 2.0, 1.043205317577548, 1.1954022988505748, 1.0163934426229508, 1.0303030303030303, 1.025974025974026, 2.0, 1.216867469879518, 1.0769230769230769, 1.0, 1.3125, 1.3076923076923077, 1.0810810810810811, 1.0, 1.5333333333333334, 1.0125871746895732, 1.1725888324873097, 1.7659574468085106, 1.0, 1.017064566412339, 1.0, 1.2142857142857142, 1.0, 1.0304054054054055, 1.0, 1.0, 1.75, 1.5, 1.1410437235543018, 1.0, 1.0, 2.25, 1.0172413793103448, 1.0261494252873564, 1.04, 1.4333333333333333, 1.0294117647058822, 1.1369072164948453, 1.019620186758997, 1.0, 1.0880503144654088, 1.0, 1.2285714285714286, 1.11, 1.5, 1.0, 1.7777777777777777, 1.25, 1.0194508009153318, 1.0, 1.0, 1.0, 1.0, 1.2535211267605635, 1.0909090909090908, 1.15527950310559, 1.2115384615384615, 1.087037037037037, 1.511111111111111, 1.3109756097560976, 1.0084477296726504, 1.0384889522451888, 5.25, 1.0, 1.0952380952380953, 1.1914893617021276, 1.0476190476190477, 1.0657276995305165, 1.0, 1.0, 1.0310498738598874, 1.192, 1.0268777064357175, 1.0, 1.5, 1.0029732408325074, 1.0, 2.0, 2.0, 1.0, 1.25, 1.0, 1.1081081081081081, 1.2432432432432432, 1.0, 1.0, 1.0423940149625934, 1.178768020969856, 1.1696741854636592, 2.0, 1.6326530612244898, 1.0217391304347827, 1.0395314787701317, 1.0638297872340425, 1.3174603174603174, 2.0, 1.019134775374376, 1.0390879478827362, 1.2, 1.0, 1.178173719376392, 1.8888888888888888, 1.1216216216216217, 1.2592592592592593, 1.5, 1.2, 1.0, 3.0, 1.3448275862068966, 1.0, 2.857142857142857, 3.0, 1.0, 1.0, 1.1646951774340308, 1.1111111111111112, 1.1666666666666667, 1.1224489795918366, 1.0, 1.0, 1.1221374045801527, 1.0341118623232943, 1.0692030173827485, 1.1122540250447228, 1.1666666666666667, 1.3333333333333333, 1.0, 2.0, 1.0, 1.1, 1.1371340523882896, 2.0, 1.0661605206073752, 1.0, 5.1, 1.96, 1.0, 1.1441441441441442, 1.0975609756097562, 1.0161290322580645, 1.816326530612245, 1.1111111111111112, 1.1326053042121684, 1.027027027027027, 1.7142857142857142, 1.0, 1.069408740359897, 1.5, 1.0, 1.0, 1.0, 1.0306058713304185, 1.1278020378457059, 1.0, 1.1453598484848484, 1.3333333333333333, 1.21875, 1.5612244897959184, 2.0, 1.0, 1.0922305764411027, 1.1168831168831168, 1.152510849349039, 1.0997605746209098, 1.0292397660818713, 1.0, 1.0, 1.0024038461538463, 1.0, 1.35, 1.183453237410072, 1.058641975308642, 2.0, 2.0, 1.0878048780487806, 1.0909090909090908, 1.0, 1.0, 1.018911578312041, 1.0, 1.6666666666666667, 1.0, 2.0, 1.2, 1.1025641025641026, 1.375, 1.75, 1.0057971014492753, 1.3333333333333333, 1.3220338983050848, 1.0, 1.0, 1.0, 1.1311144730206757, 1.0599022004889975, 1.3375474083438685, 2.0, 2.0, 1.0024242424242424, 1.0, 1.6, 1.079136690647482, 1.0526315789473684, 1.0465465465465464, 1.0972696245733788, 1.2941176470588236, 1.0, 1.5, 2.0, 1.272300469483568, 1.0, 1.0088097102584181, 1.0792400370713624, 1.1666666666666667, 1.0, 1.302325581395349, 1.0, 1.5, 3.0, 1.5, 1.0666666666666667, 2.0, 1.0, 1.0601589103291713, 1.0, 1.0, 1.0526315789473684, 1.12, 1.023715415019763]
origin-census_1.87 	max: 7.0000	99th: 5.0000	95th: 2.0000	median: 1.0989	mean: 1.3497

...Done, result: results.csv

WORKLOAD-FINISHED | Type: QueryWorkload | Progress: 1/3 | Workload-time: 39.306262 | Model-update-time: 0.000000


WORKLOAD-START | Type: DataUpdateWorkload | Progress: 2/3
Going to run: ['python', '/home/kangping/code_copy/SAUCE/Naru/eval_model.py', '--model=transformer', '--data_update=tupleskew', '--dataset=census', '--drift_test=js', '--end2end', '--update_size=8000', '--query_seed=0', '--eval_type=drift']
Torch device: cuda:1
GET-MODEL-PATH=./models/end2end/transformer/origin-census-2.8MB-model16.858-data14.989-200epochs-seed0.pt
GET-DATASET-PATH=./data/census/end2end/census_int.npy
TupleSkewSample - START
0.001
TupleSkewSample - END
load_npy_dataset_from_path - df.shape = (39073, 13)
Parsing... done, took 0.0s
Data updated!
Previous data size: (32561, 13), new data size: (6512, 13)
[1.9607544e-03 2.3817420e-03 3.3909082e-04 9.9778175e-05 5.4311752e-04
 1.1062026e-03 7.0446730e-04 3.3652782e-04 9.9146366e-04 6.2114358e-02
 6.4986944e-04 2.7364492e-04 6.5624714e-05]
Distance score: 0.0055051264353096485
SAUCE Drift detection: True
Detection latency: 0.0037s

DRIFT-DETECTED after 2-th workload
Going to run: ['python', '/home/kangping/code_copy/SAUCE/Naru/incremental_train.py', '--dataset=census', '--end2end', '--model=transformer', '--model_update=adapt', '--update_size=8000', '--epochs=0']
Torch device: cuda:1
GET-MODEL-PATH=./models/end2end/transformer/origin-census-2.8MB-model16.858-data14.989-200epochs-seed0.pt
update_size: 6512
AdaptTask - START
GET-DATASET-PATH=./data/census/end2end/census_int.npy
load_npy_dataset_from_path - df.shape = (39073, 13)
Parsing... done, took 0.0s
done, took 0.0s
dataset size: 39073
train data shape: torch.Size([6512, 13]), transfer data shape:torch.Size([1302, 13])
Training done; evaluating likelihood on full data:
Epoch None Iter 0, test loss 11.1822 nats / 16.1325 bits
Saved to: /home/kangping/code_copy/SAUCE/models/end2end/transformer/origin-census-2.8MB-model16.858-data14.989-200epochs-seed0.pt
AdaptTask - END

WORKLOAD-FINISHED | Type: DataUpdateWorkload | Progress: 2/3 | Workload-time: 4.035359 | Model-update-time: 4.551481


WORKLOAD-START | Type: QueryWorkload | Progress: 3/3
Going to run: ['python', '/home/kangping/code_copy/SAUCE/Naru/eval_model.py', '--dataset=census', '--model=transformer', '--end2end', '--query_seed=0', '--eval_type=estimate', '--num_workload=3', '--data_update=tupleskew', '--model_update=adapt', '--random_seed=42']
Torch device: cuda:1
GET-MODEL-PATH=./models/end2end/transformer/origin-census-2.8MB-model16.858-data14.989-200epochs-seed0.pt
ckpts [PosixPath('/home/kangping/code_copy/SAUCE/models/end2end/transformer/origin-census-2.8MB-model16.858-data14.989-200epochs-seed0.pt')]
Validate Argument: DATASET="census" is valid.
data size: 39073, total size: 39073, split index: [32560 39073]
Parsing... done, took 0.0s
Loading ckpt: /home/kangping/code_copy/SAUCE/models/end2end/transformer/origin-census-2.8MB-model16.858-data14.989-200epochs-seed0.pt
query_seed:0
origin-census_1.87 	max: 227.0000	99th: 212.0000	95th: 53.7875	median: 1.2301	mean: 10.3973
ReportEsts: [1.1414141414141414, 1.0, 1.225, 1.0, 2.5, 1.0902777777777777, 1.0810313075506446, 1.1134020618556701, 1.0, 1.0, 1.1921768707482994, 2.0, 1.1666666666666667, 1.1197604790419162, 1.1568627450980393, 17.818181818181817, 13.266666666666667, 1.3191489361702127, 1.0, 96.5, 2.275, 1.894736842105263, 2.0, 1.5454545454545454, 1.0, 1.5, 13.9375, 1.2561576354679802, 1.2857142857142858, 1.0218978102189782, 1.0784691041265768, 1.1891891891891893, 1.1082398829839102, 1.2493506493506494, 1.8181818181818181, 1.3714285714285714, 1.0, 2.5, 4.0, 19.363636363636363, 1.086021505376344, 1.0, 174.0, 1.0622594521168214, 2.5, 1.125, 2.0, 1.10989010989011, 1.0, 1.0, 1.563734290843806, 1.2222222222222223, 1.5, 1.7333333333333334, 1.4594180704441042, 14.076923076923077, 2.75, 1.0446972775294596, 1.2183908045977012, 1.75, 1.0952380952380953, 31.166666666666668, 19.6, 1.1666666666666667, 1.0130718954248366, 1.0095142255969263, 1.11328125, 1.110503597122302, 1.995433789954338, 1.8, 1.2235449735449735, 1.0793650793650793, 2.0, 1.0511124473842453, 1.0185694635488307, 1.0, 1.1666666666666667, 1.160649819494585, 1.1306532663316582, 1.3333333333333333, 5.622222222222222, 1.0, 1.0, 200.0, 1.0186915887850467, 1.0, 1.4523809523809523, 1.0, 3.240506329113924, 1.119891008174387, 1.0, 3.0, 1.0711297071129706, 1.0, 1.0208333333333333, 1.3333333333333333, 29.428571428571427, 1.0, 1.3045685279187818, 1.625, 1.0625, 1.0165289256198347, 53.75, 2.0, 1.3243243243243243, 1.9367088607594938, 1.3863636363636365, 1.3333333333333333, 1.0059880239520957, 3.723076923076923, 3.0, 1.0263157894736843, 1.1666666666666667, 1.2708333333333333, 1.0, 1.0, 207.0, 1.0, 2.0, 1.0, 2.0, 1.0, 3.0, 1.9166666666666667, 12.68421052631579, 2.5, 1.308880308880309, 1.3174946004319654, 1.7613636363636365, 1.0, 1.2159442724458205, 1.028169014084507, 1.006426735218509, 1.0, 2.5, 1.2669491525423728, 1.0, 1.0532704941445301, 2.0, 1.0, 1.0, 2.0, 1.0, 1.4285714285714286, 1.0, 1.0, 1.028033140392691, 1.1319444444444444, 1.5, 1.1718538565629228, 1.286904761904762, 3.0, 1.100431654676259, 21.2, 1.0, 1.0993788819875776, 1.2352941176470589, 1.2222222222222223, 3.0, 1.0866539063859404, 1.7142857142857142, 1.994535519125683, 1.3571428571428572, 1.3431952662721893, 1.16, 1.003062787136294, 1.0268595041322315, 212.0, 1.1818181818181819, 1.4166666666666667, 14.4375, 1.7792207792207793, 1.0587589236683141, 1.3207207207207208, 1.6205250596658711, 1.1021611001964637, 1.0, 1.0, 2.0, 2.8333333333333335, 4.5, 1.0, 1.1788617886178863, 1.0682730923694779, 1.0, 1.174757281553398, 1.0, 5.0, 1.0, 1.6666666666666667, 1.0, 1.2830188679245282, 1.0, 1.5, 2.0, 1.0292847756711094, 1.325233644859813, 1.5833333333333333, 1.0, 1.5490196078431373, 1.1875, 1.0, 1.1209503239740821, 1.0995316159250585, 1.528301886792453, 1.1785714285714286, 1.0, 2.75, 1.0, 1.5, 1.5, 13.0, 1.053302812295618, 1.6666666666666667, 86.0, 1.3134257047300526, 1.3173431734317342, 2.0, 1.0024149286498354, 1.6666666666666667, 1.1123348017621146, 1.0247921504007191, 1.0, 1.0, 1.4324324324324325, 1.3665480427046264, 1.0526315789473684, 1.0952380952380953, 1.3047808764940239, 1.6296296296296295, 2.6666666666666665, 1.0507880910683012, 2.0, 1.0003620826996886, 1.0, 1.0, 1.1326530612244898, 2.0, 188.0, 1.4125295508274232, 1.1477272727272727, 1.0, 1.062992125984252, 1.0, 1.2798353909465021, 1.40625, 2.0, 2.0, 1.554421768707483, 1.098946576373213, 1.5565217391304347, 71.66666666666667, 1.1851851851851851, 2.1153846153846154, 1.0, 41.4, 1.1585845347313237, 1.4520833333333334, 1.5355731225296443, 1.0127298444130128, 1.0911764705882352, 2.0, 4.0, 1.0625, 1.0307692307692307, 64.33333333333333, 2.066666666666667, 1.0, 2.6065573770491803, 1.0, 1.5560407569141192, 1.0, 1.2, 1.0, 1.0542402066293586, 1.5, 2.4757281553398056, 3.5873015873015874, 1.3976261127596439, 1.5, 1.3812341504649197, 2.0, 1.5, 1.0, 1.0272727272727273, 1.4047619047619047, 6.0, 2.0, 1.2698412698412698, 2.0, 2.0, 2.0, 1.1851851851851851, 1.1412139011257953, 1.1538461538461537, 3.089108910891089, 7.5625, 14.0, 1.5294117647058822, 1.0054073540014419, 1.3333333333333333, 1.0, 1.0, 1.0763790664780764, 2.0, 1.0, 2.1481481481481484, 1.0, 1.0, 1.0, 1.0370298376907376, 1.159047619047619, 1.523076923076923, 1.0366002440016266, 214.0, 41.4, 2.0, 1.5384615384615385, 1.0, 2.0, 2.0, 1.0113448357362325, 2.0, 1.135792349726776, 1.5, 1.0, 1.0767913915382734, 1.3272727272727274, 1.0, 4.0, 1.0, 1.5, 1.0, 1.0325027085590466, 1.0, 1.412987012987013, 1.0, 21.77777777777778, 2.0, 6.290322580645161, 1.0, 4.0, 2.0, 2.0, 2.0, 2.57, 1.4952830188679245, 1.0, 1.2402957486136783, 191.0, 1.0, 1.2, 1.0909090909090908, 1.0, 1.4, 5.0476190476190474, 1.0, 1.5333333333333334, 2.3333333333333335, 1.8928571428571428, 1.5, 1.0618266978922717, 1.0063001145475372, 2.0, 1.1222222222222222, 1.0, 202.0, 1.0, 1.0, 1.0, 1.0909090909090908, 1.0465116279069768, 1.1572727272727272, 1.0, 1.6859504132231404, 1.171875, 1.0, 1.4482758620689655, 1.0, 2.0, 1.0, 1.2105263157894737, 2.0, 1.650853889943074, 2.0, 7.294117647058823, 1.0, 1.9523809523809523, 1.8854166666666667, 5.674418604651163, 2.0, 6.0, 1.0096153846153846, 191.0, 1.0, 1.0193430656934306, 1.3333333333333333, 1.1480865224625625, 1.2942477876106195, 3.2, 1.04797507788162, 1.5555555555555556, 1.089436878910563, 1.25, 1.2666666666666666, 1.0, 1.2585034013605443, 1.1216216216216217, 47.0, 1.2513761467889908, 1.5348837209302326, 2.0, 1.0, 1.0, 38.8, 51.5, 1.0806451612903225, 1.2559726962457338, 1.0471258415328846, 3.870967741935484, 1.0, 1.0, 1.4444444444444444, 1.4201680672268908, 4.911111111111111, 1.1445086705202312, 1.0, 1.0204584668474241, 202.0, 196.0, 199.0, 11.81578947368421, 1.0416666666666667, 2.0, 1.0, 1.0, 1.1408577878103838, 10.666666666666666, 1.0474930713025952, 1.0, 1.3333333333333333, 3.0, 5.22, 1.0, 1.25, 1.1134020618556701, 1.9230769230769231, 1.0, 1.4, 1.0, 2.0, 223.0, 1.75, 1.202127659574468, 2.069182389937107, 1.2380952380952381, 1.0354930685281682, 1.0, 1.005128205128205, 4.333333333333333, 1.2823741007194245, 1.0, 23.4, 2.0, 1.008174386920981, 1.0, 1.0, 1.0182481751824817, 1.2857142857142858, 1.0095298602287166, 98.0, 1.1368926658045446, 1.489156626506024, 22.75, 1.5, 1.0900992990654206, 1.2142857142857142, 1.0, 1.0, 1.4137931034482758, 1.0, 3.0, 1.1895890410958905, 1.0, 1.0, 1.1138248847926266, 2.6666666666666665, 1.5333333333333334, 1.0, 1.2065217391304348, 1.0, 1.0, 1.0632411067193677, 10.25, 8.458333333333334, 1.0, 1.5714285714285714, 1.0, 1.0754039497307002, 6.242857142857143, 214.0, 1.1194690265486726, 1.1208552835450882, 1.016155621496868, 1.3485124468731027, 1.1458333333333333, 1.3636363636363635, 1.1, 1.0126582278481013, 1.2430939226519337, 111.5, 2.0, 191.0, 1.4, 1.3478260869565217, 1.0, 2.0, 2.0, 70.33333333333333, 1.5, 2.0, 1.0745341614906831, 1.0375, 1.1486988847583643, 4.598765432098766, 44.4, 1.0, 1.0, 1.088235294117647, 1.0, 4.0, 1.375, 1.0815450643776825, 2.0, 2.0, 1.0390625, 1.106508875739645, 1.1725490196078432, 1.0, 11.5, 1.0, 1.0, 1.0, 1.3333333333333333, 1.1159638554216869, 1.0509383378016086, 1.1627846113582831, 1.0678331735378714, 1.163265306122449, 1.3333333333333333, 23.88888888888889, 1.0753915582691798, 1.5, 1.0, 1.0119331742243436, 1.0, 1.125, 1.0513278855975485, 1.5, 1.0, 1.2063492063492063, 1.1111111111111112, 1.0012578616352201, 1.0, 191.0, 1.7531914893617022, 1.0, 1.0, 1.0729215048769158, 1.0, 1.5, 1.0, 1.1111111111111112, 1.1709844559585492, 5.122448979591836, 1.0229132569558101, 4.5, 1.146067415730337, 1.2002042900919305, 1.0, 1.1150306748466257, 1.0162356792144027, 99.0, 1.5, 25.25, 71.33333333333333, 1.152656355077337, 1.1917808219178083, 1.5, 1.0222367560497057, 1.25, 2.0, 1.25, 2.0, 1.0842696629213484, 1.75, 2.0, 2.0, 6.305555555555555, 1.1971129915380787, 1.1818181818181819, 4.339285714285714, 2.375, 1.0, 1.408, 1.0988929889298893, 1.0122950819672132, 1.0843881856540085, 1.1028416779431665, 1.25, 1.3333333333333333, 1.0, 1.0, 1.0626483151400095, 1.1455457967377667, 7.666666666666667, 1.0175021607605876, 1.5366666666666666, 2.0, 1.159618008185539, 1.0232558139534884, 1.2352941176470589, 1.1818181818181819, 1.3157894736842106, 1.0833333333333333, 1.2, 1.0290353801484031, 90.5, 1.3492063492063493, 1.0680778032036613, 1.263157894736842, 1.0, 1.0062310542270125, 2.0, 227.0, 1.028169014084507, 2.3, 1.5, 91.5, 1.0, 1.0, 1.4525, 1.0, 1.218035824583076, 1.0610687022900764, 1.0, 1.2777777777777777, 1.0658682634730539, 1.1733333333333333, 2.0, 47.75, 1.5303030303030303, 1.0, 2.0745341614906834, 1.3986577181208053, 1.1875, 2.627450980392157, 3.119565217391304, 1.6923076923076923, 1.055206149545772, 2.0, 1.4520123839009287, 1.3333333333333333, 2.0, 207.0, 3.6666666666666665, 2.0, 1.6666666666666667, 1.0, 1.3466666666666667, 1.0, 1.8061674008810573, 1.28125, 1.0, 3.0, 2.0, 1.0, 1.0, 1.0, 1.5136986301369864, 1.3, 3.230769230769231, 1.018018018018018, 1.3333333333333333, 1.1948051948051948, 1.0, 1.1521739130434783, 4.0, 2.0, 2.0, 1.0666666666666667, 1.0, 216.0, 67.33333333333333, 1.0, 2.0, 1.0, 1.0, 208.0, 2.894308943089431, 2.0, 1.3255813953488371, 1.8, 1.0098168498168498, 202.0, 1.5, 1.0265170831208568, 1.625, 1.4711779448621554, 9.91304347826087, 5.564102564102564, 1.0, 1.0, 1.0348027842227379, 1.2857142857142858, 5.0, 3.35, 1.4782608695652173, 65.0, 2.0, 2.0, 1.0, 1.4857142857142858, 2.0, 1.0019172829361818, 1.0093023255813953, 1.0, 1.0, 1.0, 1.2637362637362637, 1.0553799320922608, 1.0109267503035209, 1.0, 3.100558659217877, 1.015763168012303, 1.3333333333333333, 1.1764705882352942, 1.0091074681238617, 1.0, 1.2173913043478262, 1.0, 1.6237113402061856, 2.0, 1.3130434782608695, 1.145985401459854, 2.4244604316546763, 1.2685185185185186, 1.4, 1.0, 1.2912087912087913, 1.6, 99.0, 1.0, 2.0, 183.0, 1.138961038961039, 1.0730897009966778, 1.5, 2.857142857142857, 1.0, 22.88888888888889, 1.116182572614108, 1.463768115942029, 16.46153846153846, 2.434108527131783, 21.444444444444443, 15.5, 1.08125, 215.0, 1.0, 1.0, 1.375, 3.111111111111111, 1.068298969072165, 1.6, 1.3333333333333333, 35.833333333333336, 1.0225193525686136, 1.0746268656716418, 1.2239422084623324, 1.0, 1.1128205128205129, 1.375, 1.0483870967741935, 1.0, 1.425531914893617, 1.1786492374727668, 1.2164948453608246, 1.3, 38.8, 2.0, 1.0, 1.2142857142857142, 1.0445163901254553, 1.0, 4.327272727272727, 1.2608695652173914, 95.5, 1.0, 1.6428571428571428, 12.75, 191.0, 1.0, 3.807017543859649, 1.1521739130434783, 6.5675675675675675, 1.1666666666666667, 1.5, 1.05, 1.45625, 3.4, 1.1699463327370303, 1.0212373037857803, 1.0568527918781725, 4.2, 1.0, 1.0, 3.244186046511628, 1.3666666666666667, 1.6867469879518073, 174.0, 1.0, 3.4050632911392404, 1.0, 1.302325581395349, 1.1024756010473697, 2.769230769230769, 1.1346153846153846, 1.1372549019607843, 1.25, 1.1062628336755647, 1.0, 2.302197802197802, 1.18348623853211, 1.0815642458100558, 2.0, 1.0, 1.0076169749727966, 1.1938775510204083, 1.0437443336355394, 206.0, 1.3998815165876777, 1.0, 208.0, 1.025518341307815, 1.54, 1.2171492204899776, 1.6133333333333333, 1.3623595505617978, 1.1849529780564263, 1.25, 1.17203513909224, 1.4142538975501113, 1.1111111111111112, 1.7297297297297298, 1.5925925925925926, 2.5, 2.3181818181818183, 1.0, 1.138095238095238, 1.1470588235294117, 1.0, 1.061542644792894, 5.583333333333333, 1.0540942928039703, 1.1, 1.0, 7.931034482758621, 1.1428571428571428, 4.76, 3.0, 16.23076923076923, 1.0041741204531902, 1.397338403041825, 111.5, 1.0, 1.0555555555555556, 2.1, 1.0, 9.26086956521739, 213.0, 216.0, 1.056338028169014, 1.1486486486486487, 1.2857142857142858, 1.0, 1.252626050420168, 1.0, 1.1111111111111112, 2.0, 1.3493975903614457, 1.0, 1.0181114823281168, 1.0, 1.0593303791235844, 54.5, 1.0, 1.5283505154639174, 1.8488888888888888, 1.1132376395534291, 1.1376811594202898, 1.4035087719298245, 1.4285714285714286, 1.2619116373086918, 1.1053391053391053, 1.0, 2.0, 2.0, 1.0996784565916398, 1.0276381909547738, 1.0, 1.0142857142857142, 1.127659574468085, 1.0959433354797168, 1.0350194552529184, 1.0, 1.7222222222222223, 3.0, 1.1481481481481481, 1.032085561497326, 1.5, 1.0331056227009985, 6.0, 1.0, 1.4089012517385258, 1.0, 1.2965116279069768, 1.0357142857142858, 1.2, 1.3055555555555556, 1.4852941176470589, 1.3333333333333333, 3.0, 4.666666666666667, 213.0, 1.476027397260274, 1.375, 191.0, 1.0214285714285714, 1.0, 2.0, 2.0, 99.0, 1.0, 1.0126364158529582, 1.1707035755478663, 1.1795841209829867, 1.3333333333333333, 2.0, 2.7142857142857144, 1.1367713004484306, 1.3705882352941177, 1.4986413043478262, 1.3157894736842106, 1.0855871276959945, 1.086127409891031, 2.0, 1.149746192893401, 1.0687160940325497, 2.0, 1.0, 1.0, 1.3357933579335792, 1.0126182965299684, 17.0, 1.0, 1.2767857142857142, 1.0, 2.0, 1.0, 1.25, 1.8, 1.1904761904761905, 1.0159396625456807, 1.5224719101123596, 1.0, 1.028796928327645, 1.2241379310344827, 1.1724137931034482, 1.0366328916601715, 1.3206831119544593, 1.116795865633075, 1.0, 1.0, 1.0, 1.1700554528650646, 1.4450726978998385, 1.1299435028248588, 1.0448200196087585, 1.0064073226544623, 5.0, 1.3672456575682381, 2.0, 1.5, 3.5945945945945947, 1.0, 1.0, 2.4015748031496065, 212.0, 1.4]
origin-census_1.87 	max: 227.0000	99th: 212.0000	95th: 53.7875	median: 1.2301	mean: 10.3973

...Done, result: results.csv

WORKLOAD-FINISHED | Type: QueryWorkload | Progress: 3/3 | Workload-time: 39.239936 | Model-update-time: 0.000000


Experiment Summary: #data-update-times=1, #drift=1 | total-time=87.149890