Input arguments = Namespace(data_update='valueskew', update_size=8000, dataset='census', debug=False, drift_test='js', model_update='adapt', model='transformer', end2end=False, query_seed=0, random_seed=42, num_workload=3)
JSON-passed parameters = {'data_updater': {'skew_ratio': '1e-3'}, 'random_seed': 55, 'transformer': {'epochs': 0}}
MODEL-PATH=/home/kangping/code_copy/SAUCE/models/end2end/transformer/origin-census-2.8MB-model16.858-data14.989-200epochs-seed0.pt
DATASET-PATH=/home/kangping/code_copy/SAUCE/data/census/end2end/census_int.npy
Workloads: ['QueryWorkload', 'DataUpdateWorkload', 'QueryWorkload']

WORKLOAD-START | Type: QueryWorkload | Progress: 1/3
Going to run: ['python', '/home/kangping/code_copy/SAUCE/Naru/eval_model.py', '--dataset=census', '--model=transformer', '--query_seed=0', '--end2end', '--eval_type=first_estimate', '--num_workload=3', '--data_update=valueskew', '--model_update=adapt', '--random_seed=42']
Torch device: cuda:1
GET-MODEL-PATH=./models/end2end/transformer/origin-census-2.8MB-model16.858-data14.989-200epochs-seed0.pt
ckpts [PosixPath('/home/kangping/code_copy/SAUCE/models/end2end/transformer/origin-census-2.8MB-model16.858-data14.989-200epochs-seed0.pt')]
Validate Argument: DATASET="census" is valid.
load_csv_dataset - census (32561, 13)
Parsing... done, took 0.0s
Loading ckpt: /home/kangping/code_copy/SAUCE/models/end2end/transformer/origin-census-2.8MB-model16.858-data14.989-200epochs-seed0.pt
query_seed:0
origin-census_1.87 	max: 21.0000	99th: 5.0000	95th: 2.3381	median: 1.0909	mean: 1.3730
ReportEsts: [1.0, 1.0509000620732465, 1.5422535211267605, 2.0, 1.0153846153846153, 1.2426666666666666, 1.4285714285714286, 1.5, 1.0, 1.0, 1.0, 1.2672413793103448, 1.0666666666666667, 1.2891566265060241, 1.052910052910053, 1.5, 1.3540372670807452, 1.0, 2.0, 1.0, 1.5, 1.0, 1.0949367088607596, 1.4, 1.1865671641791045, 1.6, 1.0, 1.0355363666555961, 2.0, 1.082529978838467, 1.0831155253528488, 1.0, 1.0517241379310345, 1.5, 1.0, 1.5982142857142858, 1.0, 1.2219451371571073, 1.0, 1.0450841933731667, 2.0, 1.0, 1.0, 1.0, 1.92, 1.0, 2.0, 1.0015128593040847, 1.0, 1.0, 1.0, 1.5555555555555556, 1.0, 1.263157894736842, 1.117948717948718, 9.0, 1.2857142857142858, 1.0, 1.0325325325325325, 1.2292993630573248, 1.3636363636363635, 1.5, 1.0576923076923077, 1.0263157894736843, 1.0, 1.0, 1.0, 1.174492385786802, 1.0, 1.0, 1.0444444444444445, 1.3181818181818181, 1.5, 1.0, 1.0224859462835727, 1.0, 1.0, 1.875, 1.0, 1.0, 1.0, 1.0, 1.5, 1.25, 1.034965034965035, 1.0714285714285714, 1.0, 1.069767441860465, 1.003942652329749, 1.0, 1.1386861313868613, 1.0, 1.0333333333333334, 2.0, 1.125, 3.0, 1.0607329842931936, 1.75, 1.1428571428571428, 1.1666666666666667, 2.0, 2.0, 2.0, 1.0909090909090908, 1.0, 1.0857142857142856, 1.0906542056074766, 1.3333333333333333, 1.4280575539568345, 1.103448275862069, 1.2608695652173914, 1.0, 1.2391304347826086, 3.0, 1.32, 1.0, 1.0, 1.0689655172413792, 1.5, 1.0675675675675675, 2.0, 1.0936132983377078, 1.0058309037900874, 1.2, 1.0130788264404382, 1.1538461538461537, 1.0187857337326436, 1.0221703617269544, 1.21875, 1.0350515463917527, 1.0, 1.155832591273375, 2.0, 1.0, 1.0, 1.0, 1.1031746031746033, 2.0, 1.0, 1.125, 1.0, 1.0294117647058822, 1.0, 1.0, 6.0, 2.0, 1.0, 1.0909090909090908, 1.0408274360370169, 1.2842105263157895, 1.1875, 1.6, 2.0, 1.0, 2.0, 1.5, 1.0, 1.0, 2.0, 4.0, 1.04, 1.5, 1.5384615384615385, 1.1428571428571428, 1.1830357142857142, 1.0315581854043392, 1.1712328767123288, 1.0224849327770051, 1.018388318009735, 1.1428571428571428, 1.127633955448525, 1.6666666666666667, 2.0, 2.5, 1.1333333333333333, 1.1107438016528925, 4.0, 1.0391982182628063, 1.2286392405063291, 1.1724137931034482, 2.0, 1.0256410256410255, 1.0208333333333333, 1.2457627118644068, 1.1176470588235294, 1.0729715489989462, 1.5, 1.0, 1.1016949152542372, 1.106761565836299, 1.0317460317460319, 1.3846153846153846, 1.0386128873585834, 3.0, 1.2666666666666666, 1.2820512820512822, 1.034834167129887, 1.0, 1.5675675675675675, 1.2114285714285715, 1.0, 1.3529411764705883, 1.3203883495145632, 1.4545454545454546, 2.0, 1.4, 2.0, 1.0840840840840842, 1.0, 1.0, 1.2124105011933175, 1.158878504672897, 1.0666666666666667, 1.0, 1.0, 1.0285714285714285, 1.1538461538461537, 1.054588374151667, 1.0679012345679013, 1.697674418604651, 1.0, 1.2222222222222223, 1.067911714770798, 1.5769230769230769, 1.0, 1.0516252390057361, 1.0, 1.0, 1.0, 1.0, 1.0, 1.0769230769230769, 1.5789473684210527, 1.0686274509803921, 1.0, 1.0, 2.0, 1.1666666666666667, 1.087364620938628, 2.0, 1.0, 1.0853658536585367, 2.5, 1.0, 1.5, 1.7142857142857142, 1.380952380952381, 1.0, 3.0, 1.0851063829787233, 2.0, 1.1310344827586207, 1.038888888888889, 1.3333333333333333, 1.0, 1.3333333333333333, 2.5, 1.3782608695652174, 1.2380952380952381, 1.093045112781955, 1.0, 5.0, 1.2857142857142858, 8.75, 4.0, 1.0, 1.0666666666666667, 1.0864864864864865, 2.0, 1.4, 1.0303030303030303, 1.0, 1.0, 1.0, 1.128392730705688, 1.1532567049808429, 1.0, 1.0959752321981424, 1.0, 2.0, 1.0909090909090908, 1.3170731707317074, 1.018939393939394, 2.0, 1.0600649350649352, 2.0, 1.2430555555555556, 2.5, 1.3083333333333333, 2.0, 1.40625, 1.0378135529764134, 2.5, 1.0044296788482836, 1.048, 2.0, 2.0, 1.037037037037037, 1.0396455223880596, 1.02, 1.1111111111111112, 4.0, 1.0, 1.873015873015873, 1.0215827338129497, 1.0582362728785357, 2.0, 1.302788844621514, 1.6, 1.0, 1.0, 1.0, 1.0, 1.0140845070422535, 1.0, 1.0, 1.0, 1.0167973124300111, 1.0, 1.0191431175934367, 1.0, 1.0240963855421688, 1.0454545454545454, 1.0, 1.080722891566265, 1.0, 2.0, 1.0361216730038023, 2.0, 1.0331439393939394, 1.0, 1.4539473684210527, 2.0, 1.0606136820925554, 1.0, 2.0, 2.0, 4.0, 1.0, 1.2988505747126438, 1.4, 1.1290322580645162, 1.0, 1.4666666666666666, 1.1176470588235294, 3.0, 1.826086956521739, 1.0, 3.0, 1.0, 1.0, 1.0, 3.2, 1.0, 1.5, 1.0243860552979565, 1.4166666666666667, 6.0, 1.0, 2.0, 1.3192660550458715, 1.0, 1.0, 1.065217391304348, 1.0, 1.0, 1.0, 1.0120805369127517, 1.1326530612244898, 1.0, 1.075268817204301, 1.4791666666666667, 1.0, 1.0, 1.3333333333333333, 1.0, 1.0, 1.1666666666666667, 1.2291666666666667, 1.2162162162162162, 2.4698795180722892, 2.0, 1.1308411214953271, 1.4, 1.0, 1.160919540229885, 1.0, 1.0, 1.0, 1.0, 1.5, 1.1288209606986899, 1.0, 1.0, 1.3, 1.0769230769230769, 1.4791666666666667, 1.2093023255813953, 2.0, 5.0, 2.6666666666666665, 1.078125, 1.0, 1.4, 1.3492063492063493, 2.0, 1.0228097459823744, 1.0176991150442478, 1.1304347826086956, 1.4, 1.3636363636363635, 2.0, 1.0, 1.6875, 2.0, 1.110236220472441, 1.0689655172413792, 2.0, 1.2083333333333333, 1.5, 2.05, 1.0, 1.0455436914360428, 1.0, 1.625, 1.0807823129251701, 1.1081081081081081, 1.106951871657754, 2.909090909090909, 1.4067796610169492, 2.0, 1.0, 1.165432098765432, 1.25, 1.2384615384615385, 1.0, 1.1039260969976905, 1.0, 1.1624203821656052, 1.0, 1.0, 1.0909090909090908, 2.0, 1.0, 2.0, 1.0416666666666667, 1.0, 1.75, 1.18475073313783, 1.2526315789473683, 1.1545768566493955, 1.0, 1.4375, 1.0, 2.6666666666666665, 1.3888888888888888, 2.0, 1.0141313383208646, 1.0739659367396595, 1.0, 1.027177089421391, 1.2727272727272727, 2.0, 1.1842105263157894, 2.0, 1.0, 3.0, 1.0, 1.0363053924185799, 1.2056451612903225, 1.1958762886597938, 1.0, 1.0, 1.0, 1.2424242424242424, 1.108695652173913, 1.349056603773585, 1.0167910447761195, 1.0, 2.0, 1.0, 7.0, 1.1806167400881058, 1.0, 2.0, 2.0, 3.0, 1.2377049180327868, 2.0, 1.0, 1.25, 1.0, 1.2950819672131149, 1.0, 1.0769230769230769, 1.375, 1.4375, 1.1029023746701847, 1.0228782287822877, 1.0694444444444444, 1.0, 2.0, 1.3043478260869565, 2.3333333333333335, 2.0, 1.171447631754503, 1.2146892655367232, 1.1666666666666667, 1.0, 1.1532091097308488, 3.0, 1.0, 1.0072894168466522, 1.031456953642384, 1.1142857142857143, 1.0406504065040652, 1.000439367311072, 2.6363636363636362, 2.0, 1.1884057971014492, 1.0892018779342723, 1.035016835016835, 1.0, 1.0769230769230769, 1.0307692307692307, 1.0977443609022557, 1.0285714285714285, 2.0, 1.023794614902943, 1.1519925857275255, 1.0, 1.2387387387387387, 1.8, 1.3877551020408163, 1.375, 1.0246632849396538, 1.0461538461538462, 1.0, 1.0, 2.0, 1.3928571428571428, 2.0, 1.1126373626373627, 1.0477568740955137, 1.0985703536493605, 1.0505529225908372, 1.2320675105485233, 2.0, 1.020446980504042, 1.0, 1.288888888888889, 1.0, 1.1016949152542372, 2.0, 2.0, 1.1428571428571428, 2.0, 4.0, 1.0, 2.0, 1.2987012987012987, 2.0, 1.2222222222222223, 1.1224249558563861, 1.0568047337278106, 1.0469483568075117, 1.1494252873563218, 1.1195652173913044, 1.0, 1.0, 1.0, 2.0, 1.128084606345476, 1.1428571428571428, 1.0281459960050845, 1.2, 2.0, 1.0217391304347827, 1.1538461538461537, 1.080536912751678, 1.0, 1.0521844660194175, 1.0, 1.2222222222222223, 1.0909090909090908, 1.25, 1.5, 1.0212765957446808, 3.3333333333333335, 1.0, 2.0, 2.0, 1.0, 1.0555506569085618, 1.0504997369805367, 1.5, 1.0666666666666667, 1.2222222222222223, 1.3, 1.0435643564356436, 2.0, 1.3265306122448979, 1.4, 1.116564417177914, 2.0, 1.5, 1.0291120815138282, 1.0, 2.4444444444444446, 1.0, 1.0214327090171849, 1.3008849557522124, 1.5405405405405406, 1.1914893617021276, 1.0082644628099173, 1.0, 1.6666666666666667, 2.0, 4.4, 1.0, 1.2512908777969018, 1.0, 1.525, 1.097424412094065, 1.05, 2.0, 1.1728395061728396, 1.0, 1.0, 1.1275820170109356, 1.0, 1.3793103448275863, 1.5, 1.0, 1.0943464169967592, 1.0, 1.1333333333333333, 1.1884057971014492, 1.1708860759493671, 1.0413085004775549, 2.0, 1.1253678634490878, 2.75, 1.0370860927152319, 1.0, 1.0, 1.1176470588235294, 2.25, 1.069767441860465, 1.0342465753424657, 1.0691073632250103, 1.0808080808080809, 1.1777777777777778, 1.0344827586206897, 1.0555555555555556, 1.0, 1.2105263157894737, 1.0890052356020943, 1.2666666666666666, 1.0, 1.4666666666666666, 1.214574898785425, 3.0, 1.0, 2.3333333333333335, 2.0, 1.0, 1.1753986332574031, 2.0, 1.0338983050847457, 1.3333333333333333, 1.0, 1.0, 1.0, 1.9591836734693877, 1.0648148148148149, 1.1825396825396826, 1.5161290322580645, 1.0, 1.0, 1.5, 1.0197997775305896, 2.0, 2.0, 1.0, 1.2365591397849462, 1.5714285714285714, 1.0, 1.5, 1.0477279658432448, 1.2916666666666667, 1.0, 1.0, 1.1352657004830917, 1.2, 1.2380952380952381, 1.3214285714285714, 1.2380952380952381, 1.0389610389610389, 1.0, 1.0, 3.0, 1.297872340425532, 1.0, 1.0204195804195804, 1.1612903225806452, 1.006006006006006, 1.0, 1.0745341614906831, 1.0587723117109273, 2.5, 1.113861386138614, 1.0, 1.0, 1.0166517989889978, 2.0, 1.5357142857142858, 1.0344827586206897, 1.358695652173913, 1.0, 1.25, 1.2363977485928705, 1.0, 1.5, 1.3, 1.25, 1.2270029673590503, 1.255813953488372, 1.4166666666666667, 1.0843547224224945, 1.0317460317460319, 2.5, 1.35, 1.2173913043478262, 1.25, 1.0, 1.0, 1.0277777777777777, 1.0226843100189036, 1.0, 6.0, 1.5, 1.0, 1.0, 1.0, 1.058139534883721, 1.0357096311742473, 1.0556949322629203, 1.0, 1.0623556581986142, 1.0187529301453353, 1.3333333333333333, 1.0, 1.231111111111111, 1.0, 1.0714285714285714, 1.0, 1.2435897435897436, 1.0763358778625953, 1.00711743772242, 1.1160282632949052, 1.0796915167095116, 1.385321100917431, 1.0, 1.0835266821345708, 1.1586206896551725, 1.0909090909090908, 1.1843575418994414, 1.066584463625154, 2.0, 1.0, 2.0, 1.0733282674772036, 1.1490384615384615, 1.525, 1.4242424242424243, 1.025974025974026, 1.0, 1.2625, 1.0, 1.0, 1.3541666666666667, 1.2307692307692308, 1.10625, 1.0, 2.5, 1.0230280116858568, 1.1608040201005025, 1.0686695278969958, 1.0, 1.0274324548317586, 1.0, 1.0, 1.0, 1.1278688524590164, 1.0, 1.0, 1.75, 1.0, 1.0260492040520983, 1.0, 1.0, 1.25, 1.2967032967032968, 1.0240828899467935, 1.06, 1.1666666666666667, 1.2058823529411764, 1.0325842696629213, 1.0446092658282276, 1.0, 1.1161290322580646, 1.0, 1.542857142857143, 1.0707395498392283, 1.5, 1.0, 1.3333333333333333, 1.4, 1.0182857142857142, 1.0, 1.0, 1.0, 1.2, 1.5070422535211268, 1.0, 1.1366459627329193, 1.1454545454545455, 1.0843373493975903, 1.2044444444444444, 1.1981707317073171, 1.0391730141458106, 1.0048043925875085, 21.0, 1.0, 1.0952380952380953, 1.127659574468085, 1.0952380952380953, 1.0861244019138756, 1.0, 1.0, 1.0462944162436547, 1.0080645161290323, 1.0797613440100486, 1.0, 1.0, 1.0402667984189724, 1.0, 2.0, 2.0, 1.0, 1.25, 1.0, 1.0512820512820513, 1.1521739130434783, 1.0, 1.0, 1.0498753117206983, 1.011926192619262, 1.006051437216339, 1.0, 1.0810810810810811, 1.1631205673758864, 1.007320644216691, 1.32, 1.3289665211062591, 2.0, 1.0425531914893618, 1.070469798657718, 1.0, 1.0325018896447469, 1.1937639198218264, 9.0, 1.3108108108108107, 1.4074074074074074, 2.0, 1.0714285714285714, 1.0, 1.5333333333333334, 1.4444444444444444, 1.0, 2.4285714285714284, 1.3333333333333333, 1.3333333333333333, 1.0, 1.1398040961709706, 1.1864406779661016, 1.0, 1.1702127659574468, 1.2666666666666666, 2.0, 1.3505154639175259, 1.0062407132243685, 1.0259084791386273, 1.0761575075724794, 1.1666666666666667, 1.6, 1.0, 2.0, 1.0, 1.25, 1.1879815100154083, 2.0, 1.025583982202447, 1.0, 1.6451612903225807, 1.1122448979591837, 1.0, 1.1759259259259258, 1.011477761836442, 1.2352941176470589, 1.348314606741573, 1.6666666666666667, 1.0234159779614325, 1.0458715596330275, 1.0909090909090908, 1.0, 1.0542005420054201, 1.0, 1.0, 1.0, 1.0, 1.0375757575757576, 1.0872859949480775, 1.0, 1.087191011235955, 2.0, 1.1142857142857143, 1.4489795918367347, 1.0, 1.0, 1.0506265664160401, 1.0424242424242425, 1.0199031737493276, 1.031125299281724, 1.023391812865497, 1.0, 2.0, 1.074935400516796, 1.0, 1.2, 1.0378548895899053, 1.2427536231884058, 2.0, 1.0, 1.0975609756097562, 1.0909090909090908, 1.0, 1.0, 1.0506235468188543, 1.0, 1.25, 2.0, 2.0, 3.0, 1.0512820512820513, 1.2272727272727273, 3.111111111111111, 1.0, 1.0, 1.0, 1.0, 1.0, 1.0, 1.0711556829035338, 1.078358208955224, 1.0929752066115703, 2.0, 2.0, 1.0556227327690448, 1.0, 2.0, 1.2520868113522539, 1.1578947368421053, 1.0149253731343284, 1.0716666666666668, 1.1578947368421053, 1.0, 1.0, 2.0, 1.0, 1.0, 1.0424843212623913, 1.0486267447095903, 1.6666666666666667, 1.0, 1.1666666666666667, 1.0, 2.6666666666666665, 2.0, 2.0, 1.0975609756097562, 2.0, 5.0, 1.1328036322360953, 1.0, 1.0, 1.3333333333333333, 1.12, 1.0859538784067087]
origin-census_1.87 	max: 21.0000	99th: 5.0000	95th: 2.3381	median: 1.0909	mean: 1.3730

...Done, result: results.csv

WORKLOAD-FINISHED | Type: QueryWorkload | Progress: 1/3 | Workload-time: 39.465635 | Model-update-time: 0.000000


WORKLOAD-START | Type: DataUpdateWorkload | Progress: 2/3
Going to run: ['python', '/home/kangping/code_copy/SAUCE/Naru/eval_model.py', '--model=transformer', '--data_update=valueskew', '--dataset=census', '--drift_test=js', '--end2end', '--update_size=8000', '--query_seed=0', '--eval_type=drift']
Torch device: cuda:1
GET-MODEL-PATH=./models/end2end/transformer/origin-census-2.8MB-model16.858-data14.989-200epochs-seed0.pt
GET-DATASET-PATH=./data/census/end2end/census_int.npy
ValueSample - START
ValueSample - END
load_npy_dataset_from_path - df.shape = (39073, 13)
Parsing... done, took 0.0s
Data updated!
Previous data size: (32561, 13), new data size: (6512, 13)
[1.0728836e-06 2.5033951e-06 1.0728836e-06 1.1920929e-06 3.6954880e-06
 8.6426735e-06 6.4373016e-06 2.3841858e-05 8.3446503e-07 4.3511391e-05
 8.8770390e-03 4.4107437e-06 3.5762787e-05]
Distance score: 0.00069307821104303
SAUCE Drift detection: True
Detection latency: 0.0038s

DRIFT-DETECTED after 2-th workload
Going to run: ['python', '/home/kangping/code_copy/SAUCE/Naru/incremental_train.py', '--dataset=census', '--end2end', '--model=transformer', '--model_update=adapt', '--update_size=8000', '--epochs=0']
Torch device: cuda:1
GET-MODEL-PATH=./models/end2end/transformer/origin-census-2.8MB-model16.858-data14.989-200epochs-seed0.pt
update_size: 6512
AdaptTask - START
GET-DATASET-PATH=./data/census/end2end/census_int.npy
load_npy_dataset_from_path - df.shape = (39073, 13)
Parsing... done, took 0.0s
done, took 0.0s
dataset size: 39073
train data shape: torch.Size([6512, 13]), transfer data shape:torch.Size([1302, 13])
Training done; evaluating likelihood on full data:
Epoch None Iter 0, test loss 12.0219 nats / 17.3439 bits
Saved to: /home/kangping/code_copy/SAUCE/models/end2end/transformer/origin-census-2.8MB-model16.858-data14.989-200epochs-seed0.pt
AdaptTask - END

WORKLOAD-FINISHED | Type: DataUpdateWorkload | Progress: 2/3 | Workload-time: 4.119106 | Model-update-time: 4.539845


WORKLOAD-START | Type: QueryWorkload | Progress: 3/3
Going to run: ['python', '/home/kangping/code_copy/SAUCE/Naru/eval_model.py', '--dataset=census', '--model=transformer', '--end2end', '--query_seed=0', '--eval_type=estimate', '--num_workload=3', '--data_update=valueskew', '--model_update=adapt', '--random_seed=42']
Torch device: cuda:1
GET-MODEL-PATH=./models/end2end/transformer/origin-census-2.8MB-model16.858-data14.989-200epochs-seed0.pt
ckpts [PosixPath('/home/kangping/code_copy/SAUCE/models/end2end/transformer/origin-census-2.8MB-model16.858-data14.989-200epochs-seed0.pt')]
Validate Argument: DATASET="census" is valid.
data size: 39073, total size: 39073, split index: [32560 39073]
Parsing... done, took 0.0s
Loading ckpt: /home/kangping/code_copy/SAUCE/models/end2end/transformer/origin-census-2.8MB-model16.858-data14.989-200epochs-seed0.pt
query_seed:0
origin-census_1.87 	max: 23.0000	99th: 8.0000	95th: 3.0000	median: 1.1429	mean: 1.5548
ReportEsts: [1.0521739130434782, 1.0, 1.2653061224489797, 1.0, 8.0, 1.4132231404958677, 1.0243619489559164, 1.1666666666666667, 1.0, 2.0, 1.0436029833620195, 1.14, 1.2105263157894737, 1.1189873417721519, 1.2962962962962963, 1.4793741109530583, 1.05, 1.103448275862069, 1.0, 2.0, 1.091743119266055, 1.75, 2.0, 15.0, 2.0, 1.0, 1.0238095238095237, 1.0040816326530613, 4.428571428571429, 1.0726117103235748, 1.0350346020761245, 1.0930232558139534, 1.0008785416209094, 1.0545023696682465, 1.4166666666666667, 1.3076923076923077, 1.0, 2.0, 5.0, 1.0234009360374414, 1.024390243902439, 1.0, 2.0, 1.021150592216582, 2.5, 1.0909090909090908, 2.0, 1.3148148148148149, 1.0, 1.0, 1.0813704496788008, 1.2272727272727273, 1.0, 2.0, 1.0014836795252227, 2.0, 2.2222222222222223, 1.0007754943776657, 1.2233009708737863, 1.3, 1.0465116279069768, 1.0, 1.7058823529411764, 1.5, 1.011111111111111, 1.0299547511312217, 1.1227436823104693, 1.0594322101353144, 1.38755980861244, 2.4, 1.1398963730569949, 1.3220338983050848, 1.3333333333333333, 1.1385746606334841, 1.0689407023603914, 1.25, 1.8333333333333333, 1.1951219512195121, 1.05765595463138, 1.1666666666666667, 1.0681818181818181, 1.0, 1.0, 2.0, 1.115020297699594, 1.0, 1.6226415094339623, 2.0, 1.2658227848101267, 1.0435779816513762, 2.0, 2.0, 1.0766773162939298, 1.0, 1.0784313725490196, 1.3157894736842106, 1.5333333333333334, 1.0, 1.2589641434262948, 1.6666666666666667, 1.119047619047619, 1.0579710144927537, 3.0, 1.25, 1.6666666666666667, 1.174496644295302, 1.0980392156862746, 1.25, 1.024688995215311, 1.078862660944206, 1.0, 1.2903225806451613, 1.2083333333333333, 1.0592274678111588, 1.0, 1.0, 1.0707070707070707, 2.0, 1.0, 3.0, 3.0, 1.3333333333333333, 1.0, 1.2592592592592593, 1.0934579439252337, 3.0, 1.0726643598615917, 1.2935779816513762, 1.5098039215686274, 1.0, 1.04, 1.084900117508813, 1.0094240837696336, 3.0, 1.8333333333333333, 1.135036496350365, 2.0, 1.0069529652351739, 2.0, 2.0, 1.0, 1.25, 1.0, 1.3414634146341464, 1.0, 1.0, 1.04756446991404, 1.0331412103746398, 3.0, 1.2737752161383284, 1.0352564102564104, 3.0, 1.0145129779514372, 1.064516129032258, 2.0, 1.0621468926553672, 1.1269035532994924, 1.6666666666666667, 1.6666666666666667, 1.0293584034306449, 3.0, 1.0842105263157895, 1.1234413965087282, 1.1261425959780622, 1.2285714285714286, 1.0794511805998723, 1.185336048879837, 2.0, 1.0769230769230769, 1.7692307692307692, 1.348314606741573, 1.1868131868131868, 1.0483675937122128, 1.4555052790346907, 1.0927258193445244, 1.148076923076923, 1.0, 5.0, 3.0, 2.0, 1.8181818181818181, 1.0, 1.176923076923077, 1.098901098901099, 1.0, 1.0202429149797572, 1.375, 8.0, 1.0, 1.3333333333333333, 1.0, 1.016260162601626, 1.0, 1.0, 2.0, 1.044704136523836, 1.230174081237911, 1.21875, 1.0, 1.6379310344827587, 1.3870967741935485, 1.0, 1.1755725190839694, 1.164179104477612, 1.2096774193548387, 1.9696969696969697, 3.0, 5.0, 1.0, 2.0, 1.0, 16.0, 1.0384368994234465, 3.0, 2.0, 1.04, 1.6275510204081634, 1.0, 1.051988447011775, 2.25, 1.4156769596199525, 1.0930999293508126, 1.0, 1.0, 1.0258064516129033, 1.2916666666666667, 1.1304347826086956, 5.25, 1.0329218106995885, 1.305084745762712, 5.5, 1.0526315789473684, 1.0, 1.0672527472527473, 2.0, 1.0, 1.0925925925925926, 1.0, 1.25, 1.1031215161649943, 1.14, 1.0, 1.4144144144144144, 1.0, 1.1603053435114503, 1.1168831168831168, 1.5, 2.0, 1.0263157894736843, 1.0040760869565217, 1.2846715328467153, 2.0, 1.2894736842105263, 1.1666666666666667, 1.0, 2.0, 1.072855464159812, 1.2193548387096773, 1.1025641025641026, 1.1, 1.0623531254895817, 1.0, 4.0, 1.1111111111111112, 1.0364372469635628, 2.0, 1.5339805825242718, 2.0, 1.0836820083682008, 1.0, 1.3091190108191655, 4.0, 1.3529411764705883, 1.0, 1.056386159760786, 1.0, 1.0773584905660378, 1.24, 1.030674846625767, 5.0, 1.279591836734694, 2.0, 1.3333333333333333, 4.6, 1.1512605042016806, 1.2115384615384615, 2.0, 2.0, 1.3392857142857142, 1.0, 2.0, 3.0, 1.096774193548387, 1.027815934065934, 1.0666666666666667, 1.0423728813559323, 2.0, 13.0, 1.4285714285714286, 1.0007007708479327, 1.18, 1.0, 1.0, 1.0148430873621714, 2.0, 1.0, 1.469387755102041, 1.0, 1.0, 8.0, 1.0704547716190667, 1.028523489932886, 1.2619047619047619, 1.0501644736842106, 6.4, 1.25, 2.0, 1.3333333333333333, 1.0, 1.0, 2.0, 1.0938312455684236, 2.0, 1.0070617906683481, 1.2, 1.0, 1.0531278748850046, 1.0714285714285714, 1.0, 1.0, 1.5, 5.0, 1.3333333333333333, 1.06242774566474, 1.0, 1.0521920668058455, 1.0, 1.0, 2.0, 1.2222222222222223, 1.0, 2.0, 1.0, 2.0, 1.0, 1.2531645569620253, 1.1383928571428572, 1.3333333333333333, 1.0221169036334914, 2.0, 1.0, 1.2, 1.0, 1.0, 1.75, 1.0714285714285714, 1.0, 1.9285714285714286, 5.0, 1.360655737704918, 1.3333333333333333, 1.146638433033351, 1.0950118764845607, 1.3181818181818181, 1.0201421800947867, 2.0, 2.0, 1.0, 1.0, 1.2826086956521738, 2.1481481481481484, 1.325, 1.0378670788253477, 1.0, 1.0379746835443038, 1.1515151515151516, 2.0, 1.205607476635514, 1.0, 1.0, 1.0, 2.6363636363636362, 2.0, 1.3852813852813852, 2.0, 1.2087912087912087, 1.3076923076923077, 1.45, 1.4324324324324325, 1.1594202898550725, 1.0, 5.0, 1.2390243902439024, 1.0, 1.0, 1.0261343012704174, 1.0, 1.245644599303136, 1.003669724770642, 2.5, 1.0238095238095237, 1.5, 1.0306569343065692, 2.0, 1.5, 1.0, 1.5035161744022503, 1.123456790123457, 1.3333333333333333, 1.033989266547406, 1.3272727272727274, 1.5, 1.0, 1.0, 1.0096618357487923, 1.1, 1.305084745762712, 1.0389972144846797, 1.1207253886010362, 1.28, 5.0, 1.0, 1.4545454545454546, 1.5547445255474452, 1.435897435897436, 1.1084905660377358, 2.0, 1.0194909424443934, 2.0, 1.2, 2.0, 1.8, 1.2, 2.0, 1.0, 2.0, 1.069590889919865, 1.1864406779661016, 1.0396667495647849, 2.0, 1.0, 1.0, 14.0, 1.0, 2.5714285714285716, 1.196969696969697, 1.0625, 2.0, 1.0714285714285714, 1.0, 2.0, 2.0, 4.0, 1.0673076923076923, 1.0583333333333333, 1.9411764705882353, 1.022709776751347, 1.0, 1.0585774058577406, 4.0, 1.3646288209606987, 3.0, 1.0946875, 2.0, 1.0356111645813282, 1.0, 3.0, 1.2565055762081785, 1.2083333333333333, 1.0191607284243864, 3.0, 1.0403367239565064, 1.056420233463035, 1.6666666666666667, 1.3333333333333333, 1.0684118202671704, 1.0214592274678111, 1.0, 2.0, 3.2333333333333334, 1.0, 4.333333333333333, 1.002698327037237, 1.125, 2.0, 1.0613185799907792, 3.0, 2.2666666666666666, 1.0, 1.1395918367346938, 2.0, 1.0, 1.0807579517256936, 3.0, 2.0, 1.0, 1.0, 1.0, 1.4580645161290322, 1.186046511627907, 2.0, 1.1062992125984252, 1.084075723830735, 1.0494227994227994, 1.0620393120393121, 1.029100529100529, 1.2142857142857142, 1.3333333333333333, 1.2620689655172415, 1.0138248847926268, 2.0, 2.0, 1.0755395683453237, 1.4, 1.32, 1.0, 1.0, 2.0, 3.0, 1.0, 1.5, 1.1676300578034682, 1.0319148936170213, 1.2648221343873518, 1.0743034055727554, 2.4, 8.0, 2.0, 1.46875, 1.0, 7.0, 1.1111111111111112, 1.1958333333333333, 1.0, 1.0, 1.056338028169014, 1.070921985815603, 1.0629139072847682, 3.0, 2.0, 1.0, 1.0, 2.0, 1.75, 1.033547794117647, 1.0331858407079646, 1.104465270121279, 1.0300303951367782, 1.043859649122807, 1.6666666666666667, 1.25, 1.0632878151260505, 1.0759493670886076, 1.0, 1.2134387351778657, 1.0, 1.0193236714975846, 1.1685218741910433, 1.0, 1.0555555555555556, 1.1363636363636365, 1.8181818181818181, 1.037407897222747, 1.0, 1.0, 1.0970827355332378, 1.0, 1.0, 1.047098402018503, 1.0, 1.0, 4.0, 1.6666666666666667, 1.1864406779661016, 1.5128205128205128, 1.0554635761589404, 1.0, 1.2150537634408602, 1.0972927241962775, 1.0, 1.0129383724889343, 1.1487341772151898, 2.0, 1.5, 4.0, 1.2142857142857142, 1.0907244414353419, 1.1706161137440758, 1.0, 1.1079204796465763, 1.25, 2.0, 1.3333333333333333, 2.0, 1.9047619047619047, 1.25, 2.0, 2.0, 1.2307692307692308, 1.4485981308411215, 1.25, 1.0, 1.0, 1.4285714285714286, 1.0204081632653061, 1.0112517580872011, 1.019845877757838, 1.4039900249376558, 1.1074481074481075, 1.0373831775700935, 1.1161676646706586, 1.0, 1.0, 1.0804395604395605, 1.0853816300129366, 23.0, 1.0659630606860158, 1.1946564885496183, 2.0, 1.1232686980609419, 1.1777777777777778, 1.75, 1.2222222222222223, 1.4153846153846155, 1.3636363636363635, 1.6, 1.0681492898821976, 2.0, 1.07, 1.0711230395034808, 1.2, 1.0, 1.0617872340425532, 1.0, 1.1428571428571428, 1.2954545454545454, 1.1475409836065573, 1.1290322580645162, 2.0, 1.0, 1.0, 1.160183066361556, 1.0, 1.1251051893408135, 1.303030303030303, 1.0, 1.6666666666666667, 1.086021505376344, 1.2380952380952381, 2.0, 2.0, 1.1917808219178083, 2.0, 1.1235955056179776, 1.0959885386819483, 1.1081081081081081, 1.0534890869966185, 1.09375, 1.1111111111111112, 1.001255055082973, 2.0, 2.0, 1.3571428571428572, 1.0, 2.0, 1.6, 1.5, 2.0, 2.0, 2.317073170731707, 1.0, 1.6216216216216217, 1.1255230125523012, 1.0, 2.0, 2.0, 1.0, 2.0, 2.0, 1.0423076923076924, 1.0833333333333333, 1.0431372549019609, 1.5952380952380953, 2.727272727272727, 1.1149425287356323, 1.0, 1.0566037735849056, 1.0, 2.0, 2.0, 1.040695652173913, 1.5, 2.0, 1.367003367003367, 2.0, 2.3333333333333335, 1.0, 1.0, 3.0, 1.044871794871795, 3.0, 1.0087719298245614, 1.457142857142857, 1.0384615384615385, 1.5, 1.5, 1.0152684024429444, 1.0909090909090908, 1.326086956521739, 1.1363636363636365, 1.0726256983240223, 1.5, 1.0, 1.0178571428571428, 1.0833333333333333, 1.6, 1.8064516129032258, 1.173913043478261, 1.5, 2.0, 2.0, 1.0, 1.1904761904761905, 2.0, 1.0778356481481481, 1.0445920303605314, 1.0, 2.0, 1.0, 1.0093167701863355, 1.050489495105049, 1.1228851291184327, 1.0, 1.1325301204819278, 1.0322335987865, 1.0, 1.0526315789473684, 1.2682926829268293, 1.0, 1.0303030303030303, 1.0, 1.1283185840707965, 2.0, 1.044776119402985, 1.4621848739495797, 1.0507246376811594, 1.1928571428571428, 1.4, 2.0, 1.158878504672897, 4.5, 2.0, 1.0, 2.0, 1.080536912751678, 1.0737082066869301, 1.0588235294117647, 2.0, 1.061056105610561, 1.5, 1.3333333333333333, 1.0970873786407767, 1.2763157894736843, 1.0714285714285714, 2.076923076923077, 1.36, 1.2857142857142858, 1.1235294117647059, 2.0, 3.0, 2.0, 1.1, 14.0, 1.0728277247614264, 1.1666666666666667, 1.3333333333333333, 1.013157894736842, 1.0248790601243953, 1.1944444444444444, 1.0362860192102454, 1.0, 1.1306122448979592, 1.103448275862069, 1.1846153846153846, 2.0, 1.0178571428571428, 1.0752895752895753, 1.105263157894737, 1.0571428571428572, 3.0, 1.2083333333333333, 2.0, 1.3571428571428572, 1.076893502499039, 1.0, 1.1794871794871795, 1.0, 1.0, 1.0, 1.2105263157894737, 1.28, 3.0, 1.0, 1.0571428571428572, 1.182456140350877, 1.0714285714285714, 1.0769230769230769, 1.0, 1.2333333333333334, 1.1301775147928994, 1.75, 1.1217142857142857, 1.0846007604562737, 1.0547445255474452, 1.037037037037037, 2.0, 1.0, 1.4262295081967213, 1.2142857142857142, 1.1071428571428572, 2.0, 1.0, 1.3070175438596492, 1.0, 1.2602739726027397, 1.0119302194710185, 2.0, 1.0666666666666667, 1.0909090909090908, 1.458955223880597, 1.0506186726659168, 1.5, 1.1745454545454546, 1.3893805309734513, 1.2297297297297298, 2.0, 1.5918367346938775, 1.141519250780437, 1.3863636363636365, 1.0570608157855985, 2.0, 1.1071428571428572, 1.0, 1.3333333333333333, 1.0892086330935251, 1.2765957446808511, 1.1184600197433365, 1.55, 1.1844888366627497, 1.00253807106599, 1.0769230769230769, 1.0024345709068776, 1.1859205776173285, 4.5, 1.1414141414141414, 1.3666666666666667, 1.6666666666666667, 2.272727272727273, 2.0, 1.197406340057637, 1.4215686274509804, 2.0, 1.041981677488215, 3.0, 1.1169956668271546, 1.1428571428571428, 3.0, 1.02140549273021, 1.1428571428571428, 1.0709876543209877, 2.0, 1.1428571428571428, 1.0395725014442518, 1.0847457627118644, 1.1428571428571428, 1.0, 1.2247191011235956, 1.6363636363636365, 1.0, 1.0869565217391304, 1.2666666666666666, 1.0, 1.411764705882353, 1.0681818181818181, 1.5714285714285714, 1.0, 1.003657978966621, 2.0, 1.3333333333333333, 1.0, 1.074468085106383, 1.0, 1.0167670945768927, 1.0, 1.46, 1.1666666666666667, 1.3333333333333333, 1.0788912579957357, 1.0519187358916477, 1.0725274725274725, 1.069364161849711, 1.1940298507462686, 1.375, 1.017382143797735, 1.2177777777777778, 2.0, 2.0, 2.0, 1.1596385542168675, 1.111682242990654, 2.0, 1.118421052631579, 1.5, 1.022184300341297, 1.288, 1.0, 1.4975, 3.0, 1.448051948051948, 1.1335012594458438, 1.2727272727272727, 1.1502242152466369, 7.0, 1.0, 1.0476190476190477, 1.0, 1.321608040201005, 1.0, 8.0, 1.2307692307692308, 1.2911392405063291, 1.0, 3.0, 1.288888888888889, 1.0, 1.308641975308642, 1.0, 2.0, 1.0740983606557377, 1.0, 2.0, 3.0, 1.5, 1.0, 1.0292310556693354, 1.0928792569659442, 1.3014256619144602, 2.5, 2.0, 1.25, 1.0442733397497594, 1.2283653846153846, 1.1689785624211855, 1.1428571428571428, 1.1, 1.0680799021606195, 2.0, 1.189108910891089, 1.0202464788732395, 2.0, 1.0, 1.0, 1.3319838056680162, 1.0209964412811388, 1.3125, 1.0, 1.1647940074906367, 2.0, 1.0, 1.0, 1.6666666666666667, 1.372093023255814, 1.2608695652173914, 1.0121402528896128, 1.0148514851485149, 1.0, 3.5, 1.0921052631578947, 1.1666666666666667, 1.0363924050632911, 1.0134680134680134, 1.0606951871657755, 1.0, 2.0, 1.0, 1.028125, 1.0033416875522139, 1.28125, 1.0535530861891866, 1.1904761904761905, 2.0, 1.3643892339544514, 2.0, 1.3333333333333333, 1.0346715328467153, 1.0, 1.0, 1.0281333011349916, 2.0, 1.1875]
origin-census_1.87 	max: 23.0000	99th: 8.0000	95th: 3.0000	median: 1.1429	mean: 1.5548

...Done, result: results.csv

WORKLOAD-FINISHED | Type: QueryWorkload | Progress: 3/3 | Workload-time: 39.231579 | Model-update-time: 0.000000


Experiment Summary: #data-update-times=1, #drift=1 | total-time=87.390682