Input arguments = Namespace(data_update='tupleskew', update_size=8000, dataset='census', debug=False, drift_test='js', model_update='adapt', model='transformer', end2end=False, query_seed=0, random_seed=42, num_workload=3)
JSON-passed parameters = {'data_updater': {'skew_ratio': '1e-3'}, 'random_seed': 54, 'transformer': {'epochs': 0}}
MODEL-PATH=/home/kangping/code_copy/SAUCE/models/end2end/transformer/origin-census-2.8MB-model16.858-data14.989-200epochs-seed0.pt
DATASET-PATH=/home/kangping/code_copy/SAUCE/data/census/end2end/census_int.npy
Workloads: ['QueryWorkload', 'DataUpdateWorkload', 'QueryWorkload']

WORKLOAD-START | Type: QueryWorkload | Progress: 1/3
Going to run: ['python', '/home/kangping/code_copy/SAUCE/Naru/eval_model.py', '--dataset=census', '--model=transformer', '--query_seed=0', '--end2end', '--eval_type=first_estimate', '--num_workload=3', '--data_update=tupleskew', '--model_update=adapt', '--random_seed=42']
Torch device: cuda:1
GET-MODEL-PATH=./models/end2end/transformer/origin-census-2.8MB-model16.858-data14.989-200epochs-seed0.pt
ckpts [PosixPath('/home/kangping/code_copy/SAUCE/models/end2end/transformer/origin-census-2.8MB-model16.858-data14.989-200epochs-seed0.pt')]
Validate Argument: DATASET="census" is valid.
load_csv_dataset - census (32561, 13)
Parsing... done, took 0.0s
Loading ckpt: /home/kangping/code_copy/SAUCE/models/end2end/transformer/origin-census-2.8MB-model16.858-data14.989-200epochs-seed0.pt
query_seed:0
origin-census_1.87 	max: 8.0000	99th: 4.0000	95th: 2.0029	median: 1.0930	mean: 1.3402
ReportEsts: [1.0, 1.0797587131367292, 1.0352112676056338, 2.0, 1.1206896551724137, 1.099056603773585, 1.1428571428571428, 1.2142857142857142, 1.0, 1.0, 1.0, 1.0136054421768708, 1.875, 1.0506329113924051, 1.052910052910053, 1.0, 1.329268292682927, 1.0, 2.0, 1.0, 1.3333333333333333, 1.0, 1.035928143712575, 1.6, 1.4654088050314464, 1.0, 1.0, 1.0410519563822964, 1.0, 1.1730543146014578, 1.0167276529012024, 1.2333333333333334, 1.7428571428571429, 1.125, 1.0, 1.1160714285714286, 1.0, 1.2531969309462916, 1.625, 1.0672463768115943, 2.0, 1.0, 1.0, 1.0, 1.52, 1.0625, 1.0, 1.0012102874432678, 1.0, 1.5, 1.0, 1.5555555555555556, 1.0, 2.6666666666666665, 1.1055045871559632, 3.0, 1.208955223880597, 1.1428571428571428, 1.0005007511266901, 1.089171974522293, 1.202020202020202, 1.7142857142857142, 1.04, 1.0256410256410255, 1.0, 1.0, 1.0, 1.1341911764705883, 1.0, 1.1428571428571428, 1.0666666666666667, 1.1818181818181819, 1.5, 1.0, 1.14555633310007, 1.0, 1.0, 1.6, 1.0, 1.0, 2.0, 1.0, 1.5, 1.0, 1.2027972027972027, 1.875, 1.0, 1.3142857142857143, 1.0897893609425204, 1.0, 1.0985915492957747, 1.0, 1.1481481481481481, 1.75, 1.3529411764705883, 3.0, 1.1162303664921467, 4.75, 1.2743362831858407, 1.1666666666666667, 2.0, 2.0, 2.0, 1.0909090909090908, 1.0, 1.1785714285714286, 1.0500490677134446, 1.5555555555555556, 1.4649446494464944, 1.28, 1.0579710144927537, 1.0, 2.4210526315789473, 1.3333333333333333, 1.32, 1.0, 1.0, 1.103448275862069, 1.5, 1.2197802197802199, 2.0, 1.0408, 1.3967611336032388, 1.4, 1.0728100113765642, 1.1111111111111112, 1.002538749331908, 1.0234018264840183, 1.3448275862068966, 1.0960698689956332, 1.0, 1.000891265597148, 2.0, 1.0, 1.0, 1.0, 1.0645514223194747, 2.0, 2.0, 1.125, 1.0, 1.9428571428571428, 1.0, 1.0, 3.0, 2.0, 1.0, 1.0, 1.0616324264297612, 1.2704918032786885, 1.6842105263157894, 2.2, 2.0, 1.0, 2.0, 1.5, 3.0, 1.0, 2.0, 4.0, 1.14, 1.5, 2.1666666666666665, 1.0, 1.1409168081494059, 1.1548974943052392, 1.0754716981132075, 1.0509888015248987, 1.074375363160953, 1.0926829268292684, 1.0313876651982379, 1.6, 2.0, 4.5, 1.0625, 1.3565022421524664, 1.75, 1.0619153674832962, 1.0231809401159047, 1.3235294117647058, 1.0, 1.0, 1.0408163265306123, 1.2542372881355932, 1.105263157894737, 1.0620599739243808, 1.25, 2.0, 1.0906040268456376, 1.2851239669421488, 1.3846153846153846, 1.44, 1.0235094522539991, 1.0, 1.2, 1.0204081632653061, 1.0364665491324117, 1.0, 1.1206896551724137, 1.0057471264367817, 1.0, 1.8235294117647058, 1.1262135922330097, 1.2307692307692308, 2.0, 1.0769230769230769, 2.0, 1.0017343045438778, 3.0, 1.0, 1.1933174224343674, 1.1775700934579438, 1.2, 1.3333333333333333, 1.0, 1.0857142857142856, 1.1063829787234043, 1.0990159901599017, 1.0949367088607596, 1.0895522388059702, 1.0, 1.1111111111111112, 1.0177993527508091, 2.1666666666666665, 1.0, 1.1066398390342052, 1.0, 1.0, 1.0, 1.0, 1.0, 1.0, 1.5, 2.1473684210526316, 1.0, 1.0, 2.0, 1.1666666666666667, 1.105726872246696, 2.0, 1.0, 1.25, 2.0, 1.0, 1.5, 1.7142857142857142, 1.380952380952381, 1.0, 2.0, 1.0851063829787233, 2.0, 1.086092715231788, 1.1336898395721926, 2.0, 1.0, 1.4666666666666666, 5.0, 1.3434782608695652, 1.2380952380952381, 1.1672800267648042, 1.0, 3.0, 1.125, 1.09375, 4.0, 1.0, 1.0666666666666667, 1.0691489361702127, 2.0, 1.4, 1.0303030303030303, 1.0, 1.0, 1.0, 1.0645735916277, 1.3700787401574803, 1.0, 1.109717868338558, 1.0, 2.0, 1.3636363636363635, 1.2926829268292683, 1.0643939393939394, 2.0, 1.0301003344481605, 2.0, 1.0783132530120483, 1.5, 1.2371134020618557, 2.0, 1.1111111111111112, 1.0431556336652998, 1.5, 1.0111482720178373, 1.0076335877862594, 1.0, 2.0, 1.037037037037037, 1.069962686567164, 1.12, 1.0, 2.0, 1.0, 1.0862068965517242, 1.3028169014084507, 1.1099476439790577, 1.0, 1.0, 1.4, 1.0, 1.0, 1.0, 1.0, 1.0191387559808613, 1.0, 1.0, 1.0, 1.0167973124300111, 1.0, 1.0336811517633073, 1.0, 1.0933377308707124, 1.5714285714285714, 1.0, 1.0078651685393258, 1.0769230769230769, 2.0, 1.0375305955942344, 2.0, 1.0755833059480775, 1.0, 1.1924460431654675, 2.0, 1.0815593741985123, 1.0, 2.0, 1.0, 4.0, 1.0, 1.3452380952380953, 1.2352941176470589, 1.0824742268041236, 1.0, 1.3, 1.1764705882352942, 2.0, 1.0238095238095237, 1.0, 2.0, 1.0, 2.0, 1.0, 2.0, 1.0, 1.3, 1.0980577031868755, 1.125, 6.0, 1.0, 2.0, 1.2114574557708508, 2.0, 1.0, 1.1666666666666667, 1.0, 1.1818181818181819, 1.0, 1.0627674750356633, 1.1808510638297873, 2.0, 1.0026881720430108, 1.0909090909090908, 1.0, 1.0, 1.3333333333333333, 1.0, 1.0, 1.0285714285714285, 1.0909090909090908, 1.1538461538461537, 1.2058823529411764, 1.0, 1.1735537190082646, 1.4, 1.0, 1.1264367816091954, 1.0, 1.0, 1.0, 2.0, 2.0, 1.6105919003115265, 1.0, 1.0, 1.625, 1.0769230769230769, 1.3333333333333333, 1.1162790697674418, 2.0, 2.0, 1.6, 1.0454545454545454, 1.0, 1.225, 1.0476190476190477, 1.0, 1.0590979782270606, 1.0087719298245614, 1.1304347826086956, 1.4642857142857142, 2.066666666666667, 2.0, 2.0, 2.6875, 1.3333333333333333, 1.1981132075471699, 1.0740740740740742, 3.0, 1.0775862068965518, 1.3928571428571428, 1.85, 1.0, 1.0584601808956542, 1.0, 1.4444444444444444, 1.056525353283458, 1.060931899641577, 1.106508875739645, 1.696969696969697, 1.4067796610169492, 1.0, 1.0, 1.0888888888888888, 1.0, 1.2538461538461538, 1.0, 1.071593533487298, 1.0, 1.0082872928176796, 1.0, 1.6666666666666667, 1.2, 2.0, 1.0, 2.0, 1.1627906976744187, 1.0, 2.5, 1.0222772277227723, 1.134453781512605, 1.3941605839416058, 1.2727272727272727, 1.0434782608695652, 1.0, 2.0, 1.1018518518518519, 2.0, 1.0160845349018792, 1.0118168389955686, 1.0, 1.0232896652110626, 1.1818181818181819, 2.0, 1.2258064516129032, 2.0, 1.0888888888888888, 3.0, 1.0, 1.05711705610114, 1.010135135135135, 1.1372549019607843, 1.0, 1.0, 2.0, 1.3535353535353536, 1.1428571428571428, 1.1721311475409837, 1.0075187969924813, 1.0, 2.0, 1.0, 1.0, 1.0820895522388059, 1.0, 2.0, 1.0, 2.0, 1.4519230769230769, 2.0, 1.0, 1.3333333333333333, 1.0, 1.1012658227848102, 1.0, 1.0769230769230769, 1.4545454545454546, 1.0952380952380953, 1.0765171503957784, 1.0959409594095941, 1.0, 1.0, 2.0, 1.0869565217391304, 1.1666666666666667, 3.0, 1.0302405498281786, 1.0881147540983607, 1.0, 1.0, 1.0484739676840216, 1.5, 2.0, 1.0433802816901407, 1.1666666666666667, 1.0985915492957747, 1.0144092219020173, 1.106951871657754, 1.7272727272727273, 2.0, 1.2608695652173914, 1.0344827586206897, 1.040644709180098, 1.0, 1.0888888888888888, 1.0833333333333333, 1.0735294117647058, 1.3461538461538463, 3.0, 1.0710932260228034, 1.0249396621078037, 1.0, 1.221818181818182, 5.0, 1.065217391304348, 1.5714285714285714, 1.0394818560908525, 1.0769230769230769, 1.0, 1.0, 2.0, 1.1470588235294117, 2.0, 1.0865671641791044, 1.0925553319919517, 1.1043872919818456, 1.0121765601217656, 1.0856164383561644, 2.0, 1.0634291377601586, 1.0, 1.4137931034482758, 1.0, 1.0209424083769634, 2.0, 1.0, 1.4285714285714286, 2.0, 1.5, 1.0, 2.0, 1.4025974025974026, 3.0, 1.5714285714285714, 1.1385074626865672, 1.0622521808088818, 1.1408450704225352, 1.5625, 1.0198019801980198, 1.0, 1.0, 1.0, 1.0, 1.0094637223974763, 3.857142857142857, 1.0096291012838803, 1.0, 2.0, 1.0638297872340425, 1.1846153846153846, 1.3020134228187918, 1.0, 1.0196078431372548, 1.0, 1.736842105263158, 1.8461538461538463, 1.0, 1.5, 1.0666666666666667, 2.6666666666666665, 2.0, 1.5, 2.0, 1.0, 1.074982040229885, 1.029544316474712, 1.0, 1.21875, 1.1, 1.2380952380952381, 1.1081593927893738, 2.0, 1.215743440233236, 1.25, 1.116564417177914, 2.0, 1.5, 1.173216885007278, 1.0, 1.8888888888888888, 1.0, 1.0784913353720693, 1.8495575221238938, 1.1875, 1.12, 1.0979929161747344, 1.5, 1.6, 2.0, 1.1578947368421053, 1.0, 1.0192982456140351, 1.0, 1.605263157894737, 1.0163265306122449, 1.45, 2.0, 1.4052631578947368, 1.0, 1.0, 1.1386503067484663, 1.0, 1.3793103448275863, 1.3, 3.5, 1.1077764277035238, 1.0, 1.0666666666666667, 1.146341463414634, 1.139240506329114, 1.0194909424443934, 1.0, 1.0323974082073435, 1.3333333333333333, 1.0202702702702702, 1.0, 1.0, 1.0857142857142856, 1.2857142857142858, 1.0503937007874016, 1.0785714285714285, 1.0865384615384615, 1.1126516464471403, 1.1555555555555554, 1.0114942528735633, 1.0, 1.0, 1.0701754385964912, 1.094240837696335, 1.0344827586206897, 1.0, 1.2666666666666666, 1.1466666666666667, 3.0, 1.0, 3.7142857142857144, 2.0, 1.5, 1.0595482546201231, 1.0, 1.0, 1.0, 1.0, 1.0, 1.0, 1.0816326530612246, 1.1586901763224182, 1.1150442477876106, 1.3428571428571427, 1.0, 1.0, 1.1462264150943395, 1.0110277900308777, 2.0, 2.0, 1.0, 1.1274509803921569, 1.0769230769230769, 1.0, 1.5, 1.0420078859569306, 1.2083333333333333, 1.0, 1.0, 1.0212765957446808, 1.1, 1.1428571428571428, 1.734375, 2.3333333333333335, 1.0129870129870129, 1.0, 1.0, 3.0, 1.2533333333333334, 1.0, 1.0896057347670252, 1.1388888888888888, 1.042042042042042, 1.0, 1.0567524960588544, 1.054395226072986, 3.0, 1.1222222222222222, 1.0, 1.0, 1.0474877450980393, 2.0, 1.036144578313253, 1.7, 1.2602739726027397, 1.0, 1.25, 1.0617529880478087, 1.0, 1.0, 1.2, 1.25, 1.045994065281899, 1.1085271317829457, 1.0833333333333333, 1.002892263195951, 1.0161290322580645, 5.0, 1.05, 1.0, 1.0, 1.0, 1.0, 1.121212121212121, 1.0314585319351763, 1.0, 6.0, 2.0, 1.0, 1.0, 1.0, 1.0293040293040292, 1.049524564183835, 1.0691056910569106, 1.0, 1.1004784688995215, 1.067188219052002, 1.3333333333333333, 1.4166666666666667, 1.231111111111111, 1.0, 1.4285714285714286, 1.0, 1.4809160305343512, 1.1347517730496455, 1.0330882352941178, 1.093343250278914, 1.308411214953271, 1.1559633027522935, 1.0, 1.0897597977243996, 1.110344827586207, 1.5833333333333333, 1.1910112359550562, 1.0439306358381504, 1.0, 2.0, 2.0, 1.0580524344569289, 1.0576923076923077, 1.297872340425532, 1.65, 1.025974025974026, 2.0, 1.10989010989011, 1.0769230769230769, 1.0, 1.2083333333333333, 1.2307692307692308, 1.391304347826087, 1.0, 1.7647058823529411, 1.0590642234477852, 1.1213592233009708, 1.1913875598086126, 8.0, 1.0484607577807847, 1.0, 1.0588235294117647, 1.0, 1.0445205479452055, 1.0, 1.0, 1.75, 1.5, 1.1147798742138364, 2.0, 1.0, 2.0, 1.0254237288135593, 1.0176421170540464, 1.0, 1.3, 1.1176470588235294, 1.1364385820280296, 1.0189787144804445, 1.0, 1.0173410404624277, 1.0, 2.057142857142857, 1.0537974683544304, 1.5, 1.0, 1.5, 1.206896551724138, 1.0707070707070707, 1.0, 1.0, 1.0, 1.0, 1.4788732394366197, 1.0, 1.1304347826086956, 1.1886792452830188, 1.0285714285714285, 1.4977777777777779, 1.2378048780487805, 1.0272499103621369, 1.0104022191400832, 1.0, 1.0, 1.0952380952380953, 1.446808510638298, 1.0952380952380953, 1.0365296803652968, 1.0, 1.0909090909090908, 1.0892683873471765, 1.3888888888888888, 1.050725744843392, 1.0, 1.5, 1.010106051154086, 1.0, 2.0, 2.0, 2.0, 1.25, 1.0, 2.1578947368421053, 1.2777777777777777, 1.0, 1.0, 1.0442708333333333, 1.0797118847539016, 1.0167919799498746, 1.0, 1.4814814814814814, 1.1418439716312057, 1.027818448023426, 2.272727272727273, 1.3566121842496286, 2.0, 1.1342592592592593, 1.0562913907284768, 1.2, 1.0322108345534406, 1.2204899777282852, 1.125, 1.472972972972973, 1.1481481481481481, 2.5, 1.5, 1.0, 3.75, 1.4268292682926829, 1.0, 2.5714285714285716, 3.0, 1.0, 1.0, 1.2673267326732673, 1.1864406779661016, 1.1666666666666667, 1.1224489795918366, 1.1, 2.0, 1.0687022900763359, 1.054858934169279, 1.0286774628879891, 1.0761575075724794, 1.0, 1.0, 1.3333333333333333, 2.0, 1.0, 1.0576923076923077, 1.0647149460708782, 2.0, 1.150759219088937, 1.0, 1.7, 1.6333333333333333, 1.0, 1.1441441441441442, 1.0418535127055306, 1.5, 1.5344827586206897, 1.2222222222222223, 1.1016691957511382, 1.0350877192982457, 1.5, 1.0, 1.0183246073298429, 1.5, 1.0, 1.0, 1.0, 1.1133603238866396, 1.0752150985290037, 1.0, 1.1030551755585956, 1.5, 1.21875, 1.1326530612244898, 2.0, 1.0, 1.0010035122930256, 1.1168831168831168, 1.2040155440414508, 1.0159616919393455, 1.0118343195266273, 1.0, 2.0, 1.118279569892473, 1.0, 1.3, 1.0810536980749748, 1.075801749271137, 2.0, 1.0, 1.1609756097560975, 1.5, 1.0, 1.0, 1.051623823124934, 1.0, 1.9230769230769231, 2.0, 2.0, 6.0, 1.2564102564102564, 1.8181818181818181, 3.5, 1.0927536231884059, 1.0, 1.0, 2.0, 1.0, 1.0, 1.0976370931787784, 1.0599769319492502, 1.0382728164867516, 2.0, 2.0, 1.0575447570332481, 1.25, 2.272727272727273, 1.099706744868035, 1.105263157894737, 1.0351506456241033, 1.1313782991202346, 1.0476190476190477, 1.0, 1.0, 1.0, 1.0047169811320755, 1.0, 1.0307030703070308, 1.0012881064834693, 1.3333333333333333, 1.0, 1.4267515923566878, 1.0, 4.0, 2.0, 1.5, 1.5, 2.0, 1.6, 1.0124858115777526, 1.0, 1.0, 1.4285714285714286, 1.16, 1.088235294117647]
origin-census_1.87 	max: 8.0000	99th: 4.0000	95th: 2.0029	median: 1.0930	mean: 1.3402

...Done, result: results.csv

WORKLOAD-FINISHED | Type: QueryWorkload | Progress: 1/3 | Workload-time: 39.185119 | Model-update-time: 0.000000


WORKLOAD-START | Type: DataUpdateWorkload | Progress: 2/3
Going to run: ['python', '/home/kangping/code_copy/SAUCE/Naru/eval_model.py', '--model=transformer', '--data_update=tupleskew', '--dataset=census', '--drift_test=js', '--end2end', '--update_size=8000', '--query_seed=0', '--eval_type=drift']
Torch device: cuda:1
GET-MODEL-PATH=./models/end2end/transformer/origin-census-2.8MB-model16.858-data14.989-200epochs-seed0.pt
GET-DATASET-PATH=./data/census/end2end/census_int.npy
TupleSkewSample - START
0.001
TupleSkewSample - END
load_npy_dataset_from_path - df.shape = (39073, 13)
Parsing... done, took 0.0s
Data updated!
Previous data size: (32561, 13), new data size: (6512, 13)
[0.00097615 0.00103444 0.0008204  0.00030822 0.00017291 0.00023848
 0.00138932 0.00065905 0.00061059 0.00730395 0.00201023 0.00015974
 0.00224936]
Distance score: 0.0013794486876577139
SAUCE Drift detection: True
Detection latency: 0.0037s

DRIFT-DETECTED after 2-th workload
Going to run: ['python', '/home/kangping/code_copy/SAUCE/Naru/incremental_train.py', '--dataset=census', '--end2end', '--model=transformer', '--model_update=adapt', '--update_size=8000', '--epochs=0']
Torch device: cuda:1
GET-MODEL-PATH=./models/end2end/transformer/origin-census-2.8MB-model16.858-data14.989-200epochs-seed0.pt
update_size: 6512
AdaptTask - START
GET-DATASET-PATH=./data/census/end2end/census_int.npy
load_npy_dataset_from_path - df.shape = (39073, 13)
Parsing... done, took 0.0s
done, took 0.0s
dataset size: 39073
train data shape: torch.Size([6512, 13]), transfer data shape:torch.Size([1302, 13])
Training done; evaluating likelihood on full data:
Epoch None Iter 0, test loss 14.4734 nats / 20.8806 bits
Saved to: /home/kangping/code_copy/SAUCE/models/end2end/transformer/origin-census-2.8MB-model16.858-data14.989-200epochs-seed0.pt
AdaptTask - END

WORKLOAD-FINISHED | Type: DataUpdateWorkload | Progress: 2/3 | Workload-time: 3.939221 | Model-update-time: 4.515688


WORKLOAD-START | Type: QueryWorkload | Progress: 3/3
Going to run: ['python', '/home/kangping/code_copy/SAUCE/Naru/eval_model.py', '--dataset=census', '--model=transformer', '--end2end', '--query_seed=0', '--eval_type=estimate', '--num_workload=3', '--data_update=tupleskew', '--model_update=adapt', '--random_seed=42']
Torch device: cuda:1
GET-MODEL-PATH=./models/end2end/transformer/origin-census-2.8MB-model16.858-data14.989-200epochs-seed0.pt
ckpts [PosixPath('/home/kangping/code_copy/SAUCE/models/end2end/transformer/origin-census-2.8MB-model16.858-data14.989-200epochs-seed0.pt')]
Validate Argument: DATASET="census" is valid.
data size: 39073, total size: 39073, split index: [32560 39073]
Parsing... done, took 0.0s
Loading ckpt: /home/kangping/code_copy/SAUCE/models/end2end/transformer/origin-census-2.8MB-model16.858-data14.989-200epochs-seed0.pt
query_seed:0
origin-census_1.87 	max: 230.0000	99th: 209.0000	95th: 97.5000	median: 1.2239	mean: 11.9295
ReportEsts: [1.1919191919191918, 1.0, 1.0888888888888888, 1.0, 2.5, 1.1666666666666667, 1.3329362715902322, 2.262295081967213, 1.0, 1.0, 1.2171395483497394, 1.0, 1.1851851851851851, 1.0508982035928143, 1.5945945945945945, 3.292682926829268, 2.7383177570093458, 1.3404255319148937, 1.0, 217.0, 1.4444444444444444, 3.1578947368421053, 2.0, 11.0, 2.0, 1.0, 1.3439716312056738, 1.477832512315271, 2.3333333333333335, 1.1898052217157067, 1.0250957039557635, 1.135135135135135, 1.1109607577807847, 1.1218074656188606, 1.3636363636363635, 2.3333333333333335, 1.0, 2.0, 4.0, 2.12751677852349, 1.160919540229885, 1.0, 180.0, 1.0151446654611211, 3.0, 1.375, 2.0, 1.10989010989011, 1.0, 1.0, 1.0579813886900502, 1.1578947368421053, 2.0, 1.2, 1.1930434782608696, 19.8, 1.6, 1.352058319039451, 1.4252873563218391, 1.0, 1.3968253968253967, 3.8550724637681157, 1.3704697986577181, 1.3333333333333333, 2.6258992805755397, 1.14953643704516, 1.0623188405797102, 1.0100827300930713, 1.8785046728971964, 2.0, 2.573529411764706, 1.0634920634920635, 1.3333333333333333, 1.1679667186687468, 1.1328884375453359, 1.0, 1.0, 5.648648648648648, 1.0217588395285584, 1.6666666666666667, 77.33333333333333, 1.0, 1.0, 173.0, 1.186846038863976, 2.0, 1.3548387096774193, 1.0, 1.7482517482517483, 1.490566037735849, 2.0, 2.0, 1.03125, 1.0, 1.0416666666666667, 1.4666666666666666, 13.25, 1.0, 1.4856230031948883, 1.25, 3.1744186046511627, 1.0578512396694215, 26.5, 1.3529411764705883, 1.6122448979591837, 1.1944444444444444, 1.2954545454545454, 1.0, 1.1175143560295324, 180.0, 3.0, 1.5769230769230769, 1.1666666666666667, 1.2769726247987117, 1.0, 1.0, 1.6096579476861168, 2.0, 2.0, 1.0, 2.0, 1.0, 1.0, 1.434782608695652, 187.0, 2.5, 1.0694980694980696, 1.2656587473002159, 1.8295454545454546, 1.0, 1.1981469783112235, 1.085946248600224, 1.521311475409836, 2.0, 2.0, 1.4576271186440677, 1.0, 1.121054907047125, 2.0, 1.0, 1.0, 1.5, 1.0, 1.4285714285714286, 1.0, 1.0, 1.1200821074238796, 1.1152934202726734, 3.0, 1.0698390961999316, 1.4523970290344361, 2.0, 1.1947898164594435, 11.1, 1.0, 1.1055900621118013, 1.3235294117647058, 1.2222222222222223, 3.0, 1.1155099380905833, 3.5, 1.0112359550561798, 1.1036662452591657, 1.0670611439842208, 1.103448275862069, 1.1132644272179155, 1.06198347107438, 103.5, 1.0769230769230769, 1.4705882352941178, 195.0, 1.4025974025974026, 1.0905982905982905, 1.0620490620490621, 1.2672566371681415, 1.2868369351669942, 1.0, 1.5, 2.0, 29.142857142857142, 2.0, 1.0, 2.515151515151515, 1.0763052208835342, 1.0, 1.6857142857142857, 1.4285714285714286, 1.6666666666666667, 1.0, 1.0, 1.0, 2.150943396226415, 1.0, 1.5, 2.0, 1.04030131826742, 1.1523809523809523, 1.5, 1.0, 1.3725490196078431, 1.03125, 1.0, 1.51840490797546, 1.1513596716264751, 1.4150943396226414, 2.8, 1.0, 3.25, 1.0, 1.5, 1.5, 13.0, 1.0081391637408235, 3.0, 96.5, 17.272727272727273, 1.0718954248366013, 1.0, 1.0885462555066079, 1.1666666666666667, 1.0317460317460319, 1.0548878792320093, 1.0, 1.0, 1.0890410958904109, 1.2135231316725978, 10.409090909090908, 10.5, 1.0691244239631337, 1.8703703703703705, 1.6, 1.1202475685234305, 2.0, 1.0949781659388647, 1.0, 1.0, 2.84, 3.0, 20.1, 1.062137049941928, 1.0568181818181819, 1.0, 1.031496062992126, 1.0, 1.0946502057613168, 1.359375, 1.5, 2.0, 1.203305785123967, 1.3699661272111403, 1.8830409356725146, 205.0, 1.125, 1.5769230769230769, 1.0, 1.610344827586207, 1.1192660550458715, 1.0909090909090908, 7.46875, 1.00990099009901, 1.2095975232198142, 195.0, 2.0, 1.0666666666666667, 1.4460431654676258, 217.0, 1.3757575757575757, 1.0, 1.1400966183574879, 1.0, 1.1805194805194805, 1.0, 1.2666666666666666, 1.0, 1.0383228133453561, 1.5, 27.0, 1.5365853658536586, 1.268939393939394, 3.5, 1.0146217418944692, 2.0, 1.5, 5.25, 1.0442477876106195, 1.3571428571428572, 6.0, 2.0, 1.6666666666666667, 2.0, 1.0, 2.0, 1.1111111111111112, 1.1130434782608696, 1.1538461538461537, 66.66666666666667, 69.0, 1.247011952191235, 1.0588235294117647, 1.1158490566037735, 2.1666666666666665, 1.0, 1.0, 1.0080840743734842, 2.0, 1.0, 1.3620689655172413, 1.0, 1.0, 1.0, 1.0816719637869594, 1.03363412633306, 1.2153846153846153, 1.1180496150556032, 1.3658692185007975, 1.3984962406015038, 2.0, 1.5384615384615385, 1.0, 1.0, 2.0, 1.3278184826282202, 2.0, 1.0772590772590773, 1.75, 1.0, 1.0431151241534988, 1.3818181818181818, 1.0, 1.0, 1.5, 1.25, 1.0, 1.226775956284153, 1.0, 1.4415584415584415, 1.0, 4.901960784313726, 2.0, 180.0, 1.0, 1.3333333333333333, 1.0, 2.0, 1.0, 1.7727272727272727, 1.411149825783972, 1.1666666666666667, 1.2754158964879851, 205.0, 1.0, 1.2, 1.3636363636363635, 1.0, 1.4, 1.16, 1.0, 1.4375, 9.0, 1.0754716981132075, 1.5, 1.0023832221163012, 1.403339755940912, 1.0476190476190477, 1.148611111111111, 2.0, 94.0, 1.0, 1.0, 1.0444444444444445, 1.1428571428571428, 1.0666666666666667, 1.1699846860643186, 1.0, 1.2892561983471074, 1.078125, 1.0, 1.5862068965517242, 1.0, 1.0, 1.0, 1.4782608695652173, 2.0, 1.195357833655706, 2.0, 188.0, 1.0833333333333333, 1.0, 1.0434782608695652, 99.5, 3.0, 3.0, 1.8108108108108107, 209.0, 1.0, 1.0208139750975656, 1.3333333333333333, 1.2362728785357737, 1.241150442477876, 4.6, 64.0, 1.492063492063492, 1.1082668904741921, 1.25, 1.2666666666666666, 1.0, 1.191304347826087, 1.2027027027027026, 5.4186046511627906, 1.1887966804979253, 1.5116279069767442, 1.0, 1.0, 1.5, 2.1569767441860463, 206.0, 1.046875, 1.2409326424870466, 1.290445168295331, 10.714285714285714, 1.6, 1.0, 1.1538461538461537, 1.5378151260504203, 6.2, 1.6194690265486726, 1.0, 1.2879037962744635, 93.5, 198.0, 97.5, 230.0, 1.0434782608695652, 2.0, 1.0, 1.0, 1.0719681908548708, 171.0, 1.121636297815856, 1.0, 1.3333333333333333, 2.3333333333333335, 36.666666666666664, 1.0, 2.6666666666666665, 1.0285714285714285, 2.6923076923076925, 1.0, 2.2, 1.0, 2.0, 2.0, 1.5625, 1.1702127659574468, 1.1047354948805461, 1.0, 1.0997862417411581, 1.0, 1.702127659574468, 4.666666666666667, 1.1676413255360625, 7.5, 1.346938775510204, 2.0, 1.1303462321792261, 1.0, 1.0, 1.1648745519713262, 1.5714285714285714, 1.205305846569787, 198.0, 1.116974972796518, 1.1794258373205742, 180.0, 2.0, 1.1728066281994378, 1.2205882352941178, 1.0, 1.0, 2.1578947368421053, 1.0, 4.0, 1.1031286210892237, 1.125, 1.0, 1.1020510255127565, 1.3333333333333333, 2.2, 1.0, 1.8262476894639557, 2.0, 5.0, 1.1159902029391182, 210.0, 24.444444444444443, 1.0, 1.1428571428571428, 1.0, 1.8230912476722532, 2.8135593220338984, 94.5, 1.0414746543778801, 1.1382445141065831, 1.0898421691622824, 1.0067733990147782, 1.2496240601503759, 1.7272727272727273, 1.1578947368421053, 1.0379746835443038, 1.2486187845303867, 27.571428571428573, 2.0, 2.93, 1.6, 1.4782608695652173, 1.0, 1.0, 2.0, 198.0, 1.5, 2.0, 1.2173913043478262, 1.0921052631578947, 1.7418181818181817, 230.0, 1.5147478591817316, 2.6666666666666665, 1.0, 1.121212121212121, 1.0, 1.0909090909090908, 1.25, 2.109004739336493, 2.0, 2.0, 1.046875, 1.0887573964497042, 1.3490196078431373, 9.0, 180.0, 1.0, 1.0, 1.0, 1.5, 1.120741482965932, 1.126005361930295, 1.1235059760956174, 1.009987966305656, 1.3061224489795917, 1.0, 102.5, 1.042003652491521, 1.1237113402061856, 1.0, 1.4152744630071599, 1.0, 1.0840579710144929, 1.2225822532402792, 1.5, 1.0714285714285714, 3.5157894736842104, 1.125, 1.0295274399467538, 1.0, 213.0, 4.9, 1.0, 1.0, 1.006035458317616, 1.0, 1.0, 2.0, 1.05, 1.7793427230046948, 2.3636363636363638, 1.2251655629139073, 2.6666666666666665, 1.1123595505617978, 1.0687782805429864, 1.0, 1.0463854367232628, 1.5138461538461538, 203.0, 1.5, 2.618181818181818, 8.92, 1.192071086807929, 1.1091954022988506, 1.5, 1.0036264732547597, 1.0, 2.0, 1.3333333333333333, 2.0, 1.3264248704663213, 2.0, 3.0, 2.0, 1.693798449612403, 1.9414519906323184, 1.2941176470588236, 195.0, 1.25, 1.2857142857142858, 1.288, 1.0003868471953579, 1.1117099978862819, 1.2215189873417722, 1.1209964412811388, 1.1704545454545454, 1.256060606060606, 1.0, 1.0, 1.091725768321513, 1.1567357512953367, 11.5, 1.0592369477911647, 1.765625, 1.0, 1.2119402985074628, 1.1363636363636365, 1.3125, 1.375, 1.1029411764705883, 1.2916666666666667, 1.6, 1.0172535566542227, 195.0, 1.2695924764890283, 1.031081509673327, 2.263157894736842, 1.0, 1.1227046507636862, 2.0, 218.0, 1.1369863013698631, 1.3695652173913044, 1.75, 198.0, 1.0, 1.0, 1.666, 1.0, 1.3761356753482739, 1.0071942446043165, 1.0, 1.15, 1.04375, 1.5463917525773196, 2.0, 195.0, 1.0909090909090908, 1.0, 1.173913043478261, 1.3066037735849056, 1.40625, 4.52542372881356, 1.1104294478527608, 1.6153846153846154, 1.0383422610656894, 2.0, 2.0803108808290154, 1.4166666666666667, 2.0, 1.1906354515050168, 2.0, 2.0, 1.6666666666666667, 1.0, 1.4150943396226414, 2.0, 1.0391304347826087, 1.2321428571428572, 1.0, 2.0, 1.0, 1.0, 2.0, 1.0, 1.102127659574468, 1.6, 1.3032407407407407, 1.2522522522522523, 3.0476190476190474, 1.103896103896104, 1.0, 1.1956521739130435, 2.0, 2.0, 2.0, 1.100233518950961, 1.0, 16.615384615384617, 43.0, 1.0, 2.0, 1.0, 1.0, 171.0, 1.2575626620570441, 2.0, 1.0465116279069768, 1.8666666666666667, 1.019949281487743, 94.0, 1.5, 1.026097074468085, 1.5, 28.714285714285715, 1.2380952380952381, 1.3605889724310778, 1.5, 1.0, 1.0208816705336428, 1.2857142857142858, 5.0, 97.5, 1.2173913043478262, 186.0, 2.0, 1.0, 1.0, 1.4285714285714286, 2.5, 1.007914847161572, 1.0366541353383458, 1.0, 1.0, 1.0, 1.6842105263157894, 1.010197439791712, 1.2391705069124423, 1.0, 1.0271444082519001, 1.012713403559753, 1.0, 1.1176470588235294, 1.7228464419475655, 2.0, 1.1428571428571428, 1.0, 1.2010309278350515, 3.0, 1.3565217391304347, 2.0062111801242235, 1.3863636363636365, 1.0339622641509434, 1.4, 1.0, 1.6263736263736264, 2.5, 204.0, 1.0, 2.0, 1.103846153846154, 1.1564141035258815, 1.2059800664451827, 1.5, 4.863636363636363, 1.5, 1.75, 1.0267175572519085, 1.4782608695652173, 1.1666666666666667, 8.851851851851851, 2.793103448275862, 31.833333333333332, 1.06875, 230.0, 1.0, 1.0, 1.125, 1.3588987217305801, 1.0911057692307693, 1.2, 1.3333333333333333, 11.882352941176471, 1.1929967426710097, 1.0334928229665072, 1.343225806451613, 1.0, 1.0564102564102564, 1.125, 1.0689655172413792, 1.0, 1.553191489361702, 1.1687170474516695, 1.2474226804123711, 1.2333333333333334, 6.026315789473684, 1.2105263157894737, 1.0, 1.1428571428571428, 1.127034537514887, 1.0, 11.833333333333334, 1.4782608695652173, 195.0, 1.0, 1.6428571428571428, 2.4274193548387095, 213.0, 1.0, 1.3333333333333333, 1.1014492753623188, 1.6226415094339623, 1.1666666666666667, 1.5, 1.0, 1.675, 3.2, 1.0801066772026866, 1.0658892128279884, 1.1708991077556623, 1.7142857142857142, 1.0, 1.0, 1.5443037974683544, 1.6666666666666667, 1.0176211453744493, 180.0, 1.0, 3.0543478260869565, 1.0, 1.3392857142857142, 1.0615402378478236, 97.5, 1.1153846153846154, 1.2549019607843137, 1.0636363636363637, 1.1265678449258838, 1.0, 1.5162337662337662, 1.205607476635514, 2.2325581395348837, 2.0, 1.1774193548387097, 1.0422535211267605, 1.0918367346938775, 1.063271048264916, 209.0, 1.1058934337997848, 1.0, 171.0, 1.604206500956023, 2.0833333333333335, 1.036322360953462, 1.5066666666666666, 1.0592034445640475, 1.188087774294671, 1.0833333333333333, 1.2930232558139534, 1.487750556792873, 1.0, 1.5405405405405406, 1.4814814814814814, 2.5, 209.0, 1.0, 4.507692307692308, 1.21875, 1.0, 1.0480802792321118, 2.2914285714285714, 1.1687785098834262, 1.1111111111111112, 2.0, 2.3759398496240602, 1.1428571428571428, 100.0, 2.0, 1.2727272727272727, 1.0456674473067915, 1.1251908396946564, 185.0, 1.0, 1.2222222222222223, 1.9, 1.0, 1.0952380952380953, 7.724137931034483, 52.75, 1.0714285714285714, 2.1726190476190474, 1.4444444444444444, 1.0, 1.4428492545554943, 1.0, 1.2222222222222223, 2.0, 1.2891566265060241, 1.0, 1.0269548742679986, 1.0, 24.22222222222222, 16.692307692307693, 1.5, 1.0, 41.8, 1.342124542124542, 1.1656050955414012, 1.1754385964912282, 1.25, 1.1577967003725387, 1.1349758971612212, 1.0, 2.0, 2.0, 1.392282958199357, 1.1576642335766423, 1.0, 1.0857142857142856, 2.234042553191489, 1.175557056043214, 1.0739299610894941, 1.0, 1.0795568982880162, 4.0, 1.0053191489361701, 1.1898395721925135, 1.5, 1.0852510460251046, 3.0, 1.0, 1.138991389913899, 1.0, 1.2152466367713004, 2.4511278195488724, 1.0, 1.2222222222222223, 1.6029411764705883, 1.125, 3.0, 1.4390243902439024, 195.0, 1.081896551724138, 1.1363636363636365, 5.523809523809524, 1.2218068535825546, 1.0, 2.6666666666666665, 2.0, 102.5, 1.0, 1.0311559568065145, 1.3264129181084199, 1.3175803402646502, 1.3333333333333333, 2.0, 1.2857142857142858, 1.0801603206412826, 1.5257142857142858, 1.104, 1.263157894736842, 1.0498979070954568, 1.0562879263444236, 1.0, 1.0918273645546372, 1.0278019113814074, 1.0, 2.0, 1.0, 1.2841328413284132, 1.0100521221146685, 1.3076923076923077, 1.0, 1.2410714285714286, 2.0, 1.2727272727272727, 1.0, 1.6, 1.0465116279069768, 1.0952380952380953, 1.0014547125028712, 1.1853932584269662, 1.0, 2.0723684210526314, 1.1153846153846154, 1.0689655172413792, 1.029641185647426, 1.206286836935167, 1.1294330830960393, 1.0, 2.0, 2.0, 1.232902033271719, 1.0222412318220702, 1.3728813559322033, 1.0583290763014908, 6.617647058823529, 1.0, 1.1464019851116625, 2.0, 1.0, 1.575657894736842, 1.0, 1.0, 1.0944752208414432, 103.5, 1.3333333333333333]
origin-census_1.87 	max: 230.0000	99th: 209.0000	95th: 97.5000	median: 1.2239	mean: 11.9295

...Done, result: results.csv

WORKLOAD-FINISHED | Type: QueryWorkload | Progress: 3/3 | Workload-time: 39.375635 | Model-update-time: 0.000000


Experiment Summary: #data-update-times=1, #drift=1 | total-time=87.031889