Input arguments = Namespace(data_update='valueskew', update_size=8000, dataset='census', debug=False, drift_test='js', model_update='adapt', model='transformer', end2end=False, query_seed=0, random_seed=42, num_workload=3)
JSON-passed parameters = {'data_updater': {'skew_ratio': '1e-3'}, 'random_seed': 43, 'transformer': {'epochs': 0}}
MODEL-PATH=/home/kangping/code_copy/SAUCE/models/end2end/transformer/origin-census-2.8MB-model16.858-data14.989-200epochs-seed0.pt
DATASET-PATH=/home/kangping/code_copy/SAUCE/data/census/end2end/census_int.npy
Workloads: ['QueryWorkload', 'DataUpdateWorkload', 'QueryWorkload']

WORKLOAD-START | Type: QueryWorkload | Progress: 1/3
Going to run: ['python', '/home/kangping/code_copy/SAUCE/Naru/eval_model.py', '--dataset=census', '--model=transformer', '--query_seed=0', '--end2end', '--eval_type=first_estimate', '--num_workload=3', '--data_update=valueskew', '--model_update=adapt', '--random_seed=42']
Torch device: cuda:1
GET-MODEL-PATH=./models/end2end/transformer/origin-census-2.8MB-model16.858-data14.989-200epochs-seed0.pt
ckpts [PosixPath('/home/kangping/code_copy/SAUCE/models/end2end/transformer/origin-census-2.8MB-model16.858-data14.989-200epochs-seed0.pt')]
Validate Argument: DATASET="census" is valid.
load_csv_dataset - census (32561, 13)
Parsing... done, took 0.0s
Loading ckpt: /home/kangping/code_copy/SAUCE/models/end2end/transformer/origin-census-2.8MB-model16.858-data14.989-200epochs-seed0.pt
query_seed:0
origin-census_1.87 	max: 8.5000	99th: 5.0000	95th: 2.6697	median: 1.0995	mean: 1.3991
ReportEsts: [1.0, 1.0261146496815288, 1.1971830985915493, 2.0, 1.1016949152542372, 1.0107296137339057, 1.4285714285714286, 1.5, 1.0, 1.0, 1.0, 1.0068027210884354, 1.3636363636363635, 1.1686746987951808, 1.1502890173410405, 1.5, 1.371069182389937, 1.0, 2.0, 1.0, 6.0, 1.0, 1.1986143187066975, 1.0, 1.3836477987421383, 1.8, 1.0, 1.0041867954911434, 1.0, 1.1300258640959322, 1.021955044432828, 1.2758620689655173, 1.22, 1.1111111111111112, 1.0, 1.0714285714285714, 1.0, 1.279373368146214, 2.0, 1.0765888104291146, 2.0, 1.0, 2.0, 1.0, 1.0416666666666667, 1.02, 2.0, 1.0779517286366602, 1.0, 1.0, 1.0, 1.75, 1.0, 1.1428571428571428, 1.2674418604651163, 5.0, 1.2755905511811023, 1.1428571428571428, 1.1118530884808013, 1.1656050955414012, 1.1647058823529413, 1.3333333333333333, 1.0196078431372548, 1.04, 1.0, 1.0, 1.0, 1.1044152744630071, 1.0, 2.3333333333333335, 1.2, 1.2272727272727273, 1.5, 1.0, 1.139178844815588, 1.0, 1.0, 2.4, 2.5, 1.0, 2.0, 1.0, 1.5, 1.0, 1.0141843971631206, 1.25, 1.0, 1.069767441860465, 1.083558994197292, 1.0, 1.0985915492957747, 1.0, 1.2156862745098038, 1.5, 1.0326797385620916, 3.0, 1.0827225130890052, 4.25, 1.051094890510949, 1.125, 2.0, 2.0, 2.0, 1.0909090909090908, 1.0, 1.2321428571428572, 1.0594059405940595, 1.2962962962962963, 1.4595588235294117, 1.1875, 1.0869565217391304, 1.0, 1.15, 2.6666666666666665, 1.2222222222222223, 1.0, 1.0, 1.0689655172413792, 1.0, 1.0979228486646884, 2.0, 1.2065637065637065, 1.0608695652173914, 1.2, 1.01216457960644, 1.3043478260869565, 1.007749866381614, 1.080814312152992, 2.1666666666666665, 1.0546218487394958, 1.0, 1.0587711487088156, 2.0, 1.0, 1.0, 1.0, 1.0205549845837616, 2.0, 2.0, 1.2857142857142858, 1.0, 1.542857142857143, 1.0, 1.0, 1.6666666666666667, 3.0, 1.0, 1.1818181818181819, 1.070548712206047, 1.5061728395061729, 1.631578947368421, 2.0, 1.0, 1.0, 2.0, 1.5, 3.0, 1.0, 1.5, 4.0, 2.7777777777777777, 1.0, 2.1666666666666665, 1.0, 1.05, 1.1021739130434782, 1.0116959064327486, 1.0003401746229732, 1.065706051873199, 1.0044843049327354, 1.1155449672424063, 1.6666666666666667, 2.0, 2.0, 1.2142857142857142, 1.1080586080586081, 1.25, 1.069042316258352, 1.1667918858001503, 1.0588235294117647, 2.0, 1.0612244897959184, 1.0204081632653061, 1.0442477876106195, 1.3157894736842106, 1.0440243511694969, 1.25, 2.0, 1.1284722222222223, 1.0160771704180065, 1.3571428571428572, 1.5, 1.0047585058291697, 1.0, 1.1666666666666667, 1.1363636363636365, 1.00035823034211, 1.0, 1.288888888888889, 1.1142857142857143, 1.0, 1.0851063829787233, 2.1020408163265305, 2.6666666666666665, 2.0, 1.2727272727272727, 2.0, 1.0712166172106825, 7.0, 1.0, 1.0525059665871122, 1.2616822429906542, 1.3333333333333333, 1.1666666666666667, 1.0, 1.1142857142857143, 1.1153846153846154, 1.057083703046436, 1.138157894736842, 1.3773584905660377, 1.0, 1.0, 1.0789022298456261, 1.368421052631579, 1.0, 1.0576923076923077, 1.0, 1.0, 1.0, 2.0, 1.0, 1.04, 1.875, 1.0245098039215685, 1.0, 1.0, 2.0, 1.1666666666666667, 1.053120849933599, 2.0, 1.0, 1.0056497175141244, 1.5, 1.0, 1.5, 1.7142857142857142, 1.380952380952381, 1.0, 1.0, 1.0425531914893618, 2.0, 1.1081081081081081, 1.4331550802139037, 1.7142857142857142, 1.0, 1.6, 5.0, 1.3782608695652174, 1.2093023255813953, 1.065018315018315, 1.0, 4.0, 1.8, 5.0, 3.5, 1.0, 1.1428571428571428, 1.208955223880597, 2.0, 1.0769230769230769, 1.2592592592592593, 1.0, 1.0, 1.0, 1.1128957169459963, 1.0478927203065134, 1.0, 1.160655737704918, 1.0, 2.0, 1.1, 1.2682926829268293, 1.0340909090909092, 4.0, 1.0560064935064934, 2.0, 1.108359133126935, 2.0, 1.0166666666666666, 2.0, 1.0975609756097562, 1.0159116435791837, 2.0, 1.0011025358324146, 1.0076923076923077, 1.0, 2.0, 1.0384615384615385, 1.140391791044776, 1.06, 1.4444444444444444, 2.0, 2.0, 1.2857142857142858, 1.1007751937984496, 1.0564784053156147, 2.0, 1.1957186544342508, 2.2, 1.0, 1.0, 1.0, 1.0, 1.0240384615384615, 1.0, 1.0, 1.0, 1.007838745800672, 2.0, 1.0168918918918919, 1.0, 1.0237801111797407, 3.6666666666666665, 1.0, 1.1470588235294117, 1.0769230769230769, 2.0, 1.094063665041583, 2.0, 1.005499541704858, 1.0, 1.6330049261083743, 2.0, 1.0727550241668786, 1.0, 1.0, 1.0, 4.0, 1.0, 1.7936507936507937, 1.2352941176470589, 1.1229946524064172, 1.0, 2.8666666666666667, 1.1176470588235294, 4.0, 1.380952380952381, 1.0, 1.25, 1.0, 1.0, 1.3333333333333333, 3.75, 1.0, 1.1111111111111112, 1.024454609429979, 1.25, 2.8333333333333335, 1.0, 2.0, 1.0535465924895688, 1.6666666666666667, 1.0, 1.065217391304348, 1.0, 1.6923076923076923, 1.0, 1.0080536912751679, 1.121212121212121, 1.0, 1.0564516129032258, 2.0208333333333335, 1.0, 1.0, 1.3333333333333333, 1.0, 1.0, 1.0, 1.5, 1.2162162162162162, 1.278048780487805, 1.0, 1.2892561983471074, 1.1666666666666667, 1.0, 1.103448275862069, 1.0, 1.0, 1.0, 1.0, 2.0, 1.1830663615560641, 6.0, 1.0, 1.3, 1.1538461538461537, 1.0104166666666667, 1.069767441860465, 2.0, 4.0, 1.0256410256410255, 1.0454545454545454, 1.0, 1.0204081632653061, 1.3015873015873016, 2.0, 1.0502851218247797, 1.0, 1.3, 1.2727272727272727, 1.3333333333333333, 2.0, 1.0, 1.6875, 1.3333333333333333, 1.0495867768595042, 1.0689655172413792, 2.5, 1.1717171717171717, 1.56, 1.4, 1.0, 1.0033458803847763, 1.0, 1.3, 1.0063341250989708, 1.0608108108108107, 1.1333333333333333, 2.606060606060606, 1.456140350877193, 2.0, 1.0, 1.0823045267489713, 2.0, 1.1384615384615384, 1.0, 1.1547344110854503, 1.0, 1.1643835616438356, 1.0, 1.0, 1.0416666666666667, 2.0, 1.0, 2.0, 1.1627906976744187, 1.0, 1.0, 1.2784810126582278, 1.0924369747899159, 1.40146750524109, 1.3571428571428572, 1.2105263157894737, 1.0, 8.0, 1.0555555555555556, 2.0, 1.0089941073090045, 1.0856447688564477, 1.0, 1.043026706231454, 1.2727272727272727, 2.0, 1.1515151515151516, 2.0, 1.0888888888888888, 3.0, 1.0, 1.018156120895847, 1.0016722408026757, 1.1958762886597938, 1.0, 1.0, 2.0, 1.292929292929293, 1.1956521739130435, 1.3846153846153846, 1.0093283582089552, 1.0, 2.0, 1.0, 1.75, 1.1551724137931034, 1.0, 2.0, 2.0, 3.0, 1.336283185840708, 2.0, 1.0, 1.3333333333333333, 1.0, 1.082191780821918, 1.0, 1.1538461538461537, 1.375, 1.2777777777777777, 1.1002638522427441, 1.047970479704797, 1.125, 2.0, 2.0, 1.0869565217391304, 3.5, 3.0, 1.1567711807871914, 1.0527306967984935, 1.4, 1.0, 1.2350332594235034, 8.0, 1.0, 1.0229218447942556, 1.014657980456026, 1.3448275862068966, 1.0170454545454546, 1.1653019447287616, 1.1818181818181819, 1.0, 1.1014492753623188, 1.1717171717171717, 1.1049107142857142, 1.0, 1.0425531914893618, 1.0655737704918034, 1.1317829457364341, 1.3461538461538463, 1.0, 1.06574827802129, 1.0530973451327434, 1.0, 1.2945454545454544, 2.6, 1.1428571428571428, 1.0, 1.0535971223021583, 1.0, 1.0, 2.0, 2.0, 1.0833333333333333, 2.0, 1.0521978021978022, 1.0397319291527047, 1.0541516245487366, 1.0781954887218046, 1.2066115702479339, 3.0, 1.0102516309412861, 1.0, 1.9333333333333333, 4.0, 1.3636363636363635, 2.0, 2.0, 1.2857142857142858, 2.0, 4.0, 1.1111111111111112, 2.0, 1.4155844155844155, 2.0, 1.0909090909090908, 1.0443592552026286, 1.0170842824601367, 1.0, 1.05, 1.0198019801980198, 1.0, 1.0, 1.0, 3.0, 1.0083333333333333, 7.0, 1.0139526669021548, 1.2, 1.0, 1.236842105263158, 1.1384615384615384, 1.0567375886524824, 1.0, 1.08375, 1.0, 1.375, 1.6, 1.0, 1.5, 1.0434782608695652, 3.3333333333333335, 2.0, 2.5, 2.0, 1.0, 1.0687438621551648, 1.1747621432148223, 1.0, 1.103448275862069, 1.1, 1.2380952380952381, 1.0806451612903225, 2.0, 1.2565597667638484, 1.0, 1.064327485380117, 2.0, 1.5, 1.0407569141193596, 1.0, 2.0, 1.0, 1.0577884423115378, 1.0, 1.1875, 1.1428571428571428, 1.0472255017709564, 1.0, 5.0, 2.0, 2.727272727272727, 1.0, 1.0877796901893289, 1.0, 1.2448979591836735, 1.1193877551020408, 1.1, 2.0, 1.1111111111111112, 1.0, 1.0, 1.0946623414921852, 1.0, 1.3953488372093024, 1.4, 2.1, 1.0734722712822324, 1.0, 1.1333333333333333, 1.1927272727272726, 1.0822784810126582, 1.0323320339371704, 1.0, 1.100748416810593, 1.3333333333333333, 1.0073382254836558, 1.0, 1.0, 1.131578947368421, 3.0, 1.0680544435548438, 1.2317880794701987, 1.1008047437526471, 1.1505376344086022, 1.0777777777777777, 1.0116279069767442, 1.0, 1.0, 1.263157894736842, 1.1151832460732984, 1.4666666666666666, 1.0, 1.1, 1.07, 1.5, 1.0, 1.2857142857142858, 2.0, 1.1428571428571428, 1.0694300518134714, 2.0, 1.0535714285714286, 1.3333333333333333, 1.0, 1.0, 1.0, 1.6122448979591837, 1.0685249709639955, 1.1111111111111112, 2.473684210526316, 1.0, 1.0, 1.1440329218106995, 1.0462478184991273, 2.0, 2.0, 1.0, 1.0502283105022832, 1.5714285714285714, 1.0, 1.0, 1.0844381313131313, 1.1666666666666667, 1.0, 2.0, 1.0352422907488987, 1.2, 1.2857142857142858, 1.099009900990099, 2.625, 1.0389610389610389, 1.0, 1.0, 3.0, 2.5405405405405403, 1.0, 1.064798598949212, 1.1944444444444444, 1.0142642642642643, 1.0, 1.0228586442459275, 1.0801786973900775, 7.5, 1.0978260869565217, 1.0, 1.0, 1.0879872712808274, 2.0, 2.388888888888889, 1.3043478260869565, 1.803921568627451, 1.0, 1.25, 1.053470919324578, 1.0, 1.5, 1.15, 1.25, 1.0564263322884013, 1.0232558139534884, 1.0, 1.0432588320115357, 1.0476190476190477, 5.0, 1.1111111111111112, 1.3043478260869565, 1.0, 1.0, 1.0, 1.2432432432432432, 1.1212435233160623, 1.0, 6.0, 2.0, 1.0, 1.0, 1.0, 1.0146520146520146, 1.0382806375751241, 1.0873385012919896, 1.0, 1.0304347826086957, 1.094159113796576, 1.5, 1.4166666666666667, 1.28538283062645, 1.0, 1.1666666666666667, 1.0, 1.2933333333333332, 1.2260869565217392, 1.1906779661016949, 1.05615470435106, 1.2612612612612613, 1.0091743119266054, 1.0, 1.0153121319199059, 1.0283687943262412, 1.3333333333333333, 1.164835164835165, 1.1410404624277457, 1.0, 1.0, 2.0, 1.0584488572499062, 1.1005291005291005, 1.0166666666666666, 1.65, 1.0389610389610389, 1.0, 1.198019801980198, 1.2727272727272727, 1.0, 1.25, 1.3076923076923077, 1.1267605633802817, 1.0, 1.3636363636363635, 1.0768813314037626, 1.09478672985782, 1.0595744680851065, 1.0, 1.014650515632673, 1.0, 1.0294117647058822, 1.0, 1.0304054054054055, 1.0, 1.0, 2.3333333333333335, 1.5, 1.036549707602339, 4.0, 1.0, 3.25, 1.0260869565217392, 1.0028003360403248, 1.0, 1.5666666666666667, 1.4411764705882353, 1.1262254901960784, 1.001752396660138, 1.0, 1.1161290322580646, 2.0, 1.457142857142857, 1.0707395498392283, 3.0, 1.0, 2.7777777777777777, 1.25, 1.0182857142857142, 1.0, 1.0, 1.0, 1.0, 1.1830985915492958, 1.0, 1.1428571428571428, 1.2857142857142858, 1.211111111111111, 1.113861386138614, 1.1768292682926829, 1.031317494600432, 1.051985559566787, 2.625, 1.0, 1.2105263157894737, 1.1063829787234043, 1.0476190476190477, 1.1073170731707318, 1.0, 1.1818181818181819, 1.0219289734135455, 1.136, 1.0383512003623736, 1.0, 1.5, 1.0292737154150198, 1.0, 2.0, 2.0, 2.0, 1.25, 1.0, 2.1707317073170733, 1.2173913043478262, 1.0, 1.0, 1.1072319201995013, 1.0669039145907473, 1.0453634085213033, 1.0, 1.3559322033898304, 1.070921985815603, 1.0029368575624082, 1.0416666666666667, 1.3981623277182236, 2.0, 1.0097959183673468, 1.0598006644518272, 1.1666666666666667, 1.0340651021953067, 1.1670378619153674, 3.0, 1.2972972972972974, 1.2592592592592593, 2.5, 1.0666666666666667, 1.0, 1.1333333333333333, 1.3604651162790697, 1.0, 2.4285714285714284, 3.0, 1.0, 1.0, 1.0765349032800673, 1.1475409836065573, 1.0, 1.1458333333333333, 1.3, 1.0, 1.0610687022900764, 1.006580915345498, 1.0510168907273354, 1.0358184089962517, 1.3333333333333333, 2.0, 1.3333333333333333, 2.0, 1.0, 1.0784313725490196, 1.0724191063174113, 2.0, 1.121654501216545, 1.0, 8.5, 1.0714285714285714, 1.0, 1.1545454545454545, 1.1578073089700998, 1.4, 1.2027027027027026, 1.3888888888888888, 1.0041322314049588, 1.52, 1.0909090909090908, 1.0, 1.0731034482758621, 1.0, 1.0, 1.0, 2.0, 1.0151515151515151, 1.0186694714698923, 1.0, 1.038643194504079, 1.6666666666666667, 1.2580645161290323, 1.2551020408163265, 1.0, 1.0, 1.032080200501253, 1.1025641025641026, 1.0967551622418878, 1.1349637681159421, 1.0301204819277108, 1.0, 1.0, 1.0408653846153846, 1.0, 1.55, 1.033434650455927, 1.1172638436482085, 2.0, 2.0, 1.1658536585365853, 1.0, 1.0, 1.0, 1.0292727089829996, 1.0, 1.1904761904761905, 1.0, 2.0, 2.0, 1.2820512820512822, 1.2727272727272727, 1.037037037037037, 1.0176991150442478, 1.0, 1.054054054054054, 2.0, 2.0, 1.0, 1.0693682955899881, 1.1058673469387754, 1.0506454816285997, 4.0, 2.0, 1.2511346444780636, 1.0, 1.1363636363636365, 1.1538461538461537, 1.2105263157894737, 1.001793400286944, 1.1400709219858156, 1.5714285714285714, 1.0, 1.0, 2.0, 1.1036269430051813, 1.0, 1.0644494939062177, 1.1213288396726047, 1.2, 1.0, 1.103448275862069, 1.0, 1.5, 2.0, 2.0, 1.2857142857142858, 2.0, 5.0, 1.1407491486946653, 1.0, 1.0, 1.1111111111111112, 1.16, 1.028957528957529]
origin-census_1.87 	max: 8.5000	99th: 5.0000	95th: 2.6697	median: 1.0995	mean: 1.3991

...Done, result: results.csv

WORKLOAD-FINISHED | Type: QueryWorkload | Progress: 1/3 | Workload-time: 39.189699 | Model-update-time: 0.000000


WORKLOAD-START | Type: DataUpdateWorkload | Progress: 2/3
Going to run: ['python', '/home/kangping/code_copy/SAUCE/Naru/eval_model.py', '--model=transformer', '--data_update=valueskew', '--dataset=census', '--drift_test=js', '--end2end', '--update_size=8000', '--query_seed=0', '--eval_type=drift']
Torch device: cuda:1
GET-MODEL-PATH=./models/end2end/transformer/origin-census-2.8MB-model16.858-data14.989-200epochs-seed0.pt
GET-DATASET-PATH=./data/census/end2end/census_int.npy
ValueSample - START
ValueSample - END
load_npy_dataset_from_path - df.shape = (39073, 13)
Parsing... done, took 0.0s
Data updated!
Previous data size: (32561, 13), new data size: (6512, 13)
[9.20408964e-03 5.54323196e-06 2.67624855e-05 2.38418579e-07
 6.19888306e-06 1.07288361e-06 1.37090683e-06 2.44379044e-06
 1.19209290e-07 3.12924385e-05 5.90085983e-06 4.76837158e-06
 1.04904175e-05]
Distance score: 0.0007154070190154016
SAUCE Drift detection: True
Detection latency: 0.0037s

DRIFT-DETECTED after 2-th workload
Going to run: ['python', '/home/kangping/code_copy/SAUCE/Naru/incremental_train.py', '--dataset=census', '--end2end', '--model=transformer', '--model_update=adapt', '--update_size=8000', '--epochs=0']
Torch device: cuda:1
GET-MODEL-PATH=./models/end2end/transformer/origin-census-2.8MB-model16.858-data14.989-200epochs-seed0.pt
update_size: 6512
AdaptTask - START
GET-DATASET-PATH=./data/census/end2end/census_int.npy
load_npy_dataset_from_path - df.shape = (39073, 13)
Parsing... done, took 0.0s
done, took 0.0s
dataset size: 39073
train data shape: torch.Size([6512, 13]), transfer data shape:torch.Size([1302, 13])
Training done; evaluating likelihood on full data:
Epoch None Iter 0, test loss 26.0203 nats / 37.5394 bits
Saved to: /home/kangping/code_copy/SAUCE/models/end2end/transformer/origin-census-2.8MB-model16.858-data14.989-200epochs-seed0.pt
AdaptTask - END

WORKLOAD-FINISHED | Type: DataUpdateWorkload | Progress: 2/3 | Workload-time: 3.927197 | Model-update-time: 4.611788


WORKLOAD-START | Type: QueryWorkload | Progress: 3/3
Going to run: ['python', '/home/kangping/code_copy/SAUCE/Naru/eval_model.py', '--dataset=census', '--model=transformer', '--end2end', '--query_seed=0', '--eval_type=estimate', '--num_workload=3', '--data_update=valueskew', '--model_update=adapt', '--random_seed=42']
Torch device: cuda:1
GET-MODEL-PATH=./models/end2end/transformer/origin-census-2.8MB-model16.858-data14.989-200epochs-seed0.pt
ckpts [PosixPath('/home/kangping/code_copy/SAUCE/models/end2end/transformer/origin-census-2.8MB-model16.858-data14.989-200epochs-seed0.pt')]
Validate Argument: DATASET="census" is valid.
data size: 39073, total size: 39073, split index: [32560 39073]
Parsing... done, took 0.0s
Loading ckpt: /home/kangping/code_copy/SAUCE/models/end2end/transformer/origin-census-2.8MB-model16.858-data14.989-200epochs-seed0.pt
query_seed:0
origin-census_1.87 	max: 25.0435	99th: 11.0000	95th: 4.0000	median: 1.1651	mean: 1.7024
ReportEsts: [1.1616161616161615, 1.0, 1.2641509433962264, 1.0, 1.1428571428571428, 1.25625, 1.0392638036809816, 1.1649484536082475, 1.0, 2.0, 1.097972972972973, 2.0, 1.0555555555555556, 1.0024813895781637, 2.3, 1.0589970501474926, 1.0675422138836772, 1.0701754385964912, 1.0, 2.0, 1.3461538461538463, 1.0476190476190477, 2.0, 2.857142857142857, 2.0, 1.0, 1.2032520325203253, 1.051383399209486, 3.5, 1.0288835400851695, 1.2401986408782018, 1.2162162162162162, 1.038607453693372, 1.2441558441558442, 1.2105263157894737, 12.333333333333334, 1.0, 1.5, 4.0, 1.036649214659686, 1.1068702290076335, 1.0, 2.0, 1.0674725274725274, 2.5, 1.1428571428571428, 1.0, 1.0925925925925926, 1.0, 2.0, 1.0365535248041775, 1.2916666666666667, 2.0, 1.6, 1.1408695652173912, 1.1025641025641026, 1.5555555555555556, 1.0636027903159622, 1.0185185185185186, 1.0625, 1.09375, 14.761904761904763, 1.0625, 1.5, 1.0271739130434783, 1.0267389678384442, 1.1582952815829528, 1.0330015715034049, 1.0790697674418606, 1.4, 1.0445859872611465, 2.2266666666666666, 2.0, 1.094579646017699, 1.051975640844073, 1.0, 1.1666666666666667, 2.0, 1.071361502347418, 1.0, 18.0, 1.0, 1.0, 1.0, 1.0408163265306123, 2.0, 1.2380952380952381, 1.0, 1.1432835820895522, 1.1553133514986376, 1.0, 3.0, 1.150735294117647, 1.0, 1.0833333333333333, 1.3333333333333333, 10.0, 1.0, 1.1122807017543859, 1.5714285714285714, 1.2804878048780488, 1.1074380165289257, 6.725274725274725, 1.12, 1.1666666666666667, 1.2152777777777777, 1.25, 1.3333333333333333, 1.0458733581650657, 2.8, 3.0, 1.6391752577319587, 1.03125, 1.061847389558233, 1.0, 1.0, 1.0305555555555554, 2.0, 2.0, 1.0, 2.0, 2.0, 2.0, 1.2608695652173914, 1.2307692307692308, 3.0, 1.105421686746988, 1.0887573964497042, 1.4036697247706422, 1.0, 1.005323868677906, 1.0913631022326675, 1.00635593220339, 2.0, 1.1111111111111112, 1.1715328467153285, 1.0, 1.066878520872454, 2.0, 2.0, 1.0, 2.0, 1.0, 1.1951219512195121, 1.0, 2.0, 1.045148016916219, 1.0497828265953892, 1.5, 1.0377101317582917, 1.0661764705882353, 2.0, 1.0729166666666667, 1.0, 1.0, 1.098360655737705, 1.1823529411764706, 1.3846153846153846, 3.0, 1.032994090610637, 2.3333333333333335, 1.0898876404494382, 1.122282608695652, 1.050610820244328, 1.0606060606060606, 1.0905233380480905, 1.0888429752066116, 2.0, 1.0769230769230769, 2.0454545454545454, 1.064591804817016, 1.5633802816901408, 1.000257234726688, 1.2811550151975684, 1.2035541195476576, 1.0078369905956113, 2.0, 5.0, 1.0, 1.0, 11.0, 1.0, 1.1626016260162602, 1.0522088353413654, 3.0, 1.1844660194174756, 1.5714285714285714, 7.0, 1.0, 1.6666666666666667, 3.0, 1.2941176470588236, 1.0, 1.6666666666666667, 2.0, 1.2772917459109927, 1.1150729335494327, 1.4583333333333333, 1.0, 1.8, 1.3170731707317074, 1.0, 1.469325153374233, 1.0158002038735983, 1.1403508771929824, 2.0, 1.0, 5.0, 1.0, 2.5, 2.0, 2.6923076923076925, 1.1030229325920777, 3.0, 1.0, 1.303030303030303, 1.064516129032258, 1.0, 1.0534131205673758, 1.1666666666666667, 2.0, 1.0134061930783242, 1.0, 1.0, 1.7619047619047619, 1.5411255411255411, 1.2, 1.7142857142857142, 1.2516411378555798, 1.126984126984127, 1.6, 1.016281062553556, 2.0, 1.0813927863072064, 1.0, 1.0, 1.1395348837209303, 1.5, 1.0, 1.269559500328731, 1.1818181818181819, 1.0, 1.1441441441441442, 1.0, 1.0441176470588236, 1.421875, 2.0, 2.0, 1.1695501730103806, 1.113265306122449, 1.5043478260869565, 4.294117647058823, 1.054054054054054, 1.6206896551724137, 1.0, 1.5465116279069768, 1.0771971496437054, 1.0659133709981168, 1.26, 1.243142144638404, 1.0472857365064552, 2.0, 2.0, 1.0625, 1.053941908713693, 1.0, 1.3246753246753247, 1.0, 1.7269736842105263, 1.0, 1.0251497005988024, 1.0, 1.5333333333333334, 1.0, 1.0348195329087049, 1.0, 1.829268292682927, 1.5365853658536586, 1.2840909090909092, 4.0, 1.1924137931034482, 2.0, 1.5, 12.0, 1.4787234042553192, 1.380952380952381, 6.0, 2.0, 1.088235294117647, 2.0, 1.0, 2.0, 1.5555555555555556, 1.038102261553589, 1.1538461538461537, 6.242424242424242, 1.5714285714285714, 1.0912667191188041, 1.25, 1.0861423220973783, 1.96, 1.0, 1.0, 1.035930408472012, 2.0, 2.0, 1.35, 1.0, 1.0, 1.0, 1.0127850395954585, 1.0638297872340425, 1.037037037037037, 1.1668965517241379, 2.0, 1.6666666666666667, 2.0, 1.5384615384615385, 3.0, 3.0, 2.0, 1.0281151596941072, 2.0, 1.084350420395986, 1.0, 1.0, 1.1899512945398616, 1.3454545454545455, 1.0, 1.0, 1.5, 4.0, 1.3333333333333333, 1.014840182648402, 1.0, 1.1162790697674418, 1.0, 6.131147540983607, 2.0, 1.2857142857142858, 1.0, 3.4, 1.0, 2.0, 2.0, 1.08, 1.7397260273972603, 1.5, 1.0458715596330275, 1.0, 1.0, 1.2, 1.4545454545454546, 1.0, 1.25, 1.8709677419354838, 2.0, 1.6428571428571428, 1.3333333333333333, 1.8125, 1.3333333333333333, 1.1420707732634339, 1.1276849642004774, 1.125, 1.1444444444444444, 1.0, 1.0, 1.0, 1.0, 1.0222222222222221, 1.7777777777777777, 1.9782608695652173, 1.1825613079019073, 1.0, 1.618421052631579, 1.078125, 1.0, 1.4038461538461537, 1.0, 2.0, 1.0, 1.2222222222222223, 2.0, 1.2569832402234637, 2.0, 5.571428571428571, 1.1428571428571428, 1.0476190476190477, 1.3963963963963963, 8.166666666666666, 2.0, 4.0, 1.0299145299145298, 1.0, 1.0, 1.0288513881328252, 1.5, 1.1289893617021276, 1.2701525054466232, 2.5, 1.026857142857143, 1.0348837209302326, 1.057960381511372, 1.5, 1.1875, 2.0, 1.048888888888889, 1.435897435897436, 2.0, 1.2116182572614107, 1.6511627906976745, 2.0, 1.0, 1.0, 8.0, 2.5, 1.0307692307692307, 1.2764505119453924, 1.3835616438356164, 1.1626712328767124, 5.5, 1.0, 1.1818181818181819, 1.0215827338129497, 2.3529411764705883, 1.0511627906976744, 2.0, 1.0087818058995721, 1.0, 1.042808219178082, 1.0, 7.462962962962963, 1.125, 2.0, 1.0, 1.0, 1.1770978210477514, 1.9130434782608696, 1.0420548980105766, 1.0, 1.3333333333333333, 3.0, 1.0080645161290323, 1.0, 1.0, 1.4045801526717556, 2.6666666666666665, 1.0, 1.5, 1.0, 2.0, 2.0, 1.0526315789473684, 1.0957446808510638, 1.1584630041282946, 1.2380952380952381, 1.0591251885369533, 1.0, 1.4512820512820512, 3.0, 1.2357563850687623, 1.0, 1.0473684210526315, 1.0, 1.1074889867841409, 1.0, 1.0, 1.1387755102040817, 1.1428571428571428, 1.0294780927835052, 14.904761904761905, 1.0070073491710818, 1.0721442885771544, 1.0, 2.6666666666666665, 1.0422888859521606, 1.1298076923076923, 1.0, 1.0, 1.7719298245614035, 1.0, 1.5, 1.2731362467866323, 1.125, 1.0, 1.0050528249885162, 1.0, 1.4666666666666666, 1.0, 1.1140562248995984, 2.0, 2.0, 1.0635451505016722, 2.142857142857143, 1.2258064516129032, 1.0, 1.0, 1.0, 1.2789373814041747, 2.0, 3.5, 1.220532319391635, 1.253299002252977, 1.2415458937198067, 1.2450284090909092, 1.0386151797603196, 1.1333333333333333, 1.1578947368421053, 1.105263157894737, 1.2596685082872927, 2.0, 2.0, 7.796766743648961, 1.4, 1.5833333333333333, 1.0, 1.0, 2.0, 6.0, 1.0, 2.3333333333333335, 1.186335403726708, 1.123456790123457, 1.084375, 8.0, 5.0, 11.0, 1.0, 1.15625, 1.0, 2.076923076923077, 1.375, 1.1545064377682404, 3.0, 2.0, 1.2109375, 1.0710059171597632, 1.0509803921568628, 1.0, 1.5, 1.0, 1.0, 1.0, 1.5, 1.0074108383510885, 1.064343163538874, 1.2419211384524163, 1.2182344428364689, 1.2235772357723578, 6.25, 6.5, 1.096524064171123, 1.080168776371308, 1.5, 1.2144522144522145, 1.0, 1.1748120300751879, 1.1399014778325123, 2.0, 1.0714285714285714, 1.1428571428571428, 1.1818181818181819, 1.0444838730118498, 2.0, 1.0, 1.134297520661157, 2.0, 1.0, 1.043973301923832, 1.0, 1.0, 1.0, 1.3529411764705883, 1.4192139737991267, 1.5416666666666667, 1.0072289156626506, 1.3043478260869565, 1.146067415730337, 1.7302943969610636, 1.0, 1.1640910939406264, 1.0759592118907708, 2.0, 5.0, 5.909090909090909, 1.0, 1.288855193328279, 1.6798029556650247, 1.5, 1.1238680465717983, 1.0, 2.0, 1.0, 3.0, 1.1666666666666667, 2.0, 2.0, 2.0, 1.1111111111111112, 1.65712187958884, 1.1176470588235294, 8.714285714285714, 1.375, 1.4285714285714286, 1.238709677419355, 1.1463773446119898, 1.0743578188373142, 2.022598870056497, 1.0243572395128553, 1.116504854368932, 1.180281690140845, 1.0, 1.0, 1.070702402957486, 1.2578534031413613, 1.875, 1.6229508196721312, 1.0236220472440944, 2.0, 1.0850480109739369, 3.3529411764705883, 1.75, 1.2727272727272727, 1.1363636363636365, 1.0434782608695652, 1.0, 1.0677129060579456, 2.0, 1.3856041131105399, 1.0114059405940594, 1.28, 1.0, 1.044358239163434, 1.0, 13.333333333333334, 1.0340909090909092, 1.1403508771929824, 1.1481481481481481, 1.1228070175438596, 1.0, 1.0, 1.0707317073170732, 2.0, 1.154329808516719, 1.0296296296296297, 1.0, 1.15, 1.056701030927835, 1.165289256198347, 2.0, 3.0, 1.0, 1.0, 1.0104166666666667, 1.063004846526656, 1.1875, 1.1096448670677275, 1.2208588957055215, 1.6153846153846154, 1.0077595936794583, 2.0, 6.0, 1.2307692307692308, 2.0, 1.0457247370827618, 1.5, 2.0, 1.3333333333333333, 2.0, 1.1157894736842104, 1.0, 1.5128205128205128, 1.0669642857142858, 1.0, 3.0, 1.0, 1.0, 2.0, 1.0, 1.1003861003861004, 1.5, 14.555555555555555, 1.3786407766990292, 1.0909090909090908, 1.1948051948051948, 2.0, 1.1521739130434783, 2.0, 2.0, 2.0, 1.055045871559633, 1.0, 1.096774193548387, 1.0971098265895953, 1.0, 3.5, 1.0, 1.0, 2.0, 1.2111459968602827, 2.0, 1.1764705882352942, 1.3235294117647058, 1.0049693747833122, 1.5, 1.5, 1.0430534856764364, 1.5, 1.2105263157894737, 1.1904761904761905, 2.0, 1.3333333333333333, 1.0, 1.1205357142857142, 1.2698412698412698, 1.2, 1.15, 1.1111111111111112, 10.0, 2.0, 1.0, 1.0, 1.2564102564102564, 1.6, 1.0717154331612162, 1.0104463437796771, 1.0, 2.0, 1.0, 1.1135531135531136, 1.1614445702780924, 1.0467365028203062, 1.0, 1.0021551724137931, 1.060364464692483, 1.0, 1.1764705882352942, 1.18491921005386, 2.0, 1.6842105263157894, 1.0, 1.3703703703703705, 2.0, 1.1785714285714286, 1.094890510948905, 1.0338983050847457, 1.1794871794871795, 1.4, 2.0, 1.0580357142857142, 6.0, 1.0, 1.0, 3.0, 1.108433734939759, 1.0204454180357794, 1.0498338870431894, 2.0, 1.5592734225621414, 1.5, 2.25, 1.4976525821596245, 1.463768115942029, 1.0769230769230769, 2.0, 6.2153846153846155, 5.153846153846154, 1.7304347826086957, 2.0, 3.0, 1.0, 1.5, 1.31055900621118, 1.0725765946760422, 1.4, 1.3333333333333333, 1.6, 1.0407608695652173, 1.3823529411764706, 1.1083870967741936, 1.0, 1.1435897435897435, 1.1666666666666667, 1.1571428571428573, 1.0, 1.3404255319148937, 1.1988416988416988, 1.3402061855670102, 1.3333333333333333, 6.509433962264151, 1.24, 1.0, 1.0625, 1.21420071400238, 1.0, 1.25, 1.173913043478261, 7.0, 1.0, 1.6428571428571428, 1.2222222222222223, 2.0, 1.0, 2.789473684210526, 1.1992753623188406, 1.2203389830508475, 1.0833333333333333, 1.5, 1.105263157894737, 1.2483660130718954, 7.0, 1.1666666666666667, 1.0037637521713956, 1.0221213840045378, 1.5, 1.0, 1.0, 1.2857142857142858, 1.7428571428571429, 1.0666666666666667, 1.0, 1.0, 1.2222222222222223, 1.0, 1.150943396226415, 1.0846842761591655, 2.1176470588235294, 1.0769230769230769, 1.3636363636363635, 1.4366197183098592, 1.1352221506761107, 1.5, 1.3458359821996186, 1.1217391304347826, 1.1111111111111112, 2.0, 1.9, 1.0747398297067172, 1.3431372549019607, 1.0382280676398323, 1.0, 1.085368989457444, 1.0, 1.0, 1.3981981981981981, 1.1333333333333333, 1.408684546615581, 1.0888888888888888, 1.2607655502392345, 1.1943573667711598, 1.25, 1.171303074670571, 1.1907407407407407, 1.1333333333333333, 1.372093023255814, 1.6296296296296295, 2.0, 1.0571428571428572, 1.0, 1.0055555555555555, 1.1818181818181819, 1.0, 1.0560747663551402, 2.272727272727273, 1.262609649122807, 1.2820512820512822, 2.0, 1.028394612304332, 1.1428571428571428, 8.0, 3.0, 1.1818181818181819, 1.119092039800995, 1.1737523105360443, 6.9411764705882355, 1.0, 1.0594059405940595, 1.8, 1.0, 1.2727272727272727, 1.8727272727272728, 11.0, 1.1029411764705883, 1.1588235294117648, 1.3333333333333333, 1.0, 1.0055607043558852, 1.0, 1.1, 2.0, 1.2409638554216869, 1.0, 1.0713911677430616, 1.0, 1.5, 6.75, 1.5, 1.1175166297117516, 1.0840758510395248, 1.1586921850079746, 1.3669064748201438, 1.0, 1.25, 1.2138801261829653, 1.0005005005005005, 1.0, 2.0, 2.0, 1.056910569105691, 2.1, 2.0, 1.042857142857143, 2.16, 1.2255548890221957, 1.3097643097643097, 1.0, 1.1312849162011174, 4.0, 1.346820809248555, 1.0909090909090908, 1.4, 1.1474056603773586, 4.0, 1.0, 1.0093457943925233, 1.0, 1.0232558139534884, 25.043478260869566, 3.6, 1.0681818181818181, 1.2098765432098766, 1.2083333333333333, 3.0, 1.3414634146341464, 3.0, 1.1, 1.0, 1.0909090909090908, 1.026993094789705, 1.0, 2.5, 2.0, 1.0, 1.0, 1.1501283147989734, 1.0661241098677519, 1.03015873015873, 4.0, 2.0, 1.8, 1.1221973094170403, 1.0922693266832917, 1.1822660098522169, 1.0, 1.149495567104861, 1.0264700321421818, 2.0, 1.2289281997918835, 1.276847290640394, 1.0, 2.0, 1.0, 1.009090909090909, 1.2078091106290672, 1.1363636363636365, 1.0, 1.3398058252427185, 1.0, 1.7894736842105263, 1.0, 5.0, 1.0961538461538463, 1.1904761904761905, 1.0099590148236106, 1.125, 1.0, 1.1037131882202305, 1.183673469387755, 5.0625, 1.2229357798165137, 1.1827111984282908, 1.2516789254876879, 1.0, 2.0, 2.0, 1.0755467196819086, 1.0097165991902834, 1.1343283582089552, 1.0585560243788092, 1.2, 3.0, 1.0140845070422535, 2.0, 1.0, 1.0, 2.0, 1.0, 1.0250599041533546, 1.0, 1.2666666666666666]
origin-census_1.87 	max: 25.0435	99th: 11.0000	95th: 4.0000	median: 1.1651	mean: 1.7024

...Done, result: results.csv

WORKLOAD-FINISHED | Type: QueryWorkload | Progress: 3/3 | Workload-time: 39.459022 | Model-update-time: 0.000000


Experiment Summary: #data-update-times=1, #drift=1 | total-time=87.204219