Input arguments = Namespace(data_update='valueskew', update_size=8000, dataset='census', debug=False, drift_test='js', model_update='adapt', model='transformer', end2end=False, query_seed=0, random_seed=42, num_workload=3)
JSON-passed parameters = {'data_updater': {'skew_ratio': '1e-3'}, 'random_seed': 18, 'transformer': {'epochs': 0}}
MODEL-PATH=/home/kangping/code_copy/SAUCE/models/end2end/transformer/origin-census-2.8MB-model16.858-data14.989-200epochs-seed0.pt
DATASET-PATH=/home/kangping/code_copy/SAUCE/data/census/end2end/census_int.npy
Workloads: ['QueryWorkload', 'DataUpdateWorkload', 'QueryWorkload']

WORKLOAD-START | Type: QueryWorkload | Progress: 1/3
Going to run: ['python', '/home/kangping/code_copy/SAUCE/Naru/eval_model.py', '--dataset=census', '--model=transformer', '--query_seed=0', '--end2end', '--eval_type=first_estimate', '--num_workload=3', '--data_update=valueskew', '--model_update=adapt', '--random_seed=42']
Torch device: cuda:1
GET-MODEL-PATH=./models/end2end/transformer/origin-census-2.8MB-model16.858-data14.989-200epochs-seed0.pt
ckpts [PosixPath('/home/kangping/code_copy/SAUCE/models/end2end/transformer/origin-census-2.8MB-model16.858-data14.989-200epochs-seed0.pt')]
Validate Argument: DATASET="census" is valid.
load_csv_dataset - census (32561, 13)
Parsing... done, took 0.0s
Loading ckpt: /home/kangping/code_copy/SAUCE/models/end2end/transformer/origin-census-2.8MB-model16.858-data14.989-200epochs-seed0.pt
query_seed:0
origin-census_1.87 	max: 16.0000	99th: 5.0000	95th: 2.3333	median: 1.0931	mean: 1.3632
ReportEsts: [1.0, 1.0320307495195387, 1.0352112676056338, 2.0, 1.0655737704918034, 1.0729613733905579, 1.1666666666666667, 1.7142857142857142, 1.0, 1.0, 2.0, 1.225, 1.0, 1.144578313253012, 1.1055555555555556, 1.5, 1.4630872483221478, 1.0, 2.0, 1.0, 3.0, 1.0, 1.0679012345679013, 1.25, 1.0125786163522013, 1.2, 1.0, 1.0243745991019884, 1.0, 1.0576063954855397, 1.0076376086383987, 1.027027027027027, 1.4878048780487805, 1.2222222222222223, 1.0, 1.0666666666666667, 1.0, 1.09375, 2.6666666666666665, 1.1191489361702127, 2.0, 1.0, 2.0, 1.0, 1.1363636363636365, 1.0625, 1.0, 1.0248062015503876, 1.0, 1.0, 1.0, 1.75, 1.0, 6.0, 1.2528735632183907, 10.0, 1.0253164556962024, 1.1666666666666667, 1.009090909090909, 1.178343949044586, 1.337837837837838, 1.5, 1.0961538461538463, 1.0128205128205128, 1.0, 1.0, 1.0, 1.2406166219839143, 1.0, 1.0, 1.0333333333333334, 1.4090909090909092, 3.0, 1.0, 1.0841059602649006, 1.0, 1.0, 3.4285714285714284, 1.0, 1.0, 1.0, 1.0, 1.5, 1.5, 1.1398601398601398, 1.875, 1.0, 1.15, 1.0808412116534825, 1.0, 1.1142857142857143, 1.0, 1.2096774193548387, 1.25, 1.3202614379084967, 1.0, 1.1905759162303664, 5.5, 1.5319148936170213, 1.1666666666666667, 2.0, 2.0, 1.0, 1.0909090909090908, 1.0, 1.0321428571428573, 1.1099585062240664, 1.2962962962962963, 1.4229390681003584, 1.2307692307692308, 1.710144927536232, 1.0, 1.4375, 1.1111111111111112, 1.2222222222222223, 1.0, 1.0, 1.1724137931034482, 1.5, 1.0756756756756756, 2.0, 1.232741617357002, 1.674757281553398, 1.2, 1.000706963591375, 1.0, 1.0011147277834753, 1.015357867284845, 1.1196581196581197, 1.1081677704194262, 1.0, 1.0108010801080107, 2.0, 1.0, 1.0, 1.0, 1.094488188976378, 2.0, 2.0, 1.0, 1.0, 1.6666666666666667, 1.0, 1.0, 2.6666666666666665, 2.0, 1.0, 1.0476190476190477, 1.034518828451883, 1.2049180327868851, 2.4210526315789473, 1.6666666666666667, 1.0, 1.0, 1.0, 1.5, 1.0, 1.0, 1.0, 3.25, 1.25, 1.5, 1.0769230769230769, 1.0769230769230769, 1.0212765957446808, 1.1496598639455782, 1.04093567251462, 1.0627635224671725, 1.0825526932084308, 1.0769230769230769, 1.0021401819154627, 2.6, 2.0, 2.0, 1.3076923076923077, 1.150190114068441, 2.0, 1.0903351141330744, 1.0264005151320026, 1.1764705882352942, 2.0, 1.0512820512820513, 1.0204081632653061, 1.0084745762711864, 1.0526315789473684, 1.059228918795917, 1.5, 2.0, 1.045016077170418, 1.1107142857142858, 1.1428571428571428, 1.6363636363636365, 1.0473710317460319, 1.0, 1.2, 1.1363636363636365, 1.0048578625404823, 1.0, 1.3181818181818181, 1.0606060606060606, 1.0, 2.156862745098039, 2.340909090909091, 2.0, 2.0, 1.2727272727272727, 2.0, 1.0314285714285714, 3.0, 1.0, 1.0371287128712872, 1.02803738317757, 1.2666666666666666, 1.0, 1.0, 1.1, 1.1063829787234043, 1.1346031746031746, 1.0421686746987953, 1.2372881355932204, 1.0, 1.2222222222222223, 1.0096308186195826, 1.3333333333333333, 1.0, 1.1066398390342052, 1.0, 1.0, 1.0, 1.0, 1.0, 1.0769230769230769, 1.3636363636363635, 1.1176470588235294, 1.0, 1.0, 2.0, 1.1666666666666667, 1.0896414342629481, 3.0, 1.0, 1.1866666666666668, 2.5, 1.0, 1.5, 1.3333333333333333, 1.3181818181818181, 1.0, 1.0, 1.0212765957446808, 2.0, 1.1006711409395973, 1.2780748663101604, 1.5, 1.0, 1.2666666666666666, 2.5, 1.4043478260869566, 1.2380952380952381, 1.1265741039715853, 2.0, 3.0, 1.2857142857142858, 1.1290322580645162, 6.5, 1.0, 1.0, 1.0923913043478262, 2.0, 1.1666666666666667, 1.0294117647058822, 1.0, 1.0, 1.0, 1.0080118068732868, 1.2985074626865671, 1.0, 1.1238095238095238, 1.0, 2.0, 1.2727272727272727, 1.2682926829268293, 1.106060606060606, 1.25, 1.0073589533932952, 2.0, 1.043731778425656, 3.0, 1.025, 3.0, 1.40625, 1.025926637219128, 2.0, 1.0055432372505544, 1.1801801801801801, 1.0, 2.0, 1.2272727272727273, 1.0009337068160598, 1.0416666666666667, 1.1111111111111112, 2.0, 1.0, 1.3333333333333333, 1.0364963503649636, 1.213740458015267, 2.0, 1.021875, 1.4, 1.0, 1.0, 1.0, 1.0, 1.0375586854460095, 1.0, 1.0, 1.0, 1.0347624565469293, 1.0, 1.0717611613256641, 1.0, 1.193734245588765, 1.1818181818181819, 1.0, 1.0820265379975875, 1.0769230769230769, 2.0, 1.0157082002129925, 2.0, 1.0848525024859133, 1.0, 1.02, 2.0, 1.0092482807683187, 1.0, 1.0, 1.5, 4.0, 1.0, 1.0761904761904761, 1.2352941176470589, 1.105263157894737, 1.0, 1.4, 1.0980392156862746, 4.0, 1.1785714285714286, 1.0, 1.3333333333333333, 1.0, 1.0, 1.3333333333333333, 1.9333333333333333, 1.0, 1.25, 1.0990939977349943, 1.125, 1.3333333333333333, 1.0, 1.0, 1.0481049562682216, 1.6666666666666667, 1.0, 1.0204081632653061, 1.0, 1.2727272727272727, 1.0, 1.0483221476510067, 1.1261261261261262, 1.0, 1.3091397849462365, 1.8125, 1.0, 1.0, 1.3333333333333333, 1.0, 1.0, 1.0555555555555556, 1.3714285714285714, 1.2162162162162162, 1.305732484076433, 1.0, 1.0495867768595042, 1.4, 1.0, 1.2528735632183907, 1.0, 1.0, 1.0, 1.0, 1.5, 1.2925, 3.0, 1.0, 1.1818181818181819, 1.1818181818181819, 1.5833333333333333, 1.1627906976744187, 2.0, 4.0, 1.5384615384615385, 1.0454545454545454, 1.0, 1.1428571428571428, 1.3015873015873016, 2.0, 1.0565059616381545, 1.055045871559633, 1.3, 1.25, 2.5, 2.0, 1.0, 16.0, 2.0, 1.1023622047244095, 1.1724137931034482, 3.0, 1.6293103448275863, 1.3448275862068966, 1.6, 1.0, 1.109877399953736, 1.0, 1.625, 1.0627090301003344, 1.0439189189189189, 1.3529411764705883, 1.2692307692307692, 1.3387096774193548, 2.0, 1.0, 1.145679012345679, 2.5, 1.4444444444444444, 1.0, 1.1016166281755195, 1.0, 1.2762237762237763, 1.0, 1.0, 1.1428571428571428, 2.0, 1.0, 2.0, 1.1627906976744187, 1.0, 1.75, 1.0978260869565217, 1.0347826086956522, 1.1605902777777777, 1.1428571428571428, 1.173913043478261, 1.0, 2.2857142857142856, 1.0648148148148149, 2.0, 1.0110655737704919, 1.0763990267639902, 1.0, 1.0356511490866234, 1.1818181818181819, 1.0, 1.7272727272727273, 1.0, 1.1333333333333333, 3.0, 1.0, 1.001708489054992, 1.1412213740458015, 1.2608695652173914, 1.0, 1.0, 2.0, 1.2323232323232323, 1.4045801526717556, 1.2434782608695651, 1.0190114068441065, 1.0, 2.0, 1.0, 4.714285714285714, 1.2884615384615385, 1.0, 1.0, 1.0, 2.0, 1.1353383458646618, 2.0, 1.0, 2.0, 1.0, 1.490566037735849, 1.0, 1.0769230769230769, 1.2222222222222223, 1.4375, 1.3781818181818182, 1.1682656826568265, 1.309090909090909, 2.0, 2.0, 1.1304347826086956, 1.0, 4.0, 1.170780520346898, 1.0191938579654511, 1.4, 1.0, 1.1484536082474226, 8.0, 2.0, 1.102052960428444, 1.0706260032102728, 1.0384615384615385, 1.0158730158730158, 1.0411522633744856, 1.8181818181818181, 2.0, 1.2028985507246377, 1.0892018779342723, 1.188951160928743, 1.0, 1.1264367816091954, 1.015625, 1.0814814814814815, 1.1666666666666667, 1.0, 1.0375704445835943, 1.081255028157683, 1.0, 1.2387387387387387, 5.0, 2.0408163265306123, 11.0, 1.00437205315045, 1.0153846153846153, 1.0, 1.6666666666666667, 2.0, 1.1142857142857143, 2.0, 1.0996978851963746, 1.1359832635983265, 1.0501708325840675, 1.0294117647058822, 1.0138888888888888, 2.0, 1.0396085740913328, 1.0, 1.1724137931034482, 1.0, 1.005128205128205, 2.0, 2.0, 1.1428571428571428, 2.0, 1.3333333333333333, 1.1111111111111112, 1.0, 1.2337662337662338, 3.0, 1.2222222222222223, 1.311554332874828, 1.165289256198347, 1.0140845070422535, 1.07, 1.0970873786407767, 1.0, 2.0, 1.0, 3.0, 1.0526315789473684, 1.7142857142857142, 1.056540399328233, 1.7142857142857142, 2.0, 1.0425531914893618, 1.1538461538461537, 1.7315436241610738, 1.0, 1.013840830449827, 1.0, 1.0303030303030303, 1.1666666666666667, 1.0, 1.5, 1.0666666666666667, 2.6666666666666665, 1.0, 1.5, 1.0, 1.0, 1.040142497176123, 1.0215322984476716, 1.5, 1.0, 1.1, 1.3, 1.0161290322580645, 2.0, 1.2857142857142858, 1.0, 1.0612244897959184, 2.0, 1.5, 1.1411935953420669, 1.0, 1.2777777777777777, 1.0, 1.0291828793774318, 1.3780487804878048, 1.0363636363636364, 1.12, 1.0047449584816133, 1.0, 1.4, 2.0, 1.4666666666666666, 1.0, 1.1153184165232357, 1.0, 1.3118279569892473, 1.0876803551609322, 1.05, 2.0, 1.0497237569060773, 1.0, 1.0, 1.0853801169590642, 1.0, 1.3953488372093024, 1.2, 1.0476190476190477, 1.1431974921630095, 1.0, 1.1333333333333333, 1.3172690763052208, 1.0632911392405062, 1.0667808219178083, 2.0, 1.056937534549475, 2.0, 1.057615894039735, 1.0, 1.0, 1.0555555555555556, 1.8, 1.0438184663536776, 1.336283185840708, 1.118811881188119, 1.0110236220472442, 1.1666666666666667, 1.1264367816091954, 1.2777777777777777, 2.0, 1.0350877192982457, 1.0890052356020943, 1.7666666666666666, 1.0, 1.2, 1.0526315789473684, 2.0, 1.0, 2.3333333333333335, 3.0, 1.2380952380952381, 1.187571921749137, 2.0, 1.2542372881355932, 1.0, 1.0, 1.0, 1.0, 1.1428571428571428, 1.0108695652173914, 1.135135135135135, 1.46875, 1.0, 1.0, 1.2181069958847737, 1.055491595671195, 2.0, 3.0, 2.0, 1.3142857142857143, 2.3333333333333335, 1.0, 1.0, 1.0211031873089798, 1.1666666666666667, 1.0, 1.0, 1.0553191489361702, 1.3, 1.105263157894737, 1.4234234234234233, 1.0476190476190477, 1.0547945205479452, 1.0, 1.0, 3.0, 1.074468085106383, 1.0, 1.0142543859649122, 1.287037037037037, 1.1126126126126126, 1.0, 1.0055482166446499, 1.069615832363213, 1.25, 1.2095808383233533, 1.0, 1.0, 1.022581127560939, 2.0, 1.4576271186440677, 1.0, 1.108695652173913, 1.0, 1.25, 1.0628115653040877, 1.0, 1.5, 1.1, 1.25, 1.053412462908012, 1.015748031496063, 1.0833333333333333, 1.0050468637346792, 1.0327868852459017, 5.0, 1.25, 1.0434782608695652, 1.0, 1.0, 1.0, 1.088235294117647, 1.1052093973442287, 1.0, 6.0, 1.5, 1.0, 1.0, 1.0, 1.0073260073260073, 1.0468976419444078, 1.0384995064165845, 1.0, 1.1358024691358024, 1.0672888015717092, 1.0, 1.0625, 1.2017353579175705, 1.0, 2.1538461538461537, 4.0, 1.0463917525773196, 1.1560283687943262, 1.4484536082474226, 1.0371885459278543, 1.0880829015544042, 1.1345565749235473, 1.0, 1.065512978986403, 1.3379310344827586, 1.75, 1.171270718232044, 1.1167630057803468, 2.0, 2.0, 2.0, 1.0886319845857417, 1.0890052356020943, 1.2448979591836735, 1.2424242424242424, 1.0389610389610389, 1.0, 1.188118811881188, 1.0714285714285714, 1.0, 1.25, 1.2307692307692308, 1.095890410958904, 1.0, 1.4666666666666666, 1.0724193838947937, 1.0896226415094339, 1.180722891566265, 1.0, 1.0112570356472796, 1.0, 1.0303030303030303, 1.0, 1.0754098360655737, 1.0, 1.0, 2.3333333333333335, 1.0, 1.1453957996768982, 1.0, 1.0, 1.5, 1.2421052631578948, 1.0039359010402025, 1.04, 1.2333333333333334, 1.411764705882353, 1.011001100110011, 1.0394114015229472, 1.0, 1.1533333333333333, 1.0, 2.342857142857143, 1.0776699029126213, 1.5, 1.0, 3.0, 1.3461538461538463, 1.2894356005788712, 1.0, 1.0, 1.0, 1.0, 1.3098591549295775, 1.0909090909090908, 1.1055900621118013, 1.2352941176470589, 1.2074074074074075, 1.0817307692307692, 1.3048780487804879, 1.031317494600432, 1.0650584795321638, 2.0, 1.0, 1.0952380952380953, 2.0851063829787235, 1.0476190476190477, 1.0509259259259258, 1.0, 1.0909090909090908, 1.034115994380895, 1.2019230769230769, 1.097685554668795, 1.0, 1.5, 1.0416254940711462, 2.0, 1.0, 2.0, 1.0, 1.0, 1.0, 1.5609756097560976, 1.0222222222222221, 1.0, 1.0, 1.0473815461346634, 1.1741514360313317, 1.0476190476190477, 1.0, 1.075, 1.127659574468085, 1.0087847730600292, 2.0833333333333335, 1.3387096774193548, 2.0, 1.0661444734551784, 1.0668896321070234, 1.0, 1.0515781370284834, 1.1291759465478841, 1.5, 1.027027027027027, 1.4074074074074074, 2.5, 1.4666666666666666, 1.0, 1.2, 1.4096385542168675, 1.0, 7.0, 2.3333333333333335, 1.0, 2.0, 1.007081038552321, 1.1475409836065573, 1.0, 1.0377358490566038, 1.2333333333333334, 1.0, 1.1391304347826088, 1.033794162826421, 1.0026307135810588, 1.079895788102475, 1.0, 2.0, 1.3333333333333333, 1.0, 1.0, 1.1090909090909091, 1.0385208012326657, 2.0, 1.079625292740047, 1.0, 2.3181818181818183, 2.0851063829787235, 1.0, 1.1545454545454545, 1.165551839464883, 1.26, 1.303370786516854, 1.1111111111111112, 1.066079295154185, 1.043859649122807, 1.2, 2.0, 1.1825192802056554, 1.3333333333333333, 1.0, 1.0, 2.0, 1.0121212121212122, 1.0012906556530718, 1.0, 1.185203331700147, 1.3333333333333333, 1.3, 1.101123595505618, 1.0, 1.0, 1.0142348754448398, 1.1096774193548387, 1.1212303980699638, 1.1021548284118117, 1.04093567251462, 1.0, 2.0, 1.0264423076923077, 1.0, 1.4, 1.2140221402214022, 1.1786941580756014, 2.0, 2.0, 1.273170731707317, 1.2, 1.0, 1.0, 1.067318015890058, 1.0, 1.0, 1.0, 2.0, 2.0, 1.0769230769230769, 1.0, 1.1428571428571428, 1.03768115942029, 1.3333333333333333, 1.0128205128205128, 2.0, 1.0, 1.0, 1.0133273096905353, 1.0408163265306123, 1.0192678227360308, 1.3333333333333333, 2.0, 1.1985507246376812, 1.0, 1.4, 1.0775862068965518, 1.105263157894737, 1.052472631181578, 1.0587266739846324, 1.2222222222222223, 1.0, 1.0, 2.0, 1.215962441314554, 1.0, 1.0412204485754697, 1.0448631673396143, 1.0, 1.0, 1.1607142857142858, 1.0, 1.3333333333333333, 2.0, 1.5, 1.2666666666666666, 2.0, 1.25, 1.1561679790026247, 1.0, 1.0, 1.1111111111111112, 1.16, 1.0196850393700787]
origin-census_1.87 	max: 16.0000	99th: 5.0000	95th: 2.3333	median: 1.0931	mean: 1.3632

...Done, result: results.csv

WORKLOAD-FINISHED | Type: QueryWorkload | Progress: 1/3 | Workload-time: 39.406818 | Model-update-time: 0.000000


WORKLOAD-START | Type: DataUpdateWorkload | Progress: 2/3
Going to run: ['python', '/home/kangping/code_copy/SAUCE/Naru/eval_model.py', '--model=transformer', '--data_update=valueskew', '--dataset=census', '--drift_test=js', '--end2end', '--update_size=8000', '--query_seed=0', '--eval_type=drift']
Torch device: cuda:1
GET-MODEL-PATH=./models/end2end/transformer/origin-census-2.8MB-model16.858-data14.989-200epochs-seed0.pt
GET-DATASET-PATH=./data/census/end2end/census_int.npy
ValueSample - START
ValueSample - END
load_npy_dataset_from_path - df.shape = (39073, 13)
Parsing... done, took 0.0s
Data updated!
Previous data size: (32561, 13), new data size: (6512, 13)
[1.7881393e-07 2.6822090e-06 2.0861626e-06 1.0972142e-02 1.1920929e-07
 9.8347664e-06 3.6358833e-06 6.3776970e-06 4.2319298e-06 4.6610832e-05
 1.8358231e-05 2.6822090e-06 1.3828278e-05]
Distance score: 0.0008525206358171999
SAUCE Drift detection: True
Detection latency: 0.0038s

DRIFT-DETECTED after 2-th workload
Going to run: ['python', '/home/kangping/code_copy/SAUCE/Naru/incremental_train.py', '--dataset=census', '--end2end', '--model=transformer', '--model_update=adapt', '--update_size=8000', '--epochs=0']
Torch device: cuda:1
GET-MODEL-PATH=./models/end2end/transformer/origin-census-2.8MB-model16.858-data14.989-200epochs-seed0.pt
update_size: 6512
AdaptTask - START
GET-DATASET-PATH=./data/census/end2end/census_int.npy
load_npy_dataset_from_path - df.shape = (39073, 13)
Parsing... done, took 0.0s
done, took 0.0s
dataset size: 39073
train data shape: torch.Size([6512, 13]), transfer data shape:torch.Size([1302, 13])
Training done; evaluating likelihood on full data:
Epoch None Iter 0, test loss 33.4614 nats / 48.2746 bits
Saved to: /home/kangping/code_copy/SAUCE/models/end2end/transformer/origin-census-2.8MB-model16.858-data14.989-200epochs-seed0.pt
AdaptTask - END

WORKLOAD-FINISHED | Type: DataUpdateWorkload | Progress: 2/3 | Workload-time: 3.958780 | Model-update-time: 4.683562


WORKLOAD-START | Type: QueryWorkload | Progress: 3/3
Going to run: ['python', '/home/kangping/code_copy/SAUCE/Naru/eval_model.py', '--dataset=census', '--model=transformer', '--end2end', '--query_seed=0', '--eval_type=estimate', '--num_workload=3', '--data_update=valueskew', '--model_update=adapt', '--random_seed=42']
Torch device: cuda:1
GET-MODEL-PATH=./models/end2end/transformer/origin-census-2.8MB-model16.858-data14.989-200epochs-seed0.pt
ckpts [PosixPath('/home/kangping/code_copy/SAUCE/models/end2end/transformer/origin-census-2.8MB-model16.858-data14.989-200epochs-seed0.pt')]
Validate Argument: DATASET="census" is valid.
data size: 39073, total size: 39073, split index: [32560 39073]
Parsing... done, took 0.0s
Loading ckpt: /home/kangping/code_copy/SAUCE/models/end2end/transformer/origin-census-2.8MB-model16.858-data14.989-200epochs-seed0.pt
query_seed:0
origin-census_1.87 	max: 41.3333	99th: 5.5050	95th: 3.0000	median: 1.1769	mean: 1.5761
ReportEsts: [1.0521739130434782, 1.0, 1.967741935483871, 1.0, 5.0, 1.25, 1.011737089201878, 1.2222222222222223, 2.0, 1.0, 1.0928527794746488, 1.0602409638554218, 1.0555555555555556, 1.0099750623441397, 1.1176470588235294, 1.7852348993288591, 1.2166064981949458, 1.553191489361702, 1.0, 3.0, 1.2758620689655173, 1.2777777777777777, 1.0, 13.0, 2.0, 1.5, 1.1334666333416645, 1.0218181818181817, 2.3333333333333335, 1.2823889019515635, 1.003288031565103, 1.0810810810810811, 1.0255540479421077, 1.2493506493506494, 1.0714285714285714, 1.2302158273381294, 1.0, 2.0, 4.0, 1.125, 1.4257425742574257, 1.0, 1.0, 1.0532327586206895, 2.5, 1.125, 5.0, 1.703125, 1.0, 1.0, 1.058972198820556, 1.0769230769230769, 1.5, 1.0714285714285714, 1.1242138364779874, 2.6923076923076925, 2.375, 1.0704110704110703, 1.1584158415841583, 1.6666666666666667, 1.1209677419354838, 1.5, 1.8092485549132948, 2.0, 1.1521739130434783, 1.0323894132889135, 1.3385689354275743, 1.101276359600444, 1.25, 2.466666666666667, 2.0149625935162097, 1.4318181818181819, 3.5, 1.1196198993851314, 1.2069576421323884, 1.0, 1.1428571428571428, 3.75, 1.0538461538461539, 1.1666666666666667, 1.3611111111111112, 1.0, 1.0, 2.0, 1.031390134529148, 2.0, 1.0377358490566038, 1.0, 1.1649961449498842, 1.0708446866485013, 1.0, 3.0, 1.2137931034482758, 1.0, 1.0392156862745099, 1.2666666666666666, 1.0, 1.0, 1.5670731707317074, 1.5, 1.0674157303370786, 1.0838709677419356, 1.4375, 1.84375, 1.6122448979591837, 1.002932551319648, 1.0526315789473684, 1.6666666666666667, 1.1543050308212368, 1.067632850241546, 1.5, 1.2580645161290323, 1.263157894736842, 1.0872, 1.0, 1.0, 3.0, 1.0, 2.0, 1.0, 3.0, 1.0, 2.0, 1.04, 2.0, 3.5, 1.0066006600660067, 1.0655737704918034, 1.5420560747663552, 1.0, 1.1590909090909092, 1.011974380395433, 1.1336760925449871, 1.0, 1.6666666666666667, 1.2245762711864407, 1.0, 2.4594594594594597, 2.0, 1.0, 1.0, 2.0, 1.0, 1.4, 1.0, 3.0, 1.0174036777583186, 1.1311004784688996, 1.5, 1.05359394703657, 1.096949152542373, 3.0, 1.1557641537107657, 2.5, 1.0, 1.0802139037433156, 1.2176470588235293, 1.2, 3.0, 1.0371006526966677, 1.1428571428571428, 1.1256281407035176, 1.0610119047619047, 1.1564885496183206, 1.4137931034482758, 1.1528239202657806, 1.1203007518796992, 2.0, 1.2142857142857142, 1.8235294117647058, 1.4811827956989247, 2.064935064935065, 1.0805891343615395, 1.043076923076923, 1.1049618320610688, 1.0935483870967742, 1.0, 1.25, 1.0, 1.125, 4.5, 1.0, 1.0662251655629138, 1.1615384615384616, 1.0, 1.025, 1.1, 5.0, 1.0, 1.6666666666666667, 1.0, 1.3396226415094339, 1.0, 1.0, 2.0, 1.1110893800117347, 1.4272727272727272, 1.625, 1.0, 1.5178571428571428, 2.4722222222222223, 1.0, 1.1804511278195489, 1.007121057985758, 1.1159420289855073, 1.5357142857142858, 1.0, 2.75, 1.0, 2.5, 2.0, 1.0833333333333333, 1.0044338875692795, 5.0, 1.0, 1.1369509043927648, 1.1269035532994924, 2.0, 1.04614370468029, 1.0, 2.6, 1.0188762071992976, 1.0, 1.0, 1.1764705882352942, 1.498220640569395, 1.25, 11.5, 1.131336405529954, 1.0172413793103448, 7.0, 1.10498687664042, 1.0, 1.1633448554828272, 1.0, 1.0, 1.2830188679245282, 2.0, 1.0, 1.1692213366033108, 1.1590909090909092, 1.0, 1.3909090909090909, 1.0, 1.0102739726027397, 1.25, 2.0, 2.0, 1.086084306754698, 1.314309009376274, 1.1971830985915493, 1.1514818880351263, 1.21875, 1.8461538461538463, 1.0, 1.0, 1.1111111111111112, 1.098939929328622, 3.0, 1.0876944837340876, 1.0553654743390357, 2.0, 4.0, 1.1176470588235294, 3.0295566502463056, 1.0, 1.8727272727272728, 1.0, 1.3043478260869565, 1.0, 1.0423216444981862, 1.0, 1.0952380952380953, 1.0, 1.0103220478943022, 1.5, 1.1475069252077563, 1.2452830188679245, 1.0404984423676011, 1.3333333333333333, 1.2386363636363635, 2.0, 2.0, 6.25, 2.112676056338028, 1.196078431372549, 9.0, 2.0, 1.4318181818181819, 2.0, 2.0, 2.0, 1.064516129032258, 1.6206896551724137, 1.0, 1.3333333333333333, 1.0, 2.388888888888889, 1.0, 1.048063623789765, 1.1296296296296295, 1.0, 1.0, 1.2147335423197492, 2.0, 1.0, 1.2758620689655173, 1.0, 1.0, 2.0, 1.0387914230019493, 1.2361761949390815, 1.0789473684210527, 1.0182481751824817, 2.0906630581867387, 2.06031746031746, 2.0, 1.6153846153846154, 1.0, 1.0, 2.0, 1.114834673815907, 2.0, 1.07639243740419, 1.1666666666666667, 1.0, 1.0912520631926432, 1.05, 1.0, 1.0, 2.0, 4.0, 1.3333333333333333, 1.239071038251366, 1.0, 1.4441558441558442, 2.0, 1.0, 2.0, 18.0, 1.0, 1.3333333333333333, 1.0, 2.0, 2.0, 1.036144578313253, 1.1302681992337165, 1.2857142857142858, 1.0640625, 2.0, 1.0, 1.1666666666666667, 1.3636363636363635, 1.0, 1.4, 1.12, 1.0, 2.5454545454545454, 1.4285714285714286, 3.9565217391304346, 2.0, 1.1588188347964885, 1.0377149195784803, 1.4666666666666666, 1.0888610763454318, 1.0, 3.0, 1.0, 2.0, 1.148936170212766, 1.1481481481481481, 1.0227272727272727, 1.1736842105263159, 1.0, 1.027027027027027, 1.1333333333333333, 1.0, 1.2528735632183907, 1.0, 2.0, 2.0, 2.7, 2.0, 1.21, 2.0, 5.0, 1.0, 1.2592592592592593, 1.1956521739130435, 1.0851063829787233, 2.0, 3.0, 1.1355932203389831, 1.0, 1.0, 1.1806042031523643, 1.8571428571428572, 1.0873362445414847, 1.0472727272727274, 2.8, 1.2203389830508475, 1.2698412698412698, 1.0380116959064327, 1.25, 1.4, 1.0, 1.5010706638115632, 1.1044776119402986, 1.0, 1.0631399317406143, 1.5116279069767442, 1.0, 2.0, 2.0, 2.65625, 3.0, 1.2166666666666666, 1.1979522184300342, 1.044019138755981, 2.566125290023202, 1.1666666666666667, 1.0, 3.25, 1.1085271317829457, 1.0256410256410255, 1.1329479768786128, 3.0, 1.113726404101608, 2.0, 1.0133333333333334, 1.0, 2.2941176470588234, 1.25, 2.0, 2.0, 10.0, 1.1313131313131313, 1.3421052631578947, 1.0739782721158821, 5.0, 4.0, 1.5, 1.0539845758354756, 1.0, 1.4666666666666666, 1.5153846153846153, 1.8, 1.0, 1.9, 1.0, 2.0, 2.0, 1.3076923076923077, 1.2765957446808511, 1.7727272727272727, 2.0434782608695654, 1.0351669017395393, 3.0, 1.0714285714285714, 4.0, 1.5618556701030928, 4.0, 1.1106382978723404, 2.0, 1.078895463510848, 1.0, 2.0, 1.30078125, 1.4782608695652173, 1.0602449520026482, 1.0434782608695652, 1.0468032497350759, 1.008, 3.0, 3.0, 1.5588277340957828, 1.305263157894737, 1.0, 1.0, 3.0294117647058822, 1.0, 3.0, 1.167095115681234, 1.125, 1.0, 1.2790697674418605, 2.0, 1.7333333333333334, 1.0, 1.6319498825371965, 5.0, 2.0, 1.2476489028213167, 1.3076923076923077, 2.1842105263157894, 1.0, 1.0, 1.0, 2.1266233766233764, 1.170731707317073, 1.5555555555555556, 1.0888030888030888, 1.2173303421200223, 1.1111934766493698, 1.036196319018405, 1.0574098798397864, 2.25, 1.1578947368421053, 1.0204081632653061, 1.0396039603960396, 2.0, 2.0, 1.5, 1.0, 1.2592592592592593, 1.0, 1.0, 2.0, 1.0, 1.5, 2.0, 1.0101522842639594, 1.1066666666666667, 1.0727848101265822, 1.3214285714285714, 1.1458333333333333, 1.5, 1.0, 1.2, 1.0, 1.0588235294117647, 1.375, 1.4301075268817205, 3.0, 1.0, 2.5136986301369864, 1.0754039497307002, 1.3019607843137255, 1.0, 1.0, 1.0, 1.0, 1.0, 1.3333333333333333, 1.3142061281337047, 1.1076923076923078, 1.1024567280848687, 1.0267392619479734, 1.1050420168067228, 1.3333333333333333, 1.0, 1.0046038284468137, 1.029535864978903, 2.0, 1.0, 1.0, 1.3932135728542914, 1.176130895091434, 1.5, 1.1666666666666667, 1.0440251572327044, 1.4666666666666666, 1.0155062704639526, 2.0, 1.0, 1.7142857142857142, 1.0, 1.0, 1.1522237505731316, 1.0, 2.0, 2.0, 1.625, 1.4041450777202074, 1.4489795918367347, 1.1135288552507097, 5.5, 1.0096153846153846, 1.1293260473588342, 1.0, 1.0575102696910164, 1.0346399270738378, 2.0, 1.0, 2.0, 1.1666666666666667, 1.217651458489155, 1.3620689655172413, 1.0, 1.1207230471271787, 1.2, 2.0, 2.0, 2.0, 1.1517857142857142, 4.0, 2.0, 1.5, 1.6458333333333333, 1.4879356568364612, 1.2222222222222223, 1.0545454545454545, 1.5, 1.2857142857142858, 1.1574074074074074, 1.1570214488061514, 1.0403524037415706, 1.3955773955773956, 1.1625487646293888, 1.9444444444444444, 1.093278463648834, 1.0, 1.0, 1.0603408567480423, 1.2561349693251533, 1.3333333333333333, 1.0025564550489987, 1.095846645367412, 2.0, 1.0242656449553, 1.5714285714285714, 1.588235294117647, 1.1818181818181819, 1.507936507936508, 1.125, 1.1666666666666667, 1.0502054314059526, 1.0, 1.0546875, 1.059448688143474, 1.9285714285714286, 2.0, 1.0465313028764804, 1.0, 1.7142857142857142, 1.1774193548387097, 1.0727272727272728, 1.6296296296296295, 1.0, 2.0, 2.0, 1.197560975609756, 1.0, 1.568401778707821, 1.3333333333333333, 1.0, 1.2777777777777777, 1.037914691943128, 1.849002849002849, 1.5, 2.0, 1.7837837837837838, 2.0, 1.284263959390863, 1.0530085959885387, 1.4375, 1.8333333333333333, 1.196319018404908, 1.25, 1.1865796519410978, 1.0, 41.333333333333336, 1.9230769230769231, 2.0, 1.0970464135021096, 1.6666666666666667, 2.0, 1.6666666666666667, 1.0, 1.1910112359550562, 1.0, 1.2566666666666666, 1.3234200743494424, 1.0, 2.0, 1.0, 1.0, 2.0, 1.0, 1.383495145631068, 1.2, 1.0876288659793814, 1.0070921985815602, 1.4761904761904763, 1.054945054945055, 2.0, 1.1956521739130435, 1.0, 2.0, 2.0, 1.0345762711864406, 1.5, 2.5, 1.5, 1.0, 2.0, 1.0, 1.0, 2.0, 1.6226219301279834, 3.0, 1.3625, 2.2666666666666666, 1.027783558792924, 2.0, 1.5, 1.1275907967294163, 1.625, 1.5147058823529411, 1.0, 2.4, 2.0, 1.0, 1.3410672853828307, 1.0694444444444444, 5.0, 3.0, 1.5217391304347827, 2.0, 2.0, 1.0, 1.0, 1.6, 1.2857142857142858, 1.045275590551181, 1.0296934865900382, 1.0, 2.0, 1.0, 1.1245421245421245, 1.044519798731131, 1.0799492385786802, 1.0, 1.6879271070615034, 1.2360791532443627, 1.0, 1.45, 1.2790262172284643, 2.0, 1.3333333333333333, 1.0, 1.2577319587628866, 2.0, 1.2695652173913043, 1.3, 1.1192660550458715, 1.15, 1.8, 2.0, 1.1255813953488372, 1.25, 2.0, 2.0, 2.0, 2.138157894736842, 1.1237337192474675, 1.0485714285714285, 2.0, 1.2165832737669764, 1.5, 2.0, 1.2651515151515151, 1.1326530612244898, 1.2142857142857142, 1.9175824175824177, 1.5294117647058822, 1.1329479768786128, 1.3166666666666667, 1.0, 1.0, 1.0, 1.5, 1.891025641025641, 1.096783295711061, 1.4, 1.25, 1.6666666666666667, 1.0123541523678792, 1.385, 1.2335483870967743, 1.0, 1.0564102564102564, 1.0740740740740742, 1.3333333333333333, 1.0, 1.125, 1.0849673202614378, 1.074766355140187, 1.2307692307692308, 4.0, 1.125, 1.0, 1.1428571428571428, 1.0426415094339623, 1.0, 1.3380281690140845, 1.391304347826087, 1.4545454545454546, 1.0, 1.4375, 1.0613496932515338, 2.0, 1.0, 1.0857142857142856, 1.4303797468354431, 3.8666666666666667, 1.1666666666666667, 1.0, 1.1454545454545455, 1.7875, 2.4, 1.1270363666282706, 1.027495517035266, 1.0034305317324186, 2.0833333333333335, 1.0, 1.0, 6.0, 1.2, 1.123931623931624, 1.0, 2.0, 2.1875, 1.0, 1.5178571428571428, 1.0165846963284915, 2.2133333333333334, 1.125, 1.3529411764705883, 1.8027681660899655, 1.009014810045074, 1.5, 1.0416666666666667, 1.4311926605504588, 1.0555555555555556, 2.0, 1.441860465116279, 1.1101511879049677, 1.0078740157480315, 1.0445720933614484, 1.0, 1.0178571428571428, 1.0, 2.0, 1.674917491749175, 2.36, 1.710239651416122, 1.2096774193548387, 1.4620786516853932, 1.1865443425076452, 1.1153846153846154, 1.013715710723192, 1.2140151515151516, 5.0, 1.3108108108108107, 1.0465116279069768, 1.0, 1.125, 1.0, 1.0165289256198347, 1.1818181818181819, 1.0, 1.0046850598646537, 1.0, 1.07426508509541, 1.12, 2.0, 1.015445099691098, 1.0, 1.1893939393939394, 3.0, 1.3076923076923077, 1.1067450495049505, 1.0904436860068258, 1.7346938775510203, 1.0, 1.0505050505050506, 1.5, 1.0, 1.2916666666666667, 1.3333333333333333, 1.0, 1.2077922077922079, 1.0, 1.1818181818181819, 1.0, 1.0895522388059702, 1.0, 1.0714285714285714, 2.0, 1.3012048192771084, 1.0, 1.0066822875987156, 1.0, 1.1348314606741574, 1.1153846153846154, 1.3333333333333333, 1.172093023255814, 1.1382113821138211, 1.13, 1.295774647887324, 1.1428571428571428, 2.2857142857142856, 1.2230283911671924, 1.2701080432172869, 1.0, 2.0, 2.0, 1.0611702127659575, 2.2256493506493507, 2.0, 1.1142857142857143, 3.6153846153846154, 1.0473441108545034, 1.3266129032258065, 1.0, 1.1240671641791045, 2.0, 1.1111111111111112, 1.8615751789976134, 1.0714285714285714, 1.091644204851752, 1.8333333333333333, 1.0, 1.0694006309148265, 1.0, 1.3408071748878925, 1.3517786561264822, 17.0, 1.1428571428571428, 1.6029411764705883, 1.4583333333333333, 1.5, 1.04, 1.0, 1.408450704225352, 1.1818181818181819, 2.0, 1.2753834915997078, 2.0, 1.3333333333333333, 2.0, 2.0, 1.0, 1.039624808575804, 1.1671732522796352, 1.002390438247012, 2.0, 2.0, 2.111111111111111, 1.1917040358744395, 1.0, 1.3185185185185184, 1.0434782608695652, 1.1162361623616237, 1.116650808753568, 1.5, 1.2293577981651376, 1.1289662231320368, 1.0, 2.0, 1.0, 1.186131386861314, 1.0201729106628241, 1.3076923076923077, 1.0, 1.0803571428571428, 2.0, 1.75, 1.0, 1.4, 1.3157894736842106, 1.1904761904761905, 1.005354342754427, 1.3202247191011236, 1.0, 2.051094890510949, 1.2727272727272727, 1.0606060606060606, 1.6038227628149435, 1.243460764587525, 1.046443736730361, 1.0, 1.0, 2.0, 1.0400641025641026, 1.0441736481340442, 1.0573643410852713, 1.0523104155021428, 1.0816326530612246, 1.0, 1.0248138957816377, 2.0, 1.6666666666666667, 1.7746478873239437, 1.0, 1.5, 1.0245254493532672, 2.0, 1.1111111111111112]
origin-census_1.87 	max: 41.3333	99th: 5.5050	95th: 3.0000	median: 1.1769	mean: 1.5761

...Done, result: results.csv

WORKLOAD-FINISHED | Type: QueryWorkload | Progress: 3/3 | Workload-time: 39.271679 | Model-update-time: 0.000000


Experiment Summary: #data-update-times=1, #drift=1 | total-time=87.337300