Input arguments = Namespace(data_update='tupleskew', update_size=8000, dataset='census', debug=False, drift_test='js', model_update='adapt', model='transformer', end2end=False, query_seed=0, random_seed=42, num_workload=3)
JSON-passed parameters = {'data_updater': {'skew_ratio': '1e-3'}, 'random_seed': 37, 'transformer': {'epochs': 0}}
MODEL-PATH=/home/kangping/code_copy/SAUCE/models/end2end/transformer/origin-census-2.8MB-model16.858-data14.989-200epochs-seed0.pt
DATASET-PATH=/home/kangping/code_copy/SAUCE/data/census/end2end/census_int.npy
Workloads: ['QueryWorkload', 'DataUpdateWorkload', 'QueryWorkload']

WORKLOAD-START | Type: QueryWorkload | Progress: 1/3
Going to run: ['python', '/home/kangping/code_copy/SAUCE/Naru/eval_model.py', '--dataset=census', '--model=transformer', '--query_seed=0', '--end2end', '--eval_type=first_estimate', '--num_workload=3', '--data_update=tupleskew', '--model_update=adapt', '--random_seed=42']
Torch device: cuda:1
GET-MODEL-PATH=./models/end2end/transformer/origin-census-2.8MB-model16.858-data14.989-200epochs-seed0.pt
ckpts [PosixPath('/home/kangping/code_copy/SAUCE/models/end2end/transformer/origin-census-2.8MB-model16.858-data14.989-200epochs-seed0.pt')]
Validate Argument: DATASET="census" is valid.
load_csv_dataset - census (32561, 13)
Parsing... done, took 0.0s
Loading ckpt: /home/kangping/code_copy/SAUCE/models/end2end/transformer/origin-census-2.8MB-model16.858-data14.989-200epochs-seed0.pt
query_seed:0
origin-census_1.87 	max: 15.0000	99th: 5.0100	95th: 2.0833	median: 1.1000	mean: 1.3729
ReportEsts: [1.0, 1.0151228733459357, 1.2241379310344827, 2.0, 1.1206896551724137, 1.1979434447300772, 1.1428571428571428, 1.2857142857142858, 1.0, 1.0, 1.0, 1.225, 1.3333333333333333, 1.2028985507246377, 1.005050505050505, 1.0, 1.4064516129032258, 1.0, 2.0, 1.0, 1.6666666666666667, 2.0, 1.0421686746987953, 5.0, 1.119718309859155, 1.4, 1.0, 1.0707417582417582, 1.0, 1.131201504820127, 1.0951385258755881, 1.2333333333333334, 1.1639344262295082, 1.2857142857142858, 1.0, 1.2678571428571428, 2.0, 1.2280701754385965, 1.5, 1.084855627578079, 2.0, 1.0, 2.0, 1.0, 1.44, 1.108695652173913, 1.0, 1.1120457604306864, 2.0, 1.0, 1.0, 1.75, 1.0, 3.0, 1.1473684210526316, 7.0, 1.255813953488372, 1.0, 1.0724637681159421, 1.1592356687898089, 1.3026315789473684, 1.7142857142857142, 1.25, 1.0128205128205128, 1.0, 1.0, 1.0, 1.1468401486988848, 1.0, 1.4, 1.0112359550561798, 1.1818181818181819, 1.5, 1.0, 1.0920613742494996, 1.0, 1.0, 1.0434782608695652, 4.5, 1.0, 1.0, 1.0, 1.5, 1.25, 1.43, 1.6666666666666667, 1.0, 1.3478260869565217, 1.0296322741877901, 1.0, 1.1063829787234043, 1.0, 1.1923076923076923, 1.75, 1.1333333333333333, 1.3333333333333333, 1.0964408725602754, 2.5, 1.0588235294117647, 1.1666666666666667, 2.0, 2.0, 1.0, 1.0909090909090908, 1.0, 1.3714285714285714, 1.0219675262655206, 1.2962962962962963, 1.4703703703703703, 1.125, 1.078125, 1.0, 1.3529411764705883, 2.25, 1.1785714285714286, 1.0, 1.0, 1.206896551724138, 1.5, 1.1122244488977955, 1.0, 1.0856, 1.358267716535433, 1.4, 1.0166136443973135, 1.1111111111111112, 1.0127198917456022, 1.0666666666666667, 1.3764705882352941, 1.1383219954648527, 1.0, 1.0071748878923767, 1.0, 1.0, 1.0, 1.0, 1.042137718396711, 2.0, 5.0, 1.125, 1.0, 1.5217391304347827, 1.0, 1.0, 3.0, 2.0, 1.0, 1.0909090909090908, 1.1155192532088682, 1.2459016393442623, 1.0526315789473684, 1.0, 2.0, 1.0, 1.0, 1.5, 3.0, 1.0, 1.5, 4.0, 1.06, 1.5, 1.9230769230769231, 1.0714285714285714, 1.0744047619047619, 1.04930966469428, 1.1712328767123288, 1.0049875311720697, 1.168035375868604, 1.0133928571428572, 1.160470879801735, 1.4, 2.0, 2.0, 1.8888888888888888, 1.0449050086355787, 4.0, 1.0149186256781193, 1.0006439150032196, 1.3972602739726028, 2.0, 1.0612244897959184, 1.0, 1.0932203389830508, 1.3157894736842106, 1.0513680949922561, 1.5, 2.0, 1.1245674740484428, 1.1476014760147601, 1.2475247524752475, 1.5, 1.0240058195926285, 1.0, 1.1333333333333333, 1.0416666666666667, 1.021677490167383, 1.0, 1.0689655172413792, 1.0285714285714285, 1.0, 1.2941176470588236, 1.609375, 1.7777777777777777, 2.0, 1.2727272727272727, 2.0, 1.0481301939058172, 3.0, 1.0, 1.6496062992125984, 1.0490196078431373, 1.1333333333333333, 1.2, 1.0, 1.0142857142857142, 1.1304347826086956, 1.0356418429440741, 1.1098265895953756, 1.0684931506849316, 1.0, 1.1111111111111112, 1.0047923322683705, 1.4444444444444444, 1.0, 1.0036496350364963, 1.0, 1.0, 1.0, 1.0, 1.0, 1.2692307692307692, 1.1538461538461537, 1.146067415730337, 1.0, 1.0, 2.0, 1.0, 1.1230425055928412, 2.0, 1.0, 1.141025641025641, 1.5, 1.0, 1.5, 1.7142857142857142, 1.3181818181818181, 1.0, 2.0, 1.0217391304347827, 2.0, 1.0718954248366013, 1.0962566844919786, 2.0833333333333335, 1.0, 1.3333333333333333, 2.5, 1.3608695652173912, 1.1818181818181819, 1.0944165621079047, 1.0, 2.0, 1.125, 1.3142857142857143, 4.0, 1.0, 1.2307692307692308, 1.3383084577114428, 2.0, 1.2142857142857142, 1.0625, 1.0, 2.0, 1.5, 1.0413853191025921, 1.1475095785440612, 1.0, 1.0567164179104478, 1.0, 2.0, 1.2222222222222223, 1.3414634146341464, 1.0340909090909092, 2.0, 1.010664479081214, 2.0, 1.1118012422360248, 2.0, 1.0416666666666667, 2.0, 1.0222222222222221, 1.0280985373364127, 2.0, 1.0088202866593163, 1.049618320610687, 2.0, 2.0, 1.0384615384615385, 1.1669776119402986, 1.0638297872340425, 1.5555555555555556, 2.0, 1.0, 1.4651162790697674, 1.136, 1.0797962648556876, 2.0, 1.474006116207951, 1.0, 1.0, 1.0, 2.0, 1.0, 1.0289855072463767, 1.0, 1.0, 1.0, 1.1703800786369594, 1.0, 1.0309577130812804, 1.0, 1.0231481481481481, 3.6666666666666665, 2.0, 1.035796766743649, 1.1666666666666667, 2.0, 1.0559092167174093, 2.0, 1.0500481231953802, 1.0, 1.0215716486902928, 2.0, 1.0144334856867934, 1.0, 1.0, 1.5, 1.25, 1.0, 1.2696629213483146, 1.3125, 1.1538461538461537, 1.0, 1.9666666666666666, 1.1568627450980393, 2.0, 1.2352941176470589, 1.0, 1.0, 1.0, 1.0, 1.0, 1.3636363636363635, 1.0, 2.8, 1.0042933195947106, 1.2916666666666667, 6.0, 1.0, 2.0, 1.0104311543810849, 1.5, 1.0, 1.1395348837209303, 1.0, 1.0454545454545454, 1.0, 1.0136054421768708, 1.045045045045045, 1.0, 1.118279569892473, 1.0666666666666667, 1.0, 1.0, 1.3333333333333333, 1.0, 1.0, 1.0588235294117647, 1.2307692307692308, 1.1538461538461537, 1.0904255319148937, 2.0, 1.1570247933884297, 1.1666666666666667, 1.0, 1.471264367816092, 1.0, 1.0, 1.0, 1.0, 1.5, 1.2280285035629455, 1.0, 1.0, 1.0769230769230769, 1.0, 1.103448275862069, 1.255813953488372, 2.0, 3.0, 1.3333333333333333, 1.0298507462686568, 1.0, 2.227272727272727, 1.2115384615384615, 2.0, 1.0679108346293416, 1.0952380952380953, 1.1304347826086956, 1.6470588235294117, 1.5, 2.0, 2.0, 8.0, 1.3333333333333333, 1.062992125984252, 1.1379310344827587, 3.5, 1.1637931034482758, 1.5, 1.0, 1.0, 1.1078272916185639, 1.0, 1.625, 1.12677304964539, 1.010135135135135, 1.2994652406417113, 1.5, 1.3833333333333333, 2.0, 1.0, 1.0831275720164608, 1.4, 1.2538461538461538, 1.0, 1.0323325635103926, 1.0, 1.1917808219178083, 1.0, 1.6666666666666667, 1.0434782608695652, 2.0, 1.0, 2.0, 1.0, 1.0, 1.25, 1.1038251366120218, 1.1018518518518519, 1.158578856152513, 1.05, 1.0, 1.0, 1.6, 1.1020408163265305, 2.0, 1.0008709016393442, 1.0223844282238443, 1.0, 1.0470658325886208, 1.1818181818181819, 1.0, 1.1176470588235294, 2.0, 1.0222222222222221, 3.0, 1.0, 1.0352642051735574, 1.174852652259332, 1.2608695652173914, 1.0, 1.0, 2.0, 1.2121212121212122, 1.5333333333333334, 1.4591836734693877, 1.0205223880597014, 1.0, 2.0, 1.0, 2.5714285714285716, 1.2126696832579185, 1.0, 2.0, 2.0, 2.0, 1.2796610169491525, 1.0, 1.0, 1.3333333333333333, 1.0, 1.1285714285714286, 2.0, 1.2307692307692308, 1.375, 1.3529411764705883, 1.1319261213720317, 1.0125461254612547, 1.1076923076923078, 2.0, 2.0, 1.0, 3.5, 2.0, 1.1160773849232821, 1.037109375, 1.0, 1.0, 1.1556016597510372, 1.5, 2.0, 1.0932703659976388, 1.052364864864865, 1.205128205128205, 1.0129496402877698, 1.026600541027953, 1.0, 1.0, 1.2608695652173914, 1.019396551724138, 1.0895084372707264, 1.0, 1.0425531914893618, 1.0307692307692307, 1.1145038167938932, 1.0, 1.0, 1.0613650594865374, 1.150925925925926, 1.0, 1.0377358490566038, 5.0, 1.0208333333333333, 1.2222222222222223, 1.0269716626835097, 1.0615384615384615, 1.0, 1.6666666666666667, 2.0, 1.21875, 2.0, 1.2297297297297298, 1.1522546419098143, 1.0103806228373702, 1.132879045996593, 1.2217573221757323, 2.0, 1.0, 1.0, 1.2340425531914894, 8.0, 1.0483870967741935, 2.0, 1.0, 1.2857142857142858, 2.0, 4.0, 1.1111111111111112, 2.0, 1.3636363636363635, 3.0, 1.2222222222222223, 1.2303225806451612, 1.036764705882353, 1.0610328638497653, 1.1235955056179776, 1.0404040404040404, 1.0, 1.0, 1.0, 2.0, 1.0223642172523961, 2.7142857142857144, 1.0293182620981984, 1.5, 2.0, 1.4042553191489362, 1.0461538461538462, 1.0973154362416107, 1.0, 1.0288350634371395, 1.0, 1.375, 1.3333333333333333, 1.0, 1.5, 1.0212765957446808, 2.0, 2.0, 2.5, 2.0, 1.0, 1.0312715368711234, 1.0075681130171543, 1.5, 1.0625, 1.1, 1.368421052631579, 1.118595825426945, 2.0, 1.2303206997084548, 1.0, 1.0282485875706215, 2.0, 1.5, 1.0472560975609757, 1.0, 1.3333333333333333, 1.0, 1.0325141776937619, 1.0353982300884956, 1.0175438596491229, 1.1914893617021276, 1.0212514757969304, 1.0, 1.4, 2.0, 1.1, 1.0, 1.1003787878787878, 1.0, 1.3707865168539326, 1.1529411764705881, 1.0526315789473684, 1.0, 1.1585365853658536, 1.0, 1.0, 1.103448275862069, 1.0, 1.3636363636363635, 1.2, 1.4482758620689655, 1.1280623608017817, 1.0, 1.0666666666666667, 1.2652439024390243, 1.1518987341772151, 1.0510966497951313, 2.0, 1.1220657276995305, 1.25, 1.0543046357615895, 1.0, 1.0, 1.0263157894736843, 1.8, 1.0397505845674202, 1.1102941176470589, 1.12852800694746, 1.014018691588785, 1.211111111111111, 1.103448275862069, 1.1666666666666667, 1.0, 1.3157894736842106, 1.068062827225131, 1.9666666666666666, 1.0, 1.1333333333333333, 1.05, 2.0, 1.0, 7.0, 2.0, 1.0476190476190477, 1.071651090342679, 1.0, 1.0508474576271187, 1.0, 1.0, 1.0, 1.0, 1.2040816326530612, 1.1004784688995215, 1.2380952380952381, 1.3617021276595744, 1.0, 1.0, 2.7, 1.1175036567528036, 2.0, 3.0, 1.0, 1.1330049261083743, 1.0714285714285714, 1.0, 1.3333333333333333, 1.0065492650269248, 1.2916666666666667, 1.0, 1.0, 1.1063829787234043, 1.2, 1.0952380952380953, 1.2906976744186047, 1.1666666666666667, 1.0266666666666666, 1.0, 2.0, 3.0, 3.2413793103448274, 1.0, 1.0424346335190742, 1.0485436893203883, 1.0262762762762763, 1.0, 1.0173750334135259, 1.0467076782866256, 6.0, 1.0891089108910892, 1.0, 1.0, 1.0261772448084234, 2.0, 3.3076923076923075, 15.0, 1.358695652173913, 1.0, 1.25, 1.0675422138836772, 1.0, 1.5, 1.15, 1.25, 1.0836012861736335, 1.1944444444444444, 1.125, 1.0757029560201874, 1.0158730158730158, 2.5, 1.25, 1.0, 1.0, 1.0, 1.0, 1.054054054054054, 1.0126345343940102, 1.0, 6.0, 1.5, 1.0, 1.0, 1.0, 1.1355311355311355, 1.0591763294682126, 1.0415841584158416, 1.0, 1.0407239819004526, 1.111366774045099, 1.0, 1.2142857142857142, 1.2477477477477477, 1.0, 2.1538461538461537, 1.0, 1.0104166666666667, 1.4539007092198581, 1.124, 1.0435105987355895, 1.3375796178343948, 1.1498470948012232, 1.0, 1.1728538283062646, 1.2620689655172415, 1.4166666666666667, 1.164835164835165, 1.0416184971098266, 1.0, 2.0, 2.0, 1.065635609204074, 1.04, 1.1311475409836065, 1.121212121212121, 1.025974025974026, 1.0, 1.160919540229885, 1.4, 1.0, 1.3333333333333333, 1.4615384615384615, 1.00625, 1.0, 2.0, 1.0329245758441121, 1.1, 1.321285140562249, 1.0, 1.0141524869109948, 1.0, 1.0625, 1.0, 1.0132890365448506, 1.0, 1.0, 2.3333333333333335, 1.5, 1.0098730606488011, 1.0, 1.0, 1.25, 1.0338983050847457, 1.0469070653767223, 1.04, 1.3333333333333333, 1.1764705882352942, 1.233005366726297, 1.0161555875694588, 1.0, 1.300751879699248, 1.0, 2.142857142857143, 1.0953947368421053, 1.5, 1.0, 4.5, 1.5217391304347827, 1.0919117647058822, 1.0, 1.0, 1.0, 1.0, 1.0704225352112675, 1.0909090909090908, 1.1118012422360248, 1.26, 1.1111111111111112, 1.2, 1.2804878048780488, 1.0017482517482517, 1.0185312285518189, 1.05, 1.0, 1.0952380952380953, 1.553191489361702, 1.0476190476190477, 1.0179372197309418, 1.0, 1.0909090909090908, 1.0224206349206348, 1.2755102040816326, 1.0244292569434346, 1.0, 1.0, 1.039649209486166, 1.0, 2.0, 2.0, 1.0, 1.6666666666666667, 1.0, 2.073170731707317, 1.326086956521739, 1.0, 1.0, 1.112219451371571, 1.1100962725253023, 1.0425921087013326, 1.0, 1.7391304347826086, 1.0921985815602837, 1.026354319180088, 1.02, 1.3545994065281899, 2.0, 1.0497000856898029, 1.1076388888888888, 1.0833333333333333, 1.0256222547584188, 1.2271714922048997, 9.0, 1.2837837837837838, 1.3333333333333333, 2.0, 1.0, 1.0, 1.1538461538461537, 1.4268292682926829, 1.0, 7.0, 3.0, 1.3333333333333333, 1.0, 1.05859375, 1.09375, 1.1666666666666667, 1.2222222222222223, 1.0714285714285714, 1.0, 1.0737704918032787, 1.0492672279388837, 1.0816661200393571, 1.1294277929155314, 1.2, 1.6, 1.3333333333333333, 2.0, 1.0, 1.5277777777777777, 1.1610017889087656, 1.0, 1.1019522776572668, 1.0, 3.1875, 1.3611111111111112, 1.0, 1.076271186440678, 1.0690184049079754, 1.1886792452830188, 1.202247191011236, 1.4444444444444444, 1.1487341772151898, 1.1176470588235294, 1.7142857142857142, 1.5, 1.014341590612777, 1.0, 1.0, 1.0, 2.0, 1.0166358595194085, 1.0773081201334815, 1.0, 1.0970521541950113, 1.6666666666666667, 1.0, 1.2040816326530612, 1.0, 1.0, 1.0025062656641603, 1.048780487804878, 1.0610730593607305, 1.0861931364724662, 1.0350877192982457, 1.0, 1.0, 1.0097087378640777, 1.0, 1.45, 1.1318807339449541, 1.0408163265306123, 2.0, 3.0, 1.302439024390244, 1.7142857142857142, 1.0, 1.0, 1.0132783422190927, 1.0, 2.0833333333333335, 1.0, 2.0, 2.0, 1.0256410256410255, 1.1578947368421053, 1.5357142857142858, 1.0202898550724637, 1.5, 1.054054054054054, 2.0, 2.0, 1.0, 1.0305536411670113, 1.017605633802817, 1.1400862068965518, 1.0, 2.0, 1.1282401091405183, 1.25, 1.84, 1.0853333333333333, 1.105263157894737, 1.0493037260067746, 1.0960227272727272, 1.5714285714285714, 1.0, 1.5, 1.0, 1.1833333333333333, 1.0, 1.0501649524548806, 1.0747577295800645, 1.8333333333333333, 1.0, 1.0135746606334841, 1.0, 1.5, 2.0, 2.0, 1.0975609756097562, 2.0, 1.0, 1.1225879682179343, 1.0, 1.0, 1.3333333333333333, 1.16, 1.054989816700611]
origin-census_1.87 	max: 15.0000	99th: 5.0100	95th: 2.0833	median: 1.1000	mean: 1.3729

...Done, result: results.csv

WORKLOAD-FINISHED | Type: QueryWorkload | Progress: 1/3 | Workload-time: 39.315198 | Model-update-time: 0.000000


WORKLOAD-START | Type: DataUpdateWorkload | Progress: 2/3
Going to run: ['python', '/home/kangping/code_copy/SAUCE/Naru/eval_model.py', '--model=transformer', '--data_update=tupleskew', '--dataset=census', '--drift_test=js', '--end2end', '--update_size=8000', '--query_seed=0', '--eval_type=drift']
Torch device: cuda:1
GET-MODEL-PATH=./models/end2end/transformer/origin-census-2.8MB-model16.858-data14.989-200epochs-seed0.pt
GET-DATASET-PATH=./data/census/end2end/census_int.npy
TupleSkewSample - START
0.001
TupleSkewSample - END
load_npy_dataset_from_path - df.shape = (39073, 13)
Parsing... done, took 0.0s
Data updated!
Previous data size: (32561, 13), new data size: (6512, 13)
[7.8612566e-04 3.8683414e-04 5.5849552e-05 3.3116341e-04 3.6966801e-03
 1.0521412e-03 8.9228153e-05 1.0650158e-03 3.8611889e-04 6.6447258e-03
 1.5997887e-04 2.6994348e-03 1.4400482e-03]
Distance score: 0.0014456418575718999
SAUCE Drift detection: True
Detection latency: 0.0037s

DRIFT-DETECTED after 2-th workload
Going to run: ['python', '/home/kangping/code_copy/SAUCE/Naru/incremental_train.py', '--dataset=census', '--end2end', '--model=transformer', '--model_update=adapt', '--update_size=8000', '--epochs=0']
Torch device: cuda:1
GET-MODEL-PATH=./models/end2end/transformer/origin-census-2.8MB-model16.858-data14.989-200epochs-seed0.pt
update_size: 6512
AdaptTask - START
GET-DATASET-PATH=./data/census/end2end/census_int.npy
load_npy_dataset_from_path - df.shape = (39073, 13)
Parsing... done, took 0.0s
done, took 0.0s
dataset size: 39073
train data shape: torch.Size([6512, 13]), transfer data shape:torch.Size([1302, 13])
Training done; evaluating likelihood on full data:
Epoch None Iter 0, test loss 11.2854 nats / 16.2814 bits
Saved to: /home/kangping/code_copy/SAUCE/models/end2end/transformer/origin-census-2.8MB-model16.858-data14.989-200epochs-seed0.pt
AdaptTask - END

WORKLOAD-FINISHED | Type: DataUpdateWorkload | Progress: 2/3 | Workload-time: 4.075416 | Model-update-time: 4.591618


WORKLOAD-START | Type: QueryWorkload | Progress: 3/3
Going to run: ['python', '/home/kangping/code_copy/SAUCE/Naru/eval_model.py', '--dataset=census', '--model=transformer', '--end2end', '--query_seed=0', '--eval_type=estimate', '--num_workload=3', '--data_update=tupleskew', '--model_update=adapt', '--random_seed=42']
Torch device: cuda:1
GET-MODEL-PATH=./models/end2end/transformer/origin-census-2.8MB-model16.858-data14.989-200epochs-seed0.pt
ckpts [PosixPath('/home/kangping/code_copy/SAUCE/models/end2end/transformer/origin-census-2.8MB-model16.858-data14.989-200epochs-seed0.pt')]
Validate Argument: DATASET="census" is valid.
data size: 39073, total size: 39073, split index: [32560 39073]
Parsing... done, took 0.0s
Loading ckpt: /home/kangping/code_copy/SAUCE/models/end2end/transformer/origin-census-2.8MB-model16.858-data14.989-200epochs-seed0.pt
query_seed:0
origin-census_1.87 	max: 220.0000	99th: 210.0000	95th: 98.5000	median: 1.2366	mean: 11.4520
ReportEsts: [1.2525252525252526, 1.0, 1.1020408163265305, 1.0, 5.0, 1.0277777777777777, 1.232722143864598, 1.1134020618556701, 1.0, 1.0, 1.006597031335899, 1.1395348837209303, 1.08, 1.2455089820359282, 1.1016949152542372, 1.1355721393034826, 2.2171945701357467, 1.0638297872340425, 1.0, 191.0, 1.164835164835165, 2.111111111111111, 2.0, 1.1, 1.0, 1.0, 104.5, 1.2364532019704433, 1.7142857142857142, 1.1283312833128332, 1.0303722311029915, 1.2162162162162162, 1.0081794811871934, 1.3709677419354838, 1.2727272727272727, 1.471830985915493, 1.0, 1.0, 1.75, 14.733333333333333, 1.063157894736842, 2.0, 92.5, 1.0647606670998484, 2.5, 1.25, 1.0, 1.4505494505494505, 1.0, 1.0, 1.0056068862039012, 1.0454545454545454, 1.0, 1.0666666666666667, 1.4710365853658536, 51.5, 4.375, 1.012718600953895, 1.3218390804597702, 1.25, 1.9705882352941178, 205.0, 207.0, 1.5, 1.2451612903225806, 1.0642697466467959, 1.02734375, 1.0807935595169638, 1.1100478468899522, 1.1, 3.1136363636363638, 1.2380952380952381, 1.3333333333333333, 1.0078546882670594, 1.1180925666199157, 1.0, 1.1666666666666667, 211.0, 1.1603875134553283, 1.8333333333333333, 110.0, 1.0, 1.0, 204.0, 1.1536670547147847, 3.0, 2.1, 1.0, 2.2127659574468086, 1.108991825613079, 1.0, 2.0, 1.24609375, 1.0, 1.0416666666666667, 1.3333333333333333, 70.0, 1.0, 1.1222707423580787, 1.375, 3.341463414634146, 1.0521739130434782, 93.0, 1.0, 1.2448979591836735, 1.0902777777777777, 1.0227272727272727, 1.3333333333333333, 1.1100735148023049, 1.251074278698588, 3.0, 1.1794871794871795, 1.0416666666666667, 1.2143426294820716, 1.0, 1.0, 1.1619812583668006, 2.0, 2.0, 1.0, 2.0, 1.0, 1.0, 1.9166666666666667, 200.0, 3.0, 1.4131274131274132, 1.1144708423326133, 1.8636363636363635, 2.0, 1.4936170212765958, 1.0902366863905326, 1.0321888412017168, 1.5, 1.5, 1.3940677966101696, 1.0, 1.1776393831553973, 2.0, 1.0, 1.0, 2.0, 1.0, 1.4, 1.0, 2.0, 1.0363215731636783, 1.0025167785234899, 1.0, 1.4805825242718447, 1.187883435582822, 2.0, 1.103076923076923, 33.8, 1.0, 1.1366459627329193, 1.2588235294117647, 1.4444444444444444, 3.0, 1.0406596995427826, 7.0, 1.1741573033707866, 1.2946428571428572, 1.0710059171597632, 1.0740740740740742, 1.0618909665525416, 1.0268595041322315, 184.0, 1.0833333333333333, 2.2941176470588234, 2.129353233830846, 1.7662337662337662, 1.0063938618925832, 1.121771217712177, 1.0087859424920127, 1.1846758349705304, 1.0, 1.3333333333333333, 1.0, 104.5, 1.8, 1.0, 1.0165289256198347, 1.0481927710843373, 1.0, 1.087378640776699, 1.4, 4.0, 1.0, 1.6666666666666667, 1.0, 1.7641509433962264, 1.0, 1.5, 2.0, 1.1464646464646464, 1.3026819923371646, 1.5, 1.0, 1.59375, 1.59375, 1.0, 1.460122699386503, 1.0775594622543951, 1.528301886792453, 1.8214285714285714, 1.0, 4.0, 1.0, 1.0, 3.5, 1.9230769230769231, 1.0263401109057302, 3.0, 99.0, 211.0, 1.4085365853658536, 1.0, 1.1185410334346504, 1.5, 3.24, 1.0728941281802582, 1.0, 1.0, 1.1777777777777778, 1.1601423487544484, 1.0, 1.4285714285714286, 1.2150943396226415, 1.3518518518518519, 1.6, 1.0516795865633075, 2.0, 1.0692671228045425, 1.0, 1.0, 1.1264367816091954, 2.0, 212.0, 1.2502374169040835, 1.1590909090909092, 1.0, 1.125984251968504, 1.0, 1.3950617283950617, 1.4375, 1.5, 1.0, 210.0, 1.0699907091978942, 1.4782608695652173, 1.3066666666666666, 1.15625, 1.5384615384615385, 1.0, 1.1804577464788732, 1.1349934469200524, 1.580188679245283, 1.645631067961165, 1.6132756132756132, 1.042563216585519, 2.0, 3.25, 1.0666666666666667, 1.0298507462686568, 191.0, 1.7212121212121212, 1.0, 1.00942380183091, 1.0, 1.8441926345609065, 1.0, 1.0666666666666667, 1.0, 1.1436327739387957, 1.5, 3.5977011494252875, 1.5853658536585367, 1.2348484848484849, 4.0, 1.050624133148405, 2.0, 1.5, 3.0476190476190474, 1.407079646017699, 1.380952380952381, 2.6666666666666665, 2.0, 1.6701030927835052, 2.0, 2.0, 3.0, 1.1481481481481481, 2.5217391304347827, 1.1538461538461537, 98.5, 200.0, 205.0, 1.7058823529411764, 1.1185064935064934, 1.1142857142857143, 1.0, 1.0, 1.1135931558935361, 2.0, 1.0, 1.380952380952381, 1.0, 1.0, 1.0, 1.0847457627118644, 1.1900097943192949, 1.1384615384615384, 1.0103011093502376, 1.0454048140043763, 1.5582822085889572, 2.0, 1.5384615384615385, 1.0, 1.0, 2.0, 1.0431748800697775, 2.0, 1.0778097982708934, 1.25, 1.0, 1.2505989458552946, 1.2727272727272727, 1.0, 1.0, 2.0, 2.0, 1.3333333333333333, 1.4202127659574468, 1.0, 1.212987012987013, 1.0, 213.0, 2.0, 1.2196531791907514, 1.0, 1.0, 1.0, 2.0, 2.0, 1.4242424242424243, 1.3632075471698113, 2.1666666666666665, 1.3068391866913125, 198.0, 1.0, 1.0, 1.3636363636363635, 1.0, 2.5, 1.36, 1.0, 1.5333333333333334, 1.2857142857142858, 1.0816326530612246, 1.5, 1.0261519302615194, 1.0670974155069584, 1.0476190476190477, 1.2333333333333334, 1.0, 104.5, 1.0, 1.0, 4.78, 1.125, 1.0714285714285714, 1.05720823798627, 1.0, 1.1, 1.125, 1.0, 1.367816091954023, 1.0, 1.0, 1.0, 1.2105263157894737, 2.5, 1.1956882255389718, 2.0, 3.8026315789473686, 1.1818181818181819, 3.380952380952381, 1.1851851851851851, 65.66666666666667, 2.0, 5.0, 1.0809523809523809, 198.0, 1.0, 1.0506072874493928, 1.5, 1.063716814159292, 1.3713692946058091, 2.5, 215.0, 1.1111111111111112, 1.306896551724138, 1.25, 1.2666666666666666, 1.0, 1.1799687010954616, 1.1486486486486487, 205.0, 1.1533333333333333, 1.4883720930232558, 2.0, 1.0, 1.5, 213.0, 2.6666666666666665, 1.0806451612903225, 1.38, 1.1909871244635193, 4.851063829787234, 1.6, 1.0, 1.4444444444444444, 1.26890756302521, 2.967741935483871, 1.5260115606936415, 1.0, 1.2061506385196767, 52.25, 1.283828382838284, 103.0, 44.2, 1.2, 2.0, 1.0, 13.0, 1.0700995240155777, 1.8915094339622642, 1.0749135612754515, 1.0, 1.0, 1.6666666666666667, 210.0, 1.0, 1.875, 1.1851851851851851, 4.615384615384615, 1.0, 1.8, 1.0, 2.0, 2.0, 2.5, 2.912621359223301, 1.0325358851674642, 2.238095238095238, 1.0261846604787495, 1.0, 1.1743589743589744, 3.0, 1.105263157894737, 2.0, 1.489795918367347, 1.0, 1.1325178389398574, 1.0, 1.0, 1.0681003584229392, 6.3125, 1.06578501186843, 196.0, 1.022049744222967, 1.0574162679425838, 5.916666666666667, 1.3333333333333333, 1.049140049140049, 2.327485380116959, 1.0, 1.0, 6.833333333333333, 1.0, 3.0, 1.1002265005662515, 1.125, 1.0, 1.1887169246130804, 3.0, 2.066666666666667, 1.0, 1.0043290043290043, 1.0, 2.0, 4.081632653061225, 8.44, 3.058139534883721, 1.0, 1.4285714285714286, 1.0, 1.14721723518851, 2.75, 31.666666666666668, 1.1238938053097345, 1.1903875968992248, 1.0358490566037737, 1.0489098408956983, 1.069408740359897, 1.0909090909090908, 1.1578947368421053, 1.139240506329114, 1.2430939226519337, 211.0, 2.0, 2.2933333333333334, 1.2, 6.696969696969697, 1.0, 1.0, 2.0, 197.0, 1.5, 2.0, 1.1490683229813665, 1.0121951219512195, 1.2565055762081785, 2.2901234567901234, 1.3401826484018264, 8.0, 1.0, 1.15625, 1.0, 12.0, 1.375, 1.0343347639484979, 2.0, 1.0, 2.168918918918919, 1.0927021696252466, 1.5364238410596027, 1.0, 1.181338028169014, 1.0, 1.0, 1.0, 1.5, 1.0067750677506775, 1.1072386058981234, 1.226235741444867, 1.063432397509691, 1.2653061224489797, 1.0, 200.0, 1.1727931312047224, 1.443298969072165, 1.0, 1.2723492723492724, 1.0, 1.065911431513903, 1.1248196248196247, 1.0, 1.0714285714285714, 1.5634920634920635, 1.6111111111111112, 1.0925326776239161, 2.0, 106.5, 1.4454022988505748, 1.0, 1.0, 1.2994604316546763, 1.0, 2.0, 2.0, 1.0, 1.2797927461139897, 1.3181818181818181, 1.194891201513718, 2.0, 2.702970297029703, 1.516464471403813, 1.0, 1.1141613659189822, 1.4083629893238434, 194.0, 2.0, 29.142857142857142, 13.928571428571429, 1.1214099216710183, 1.0419161676646707, 1.0, 1.0112942612942613, 1.2, 2.0, 1.3333333333333333, 2.0, 1.072538860103627, 1.75, 2.0, 6.5, 17.0, 1.146788990825688, 1.375, 2.529166666666667, 1.375, 1.4285714285714286, 1.016, 1.2921393841166937, 1.0044468546637744, 1.3417721518987342, 1.1470588235294117, 1.1931818181818181, 1.1666666666666667, 1.0, 2.0, 1.0008016032064129, 1.2893982808022924, 1.2608695652173914, 1.2125984251968505, 1.0590551181102361, 2.0, 1.0384615384615385, 1.5714285714285714, 15.4, 1.375, 1.0, 1.5, 2.5, 1.0354351782464404, 107.0, 1.3793103448275863, 1.0145180483934946, 1.368421052631579, 1.0, 1.0473998294970162, 2.0, 71.33333333333333, 3.1739130434782608, 1.4130434782608696, 1.6666666666666667, 2.7934782608695654, 1.0, 1.0, 1.549618320610687, 1.0, 1.0097959183673468, 1.0451127819548873, 1.0, 1.15, 1.2395209580838322, 1.1066666666666667, 2.0, 65.0, 1.1, 1.0, 1.5590062111801242, 1.1744749596122779, 1.40625, 1.625, 1.1226993865030674, 1.4615384615384615, 1.0630258302583027, 2.0, 214.0, 1.3333333333333333, 2.0, 1.2724056603773586, 3.0, 1.6666666666666667, 1.3333333333333333, 1.0, 1.64, 2.0, 1.0739130434782609, 1.4151785714285714, 1.0, 2.0, 2.0, 1.0, 2.0, 1.0, 1.4595744680851064, 1.6, 52.0, 2.0555555555555554, 1.0952380952380953, 1.2337662337662338, 1.0, 1.1521739130434783, 2.0, 2.0, 2.0, 1.0860799438990183, 1.0, 16.076923076923077, 14.714285714285714, 1.0, 3.5, 1.0, 1.0, 105.0, 1.0901826484018264, 2.0, 1.1627906976744187, 6.0, 167.0, 209.0, 1.5, 1.25385266723116, 1.625, 53.25, 1.05, 2.006622516556291, 1.3333333333333333, 1.0, 1.3216494845360824, 1.2380952380952381, 5.0, 6.5, 1.2608695652173914, 105.0, 2.0, 2.0, 1.0, 1.2571428571428571, 2.5, 1.0894069046916495, 1.2169459962756053, 1.0, 1.0, 1.0, 1.6988847583643123, 1.0059899454487111, 1.0461538461538462, 1.0, 1.2482758620689656, 1.0291811846689896, 1.0, 1.2352941176470589, 1.3917137476459511, 2.0, 1.3333333333333333, 1.0, 1.2938144329896908, 2.0, 1.3652173913043477, 1.0072992700729928, 1.1192660550458715, 2.2935153583617747, 1.2, 2.0, 1.2857142857142858, 2.5, 194.0, 1.0, 2.0, 2.739130434782609, 1.0391722099039171, 1.3488372093023255, 2.0, 1.7621082621082622, 2.0, 1.0714285714285714, 1.1301115241635689, 1.4202898550724639, 1.0, 42.5, 4.0, 13.25, 1.58125, 220.0, 1.0, 1.0, 1.375, 23.22222222222222, 1.2053760905446829, 1.4, 1.3333333333333333, 2.646551724137931, 1.25, 1.0046296296296295, 1.2529032258064516, 1.0, 1.7072072072072073, 1.2083333333333333, 1.087719298245614, 1.0, 1.297872340425532, 1.2200435729847494, 2.5798319327731094, 1.1666666666666667, 63.666666666666664, 2.0526315789473686, 1.0, 1.0714285714285714, 1.0514469453376205, 1.0, 1.2483660130718954, 1.3478260869565217, 2.3617021276595747, 1.0, 1.6428571428571428, 1.0763983628922238, 106.5, 1.0, 1.0666666666666667, 1.144927536231884, 1.394736842105263, 1.1666666666666667, 1.5, 1.05, 1.2213740458015268, 1.6, 4.365384615384615, 1.049757281553398, 1.0723514211886305, 1.1904761904761905, 1.0, 1.0, 7.068965517241379, 1.3, 1.0308370044052864, 92.5, 2.0, 1.0937251787132645, 1.0, 1.3392857142857142, 1.0164314071460079, 2.406015037593985, 1.1923076923076923, 1.2592592592592593, 1.0515151515151515, 1.0145985401459854, 1.0, 207.0, 1.1517857142857142, 1.1067618959280214, 2.0, 1.6129032258064515, 1.092116182572614, 1.336734693877551, 1.020420155722051, 164.0, 2.178130511463845, 1.0, 105.0, 1.0207336523125996, 1.2, 1.4339378238341969, 1.0933333333333333, 1.4648876404494382, 1.323076923076923, 1.0833333333333333, 1.030065359477124, 1.1114808652246255, 9.0, 2.4214876033057853, 1.5555555555555556, 2.0, 38.6, 1.0, 1.3001579778830963, 1.231578947368421, 1.0, 1.0996846531184303, 16.923076923076923, 1.2502756339581036, 1.04, 1.0, 98.5, 1.1428571428571428, 2.6272727272727274, 2.0, 1.0909090909090908, 1.0265638389031706, 1.110105580693816, 99.5, 1.0, 1.1555555555555554, 1.8, 1.0, 1.2173913043478262, 2.4285714285714284, 22.77777777777778, 1.0, 1.054054054054054, 1.5555555555555556, 1.0, 1.0165886856656743, 1.0, 1.2222222222222223, 2.0, 1.2891566265060241, 2.0, 1.041243379352262, 1.0, 1.6022304832713754, 2.967391304347826, 1.5, 1.0402843601895735, 3.022727272727273, 1.135, 1.3305084745762712, 1.1754385964912282, 1.1111111111111112, 1.1687537268932617, 1.237094837935174, 1.0, 2.0, 2.0, 1.1318327974276527, 210.0, 1.0, 1.1571428571428573, 1.205128205128205, 1.100607697501688, 1.755639097744361, 1.0, 1.2312673450508789, 3.0, 1.6378600823045268, 1.2192513368983957, 1.4, 1.0737028301886793, 1.5, 1.0, 1.1760644418872268, 1.0, 1.1973094170403586, 2.7714285714285714, 1.1333333333333333, 1.1944444444444444, 1.5294117647058822, 1.125, 3.0, 1.2195121951219512, 207.0, 1.3784860557768925, 1.3181818181818181, 3.057894736842105, 1.3852564102564102, 1.0, 1.0, 2.0, 194.0, 1.0, 1.0784425451092117, 1.0228136882129277, 1.0245746691871456, 1.3333333333333333, 2.0, 1.0, 1.0302690582959642, 2.984, 1.3075170842824602, 1.3157894736842106, 1.1552090715804395, 1.011810261374637, 1.0, 1.1774033696729436, 1.3094555873925502, 1.0, 4.0, 1.0, 1.9531914893617022, 1.3702090592334495, 2.8333333333333335, 1.0, 2.134020618556701, 1.0, 1.5555555555555556, 2.0, 1.6, 1.3636363636363635, 1.3333333333333333, 1.0550785997099064, 2.314814814814815, 1.0, 1.3583959899749374, 1.1372549019607843, 1.2758620689655173, 1.1743119266055047, 1.089922480620155, 1.0702020202020202, 1.0, 1.0, 1.0, 1.1146025878003696, 1.0285474391267841, 1.2367066895368781, 1.0647228154889032, 2.701923076923077, 1.0, 1.106761565836299, 2.0, 2.0, 21.5, 1.0, 1.0, 1.657505285412262, 185.0, 1.3333333333333333]
origin-census_1.87 	max: 220.0000	99th: 210.0000	95th: 98.5000	median: 1.2366	mean: 11.4520

...Done, result: results.csv

WORKLOAD-FINISHED | Type: QueryWorkload | Progress: 3/3 | Workload-time: 41.355523 | Model-update-time: 0.000000


Experiment Summary: #data-update-times=1, #drift=1 | total-time=89.354089