Input arguments = Namespace(data_update='sample', update_size=8000, dataset='census', debug=False, drift_test='js', model_update='adapt', model='transformer', end2end=False, query_seed=0, random_seed=42, num_workload=3)
JSON-passed parameters = {'data_updater': {'skew_ratio': '1e-3'}, 'random_seed': 89, 'transformer': {'epochs': 0}}
MODEL-PATH=/home/kangping/code_copy/SAUCE/models/end2end/transformer/origin-census-2.8MB-model16.858-data14.989-200epochs-seed0.pt
DATASET-PATH=/home/kangping/code_copy/SAUCE/data/census/end2end/census_int.npy
Workloads: ['QueryWorkload', 'DataUpdateWorkload', 'QueryWorkload']

WORKLOAD-START | Type: QueryWorkload | Progress: 1/3
Going to run: ['python', '/home/kangping/code_copy/SAUCE/Naru/eval_model.py', '--dataset=census', '--model=transformer', '--query_seed=0', '--end2end', '--eval_type=first_estimate', '--num_workload=3', '--data_update=sample', '--model_update=adapt', '--random_seed=42']
Torch device: cuda:1
GET-MODEL-PATH=./models/end2end/transformer/origin-census-2.8MB-model16.858-data14.989-200epochs-seed0.pt
ckpts [PosixPath('/home/kangping/code_copy/SAUCE/models/end2end/transformer/origin-census-2.8MB-model16.858-data14.989-200epochs-seed0.pt')]
Validate Argument: DATASET="census" is valid.
load_csv_dataset - census (32561, 13)
Parsing... done, took 0.0s
Loading ckpt: /home/kangping/code_copy/SAUCE/models/end2end/transformer/origin-census-2.8MB-model16.858-data14.989-200epochs-seed0.pt
query_seed:0
origin-census_1.87 	max: 9.0000	99th: 5.0000	95th: 2.5070	median: 1.0959	mean: 1.3641
ReportEsts: [1.0, 1.0427184466019417, 1.2136752136752136, 1.5, 1.0, 1.0600858369098713, 1.1428571428571428, 1.4285714285714286, 1.0, 1.0, 1.0, 1.0208333333333333, 1.6666666666666667, 1.0, 1.0101522842639594, 1.0, 1.345679012345679, 1.0, 2.0, 1.0, 2.0, 2.0, 1.3376288659793814, 1.6666666666666667, 1.2955974842767295, 1.2, 1.0, 1.0136540962288687, 1.0, 1.0119915353867859, 1.032932566649242, 1.0, 1.1311475409836065, 1.1111111111111112, 1.0, 1.2873563218390804, 1.0, 1.0629067245119306, 1.375, 1.1151548071700164, 2.0, 1.0, 2.0, 1.0, 1.1363636363636365, 1.0980392156862746, 1.0, 1.0162976629766298, 1.0, 1.3333333333333333, 1.0, 2.0, 1.0, 1.0833333333333333, 1.1354166666666667, 6.0, 1.173913043478261, 1.1666666666666667, 1.0605095541401275, 1.1847133757961783, 1.2857142857142858, 2.0, 1.0384615384615385, 1.0512820512820513, 1.0, 1.0, 1.0, 1.0805604203152364, 1.0, 1.0, 1.0588235294117647, 1.1818181818181819, 1.5, 1.0, 1.0446713465220165, 1.0, 1.0, 2.6666666666666665, 1.0, 1.0, 1.0, 1.0, 1.5, 1.25, 1.6713286713286712, 1.25, 1.0, 1.0222222222222221, 1.0549905838041431, 1.0, 1.1555555555555554, 1.0, 1.032258064516129, 1.3333333333333333, 1.4313725490196079, 1.0, 1.054083885209713, 2.75, 1.5483870967741935, 1.1666666666666667, 2.0, 2.0, 2.0, 1.0909090909090908, 1.0, 1.0642857142857143, 1.0271028037383179, 1.2962962962962963, 1.5210727969348659, 1.5, 1.6521739130434783, 1.0, 1.2105263157894737, 4.5, 1.1, 1.0, 1.5, 1.0689655172413792, 1.5, 1.0724637681159421, 1.0, 1.016260162601626, 1.4435146443514644, 1.4, 1.0358842914683266, 1.1538461538461537, 1.0042492284295745, 1.1145038167938932, 1.1025641025641026, 1.1180400890868596, 1.0, 1.0181323662737987, 2.0, 1.0, 1.0, 1.0, 1.0994350282485876, 2.0, 2.0, 1.1111111111111112, 1.0, 2.342857142857143, 1.0, 1.0, 2.0, 2.0, 1.0, 1.0909090909090908, 1.0790067720090293, 1.040983606557377, 1.0555555555555556, 1.25, 1.5, 1.0, 1.0, 1.5, 3.0, 1.0, 2.0, 4.0, 1.2820512820512822, 1.0, 2.3076923076923075, 1.024390243902439, 1.0550595238095237, 1.0810234541577826, 1.1958041958041958, 1.0344746716697937, 1.0986333927510399, 1.0178571428571428, 1.0151761517615177, 5.0, 2.0, 2.0, 1.0, 1.0363636363636364, 1.3333333333333333, 1.0126296797474064, 1.1029829545454546, 1.4782608695652173, 1.0, 1.0263157894736843, 1.0408163265306123, 1.0508474576271187, 1.0, 1.0540208319855082, 1.25, 2.0, 1.0483870967741935, 1.013029315960912, 1.007936507936508, 1.5, 1.0264948954788526, 3.0, 1.0666666666666667, 1.1627906976744187, 1.0488262910798123, 1.0, 1.8125, 1.0742857142857143, 1.0, 1.9615384615384615, 1.3733333333333333, 2.2857142857142856, 2.0, 1.4, 2.0, 1.0284900284900285, 3.0, 1.0, 1.0190930787589498, 1.0467289719626167, 1.0714285714285714, 1.5, 1.0, 1.1475409836065573, 1.04, 1.0869829683698298, 1.3622047244094488, 1.3518518518518519, 1.0, 1.2222222222222223, 1.054054054054054, 1.2682926829268293, 1.0, 1.0869565217391304, 1.0, 1.0, 1.0, 1.0, 1.0, 1.0384615384615385, 1.4285714285714286, 1.0098039215686274, 1.0, 1.0, 2.0, 1.0, 1.0451075641915337, 1.0, 1.0, 1.1301587301587301, 1.5, 1.0, 1.5, 1.5, 1.380952380952381, 1.0, 2.0, 1.127659574468085, 2.0, 1.1631205673758864, 1.1835443037974684, 1.5, 1.0, 1.5333333333333334, 5.0, 1.4043478260869566, 1.1063829787234043, 1.0097449125824018, 1.0, 4.0, 1.2857142857142858, 3.1818181818181817, 3.25, 1.0, 1.0666666666666667, 1.0049751243781095, 1.0, 1.5555555555555556, 1.2592592592592593, 1.0, 1.0, 1.0, 1.0528517947588636, 1.0747126436781609, 1.0, 1.2967032967032968, 1.0, 2.0, 1.2222222222222223, 1.3170731707317074, 1.0757575757575757, 2.0, 1.1439182915506034, 2.0, 1.0948012232415902, 2.5, 1.0434782608695652, 2.0, 1.0, 1.0056475903614457, 1.5, 1.0145413870246085, 1.0737704918032787, 1.0, 2.0, 1.2272727272727273, 1.0443097014925373, 1.0638297872340425, 1.4444444444444444, 3.5, 1.0, 1.3404255319148937, 1.0633802816901408, 1.0258064516129033, 2.0, 1.18348623853211, 1.2, 1.0, 1.0, 2.0, 1.0, 1.0289855072463767, 1.0, 1.0, 1.0, 1.0739081746920494, 1.0, 1.0420772303595207, 1.0, 1.118421052631579, 2.75, 2.0, 1.0158550396375992, 1.0, 2.0, 1.0680291153415453, 2.0, 1.1113752122241087, 2.0, 1.3, 2.0, 1.0223030303030303, 1.0, 1.0, 1.0, 4.0, 1.3333333333333333, 1.7384615384615385, 1.1666666666666667, 1.09375, 1.0, 1.6333333333333333, 1.1176470588235294, 2.0, 1.4736842105263157, 1.0, 1.5, 1.0, 2.0, 1.3333333333333333, 2.5, 1.0, 1.2, 1.092290377039955, 1.0909090909090908, 2.8333333333333335, 1.0, 2.0, 1.0367700072098054, 1.6666666666666667, 1.0, 1.2894736842105263, 1.0, 1.2727272727272727, 1.0, 1.1443932411674347, 1.4954954954954955, 1.0, 1.10752688172043, 1.6551724137931034, 1.0, 1.0, 1.3333333333333333, 1.0, 1.0, 1.1666666666666667, 1.1162790697674418, 1.2162162162162162, 1.3486842105263157, 1.0, 1.1308411214953271, 1.1666666666666667, 1.0, 1.0459770114942528, 1.0, 1.0, 1.0, 1.0, 2.0, 1.009765625, 3.0, 1.0, 1.4444444444444444, 1.2307692307692308, 1.3958333333333333, 1.1395348837209303, 2.0, 5.0, 1.3333333333333333, 1.2321428571428572, 1.0, 1.4848484848484849, 2.8636363636363638, 2.0, 1.0233281493001556, 1.0454545454545454, 1.1304347826086956, 1.25, 2.142857142857143, 1.0, 1.0, 1.0666666666666667, 1.3333333333333333, 1.0854700854700854, 1.16, 2.5, 1.2340425531914894, 1.5, 1.2, 1.0, 1.0944343065693432, 1.0, 1.8571428571428572, 1.0047430830039525, 1.0337837837837838, 1.160427807486631, 1.2424242424242424, 1.509090909090909, 1.0, 1.0, 1.1127572016460905, 1.4, 1.0077519379844961, 1.0, 1.1570438799076213, 1.0, 1.0549132947976878, 1.0, 1.5, 1.0416666666666667, 2.0, 1.0, 2.0, 1.2195121951219512, 1.0, 1.75, 1.074468085106383, 1.043859649122807, 1.029253271747498, 1.0, 1.0952380952380953, 1.0, 2.0, 1.1944444444444444, 2.0, 1.0034323770491804, 1.056447688564477, 1.0, 1.0347365322343245, 1.1818181818181819, 5.0, 1.3103448275862069, 1.0, 1.0666666666666667, 3.0, 1.0, 1.0841430859583556, 1.2279260780287475, 1.1372549019607843, 1.0, 1.0, 2.0, 1.2222222222222223, 1.0326086956521738, 1.118881118881119, 1.065606361829026, 1.0, 2.0, 1.0, 5.428571428571429, 1.201793721973094, 1.0, 2.0, 1.0, 2.0, 1.0981818181818181, 2.0, 1.0, 2.0, 1.0, 1.1285714285714286, 2.0, 1.5384615384615385, 2.2, 1.0434782608695652, 1.1002638522427441, 1.121771217712177, 1.1388888888888888, 1.0, 2.0, 1.0869565217391304, 1.1666666666666667, 1.0, 1.0440293529019347, 1.110878661087866, 1.0, 1.0, 1.1275303643724697, 8.0, 1.0, 1.046623339926533, 1.114490161001789, 1.1470588235294117, 1.055472263868066, 1.0039525691699605, 1.5454545454545454, 1.5, 1.173913043478261, 1.2242744063324538, 1.0235690235690236, 1.0, 1.101123595505618, 1.0307692307692307, 1.0656934306569343, 1.206896551724138, 7.0, 1.0237179487179486, 1.2392821535393819, 1.0, 1.3054545454545454, 5.0, 1.0204081632653061, 1.2222222222222223, 1.0102424035506998, 1.0923076923076922, 1.0, 1.5, 2.0, 1.0, 2.0, 1.123456790123457, 1.1195876288659794, 1.0193751090940828, 1.0991735537190082, 1.020979020979021, 2.0, 1.0046598322460392, 4.0, 1.6571428571428573, 4.0, 1.2512820512820513, 2.0, 2.0, 1.2857142857142858, 2.0, 4.0, 1.1111111111111112, 2.0, 1.2077922077922079, 2.0, 1.0, 1.1412327947336924, 1.0363636363636364, 1.051643192488263, 1.2658227848101267, 1.203883495145631, 1.0, 1.0, 1.0, 1.0, 1.245136186770428, 3.5714285714285716, 1.0033557046979866, 1.3333333333333333, 1.0, 1.1914893617021276, 1.0769230769230769, 1.2114093959731544, 1.0, 1.0126874279123415, 1.0, 1.32, 1.25, 1.25, 1.5, 1.0666666666666667, 2.3333333333333335, 1.0, 1.5, 2.0, 1.0, 1.0025963149078727, 1.0350525788683025, 1.0, 1.1875, 1.2222222222222223, 1.368421052631579, 1.2001897533206831, 2.0, 1.1924198250728864, 1.2, 1.1097560975609757, 2.0, 1.5, 1.1339155749636098, 1.0, 1.5, 1.0, 1.0385633270321362, 1.4487179487179487, 1.2666666666666666, 1.1428571428571428, 1.0495867768595042, 1.5, 2.8, 2.0, 1.2941176470588236, 1.0, 1.0602409638554218, 1.0, 1.0701754385964912, 1.0134436401240952, 1.2, 1.0, 1.130952380952381, 1.0, 1.0, 1.1317073170731706, 1.0, 1.3953488372093024, 1.3, 1.3548387096774193, 1.0884670487106016, 1.0, 1.1333333333333333, 1.0060975609756098, 1.1012658227848102, 1.051857211770381, 2.0, 1.1013824884792627, 1.75, 1.0406616126809096, 1.0, 1.0, 1.0, 2.25, 1.1135225375626043, 1.1796875, 1.1092616303883909, 1.0158227848101267, 1.1666666666666667, 1.0804597701149425, 1.5, 1.0, 1.0350877192982457, 1.1099476439790577, 1.0333333333333334, 1.0, 1.1666666666666667, 1.0733333333333333, 2.0, 1.0, 2.642857142857143, 3.0, 1.0, 1.1807780320366132, 2.0, 1.0825688073394495, 1.3333333333333333, 1.0, 1.0, 1.0, 1.2448979591836735, 1.1151515151515152, 1.0327868852459017, 2.9375, 1.0, 1.0, 1.1462264150943395, 1.0157323288278308, 2.0, 3.0, 1.0, 1.5032679738562091, 1.4285714285714286, 1.0, 1.0, 1.0665942253958398, 1.25, 1.0, 1.0, 1.175, 1.3, 1.1428571428571428, 2.642857142857143, 1.4, 1.013157894736842, 1.0, 1.0, 3.0, 1.0851063829787233, 1.0, 1.0534218885359514, 1.1134020618556701, 1.0563063063063063, 1.0, 1.0044866719451042, 1.0726126546812982, 4.285714285714286, 1.0687830687830688, 1.0, 1.0, 1.0993569131832797, 2.0, 1.4333333333333333, 1.0333333333333334, 2.0444444444444443, 1.0, 1.25, 1.2086167800453516, 1.0, 1.5, 1.2, 1.25, 1.040059347181009, 1.1162790697674418, 1.1428571428571428, 1.0764239365537132, 1.0793650793650793, 5.0, 1.3333333333333333, 1.1304347826086956, 1.0, 1.0, 1.0, 1.0810810810810811, 1.0236518448438978, 1.0, 4.0, 2.0, 1.0, 1.0, 1.0, 1.098901098901099, 1.0266115488954914, 1.0884635281945163, 1.0, 1.108433734939759, 1.102162908421537, 1.0, 1.1764705882352942, 1.264840182648402, 1.0, 1.5555555555555556, 1.0, 1.288659793814433, 1.0921985815602837, 1.209964412811388, 1.0290070658237263, 1.2209302325581395, 1.2232415902140672, 1.0, 1.0141176470588236, 1.103448275862069, 1.4166666666666667, 1.2045454545454546, 1.0994219653179191, 1.0, 1.0, 2.0, 1.1263955342902712, 1.1885714285714286, 1.098360655737705, 1.1818181818181819, 1.0389610389610389, 1.0, 1.5346534653465347, 1.2727272727272727, 1.0, 1.1041666666666667, 1.3076923076923077, 1.2625, 1.0, 1.875, 1.0666547213760975, 1.1105769230769231, 1.3681318681318682, 1.0, 1.009938900203666, 1.0, 1.0, 1.0, 1.0517241379310345, 1.0, 1.0, 2.3333333333333335, 1.5, 1.0457227138643068, 3.0, 1.0, 2.25, 1.0085470085470085, 1.0506031185642837, 1.08, 1.2333333333333334, 1.1176470588235294, 1.1950585175552666, 1.0175916230366493, 1.0, 1.4277456647398843, 1.0, 1.9714285714285715, 1.125, 1.3333333333333333, 1.0, 1.2857142857142858, 1.3461538461538463, 1.0224466891133557, 1.0, 1.0, 1.0, 1.4, 1.3148148148148149, 1.0909090909090908, 1.1490683229813665, 1.26, 1.0821643286573146, 1.2, 1.2469512195121952, 1.0073839662447257, 1.0224561403508772, 1.105263157894737, 1.0, 1.0952380952380953, 1.425531914893617, 1.0952380952380953, 1.0809523809523809, 1.0, 1.0909090909090908, 1.0435398946942083, 1.0964912280701755, 1.0055563678900423, 1.0, 1.5, 1.0073410476545974, 2.0, 2.0, 2.0, 1.0, 1.25, 1.0, 1.0512820512820513, 1.065217391304348, 1.0, 1.0, 1.005012531328321, 1.0870195794053663, 1.0045317220543806, 1.0, 1.1375, 1.127659574468085, 1.04434250764526, 1.0, 1.4446202531645569, 2.0, 1.0670731707317074, 1.0156739811912225, 1.1666666666666667, 1.0248901903367496, 1.1870824053452116, 9.0, 1.2702702702702702, 1.3703703703703705, 2.0, 1.0666666666666667, 1.0, 1.5, 1.4268292682926829, 1.0, 7.0, 3.0, 1.0, 1.0, 1.08203125, 1.1864406779661016, 1.0, 1.2222222222222223, 1.0333333333333334, 1.0, 1.190909090909091, 1.0618491637740612, 1.010167267956707, 1.1578212290502794, 1.0, 1.1428571428571428, 1.0, 2.0, 1.0, 1.0784313725490196, 1.0847457627118644, 2.0, 1.105515587529976, 1.0, 2.3181818181818183, 1.0315789473684212, 1.0, 1.1759259259259258, 1.0086830680173662, 1.1666666666666667, 1.5614035087719298, 1.0, 1.1083969465648855, 1.6521739130434783, 1.2, 1.0, 1.077562326869806, 1.5, 1.0, 1.0, 1.0, 1.103030303030303, 1.0770086182930219, 1.0, 1.0847533632286996, 1.5, 1.4444444444444444, 1.1951219512195121, 2.0, 1.0, 1.0350877192982457, 1.186206896551724, 1.036231884057971, 1.0039904229848364, 1.064327485380117, 1.0, 2.0, 1.0048309178743962, 1.0, 1.3, 1.0590128755364807, 1.1486880466472302, 2.0, 2.0, 1.1658536585365853, 1.0833333333333333, 1.0, 1.0, 1.0245284963413377, 1.0, 1.25, 2.0, 2.0, 3.0, 1.0, 1.5714285714285714, 1.1071428571428572, 1.0237388724035608, 1.3333333333333333, 1.04, 2.0, 2.0, 1.0, 1.1226226226226226, 1.0184544405997693, 1.1183932346723044, 1.3333333333333333, 2.0, 1.0097680097680097, 1.0, 2.64, 1.1645962732919255, 1.0555555555555556, 1.0710718401844026, 1.0935374149659864, 1.2941176470588236, 1.0, 1.0, 1.0, 1.0610328638497653, 1.0, 1.0252280225111585, 1.1587064676616916, 1.3333333333333333, 1.0, 1.108910891089109, 1.0, 3.0, 3.0, 4.0, 1.3777777777777778, 3.0, 2.5, 1.0056753688989784, 1.0, 1.0, 1.25, 1.16, 1.1042471042471043]
origin-census_1.87 	max: 9.0000	99th: 5.0000	95th: 2.5070	median: 1.0959	mean: 1.3641

...Done, result: results.csv

WORKLOAD-FINISHED | Type: QueryWorkload | Progress: 1/3 | Workload-time: 39.350247 | Model-update-time: 0.000000


WORKLOAD-START | Type: DataUpdateWorkload | Progress: 2/3
Going to run: ['python', '/home/kangping/code_copy/SAUCE/Naru/eval_model.py', '--model=transformer', '--data_update=sample', '--dataset=census', '--drift_test=js', '--end2end', '--update_size=8000', '--query_seed=0', '--eval_type=drift']
Torch device: cuda:1
GET-MODEL-PATH=./models/end2end/transformer/origin-census-2.8MB-model16.858-data14.989-200epochs-seed0.pt
GET-DATASET-PATH=./data/census/end2end/census_int.npy
Sample - START
Sample - END
load_npy_dataset_from_path - df.shape = (39073, 13)
Parsing... done, took 0.0s
Data updated!
Previous data size: (32561, 13), new data size: (6512, 13)
[1.3709068e-06 0.0000000e+00 3.2782555e-06 3.0994415e-06 8.8214874e-06
 4.3511391e-06 1.0132790e-06 2.7120113e-05 3.2186508e-06 7.4505806e-05
 1.5616417e-05 5.3644180e-07 1.2576580e-05]
Distance score: 1.1962193639192265e-05
SAUCE Drift detection: False
Detection latency: 0.0038s

WORKLOAD-FINISHED | Type: DataUpdateWorkload | Progress: 2/3 | Workload-time: 3.919331 | Model-update-time: 0.000000


WORKLOAD-START | Type: QueryWorkload | Progress: 3/3
Going to run: ['python', '/home/kangping/code_copy/SAUCE/Naru/eval_model.py', '--dataset=census', '--model=transformer', '--end2end', '--query_seed=0', '--eval_type=estimate', '--num_workload=3', '--data_update=sample', '--model_update=adapt', '--random_seed=42']
Torch device: cuda:1
GET-MODEL-PATH=./models/end2end/transformer/origin-census-2.8MB-model16.858-data14.989-200epochs-seed0.pt
ckpts [PosixPath('/home/kangping/code_copy/SAUCE/models/end2end/transformer/origin-census-2.8MB-model16.858-data14.989-200epochs-seed0.pt')]
Validate Argument: DATASET="census" is valid.
data size: 39073, total size: 39073, split index: [32560 39073]
Parsing... done, took 0.0s
Loading ckpt: /home/kangping/code_copy/SAUCE/models/end2end/transformer/origin-census-2.8MB-model16.858-data14.989-200epochs-seed0.pt
query_seed:0
origin-census_1.87 	max: 13.0000	99th: 5.0033	95th: 2.6875	median: 1.1366	mean: 1.4306
ReportEsts: [1.0338983050847457, 2.0, 1.12, 2.0, 5.0, 1.2152777777777777, 1.0095522388059701, 1.1415094339622642, 1.0, 1.0, 1.0580936266215455, 1.326086956521739, 1.1612903225806452, 1.176923076923077, 1.4081632653061225, 1.0897920604914935, 1.1428571428571428, 1.1090909090909091, 1.0, 1.0, 1.547945205479452, 1.2380952380952381, 2.0, 6.0, 1.0, 1.0, 1.0352369380315918, 1.4504132231404958, 1.0, 1.1736070381231671, 1.0058964839484603, 1.135135135135135, 1.043125434732205, 1.0220750551876379, 1.6363636363636365, 1.0333333333333334, 1.0, 1.0, 5.0, 1.288888888888889, 1.2988505747126438, 2.0, 2.0, 1.0591068301225919, 2.5, 1.0833333333333333, 1.0, 1.2173913043478262, 1.0, 1.0, 1.017766497461929, 1.2272727272727273, 1.0, 2.0, 1.0396039603960396, 1.0011848341232228, 3.3333333333333335, 1.1343544857768053, 1.2352941176470589, 1.3636363636363635, 1.055084745762712, 1.5, 1.5833333333333333, 1.1428571428571428, 1.1210526315789473, 1.0610738255033556, 1.1054151624548736, 1.0956032719836402, 1.3363636363636364, 1.3333333333333333, 1.0474209650582362, 2.8076923076923075, 2.0, 1.0426954732510287, 1.043876700916412, 1.6666666666666667, 1.0, 1.1666666666666667, 1.1073219658976932, 1.4, 1.2222222222222223, 2.0, 1.0, 1.3333333333333333, 1.0606060606060606, 1.0, 1.0909090909090908, 1.0, 1.1140625, 1.0904522613065326, 1.0, 2.0, 1.0130718954248366, 1.0, 1.1153846153846154, 1.125, 1.9, 1.0, 1.2267206477732793, 1.75, 1.1204819277108433, 1.1666666666666667, 1.0135135135135136, 2.0, 1.0535714285714286, 1.1373801916932906, 1.127659574468085, 1.3333333333333333, 1.0614402553361262, 1.4, 3.0, 1.2638888888888888, 1.2142857142857142, 1.084063047285464, 1.0, 2.0, 1.234762979683973, 2.0, 2.0, 1.0, 2.0, 1.0, 4.0, 1.16, 1.5294117647058822, 2.5, 1.1592592592592592, 1.2534246575342465, 1.320754716981132, 1.0, 1.3333333333333333, 1.1028315946348732, 1.2483574244415243, 1.5, 1.0, 1.1145833333333333, 2.0, 1.0743073047858942, 2.0, 1.0, 3.0, 1.3333333333333333, 1.0, 1.3902439024390243, 1.0, 2.0, 1.0230537921817575, 1.027785734746491, 1.3333333333333333, 1.0691513246519981, 1.1330985915492957, 3.0, 1.0344141069397041, 2.0, 2.0, 1.0718232044198894, 1.202247191011236, 1.0, 7.0, 1.0062675243278905, 8.0, 1.0666666666666667, 1.143884892086331, 1.0519031141868511, 1.0857142857142856, 1.0324675324675325, 1.1954732510288066, 3.0, 1.2142857142857142, 1.8823529411764706, 1.0146020929666586, 1.202247191011236, 1.077294685990338, 1.129890453834116, 1.0512820512820513, 1.25, 1.0, 1.25, 2.0, 1.103448275862069, 2.75, 2.0, 1.4545454545454546, 1.1807692307692308, 2.0, 1.0208333333333333, 1.1, 2.5, 2.0, 1.0, 1.0, 1.435483870967742, 1.0, 1.1111111111111112, 2.0, 1.0824352429570807, 1.288421052631579, 1.15625, 1.0, 1.0149253731343284, 1.3225806451612903, 1.0, 1.2590673575129534, 1.0075987841945289, 1.1, 4.714285714285714, 1.0, 3.25, 1.0, 1.5, 2.0, 2.25, 1.0504284772577455, 3.0, 2.0, 1.0327868852459017, 1.1637426900584795, 1.0, 1.072169598556608, 1.5, 7.0, 1.009470670288525, 1.0, 1.0, 1.4186046511627908, 1.0461095100864553, 1.4705882352941178, 1.8461538461538463, 1.0876190476190477, 1.0526315789473684, 1.8, 1.0671902268760907, 2.0, 1.0374227840827468, 1.0, 1.0, 1.305263157894737, 2.6666666666666665, 2.0, 1.1833930704898448, 1.0, 1.0, 1.033112582781457, 2.0, 1.2920353982300885, 1.2162162162162162, 1.0, 2.0, 1.0606060606060606, 1.0638601498394578, 1.3053435114503817, 1.8888888888888888, 1.0810810810810811, 1.6785714285714286, 1.0, 1.3854166666666667, 1.0518763796909492, 1.0931034482758621, 1.5555555555555556, 1.1684350132625996, 1.0607535321821036, 2.0, 1.25, 1.1176470588235294, 1.1715686274509804, 2.0, 1.25, 1.0, 1.075221238938053, 2.0, 1.1603260869565217, 1.0, 1.05, 1.0, 1.0146137787056368, 1.0, 1.4166666666666667, 1.24, 1.1258278145695364, 6.0, 1.0470836261419536, 2.0, 1.5, 1.24, 1.3185185185185184, 1.2666666666666666, 7.0, 2.0, 1.2620689655172415, 2.0, 1.0, 3.0, 1.2903225806451613, 1.0161861406170967, 1.0714285714285714, 1.1538461538461537, 2.5, 1.5263157894736843, 1.3478260869565217, 1.0098730606488011, 1.1555555555555554, 1.0, 1.0, 1.0164787510841284, 2.0, 1.0, 1.8888888888888888, 1.0, 1.0, 4.0, 1.0294545102218777, 1.2335984095427435, 1.026143790849673, 1.0066640533124265, 2.0, 1.0982849604221636, 1.0, 1.3333333333333333, 2.0, 1.0, 2.0, 1.0273481282223718, 2.0, 1.0220230473751601, 1.1666666666666667, 1.0, 1.119195787458114, 1.328125, 2.0, 3.0, 1.5, 6.0, 1.3333333333333333, 1.1405714285714286, 1.0, 1.246119733924612, 1.0, 1.1666666666666667, 1.0, 1.238532110091743, 1.0, 1.5, 1.0, 2.0, 2.0, 1.118421052631579, 1.2117647058823529, 1.125, 1.0323574730354392, 2.0, 1.0, 1.1666666666666667, 1.0714285714285714, 1.0, 1.2, 1.1538461538461537, 1.0, 1.75, 2.272727272727273, 1.1481481481481481, 1.0, 1.0790326601844926, 1.2408616187989556, 1.0769230769230769, 1.0476190476190477, 2.0, 2.0, 1.0, 1.0, 1.173913043478261, 1.375, 1.3658536585365855, 1.154320987654321, 2.0, 1.4965517241379311, 1.0140845070422535, 1.0, 1.0265486725663717, 1.0, 2.0, 1.0, 1.3666666666666667, 1.3333333333333333, 1.3161157024793388, 2.0, 1.5, 1.4545454545454546, 1.0357142857142858, 1.0887096774193548, 1.6, 2.0, 4.0, 1.1244444444444444, 2.0, 1.0, 1.0273998136067102, 1.1666666666666667, 1.093846153846154, 1.112474437627812, 1.25, 1.0526315789473684, 1.3333333333333333, 1.0371037463976944, 1.75, 1.1764705882352942, 1.0, 1.0399429386590584, 1.0108695652173914, 1.6666666666666667, 1.0695970695970696, 1.3076923076923077, 1.0, 1.0, 1.5, 1.2413793103448276, 1.1620553359683794, 1.5357142857142858, 1.03125, 1.1246766683911018, 2.0, 2.0, 1.0, 1.3636363636363635, 1.3900709219858156, 1.5416666666666667, 1.0346534653465347, 2.0, 1.0025217790004586, 2.0, 1.4125, 1.0, 1.0, 1.0384615384615385, 2.0, 1.0, 1.0, 1.0357723577235773, 2.0, 1.0463969658659924, 3.0, 1.0, 1.3333333333333333, 1.0259481037924152, 1.0, 1.1333333333333333, 1.904, 3.75, 1.0, 1.4545454545454546, 1.0, 2.0, 2.0, 1.3846153846153846, 1.017391304347826, 1.0732997481108313, 1.04, 1.0746938775510204, 2.0, 1.0680851063829788, 3.0, 1.038269550748752, 2.0, 1.0460921843687374, 2.0, 1.0225776105362183, 1.0, 2.0, 1.0885245901639344, 1.1304347826086956, 1.0843475321162948, 3.0, 1.01346348030966, 1.0683229813664596, 2.0, 1.6666666666666667, 1.0586793737236215, 1.8686131386861313, 1.0, 2.0, 1.639344262295082, 1.0, 1.3333333333333333, 1.0551801801801801, 1.375, 1.0, 1.0152073732718894, 3.0, 1.5263157894736843, 1.0, 1.2183908045977012, 1.0, 1.0, 1.0067911714770799, 2.0, 2.0, 2.0, 1.5714285714285714, 1.0, 1.4260869565217391, 1.0514705882352942, 1.0, 1.0725190839694656, 1.087102177554439, 1.0959409594095941, 1.0076335877862594, 1.0040160642570282, 2.3846153846153846, 1.263157894736842, 1.1005917159763314, 1.0330188679245282, 1.0, 3.0, 1.3333333333333333, 1.1666666666666667, 1.0333333333333334, 1.0, 1.0, 4.0, 1.3692307692307693, 1.0, 1.0, 1.010928961748634, 1.4225352112676057, 1.1601423487544484, 1.088145896656535, 1.043132803632236, 1.2, 2.0, 1.4848484848484849, 1.0, 1.1333333333333333, 1.0909090909090908, 1.1481481481481481, 1.5, 2.0, 1.24, 1.100900900900901, 1.252, 1.0, 1.2075471698113207, 1.0, 1.0, 1.0, 1.25, 1.0125173852573017, 1.0820895522388059, 1.1861433244127266, 1.0070768861700852, 1.045643153526971, 1.3333333333333333, 1.0625, 1.0523587350959047, 1.0421940928270041, 1.0, 1.1681818181818182, 3.0, 1.1885167464114832, 1.1784406070120357, 1.0, 1.7272727272727273, 1.2941176470588236, 1.0434782608695652, 1.078455790784558, 2.0, 2.0, 1.3, 2.0, 1.0, 1.098781549173194, 1.0, 1.0, 2.0, 1.2380952380952381, 1.2311827956989247, 2.6666666666666665, 1.0429752066115703, 1.3333333333333333, 1.101010101010101, 1.0524505588993982, 1.0, 1.0081618772317633, 1.055393586005831, 2.0, 1.0, 1.0818181818181818, 1.1428571428571428, 1.1387073347857661, 1.0355329949238579, 1.5, 1.0324246771879484, 1.2, 1.0, 2.5, 3.0, 1.234375, 1.75, 3.0, 2.0, 1.1559633027522935, 1.0044350173544156, 1.0, 1.3229166666666667, 1.0, 1.375, 1.2113821138211383, 1.042013763129301, 1.0064332419320818, 1.3450704225352113, 1.0650118203309693, 1.0851063829787233, 1.033290653008963, 1.0, 1.0, 1.0509322419281493, 1.2993730407523512, 13.0, 1.1176470588235294, 1.0590163934426229, 1.0, 1.1542857142857144, 1.65625, 1.7857142857142858, 1.3333333333333333, 1.3142857142857143, 1.2380952380952381, 1.6, 1.0244902249316796, 1.0, 1.1524064171122994, 1.0528134254689043, 2.3, 1.0, 1.0602697626771385, 2.0, 2.0, 1.7551020408163265, 1.2745098039215685, 1.4193548387096775, 2.0, 1.0, 2.0, 1.229064039408867, 1.0, 1.1599184386833674, 1.173913043478261, 2.0, 1.3181818181818181, 1.0261780104712042, 1.2006802721088434, 1.0, 3.0, 5.333333333333333, 1.0, 1.540983606557377, 1.0081521739130435, 1.105263157894737, 1.2222222222222223, 1.206896551724138, 1.2666666666666666, 1.0231442280553205, 2.0, 1.0161073825503355, 1.0, 2.0, 1.0190543401552576, 1.3333333333333333, 1.25, 1.6666666666666667, 3.0, 2.6470588235294117, 1.0, 1.4416243654822336, 1.1908396946564885, 1.0, 2.0, 2.0, 1.0, 2.0, 2.0, 1.1620553359683794, 1.25, 1.1023102310231023, 1.0551181102362204, 1.375, 1.032967032967033, 1.0, 1.0377358490566038, 2.0, 2.0, 2.0, 1.025224602626123, 1.0, 1.0181268882175227, 1.4285714285714286, 1.0, 3.0, 1.0, 1.0, 2.0, 1.0247823174815807, 3.0, 2.0, 1.088235294117647, 1.0083805083805084, 2.0, 1.5, 1.0017474185861794, 1.375, 1.4166666666666667, 1.2608695652173914, 1.1510375623850801, 1.3333333333333333, 1.0, 1.3255813953488371, 1.08, 1.6666666666666667, 1.3508771929824561, 1.0, 2.0, 1.0, 4.0, 2.0, 1.5789473684210527, 2.4, 1.2242805160436652, 1.011472275334608, 1.0, 2.0, 1.0, 1.044378698224852, 1.051540739116131, 1.0809075342465753, 1.0, 1.6382978723404256, 1.0546995377503852, 1.3333333333333333, 1.2941176470588236, 1.2354048964218456, 2.0, 2.25, 1.0, 1.202970297029703, 1.0, 1.0074074074074073, 1.1631205673758864, 1.126984126984127, 1.2330827067669172, 1.1428571428571428, 2.0, 1.0091743119266054, 2.375, 2.0, 1.0, 2.0, 1.0725099601593626, 1.070249520153551, 1.1727272727272726, 3.0, 1.4166666666666667, 1.0, 1.75, 1.0463576158940397, 1.2530120481927711, 1.2142857142857142, 1.0, 1.4285714285714286, 2.0, 1.0795454545454546, 1.0, 1.0, 2.0, 1.0909090909090908, 1.4, 1.0321333655472336, 1.0, 1.3333333333333333, 1.0614035087719298, 1.0207900207900207, 1.2110091743119267, 1.1102783725910064, 1.0, 1.0686695278969958, 1.1379310344827587, 1.1833333333333333, 1.0, 1.25, 1.1252566735112937, 1.0347826086956522, 1.0833333333333333, 1.25, 1.263157894736842, 2.0, 1.2666666666666666, 1.021973929236499, 2.0, 1.1346153846153846, 1.0714285714285714, 1.0, 1.0, 1.4666666666666666, 1.0553763440860215, 2.0, 1.0, 1.121212121212121, 1.031347962382445, 1.078125, 1.0769230769230769, 1.0, 1.490909090909091, 1.08, 3.3333333333333335, 1.0630786128981642, 1.0294559663360385, 1.0039931545921277, 1.25, 1.0, 1.0, 1.078857142857143, 1.15, 1.0739299610894941, 1.0, 2.0, 1.1391752577319587, 1.0, 1.0895522388059702, 1.045434098065677, 1.5, 1.1296296296296295, 1.1782178217821782, 1.1831831831831832, 1.0483417650365374, 1.0, 1.2083333333333333, 1.5142857142857142, 1.0859671302149179, 1.0, 1.0757575757575757, 1.0205357142857143, 1.6338028169014085, 1.032156187194947, 1.0, 1.3333333333333333, 1.0, 2.0, 1.3013937282229966, 2.2962962962962963, 1.3268765133171914, 1.1649484536082475, 1.1074380165289257, 1.0584958217270195, 1.1111111111111112, 1.0074719800747198, 1.191650853889943, 5.5, 1.186046511627907, 1.3125, 2.5, 1.3148148148148149, 1.0, 1.5538461538461539, 1.34, 2.0, 1.039139823645852, 3.0, 1.0117416829745598, 1.1016949152542372, 2.0, 1.047813510294368, 1.0, 1.0485436893203883, 3.0, 1.0769230769230769, 1.0628537384569556, 1.0212443095599393, 2.0, 1.0, 1.1263157894736842, 1.4545454545454546, 1.0, 1.0740740740740742, 1.1090909090909091, 1.6666666666666667, 1.3484848484848484, 1.011173184357542, 1.3, 1.0, 1.1401141670991177, 1.0, 1.0909090909090908, 1.0, 1.1538461538461537, 3.0, 1.022790240414693, 1.0, 1.0693877551020408, 1.1363636363636365, 1.0, 1.1907090464547678, 1.109519797809604, 1.1367851622874807, 1.5950413223140496, 1.4029850746268657, 1.5714285714285714, 1.021620213597291, 1.057052297939778, 1.0, 2.0, 2.0, 1.1, 1.1338235294117647, 2.0, 1.125, 2.125, 1.0656565656565657, 1.232, 2.0, 1.0833333333333333, 1.5, 1.1170731707317074, 1.0138568129330254, 1.3636363636363635, 1.0281473899692937, 2.3333333333333335, 1.0, 1.0327868852459017, 1.0, 1.032967032967033, 1.027906976744186, 2.6842105263157894, 1.0, 1.2962962962962963, 1.0357142857142858, 3.0, 1.0566037735849056, 1.0, 1.188976377952756, 2.0, 1.18510158013544, 1.021875, 1.0, 1.0909090909090908, 2.0, 2.0, 1.0, 1.0974025974025974, 1.0258964143426295, 1.1237842617152962, 2.5, 1.5, 2.25, 1.1674008810572687, 1.0769230769230769, 1.392966360856269, 1.0, 1.1096296296296295, 1.0221058755090169, 2.0, 1.0034013605442176, 1.0185185185185186, 2.0, 1.0, 1.0, 1.1884057971014492, 1.0514349608647038, 2.5, 1.0, 1.0463320463320462, 1.0, 1.631578947368421, 1.0, 1.6, 1.606060606060606, 1.368421052631579, 1.0209591335852586, 1.0095238095238095, 1.0, 1.035598705501618, 1.2028985507246377, 1.0, 1.063231850117096, 1.0491525423728814, 1.0284498803509705, 1.0, 2.0, 1.0, 1.0137614678899083, 1.0392320534223707, 1.1047297297297298, 1.0649833074716697, 1.0595655220742817, 3.0, 1.0793650793650793, 2.0, 1.3333333333333333, 1.173913043478261, 1.0, 1.5, 1.0010409437890353, 3.0, 1.105263157894737]
origin-census_1.87 	max: 13.0000	99th: 5.0033	95th: 2.6875	median: 1.1366	mean: 1.4306

...Done, result: results.csv

WORKLOAD-FINISHED | Type: QueryWorkload | Progress: 3/3 | Workload-time: 39.371674 | Model-update-time: 0.000000


Experiment Summary: #data-update-times=1, #drift=0 | total-time=82.658048