Input arguments = Namespace(data_update='tupleskew', update_size=8000, dataset='census', debug=False, drift_test='js', model_update='adapt', model='transformer', end2end=False, query_seed=0, random_seed=42, num_workload=3)
JSON-passed parameters = {'data_updater': {'skew_ratio': '1e-3'}, 'random_seed': 41, 'transformer': {'epochs': 0}}
MODEL-PATH=/home/kangping/code_copy/SAUCE/models/end2end/transformer/origin-census-2.8MB-model16.858-data14.989-200epochs-seed0.pt
DATASET-PATH=/home/kangping/code_copy/SAUCE/data/census/end2end/census_int.npy
Workloads: ['QueryWorkload', 'DataUpdateWorkload', 'QueryWorkload']

WORKLOAD-START | Type: QueryWorkload | Progress: 1/3
Going to run: ['python', '/home/kangping/code_copy/SAUCE/Naru/eval_model.py', '--dataset=census', '--model=transformer', '--query_seed=0', '--end2end', '--eval_type=first_estimate', '--num_workload=3', '--data_update=tupleskew', '--model_update=adapt', '--random_seed=42']
Torch device: cuda:1
GET-MODEL-PATH=./models/end2end/transformer/origin-census-2.8MB-model16.858-data14.989-200epochs-seed0.pt
ckpts [PosixPath('/home/kangping/code_copy/SAUCE/models/end2end/transformer/origin-census-2.8MB-model16.858-data14.989-200epochs-seed0.pt')]
Validate Argument: DATASET="census" is valid.
load_csv_dataset - census (32561, 13)
Parsing... done, took 0.0s
Loading ckpt: /home/kangping/code_copy/SAUCE/models/end2end/transformer/origin-census-2.8MB-model16.858-data14.989-200epochs-seed0.pt
query_seed:0
origin-census_1.87 	max: 15.0000	99th: 5.0000	95th: 2.1606	median: 1.1068	mean: 1.3687
ReportEsts: [1.0, 1.0598684210526317, 1.2112676056338028, 1.5, 1.015625, 1.0987124463519313, 1.4285714285714286, 1.6428571428571428, 1.0, 1.0, 1.0, 1.0970149253731343, 1.3636363636363635, 1.036144578313253, 1.111731843575419, 1.5, 1.4064516129032258, 1.0, 2.0, 1.0, 3.0, 2.0, 1.0192678227360308, 2.4, 1.0816326530612246, 1.2, 1.0, 1.027686222808174, 1.0, 1.0253938396426052, 1.0588081547307893, 1.1935483870967742, 1.2448979591836735, 1.2222222222222223, 1.0, 1.3571428571428572, 2.0, 1.0244897959183674, 1.1428571428571428, 1.0548614883215643, 2.0, 1.0, 2.0, 1.0, 1.3157894736842106, 1.0851063829787233, 1.0, 1.0260788574976716, 1.0, 2.0, 1.0, 1.75, 1.0, 1.2, 1.0092592592592593, 2.0, 1.1020408163265305, 1.1428571428571428, 1.0261941448382126, 1.1528662420382165, 1.0404040404040404, 1.7142857142857142, 1.0, 1.1794871794871795, 1.0, 1.0, 1.0, 1.2098039215686274, 1.0, 2.3333333333333335, 1.1111111111111112, 1.2272727272727273, 1.0, 1.0, 1.0513808606294155, 1.0, 1.0, 1.6, 1.0, 1.0, 1.0, 1.0, 1.5, 1.3333333333333333, 1.4265734265734267, 1.4, 1.0, 1.0869565217391304, 1.0053552302749018, 1.0, 1.1223021582733812, 1.0, 1.0, 1.25, 1.261437908496732, 3.0, 1.1549738219895287, 2.25, 1.1527777777777777, 1.1666666666666667, 2.0, 2.0, 1.0, 1.0909090909090908, 1.0, 1.2, 1.106514994829369, 1.2962962962962963, 1.4280575539568345, 1.40625, 1.2318840579710144, 1.0, 1.1956521739130435, 9.0, 1.2692307692307692, 1.0, 1.0, 1.0689655172413792, 1.0, 1.022099447513812, 2.0, 1.0955302366345312, 1.4435146443514644, 1.2, 1.0173206079886885, 1.1538461538461537, 1.0050329592018528, 1.1833839918946303, 1.3604651162790697, 1.1383219954648527, 1.0, 1.1095280498664293, 2.0, 1.0, 1.0, 1.0, 1.1069397042093287, 2.0, 2.0, 1.3333333333333333, 1.0, 1.25, 1.0, 1.0, 2.0, 2.0, 1.0, 1.1363636363636365, 1.0857467348097671, 1.0245901639344261, 2.111111111111111, 1.0, 1.5, 1.0, 1.0, 1.5, 3.0, 1.0, 1.0, 3.25, 1.1627906976744187, 1.5, 1.6923076923076923, 1.0476190476190477, 1.0342261904761905, 1.0650887573964498, 1.2573529411764706, 1.0617402816223371, 1.0863689776733254, 1.037037037037037, 1.004289544235925, 5.0, 2.0, 2.0, 1.2941176470588236, 1.104014598540146, 1.3333333333333333, 1.0138084632516704, 1.1650412603150788, 1.0980392156862746, 1.0, 1.0129870129870129, 1.0, 1.1779661016949152, 1.3571428571428572, 1.0559336314731997, 1.25, 2.0, 1.1648745519713262, 1.019672131147541, 1.1746031746031746, 1.3846153846153846, 1.0672226434167298, 3.0, 1.2666666666666666, 1.18, 1.0047448522829006, 1.0, 1.4310344827586208, 1.0457142857142858, 1.0, 2.215686274509804, 1.2815533980582525, 1.3333333333333333, 2.0, 1.2727272727272727, 2.0, 1.0311634349030472, 1.0, 1.0, 1.0692124105011933, 1.2738095238095237, 1.0666666666666667, 1.5, 1.0, 1.4, 1.0576923076923077, 1.1422179610099072, 1.023121387283237, 2.607142857142857, 1.0, 1.3333333333333333, 1.1292639138240574, 1.2682926829268293, 1.0, 1.080550098231827, 1.0, 1.0, 1.0, 1.0, 1.0, 1.1923076923076923, 1.6666666666666667, 1.2670807453416149, 1.0, 1.0, 2.0, 1.1666666666666667, 1.0750332005312084, 3.0, 1.0, 1.0595238095238095, 1.0, 1.0, 1.5, 1.5, 1.3181818181818181, 1.0, 1.0, 1.0851063829787233, 2.0, 1.0789473684210527, 1.2299465240641712, 1.6666666666666667, 1.0, 1.4666666666666666, 5.0, 1.4304347826086956, 1.1304347826086956, 1.0509036144578314, 1.0, 4.0, 1.125, 2.0588235294117645, 3.25, 1.0, 1.2307692307692308, 1.1618497109826589, 2.0, 1.1666666666666667, 1.4166666666666667, 1.0, 1.0, 1.0, 1.044114435466259, 1.1226053639846743, 1.0, 1.063063063063063, 1.0, 2.0, 1.0909090909090908, 1.2926829268292683, 1.0568181818181819, 1.0, 1.074106364428945, 2.0, 1.1815181518151816, 1.0, 1.0526315789473684, 2.0, 1.0444444444444445, 1.0239601303431092, 2.0, 1.0213963963963963, 1.0274509803921568, 1.0, 2.0, 1.08, 1.0424440298507462, 1.04, 1.2222222222222223, 2.0, 1.0, 1.0677966101694916, 1.176056338028169, 1.1627056672760512, 2.0, 1.039755351681957, 1.8, 1.0, 1.0, 2.0, 1.0, 1.0093896713615023, 1.0, 1.0, 1.0, 1.0, 1.0, 1.1014778325123153, 1.0, 1.1002323265847993, 5.5, 1.0, 1.2008032128514057, 1.0769230769230769, 2.0, 1.0878243512974053, 2.0, 1.0794854881266491, 1.0, 1.1068447412353923, 2.0, 1.0539865033741564, 1.0, 2.0, 2.0, 4.0, 1.0, 1.527027027027027, 1.6153846153846154, 1.1731843575418994, 1.0, 1.5789473684210527, 1.1176470588235294, 2.0, 1.0238095238095237, 1.0, 1.3333333333333333, 1.0, 1.0, 1.3333333333333333, 1.6666666666666667, 1.0, 1.25, 1.0543183052688756, 1.5, 1.6666666666666667, 1.0, 2.0, 1.1403647898493259, 1.3333333333333333, 1.0, 1.2894736842105263, 1.0, 1.0476190476190477, 1.0, 1.0797101449275361, 1.162162162162162, 1.0, 1.228494623655914, 1.1162790697674418, 1.0, 1.0, 1.3333333333333333, 1.0, 1.0, 1.0, 1.0, 1.2162162162162162, 1.053658536585366, 2.0, 1.28099173553719, 1.1666666666666667, 1.0, 1.2298850574712643, 1.0, 1.0, 1.0, 2.0, 2.0, 1.2107728337236534, 1.0, 1.0, 1.1818181818181819, 1.0769230769230769, 1.0104166666666667, 1.069767441860465, 2.0, 2.0, 1.4814814814814814, 1.0298507462686568, 1.0, 1.2244897959183674, 1.05, 1.0, 1.064282011404873, 1.0087719298245614, 1.0769230769230769, 2.3333333333333335, 1.0714285714285714, 1.0, 2.0, 2.375, 1.3333333333333333, 1.110236220472441, 1.1379310344827587, 2.5, 1.1293103448275863, 1.625, 1.3, 1.0, 1.1152952115295212, 1.0, 1.625, 1.0530240265120132, 1.060931899641577, 1.2192513368983957, 2.212121212121212, 1.4310344827586208, 1.0, 1.0, 1.0419753086419754, 1.6666666666666667, 1.4130434782608696, 1.0, 1.1801385681293302, 1.0, 1.4313725490196079, 1.0, 2.0, 1.0434782608695652, 2.0, 1.0, 2.0, 1.08, 1.0, 1.5, 1.397923875432526, 1.19, 1.1369047619047619, 1.135135135135135, 1.434782608695652, 1.0, 8.0, 1.1134020618556701, 2.0, 1.012238124870359, 1.0138135175135667, 1.0, 1.0197272991006672, 1.1818181818181819, 2.0, 1.1176470588235294, 2.0, 1.0222222222222221, 3.0, 1.0, 1.003966552315609, 1.2777777777777777, 1.1372549019607843, 1.0, 1.0, 2.0, 1.2222222222222223, 1.5862068965517242, 1.0070422535211268, 1.041044776119403, 1.0, 2.0, 1.0, 7.0, 1.1703056768558953, 1.0, 2.0, 1.0, 2.0, 1.1705426356589148, 2.0, 1.0, 4.0, 1.0, 1.1772151898734178, 1.0, 1.1538461538461537, 2.6363636363636362, 1.0434782608695652, 1.2847457627118644, 1.0797047970479705, 1.263157894736842, 2.0, 2.0, 1.0869565217391304, 3.5, 5.0, 1.1561040693795863, 1.1226215644820297, 1.1666666666666667, 1.0, 1.2350332594235034, 1.625, 3.0, 1.0395733932079707, 1.1732580037664784, 1.1282051282051282, 1.043736100815419, 1.0147058823529411, 1.9090909090909092, 2.0, 1.1014492753623188, 1.0242825607064017, 1.0479887085391673, 1.0, 1.1136363636363635, 1.1403508771929824, 1.0895522388059702, 1.206896551724138, 1.0, 1.018159048215404, 1.13, 1.0, 1.0763636363636364, 5.0, 1.2040816326530612, 1.6363636363636365, 1.0053200617813627, 1.1076923076923078, 1.0, 1.0, 2.0, 1.054054054054054, 2.0, 1.5895196506550218, 1.1127049180327868, 1.0393308417867948, 1.1009933774834437, 1.5698924731182795, 2.0, 1.0354147250698975, 4.0, 1.2413793103448276, 1.0, 1.1607142857142858, 2.0, 1.0, 1.1428571428571428, 2.0, 4.0, 1.0, 1.0, 1.4285714285714286, 2.0, 1.1, 1.2399219765929779, 1.0677560781187725, 1.0985915492957747, 1.39, 1.1359223300970873, 1.0, 2.0, 1.0, 2.0, 1.3389121338912133, 1.1666666666666667, 1.011656658424585, 1.3333333333333333, 2.0, 1.2553191489361701, 1.1538461538461537, 1.099630996309963, 1.0, 1.181198910081744, 1.0, 1.375, 1.411764705882353, 1.25, 1.5, 1.0212765957446808, 2.3333333333333335, 1.0, 2.0, 2.0, 1.0, 1.0459589340323285, 1.0180270405608414, 1.0, 1.103448275862069, 1.2222222222222223, 1.3, 1.1284796573875804, 2.0, 1.19533527696793, 1.2, 1.0996978851963746, 2.0, 1.5, 1.017467248908297, 1.0, 2.25, 1.0, 1.0459357277882797, 1.2988505747126438, 1.14, 1.2173913043478262, 1.1747343565525383, 1.0, 1.6666666666666667, 2.0, 1.2272727272727273, 1.0, 1.0, 1.0, 1.6944444444444444, 1.0244897959183674, 1.05, 2.0, 1.0795454545454546, 1.0, 1.0, 1.037741123846799, 1.0, 1.3793103448275863, 1.2, 1.6153846153846154, 1.0869098712446352, 1.0, 1.0666666666666667, 1.3225806451612903, 1.1265822784810127, 1.0126117862875488, 2.0, 1.2217252396166134, 1.25, 1.0039735099337748, 1.0, 1.0, 1.0263157894736843, 3.0, 1.0245775729646698, 1.641304347826087, 1.0691073632250103, 1.202247191011236, 1.1444444444444444, 1.0919540229885059, 1.5, 1.0, 1.0701754385964912, 1.0523560209424083, 1.0714285714285714, 1.0, 1.1666666666666667, 1.2345679012345678, 1.5, 1.0, 7.0, 2.0, 1.2857142857142858, 1.1492204899777283, 2.0, 1.0442477876106195, 1.0, 1.0, 1.0, 1.0, 1.1224489795918366, 1.1282608695652174, 1.3888888888888888, 1.8076923076923077, 1.0, 1.0, 1.0329218106995885, 1.0110277900308777, 2.0, 2.0, 1.0, 1.393939393939394, 2.0714285714285716, 1.0, 1.5, 1.0095503967087864, 1.2083333333333333, 1.0, 1.0, 1.0633484162895928, 1.1, 1.0, 1.121212121212121, 1.2380952380952381, 1.0266666666666666, 1.0, 1.0, 3.0, 2.0, 1.0, 1.0534218885359514, 1.1612903225806452, 1.0135135135135136, 1.0, 1.0115606936416186, 1.0295831465710443, 1.2333333333333334, 1.294871794871795, 1.0, 1.0, 1.0289558350394852, 2.0, 1.131578947368421, 15.0, 1.0823529411764705, 1.0, 1.25, 1.0220517737296262, 1.0, 1.5, 1.3, 1.25, 1.0593471810089021, 1.1517857142857142, 1.0833333333333333, 1.10310021629416, 1.0317460317460319, 5.0, 1.3333333333333333, 1.1304347826086956, 1.0, 1.0, 1.0, 1.088235294117647, 1.0702274975272008, 1.0, 6.0, 1.5, 1.0, 1.0, 1.0, 1.0073260073260073, 1.0563604944835836, 1.0134874759152215, 1.0, 1.0926365795724466, 1.0607455131155086, 1.5, 1.1333333333333333, 1.2202643171806167, 1.0, 1.5555555555555556, 1.0, 1.3108108108108107, 1.4326241134751774, 1.0604982206405693, 1.028691660290742, 1.1570247933884297, 1.0514469453376205, 1.0, 1.1493333333333333, 1.3103448275862069, 1.2, 1.1336898395721926, 1.0093348891481915, 1.0, 1.0, 2.0, 1.0169911504424778, 1.118279569892473, 1.2950819672131149, 1.0303030303030303, 1.0389610389610389, 1.0, 1.041237113402062, 1.0, 1.0, 1.1666666666666667, 1.1538461538461537, 1.1510791366906474, 1.0, 1.5, 1.0560581869788894, 1.1213592233009708, 1.1857142857142857, 4.0, 1.0336001334000333, 1.0, 1.0, 1.0, 1.0777385159010602, 1.0, 1.0, 2.3333333333333335, 1.0, 1.1472491909385114, 2.0, 1.0, 2.5, 1.1346153846153846, 1.0142005112184038, 1.04, 1.2666666666666666, 1.0588235294117647, 1.0988441610203268, 1.0186252315291213, 1.0, 1.9438202247191012, 2.0, 1.0571428571428572, 1.0953947368421053, 1.5, 1.0, 1.4444444444444444, 1.4583333333333333, 1.2255845942228336, 1.0, 1.0, 1.0, 1.0, 1.3943661971830985, 1.0, 1.0993788819875776, 1.2857142857142858, 1.15, 1.5777777777777777, 1.326219512195122, 1.0243117626027887, 1.0679478380233356, 1.3125, 1.0, 1.0952380952380953, 1.553191489361702, 1.0476190476190477, 1.0809523809523809, 1.0, 1.1818181818181819, 1.02619833106928, 1.136, 1.001744946924531, 1.0, 1.5, 1.0585474308300395, 1.0, 2.0, 2.0, 1.0, 1.25, 1.0, 2.1578947368421053, 1.1219512195121952, 1.0, 1.0, 1.0498753117206983, 1.0453277545327755, 1.0175438596491229, 1.0, 1.65, 1.0212765957446808, 1.0148588410104011, 1.8518518518518519, 1.3231884057971015, 2.0, 1.1217948717948718, 1.0850340136054422, 1.0833333333333333, 1.0219619326500733, 1.1625835189309577, 4.5, 1.3243243243243243, 1.2962962962962963, 2.0, 1.2, 1.0, 1.2, 1.3928571428571428, 1.0, 2.4285714285714284, 1.6666666666666667, 1.3333333333333333, 1.0, 1.056105610561056, 1.1864406779661016, 1.0, 1.0377358490566038, 1.25, 1.0, 1.1755725190839694, 1.012481426448737, 1.0743481324876674, 1.1068090787716955, 1.0, 1.3333333333333333, 1.3333333333333333, 2.0, 1.0, 1.1956521739130435, 1.2553191489361701, 2.0, 1.1715374841168995, 1.0, 3.0, 1.2727272727272727, 1.0, 1.0948275862068966, 1.018651362984218, 1.4651162790697674, 1.8541666666666667, 1.2777777777777777, 1.1326053042121684, 1.0961538461538463, 1.0, 1.0, 1.0701513067400275, 1.5, 1.0, 1.0, 1.0, 1.1379310344827587, 1.1167483424618045, 1.0, 1.0789473684210527, 1.8333333333333333, 1.3448275862068966, 1.240506329113924, 2.0, 1.0, 1.0, 1.036144578313253, 1.0054083288263926, 1.043096568236233, 1.0754716981132075, 1.0, 2.0, 1.1370192307692308, 1.0, 1.4, 1.1516919486581096, 1.0238805970149254, 2.0, 2.0, 1.1804878048780487, 1.0833333333333333, 1.0, 1.0, 1.0141807794327689, 1.0, 1.25, 1.0, 2.0, 3.0, 1.1538461538461537, 1.4090909090909092, 1.3928571428571428, 1.0260869565217392, 1.3333333333333333, 1.0384615384615385, 2.0, 1.0, 1.0, 1.0610217596972564, 1.1158301158301158, 1.0217391304347827, 2.0, 2.0, 1.1814285714285715, 1.25, 2.04, 1.2175324675324675, 1.1875, 1.0667144906743184, 1.1079839172889143, 1.2272727272727273, 1.0, 2.0, 1.0, 1.3427230046948357, 1.0, 1.0201940209859435, 1.0847694457382393, 2.0, 1.0, 1.2173913043478262, 1.0, 3.3333333333333335, 2.0, 4.0, 1.0465116279069768, 2.0, 1.4, 1.127128263337117, 1.0, 2.0, 1.25, 1.16, 1.0298210735586482]
origin-census_1.87 	max: 15.0000	99th: 5.0000	95th: 2.1606	median: 1.1068	mean: 1.3687

...Done, result: results.csv

WORKLOAD-FINISHED | Type: QueryWorkload | Progress: 1/3 | Workload-time: 39.319185 | Model-update-time: 0.000000


WORKLOAD-START | Type: DataUpdateWorkload | Progress: 2/3
Going to run: ['python', '/home/kangping/code_copy/SAUCE/Naru/eval_model.py', '--model=transformer', '--data_update=tupleskew', '--dataset=census', '--drift_test=js', '--end2end', '--update_size=8000', '--query_seed=0', '--eval_type=drift']
Torch device: cuda:1
GET-MODEL-PATH=./models/end2end/transformer/origin-census-2.8MB-model16.858-data14.989-200epochs-seed0.pt
GET-DATASET-PATH=./data/census/end2end/census_int.npy
TupleSkewSample - START
0.001
TupleSkewSample - END
load_npy_dataset_from_path - df.shape = (39073, 13)
Parsing... done, took 0.0s
Data updated!
Previous data size: (32561, 13), new data size: (6512, 13)
[3.9267540e-04 1.3565421e-03 6.1386824e-04 3.0207634e-04 7.4893236e-04
 9.0599060e-06 1.3006926e-03 2.3875237e-03 6.0421228e-04 8.8695288e-03
 1.3561666e-02 1.0060072e-03 7.2598457e-04]
Distance score: 0.0024522130843251944
SAUCE Drift detection: True
Detection latency: 0.0038s

DRIFT-DETECTED after 2-th workload
Going to run: ['python', '/home/kangping/code_copy/SAUCE/Naru/incremental_train.py', '--dataset=census', '--end2end', '--model=transformer', '--model_update=adapt', '--update_size=8000', '--epochs=0']
Torch device: cuda:1
GET-MODEL-PATH=./models/end2end/transformer/origin-census-2.8MB-model16.858-data14.989-200epochs-seed0.pt
update_size: 6512
AdaptTask - START
GET-DATASET-PATH=./data/census/end2end/census_int.npy
load_npy_dataset_from_path - df.shape = (39073, 13)
Parsing... done, took 0.0s
done, took 0.0s
dataset size: 39073
train data shape: torch.Size([6512, 13]), transfer data shape:torch.Size([1302, 13])
Training done; evaluating likelihood on full data:
Epoch None Iter 0, test loss 11.2912 nats / 16.2898 bits
Saved to: /home/kangping/code_copy/SAUCE/models/end2end/transformer/origin-census-2.8MB-model16.858-data14.989-200epochs-seed0.pt
AdaptTask - END

WORKLOAD-FINISHED | Type: DataUpdateWorkload | Progress: 2/3 | Workload-time: 4.027317 | Model-update-time: 4.679250


WORKLOAD-START | Type: QueryWorkload | Progress: 3/3
Going to run: ['python', '/home/kangping/code_copy/SAUCE/Naru/eval_model.py', '--dataset=census', '--model=transformer', '--end2end', '--query_seed=0', '--eval_type=estimate', '--num_workload=3', '--data_update=tupleskew', '--model_update=adapt', '--random_seed=42']
Torch device: cuda:1
GET-MODEL-PATH=./models/end2end/transformer/origin-census-2.8MB-model16.858-data14.989-200epochs-seed0.pt
ckpts [PosixPath('/home/kangping/code_copy/SAUCE/models/end2end/transformer/origin-census-2.8MB-model16.858-data14.989-200epochs-seed0.pt')]
Validate Argument: DATASET="census" is valid.
data size: 39073, total size: 39073, split index: [32560 39073]
Parsing... done, took 0.0s
Loading ckpt: /home/kangping/code_copy/SAUCE/models/end2end/transformer/origin-census-2.8MB-model16.858-data14.989-200epochs-seed0.pt
query_seed:0
origin-census_1.87 	max: 219.0000	99th: 212.0000	95th: 40.6400	median: 1.2484	mean: 9.7664
ReportEsts: [1.1515151515151516, 1.0, 1.0816326530612246, 1.0, 5.0, 1.981818181818182, 1.2646134506599622, 1.0721649484536082, 1.0, 2.0, 1.0952659263588544, 1.05, 1.037037037037037, 1.347305389221557, 1.5945945945945945, 1.094229217110573, 1.30804248861912, 1.2765957446808511, 1.0, 212.0, 1.2087912087912087, 1.1578947368421053, 2.0, 2.0, 1.0, 1.5, 8.333333333333334, 1.1280788177339902, 2.2857142857142856, 1.029366005445352, 1.037491919844861, 1.2162162162162162, 1.1935034802784223, 1.195519348268839, 1.5454545454545454, 4.875, 1.0, 2.0, 4.0, 1.5616797900262467, 1.2376237623762376, 2.0, 181.0, 1.2558734589439404, 2.5, 1.375, 1.0, 1.3076923076923077, 1.0, 1.0, 1.057132459970888, 1.1578947368421053, 1.0, 1.4, 1.1495652173913042, 6.138888888888889, 1.6, 1.277009507346586, 2.5688073394495414, 1.75, 1.687830687830688, 41.4, 13.875, 1.5, 1.0472972972972974, 1.173013083382152, 1.6055363321799307, 1.1353089180877831, 1.0545454545454545, 1.2, 8.129032258064516, 1.2352941176470589, 2.0, 1.0236914600550964, 1.023663578047042, 1.0, 1.0, 218.0, 1.2228202368137782, 1.1666666666666667, 72.66666666666667, 1.0, 1.0, 196.0, 1.4332425068119892, 2.0, 1.3125, 1.0, 30.857142857142858, 1.2562929061784898, 1.0, 3.0, 1.30859375, 1.0, 1.0833333333333333, 1.4, 11.61111111111111, 1.0, 1.4474708171206225, 1.25, 1.1375, 1.0168067226890756, 105.0, 2.875, 4.267857142857143, 2.0543933054393304, 1.4545454545454546, 1.3333333333333333, 1.032270837457929, 1.2926829268292683, 3.0, 1.1470588235294117, 1.0416666666666667, 1.4133971291866028, 2.0, 1.0, 1.3021148036253776, 2.0, 2.0, 1.0, 2.0, 4.0, 3.0, 1.0, 2.5172413793103448, 2.5, 1.16988416988417, 1.3485148514851486, 1.9090909090909092, 1.0, 1.1116249737229347, 1.0408510638297872, 1.194647201946472, 1.0, 1.1111111111111112, 1.347457627118644, 1.0, 1.4549019607843137, 2.0, 1.0, 1.0, 2.0, 1.0, 1.5714285714285714, 1.0, 2.0, 1.0737200615249396, 1.1266272189349111, 3.0, 1.0244897959183674, 1.069345430978613, 2.0, 1.0978497974446868, 40.6, 1.0, 1.9707602339181287, 1.9242424242424243, 12.411764705882353, 1.5, 1.0687510796337882, 7.0, 2.0320855614973263, 1.1651785714285714, 1.3641618497109826, 1.0, 86.0, 1.3387423935091278, 209.0, 1.0, 5.666666666666667, 1.0568079350766457, 1.2727272727272727, 1.1799180327868852, 1.6309963099630995, 1.0607287449392713, 1.3654223968565815, 1.0, 2.0, 1.0, 8.76, 2.111111111111111, 1.0, 1.1626016260162602, 1.7692307692307692, 1.0, 1.1941747572815533, 2.857142857142857, 1.0, 1.0, 1.6666666666666667, 1.0, 1.7075471698113207, 1.0, 1.5, 2.0, 1.0862266310568485, 1.3333333333333333, 1.5, 1.0, 1.4705882352941178, 1.28125, 1.0, 1.4333333333333333, 1.340731853629274, 1.2075471698113207, 1.5, 1.0, 4.0, 1.0, 1.5, 1.5, 1.8571428571428572, 1.1583969465648856, 3.0, 92.0, 2.6198347107438016, 1.1646341463414633, 1.0, 1.0099323753169906, 1.1666666666666667, 2.484126984126984, 1.1662364897564124, 1.0, 1.0, 1.59, 1.7977941176470589, 1.0, 1.2857142857142858, 1.0944700460829493, 1.3703703703703705, 2.0, 1.0379858657243817, 2.0, 1.0136567164179104, 1.0, 1.0, 1.0, 1.5, 108.5, 1.0559680182752713, 1.0340909090909092, 1.0, 1.007936507936508, 1.0, 1.3950617283950617, 1.34375, 1.0, 2.0, 1.259141494435612, 1.0214046822742475, 1.4956521739130435, 15.333333333333334, 1.28125, 1.6538461538461537, 1.0, 1.2494061757719714, 1.035386631716907, 1.5708333333333333, 13.23076923076923, 1.2261103633916555, 1.060424286759327, 2.0, 4.0, 1.0, 1.9317073170731707, 212.0, 1.7575757575757576, 1.0, 1.2087971033927853, 1.0, 1.5286103542234333, 1.0, 1.3333333333333333, 1.0, 1.0407725321888412, 1.5, 3.7049180327868854, 1.5121951219512195, 1.2765151515151516, 2.0, 1.2264610389610389, 2.0, 1.5, 3.0, 1.0089285714285714, 1.5238095238095237, 6.0, 2.0, 1.5, 2.0, 1.0, 2.0, 1.0740740740740742, 1.0304232804232805, 1.2307692307692308, 20.8, 68.0, 9.956521739130435, 1.7647058823529411, 1.0406391108023618, 1.625, 1.0, 1.0, 1.0020259319286873, 2.0, 1.0, 1.7575757575757576, 1.0, 1.0, 1.0, 1.0217737124676873, 1.0899427636958299, 1.6615384615384616, 1.0, 1.9273743016759777, 1.0408525754884548, 2.0, 1.5384615384615385, 1.0, 1.0, 2.0, 1.0609137055837563, 2.0, 1.0578175895765471, 2.0, 1.0, 1.0783645655877343, 1.3818181818181818, 1.0, 2.0, 2.0, 4.0, 1.3333333333333333, 1.3680981595092025, 1.0, 1.3004385964912282, 1.0, 68.66666666666667, 2.0, 2.055944055944056, 1.0, 3.5, 2.0, 2.0, 1.0, 1.0476190476190477, 1.0495049504950495, 1.5, 1.0318559556786704, 204.0, 1.0, 1.2, 1.3636363636363635, 1.0, 1.8, 1.0, 1.0, 1.9166666666666667, 1.3333333333333333, 1.2619047619047619, 2.0, 1.07378223495702, 1.0334855403348555, 1.7272727272727273, 1.1694444444444445, 1.0, 98.0, 1.0, 1.0, 1.0888888888888888, 1.4166666666666667, 1.0465116279069768, 1.0007668711656441, 1.0, 1.1570247933884297, 3.7246376811594204, 1.0, 1.1724137931034482, 1.0, 1.0, 1.0, 1.826086956521739, 2.0, 1.373046875, 2.0, 9.521739130434783, 1.0, 1.0, 1.2708333333333333, 68.33333333333333, 2.0, 4.0, 1.1571428571428573, 172.0, 1.0, 1.0732947571453622, 1.1666666666666667, 1.1647254575707155, 1.1615044247787611, 1.8, 191.0, 1.746031746031746, 1.0287610619469028, 1.0, 1.1875, 1.0, 1.0085034013605443, 1.608695652173913, 23.5, 1.083596214511041, 1.4883720930232558, 1.5, 1.0, 2.5, 1.473053892215569, 1.035014005602241, 1.0806451612903225, 1.2942779291553133, 1.1725535610885929, 47.75, 1.2, 1.0, 1.1818181818181819, 2.1512605042016806, 2.032258064516129, 1.0, 1.0, 1.0778170793329964, 196.0, 212.0, 196.0, 216.0, 1.0434782608695652, 2.0, 1.0, 1.0, 1.1642147117296222, 1.7476190476190476, 1.0860067407314942, 1.0, 2.0, 3.0, 3.376470588235294, 1.0, 1.7777777777777777, 1.1111111111111112, 1.8461538461538463, 1.0, 1.6, 1.0, 2.0, 2.0, 1.875, 2.5575221238938055, 2.5773809523809526, 1.4285714285714286, 1.0611138014527846, 2.0, 1.435251798561151, 1.5, 1.0662768031189085, 1.5, 1.1826012058570199, 3.0, 1.1473029045643153, 1.0, 1.0, 1.3861671469740633, 1.2380952380952381, 1.1011346817957572, 205.0, 1.0223559759243337, 1.3181818181818181, 181.0, 1.3333333333333333, 1.055033944821609, 1.748878923766816, 1.0, 1.0, 1.1884057971014492, 1.0, 3.0, 1.0992584141471762, 1.125, 1.0, 1.0844424047728316, 2.3333333333333335, 1.6666666666666667, 2.0, 1.1453930684699916, 4.0, 3.0, 2.0106382978723403, 27.428571428571427, 4.315789473684211, 1.0, 1.1428571428571428, 1.0, 1.265993265993266, 12.941176470588236, 219.0, 1.0970873786407767, 1.3018806744487679, 1.0128060263653484, 1.2362399505256647, 1.2398119122257054, 1.3636363636363635, 1.2222222222222223, 1.5126582278481013, 1.6331877729257642, 63.0, 3.0, 2.760330578512397, 1.4, 1.5217391304347827, 1.0, 1.0, 2.0, 205.0, 1.5, 1.0, 1.124223602484472, 1.1690140845070423, 1.0346153846153847, 216.0, 1.0812437311935807, 2.125, 1.0, 1.088235294117647, 1.0, 1.3333333333333333, 1.75, 1.8369098712446352, 1.0, 2.0, 1.3359375, 1.5652951699463327, 1.0196078431372548, 1.0, 181.0, 1.0, 1.0, 1.0, 1.5, 1.0382276281494354, 1.8771498771498771, 1.0657430046183103, 1.0165512384082638, 1.8078602620087336, 1.0, 68.66666666666667, 1.09155672823219, 1.407216494845361, 1.0, 1.1893939393939394, 1.0, 1.4857482185273159, 1.0150209308052205, 1.0, 1.1666666666666667, 1.4206349206349207, 1.3846153846153846, 1.0919157652179479, 1.0, 102.5, 1.6603773584905661, 1.0, 1.0, 1.0277544154751892, 1.0, 2.0, 2.0, 1.1111111111111112, 1.2750809061488673, 1.4193548387096775, 1.0337784760408484, 1.6111111111111112, 1.0561797752808988, 1.2145790554414784, 1.0, 1.0577920916085168, 1.1184510250569477, 217.0, 2.0, 5.020408163265306, 209.0, 1.046936114732725, 1.4864864864864864, 1.5, 1.0425790754257906, 1.0, 2.0, 1.3333333333333333, 2.0, 1.3471502590673574, 1.0, 2.0, 2.0, 1.7605633802816902, 1.1070736434108528, 1.1818181818181819, 2.4932432432432434, 1.875, 1.4285714285714286, 1.632, 1.0760188087774294, 1.0010252204223908, 1.130801687763713, 1.0901734104046243, 1.0738636363636365, 1.2325249643366618, 1.0, 1.0, 1.0108885017421603, 1.179144385026738, 1.826086956521739, 1.0506329113924051, 1.0669291338582678, 1.0, 1.2692867540029111, 2.0, 1.2352941176470589, 1.7272727272727273, 1.1538461538461537, 1.263157894736842, 1.6666666666666667, 1.0396415392725356, 203.0, 1.445141065830721, 1.1341280426808937, 3.0, 1.0, 1.0590768170857734, 2.0, 8.576923076923077, 1.2602739726027397, 1.4782608695652173, 1.75, 5.825, 1.0, 1.0, 1.0432569974554708, 1.0, 1.0362479247371335, 1.0287769784172662, 1.0, 1.2105263157894737, 1.1137724550898203, 1.1673151750972763, 2.0, 206.0, 1.32, 1.0, 1.1838235294117647, 1.0920840064620356, 1.84375, 1.6916167664670658, 1.049079754601227, 1.3846153846153846, 1.0379476975554291, 2.0, 1.6704545454545454, 1.25, 2.0, 1.0884265279583876, 2.3333333333333335, 2.0, 1.6666666666666667, 1.0, 1.1866666666666668, 2.0, 1.0521739130434782, 1.5133928571428572, 1.0, 2.0, 2.0, 1.0, 2.0, 1.0, 1.5106382978723405, 1.5, 1.7946428571428572, 1.3058823529411765, 1.05, 1.1688311688311688, 1.0, 1.173913043478261, 2.0, 2.0, 2.0, 1.0589455488331894, 1.0, 1.158139534883721, 1.4669421487603307, 1.0, 3.5, 1.0, 1.0, 177.0, 1.0601892744479495, 2.0, 1.6862745098039216, 12.3, 1.068062827225131, 98.0, 1.5, 1.0057498057498058, 1.625, 1.8215962441314555, 1.0952380952380953, 2.6448598130841123, 1.5, 1.0, 1.0905861456483126, 1.253968253968254, 2.5, 8.142857142857142, 1.0434782608695652, 24.333333333333332, 2.0, 1.0, 1.0, 1.6285714285714286, 2.5, 1.011764705882353, 1.0150234741784037, 1.0, 1.0, 1.0, 1.3553113553113554, 1.1161004111664141, 1.0339966832504146, 1.0, 1.7155172413793103, 1.0725838264299803, 1.0, 1.0588235294117647, 1.3458781362007168, 2.0, 1.2727272727272727, 1.0, 5.928571428571429, 2.0, 1.2695652173913043, 2.2, 1.7183098591549295, 1.7829457364341086, 1.4, 2.0, 1.406374501992032, 4.6, 217.0, 1.0, 2.0, 1.784543325526932, 1.1996370235934664, 1.2225913621262459, 2.0, 5.021739130434782, 1.0, 1.5555555555555556, 1.5786924939467313, 1.5072463768115942, 1.0714285714285714, 40.6, 1.5333333333333334, 1.4803625377643506, 1.11875, 216.0, 1.0, 1.0, 1.0, 187.0, 1.0134436401240952, 1.0, 1.3333333333333333, 6.675675675675675, 1.166309778729479, 1.2203389830508475, 1.044464609800363, 1.0, 1.1128205128205129, 8.321428571428571, 1.0333333333333334, 1.0, 1.3617021276595744, 1.1699463327370303, 1.2474226804123711, 1.3, 39.0, 1.7894736842105263, 1.0, 1.0769230769230769, 1.060797473351757, 1.0, 5.879518072289157, 1.434782608695652, 7.5, 1.0, 1.6428571428571428, 10.608695652173912, 102.5, 1.0, 1.1, 1.0543478260869565, 1.4324324324324325, 1.0833333333333333, 1.5, 1.125, 1.85625, 5.2, 1.0531329381879764, 1.1749767729947351, 1.0113513513513515, 2.3333333333333335, 1.0, 1.0, 1.195538057742782, 2.4, 1.2334801762114538, 181.0, 1.0, 1.2549559471365639, 1.0, 1.1785714285714286, 1.0868810735770478, 3.723684210526316, 1.1538461538461537, 1.107843137254902, 1.0696969696969696, 1.282037239868565, 2.0, 3.36046511627907, 2.630630630630631, 1.1197816638026887, 2.0, 1.6451612903225807, 1.381209503239741, 1.0204081632653061, 1.1507314130598703, 172.0, 1.1638972809667674, 1.0, 59.0, 1.0207336523125996, 1.02, 1.3789209535759097, 2.2058823529411766, 1.0428724544480172, 1.1630094043887147, 1.125, 1.055484693877551, 1.4031180400890868, 9.0, 1.4189189189189189, 1.5185185185185186, 1.5, 28.0, 1.0, 2.109677419354839, 1.125, 1.0, 1.1203227522610393, 2.3636363636363638, 1.0720620842572062, 4.9245283018867925, 1.0, 2.3796296296296298, 1.0, 7.407407407407407, 2.0, 1.375, 1.1186793575252825, 1.450191570881226, 35.5, 1.0, 1.1333333333333333, 1.8, 1.0, 1.2173913043478262, 2.080357142857143, 5.217391304347826, 1.1363636363636365, 1.1554054054054055, 1.1111111111111112, 1.0, 1.0019890601690702, 1.0, 1.3333333333333333, 2.0, 1.4096385542168675, 2.0, 1.1029962546816479, 1.0, 4.836734693877551, 1.4359861591695502, 2.0, 1.099526066350711, 27.714285714285715, 1.07416081186573, 1.0902777777777777, 3.4347826086956523, 1.25, 1.2095696337877573, 1.0432248664400194, 1.0, 2.0, 2.0, 1.3279742765273312, 2.8640776699029127, 1.0, 1.0144927536231885, 1.8076923076923077, 1.0673076923076923, 1.0233463035019454, 1.0, 1.0970406056434963, 4.0, 1.417989417989418, 1.2005347593582887, 1.5, 1.3686112545172948, 1.1666666666666667, 1.0, 1.2865928659286592, 1.0, 1.210762331838565, 1.5973333333333333, 1.3333333333333333, 1.2222222222222223, 1.4705882352941178, 1.1666666666666667, 3.0, 1.2926829268292683, 202.0, 1.1106194690265487, 1.1, 72.33333333333333, 1.0774287801314828, 1.0, 1.125, 2.0, 217.0, 1.0, 1.1633161018571703, 1.1280276816608996, 1.1519337016574585, 1.0, 2.0, 1.2142857142857142, 1.8377483443708609, 1.0055555555555555, 1.3164556962025316, 1.4736842105263157, 4.818181818181818, 1.0337765001796622, 1.0, 1.0381205673758864, 1.0962128966223132, 1.0, 1.0, 1.0, 1.4132841328413284, 1.1231914014055395, 1.0625, 1.0, 1.0467289719626167, 1.0, 1.5, 1.0, 2.0, 1.0888888888888888, 1.0952380952380953, 1.0246147844743514, 1.3370786516853932, 1.0, 1.0019212295869357, 1.2413793103448276, 1.0689655172413792, 1.1486238532110091, 1.2545126353790614, 1.040326831839747, 1.0, 2.0, 1.0, 1.5156507413509062, 1.2595190380761523, 1.0535714285714286, 1.0844396991922756, 1.166184971098266, 1.0, 1.4692874692874693, 2.0, 1.0, 5.145833333333333, 1.0, 1.0, 1.1530485275819162, 209.0, 1.3333333333333333]
origin-census_1.87 	max: 219.0000	99th: 212.0000	95th: 40.6400	median: 1.2484	mean: 9.7664

...Done, result: results.csv

WORKLOAD-FINISHED | Type: QueryWorkload | Progress: 3/3 | Workload-time: 39.263816 | Model-update-time: 0.000000


Experiment Summary: #data-update-times=1, #drift=1 | total-time=87.306445