Input arguments = Namespace(data_update='sample', update_size=8000, dataset='census', debug=False, drift_test='js', model_update='adapt', model='transformer', end2end=False, query_seed=0, random_seed=42, num_workload=3)
JSON-passed parameters = {'data_updater': {'skew_ratio': '1e-3'}, 'random_seed': 94, 'transformer': {'epochs': 0}}
MODEL-PATH=/home/kangping/code_copy/SAUCE/models/end2end/transformer/origin-census-2.8MB-model16.858-data14.989-200epochs-seed0.pt
DATASET-PATH=/home/kangping/code_copy/SAUCE/data/census/end2end/census_int.npy
Workloads: ['QueryWorkload', 'DataUpdateWorkload', 'QueryWorkload']

WORKLOAD-START | Type: QueryWorkload | Progress: 1/3
Going to run: ['python', '/home/kangping/code_copy/SAUCE/Naru/eval_model.py', '--dataset=census', '--model=transformer', '--query_seed=0', '--end2end', '--eval_type=first_estimate', '--num_workload=3', '--data_update=sample', '--model_update=adapt', '--random_seed=42']
Torch device: cuda:1
GET-MODEL-PATH=./models/end2end/transformer/origin-census-2.8MB-model16.858-data14.989-200epochs-seed0.pt
ckpts [PosixPath('/home/kangping/code_copy/SAUCE/models/end2end/transformer/origin-census-2.8MB-model16.858-data14.989-200epochs-seed0.pt')]
Validate Argument: DATASET="census" is valid.
load_csv_dataset - census (32561, 13)
Parsing... done, took 0.0s
Loading ckpt: /home/kangping/code_copy/SAUCE/models/end2end/transformer/origin-census-2.8MB-model16.858-data14.989-200epochs-seed0.pt
query_seed:0
origin-census_1.87 	max: 14.0000	99th: 5.0000	95th: 2.2510	median: 1.0952	mean: 1.3650
ReportEsts: [1.0, 1.001865671641791, 1.0364963503649636, 1.5, 1.0655737704918034, 1.2532188841201717, 1.1428571428571428, 1.4285714285714286, 1.0, 1.0, 1.0, 1.0425531914893618, 1.4666666666666666, 1.2530120481927711, 1.0815217391304348, 1.0, 1.3540372670807452, 1.0, 2.0, 1.0, 2.0, 2.0, 1.1233766233766234, 2.6, 1.0529801324503312, 1.2, 1.0, 1.055160744500846, 1.0, 1.068187162003292, 1.0415577626764245, 1.15625, 1.0491803278688525, 1.125, 1.0, 1.2857142857142858, 1.0, 1.3066666666666666, 1.25, 1.0901683867463334, 2.0, 1.0, 2.0, 1.0, 1.04, 1.0392156862745099, 1.0, 1.0315230961298376, 1.0, 2.0, 1.0, 1.75, 1.0, 6.0, 1.371069182389937, 9.0, 1.3278688524590163, 1.4285714285714286, 1.112162538268856, 1.1847133757961783, 1.0206185567010309, 1.7142857142857142, 1.0196078431372548, 1.141025641025641, 1.0, 1.0, 1.0, 1.1425925925925926, 1.0, 1.75, 1.1888888888888889, 1.2727272727272727, 1.5, 1.0, 1.0061462814996927, 1.0, 1.0, 3.0, 2.0, 1.0, 2.0, 1.0, 1.5, 1.25, 1.0419580419580419, 1.1333333333333333, 1.0, 1.1521739130434783, 1.0126740449839342, 1.0, 1.1386861313868613, 1.0, 1.0689655172413792, 1.0, 1.2679738562091503, 1.5, 1.0876993166287017, 1.0, 1.0416666666666667, 1.1666666666666667, 2.0, 2.0, 1.0, 1.0909090909090908, 1.0, 1.0607142857142857, 1.0940695296523517, 1.5925925925925926, 1.4758364312267658, 1.28125, 1.318840579710145, 1.0, 1.3043478260869565, 1.2222222222222223, 1.2692307692307692, 1.0, 1.0, 1.1724137931034482, 1.5, 1.0591603053435115, 2.0, 1.0176, 1.4935064935064934, 1.2, 1.0024743725698126, 1.1538461538461537, 1.0028950650276145, 1.0416171224732462, 1.0446428571428572, 1.151376146788991, 1.0, 1.0097951914514693, 2.0, 1.0, 1.0, 1.0, 1.0220588235294117, 2.0, 2.5, 1.2222222222222223, 1.0, 1.0, 1.0, 1.0, 2.5, 2.0, 1.0, 1.0454545454545454, 1.1174751607247224, 1.098360655737705, 1.2105263157894737, 1.2, 2.0, 1.0, 2.0, 1.5, 5.666666666666667, 1.0, 2.0, 2.0, 1.06, 1.5, 1.625, 1.05, 1.0135746606334841, 1.1496598639455782, 1.0822784810126582, 1.0126262626262625, 1.1505911636589918, 1.0044843049327354, 1.0522471910112359, 5.0, 2.0, 1.0, 1.1333333333333333, 1.2578512396694215, 2.5, 1.0255824577432617, 1.017026850032744, 1.0303030303030303, 1.0, 1.054054054054054, 1.0408163265306123, 1.0, 1.0526315789473684, 1.053407474460106, 1.25, 1.0, 1.0726072607260726, 1.3463203463203464, 1.0327868852459017, 1.6363636363636365, 1.0494532803180914, 1.0, 1.2666666666666666, 1.0, 1.0696160107248875, 1.0, 1.4871794871794872, 1.1028571428571428, 1.0, 2.55, 1.2875, 1.3333333333333333, 2.0, 1.1666666666666667, 1.0, 1.0110803324099722, 5.0, 1.0, 1.1193317422434368, 1.009433962264151, 1.25, 1.3333333333333333, 1.0, 1.2285714285714286, 1.0192307692307692, 1.0646410485552578, 1.0982658959537572, 2.28125, 1.0, 1.2222222222222223, 1.1867924528301887, 1.0384615384615385, 1.0, 1.0357815442561205, 1.0, 1.0, 1.0, 1.0, 1.0, 1.04, 1.3043478260869565, 1.0736842105263158, 1.0, 1.0, 2.0, 1.1666666666666667, 1.3072916666666667, 2.0, 1.0, 1.1179775280898876, 2.0, 1.0, 1.5, 1.3333333333333333, 1.5263157894736843, 1.0, 2.0, 1.0217391304347827, 2.0, 1.0649350649350648, 1.3957219251336899, 1.4166666666666667, 1.0, 1.3333333333333333, 5.0, 1.4043478260869566, 1.2093023255813953, 1.0848880597014925, 1.0, 5.0, 1.5, 2.5, 1.3333333333333333, 1.0, 1.1428571428571428, 1.0864864864864865, 2.0, 1.4, 1.0625, 1.0, 1.0, 1.5, 1.0463996498139636, 1.1397379912663756, 1.0, 1.3615384615384616, 1.0, 2.0, 1.1, 1.2682926829268293, 1.0643939393939394, 4.0, 1.036525974025974, 1.0, 1.043731778425656, 2.0, 1.2333333333333334, 2.0, 1.0227272727272727, 1.009448223733938, 2.5, 1.0033185840707965, 1.0871369294605808, 2.0, 2.0, 1.0, 1.1333955223880596, 1.04, 1.7777777777777777, 2.0, 1.0, 1.0952380952380953, 1.176056338028169, 1.2045454545454546, 2.0, 1.2433460076045628, 1.6, 1.0, 1.0, 1.0, 1.0, 1.0191387559808613, 1.0, 1.0, 1.0, 1.032474804031355, 2.0, 1.0755909840571742, 1.0, 1.0915377016792889, 1.1, 2.0, 1.2741477272727273, 1.0769230769230769, 2.0, 1.0173333333333334, 2.0, 1.0986908358509566, 1.0, 1.4106382978723404, 2.0, 1.0052443384982122, 1.0, 3.0, 1.0, 1.0, 1.0, 1.313953488372093, 1.2352941176470589, 1.0714285714285714, 1.0, 1.6666666666666667, 1.1372549019607843, 2.0, 1.1071428571428572, 1.0, 2.25, 1.0, 1.0, 1.3333333333333333, 1.8666666666666667, 1.0, 2.5, 1.0010303967027305, 1.375, 6.0, 1.0, 2.0, 1.13946117274168, 1.3333333333333333, 1.0, 1.3243243243243243, 1.0, 1.1818181818181819, 1.0, 1.010738255033557, 1.0360360360360361, 1.0, 1.0420168067226891, 2.2708333333333335, 1.0, 1.0, 1.0, 1.0, 1.0, 1.1388888888888888, 1.0208333333333333, 1.25, 1.0677083333333333, 2.0, 1.0803571428571428, 1.1666666666666667, 1.0, 1.0875, 1.0, 1.0, 1.0, 2.0, 2.0, 1.3428571428571427, 1.0, 1.0, 1.0833333333333333, 1.1538461538461537, 1.7291666666666667, 1.1627906976744187, 2.0, 2.0, 1.075, 1.1129032258064515, 1.0, 1.1224489795918366, 1.7027027027027026, 2.0, 1.0316226023846553, 1.0360360360360361, 1.1304347826086956, 1.6470588235294117, 1.2666666666666666, 2.0, 2.0, 1.125, 2.0, 1.016, 1.16, 3.0, 1.1372549019607843, 1.625, 2.2222222222222223, 1.0, 1.0199829931972788, 1.0, 1.8571428571428572, 1.0762066045723964, 1.0641891891891893, 1.1818181818181819, 2.757575757575758, 1.4067796610169492, 2.0, 1.0, 1.205761316872428, 1.6666666666666667, 1.1384615384615384, 1.0, 1.0669745958429562, 1.0, 1.1013698630136985, 1.0, 1.3333333333333333, 1.0833333333333333, 2.0, 1.0, 2.0, 1.0, 1.0, 1.0, 1.1348314606741574, 1.0818181818181818, 1.2553990610328638, 1.135135135135135, 1.2105263157894737, 1.0, 2.2857142857142856, 1.3846153846153846, 2.0, 1.005304629963434, 1.018978102189781, 1.0, 1.0568250150330727, 1.2727272727272727, 2.0, 1.1176470588235294, 2.0, 1.1111111111111112, 3.0, 1.0, 1.0142965450016246, 1.103321033210332, 1.2473118279569892, 1.0, 1.0, 2.0, 1.1414141414141414, 1.5081967213114753, 1.034965034965035, 1.0056285178236397, 1.0, 2.0, 1.0, 1.4285714285714286, 1.0509803921568628, 1.0, 2.0, 2.0, 2.0, 1.3542600896860986, 2.0, 1.0, 4.0, 1.0, 1.0972222222222223, 1.0, 1.0833333333333333, 1.8333333333333333, 1.3043478260869565, 1.1554878048780488, 1.0826568265682657, 1.1805555555555556, 2.0, 2.0, 1.173913043478261, 3.5, 2.0, 1.019346230820547, 1.0508474576271187, 1.4, 1.0, 1.1726315789473685, 2.125, 1.0, 1.0132289416846652, 1.0353130016051364, 1.04, 1.0376420454545454, 1.0238309352517985, 1.0909090909090908, 2.0, 1.2318840579710144, 1.0366379310344827, 1.1785714285714286, 1.0, 1.1666666666666667, 1.0317460317460319, 1.0618181818181818, 1.1428571428571428, 7.0, 1.142346208869814, 1.1382783882783882, 1.0, 1.08, 5.0, 1.2894736842105263, 1.2727272727272727, 1.0227848101265822, 1.0461538461538462, 1.0, 1.5, 2.0, 1.054054054054054, 2.0, 1.0714285714285714, 1.1437598736176935, 1.0283500616305687, 1.0183767228177643, 1.0787671232876712, 2.0, 1.1810676940011007, 1.0, 1.1153846153846154, 1.0, 1.2264150943396226, 2.0, 1.0, 1.1428571428571428, 2.0, 3.5, 1.1111111111111112, 2.0, 1.3506493506493507, 3.0, 1.375, 1.0804532577903683, 1.0383720930232558, 1.0047169811320755, 1.0869565217391304, 1.145631067961165, 1.0, 1.0, 1.0, 2.0, 1.084375, 7.0, 1.0847756976333451, 1.0833333333333333, 1.5, 1.425531914893617, 1.0461538461538462, 1.29004329004329, 1.0, 1.0242214532871972, 1.0, 1.1379310344827587, 1.7142857142857142, 1.0, 1.5, 1.0434782608695652, 3.3333333333333335, 1.0, 1.0, 2.0, 1.0, 1.0630494627475358, 1.1326990485728592, 1.0, 1.0666666666666667, 1.1, 1.2380952380952381, 1.252371916508539, 2.0, 1.2128279883381925, 1.2, 1.0769230769230769, 2.0, 1.5, 1.1368267831149927, 1.0, 1.6363636363636365, 1.0, 1.0654582074521652, 1.13, 1.1875, 1.0980392156862746, 1.0858974358974358, 1.0, 1.25, 2.0, 1.0454545454545454, 1.0, 1.1666666666666667, 1.0, 1.3118279569892473, 1.211372064276885, 1.1764705882352942, 1.0, 1.0614525139664805, 1.0, 1.0, 1.1442663378545006, 1.0, 1.4285714285714286, 1.4, 1.5476190476190477, 1.061597578015836, 1.0, 1.0666666666666667, 1.021341463414634, 1.1012658227848102, 1.0470075670717724, 2.0, 1.1942535915053092, 1.3333333333333333, 1.0202702702702702, 1.0, 1.0, 1.0, 1.5, 1.0214395099540583, 1.0728476821192052, 1.0612494895875868, 1.0078492935635792, 1.1666666666666667, 1.0689655172413792, 1.3888888888888888, 1.0, 1.1228070175438596, 1.12565445026178, 2.0, 1.0, 1.3333333333333333, 1.0033333333333334, 4.0, 1.0, 14.0, 2.0, 1.0952380952380953, 1.0932203389830508, 2.0, 1.0085470085470085, 1.3333333333333333, 1.0, 1.0, 1.0, 1.1136363636363635, 1.0532608695652175, 1.1904761904761905, 1.4242424242424243, 1.0, 1.0, 1.1516587677725119, 1.197179420214155, 2.0, 3.0, 1.0, 1.1347826086956523, 2.142857142857143, 1.0, 1.5, 1.0275160759682966, 1.3333333333333333, 1.0, 1.0, 1.2433862433862435, 1.4, 1.1428571428571428, 1.2072072072072073, 2.3333333333333335, 1.0, 1.0, 1.0, 3.0, 1.032967032967033, 1.0, 1.0915619389587075, 1.173913043478261, 1.0375375375375375, 1.0, 1.0874285714285714, 1.0649049605934169, 1.0666666666666667, 1.0, 1.0, 1.0, 1.077529152221872, 2.0, 1.0, 1.1, 1.1794871794871795, 1.0, 1.25, 1.075046904315197, 1.0, 1.5, 1.2, 1.25, 1.1157270029673592, 1.0078125, 1.0833333333333333, 1.032083633741889, 1.0317460317460319, 5.0, 1.3, 1.0434782608695652, 1.25, 1.0, 1.0, 1.0, 1.024029574861368, 1.0, 2.8333333333333335, 1.5, 1.0, 1.0, 1.0, 1.0073260073260073, 1.0393669892754382, 1.0806368772470467, 1.0, 1.0565217391304347, 1.1803957662218132, 1.3333333333333333, 1.0, 1.1888412017167382, 1.0, 2.3333333333333335, 8.0, 1.2525773195876289, 1.3191489361702127, 1.0766283524904214, 1.0859055410933431, 1.4736842105263157, 1.345565749235474, 1.0, 1.005800464037123, 1.096551724137931, 1.0833333333333333, 1.1977401129943503, 1.0297619047619047, 1.0, 1.0, 2.0, 1.0733282674772036, 1.0558375634517767, 1.2295081967213115, 1.1, 1.025974025974026, 1.0, 1.1348314606741574, 1.0, 1.0, 1.3125, 1.2307692307692308, 1.25625, 1.0, 1.6666666666666667, 1.1024074074074075, 1.1846153846153846, 1.108433734939759, 1.0, 1.024037667272427, 1.0, 1.0303030303030303, 1.0, 1.1010830324909748, 1.0, 1.0, 1.75, 1.5, 1.1344, 2.0, 1.0, 2.25, 1.1355932203389831, 1.080369644357323, 1.04, 1.2666666666666666, 1.5588235294117647, 1.1341011929247224, 1.0072553897180763, 1.0, 1.046242774566474, 2.0, 2.9166666666666665, 1.125, 1.5, 1.0, 1.5, 1.2962962962962963, 1.104089219330855, 1.0, 1.0, 1.0, 1.2, 1.1267605633802817, 1.0, 1.1180124223602483, 1.26, 1.108829568788501, 1.0321100917431192, 1.1920731707317074, 1.0076788830715533, 1.2614718614718614, 1.4761904761904763, 1.0, 1.0454545454545454, 1.205128205128205, 1.0476190476190477, 1.1237623762376239, 1.0, 1.0, 1.0430816999805939, 1.2254901960784315, 1.0267243953418932, 1.0, 1.0, 1.0014822134387351, 1.0, 2.0, 2.0, 1.0, 1.25, 1.0, 2.0, 1.2173913043478262, 1.0, 1.0, 1.0972568578553616, 1.088861985472155, 1.0451127819548873, 1.0, 1.2121212121212122, 1.0141843971631206, 1.0102489019033676, 1.0204081632653061, 1.1341614906832298, 2.0, 1.096326530612245, 1.0459016393442624, 1.0833333333333333, 1.0519765739385065, 1.153674832962138, 4.5, 1.2297297297297298, 1.2962962962962963, 2.0, 1.6, 1.0, 2.3333333333333335, 1.3604651162790697, 1.0, 2.3333333333333335, 3.0, 1.3333333333333333, 1.0, 1.1228070175438596, 1.1290322580645162, 1.1666666666666667, 1.1224489795918366, 1.2, 2.0, 1.0076335877862594, 1.0344297571472487, 1.1275887573964498, 1.0980132450331126, 1.0, 1.3333333333333333, 1.0, 1.0, 1.0, 1.2790697674418605, 1.0317965023847377, 2.0, 1.146420824295011, 1.0, 3.923076923076923, 1.4387755102040816, 1.0, 1.0672268907563025, 1.0341246290801187, 1.105263157894737, 1.072289156626506, 1.2222222222222223, 1.167202572347267, 1.0350877192982457, 1.7142857142857142, 1.0, 1.0585034013605443, 1.0, 1.0, 1.0, 1.0, 1.0848126232741617, 1.079108635097493, 1.0, 1.1394253414978803, 1.3333333333333333, 1.2580645161290323, 1.153061224489796, 2.0, 1.0, 1.0030075187969925, 1.0955414012738853, 1.1314668289713938, 1.1229050279329609, 1.0239520958083832, 1.0, 2.0, 1.0697115384615385, 1.0, 1.35, 1.2935779816513762, 1.0489296636085628, 8.0, 2.0, 1.2341463414634146, 1.1666666666666667, 1.0, 1.0, 1.0423613295585614, 1.0, 1.04, 1.0, 2.0, 1.1666666666666667, 1.2580645161290323, 1.2941176470588236, 1.6428571428571428, 1.0318840579710145, 1.0, 1.21875, 2.0, 1.0, 1.0, 1.0232664233576643, 1.0677339901477831, 1.0103969754253308, 2.0, 2.5, 1.0602564102564103, 1.25, 1.32, 1.194267515923567, 1.2105263157894737, 1.0593615494978479, 1.1143847487001732, 1.0909090909090908, 1.0, 1.5, 1.0, 1.0845070422535212, 1.0, 1.02130611435933, 1.060081929904415, 1.5, 1.0, 1.1339285714285714, 1.0, 1.0, 2.0, 1.0, 1.2666666666666666, 2.0, 1.4, 1.1208651399491094, 1.0, 1.0, 1.25, 1.16, 1.005791505791506]
origin-census_1.87 	max: 14.0000	99th: 5.0000	95th: 2.2510	median: 1.0952	mean: 1.3650

...Done, result: results.csv

WORKLOAD-FINISHED | Type: QueryWorkload | Progress: 1/3 | Workload-time: 39.303410 | Model-update-time: 0.000000


WORKLOAD-START | Type: DataUpdateWorkload | Progress: 2/3
Going to run: ['python', '/home/kangping/code_copy/SAUCE/Naru/eval_model.py', '--model=transformer', '--data_update=sample', '--dataset=census', '--drift_test=js', '--end2end', '--update_size=8000', '--query_seed=0', '--eval_type=drift']
Torch device: cuda:1
GET-MODEL-PATH=./models/end2end/transformer/origin-census-2.8MB-model16.858-data14.989-200epochs-seed0.pt
GET-DATASET-PATH=./data/census/end2end/census_int.npy
Sample - START
Sample - END
load_npy_dataset_from_path - df.shape = (39073, 13)
Parsing... done, took 0.0s
Data updated!
Previous data size: (32561, 13), new data size: (6512, 13)
[5.6028366e-06 6.4253807e-05 2.6226044e-06 4.7683716e-07 1.2516975e-06
 4.3511391e-06 5.3644180e-07 5.1856041e-06 1.2516975e-06 6.1988831e-06
 1.6152859e-05 1.1205673e-05 1.5199184e-05]
Distance score: 1.032994350680383e-05
SAUCE Drift detection: False
Detection latency: 0.0037s

WORKLOAD-FINISHED | Type: DataUpdateWorkload | Progress: 2/3 | Workload-time: 3.938843 | Model-update-time: 0.000000


WORKLOAD-START | Type: QueryWorkload | Progress: 3/3
Going to run: ['python', '/home/kangping/code_copy/SAUCE/Naru/eval_model.py', '--dataset=census', '--model=transformer', '--end2end', '--query_seed=0', '--eval_type=estimate', '--num_workload=3', '--data_update=sample', '--model_update=adapt', '--random_seed=42']
Torch device: cuda:1
GET-MODEL-PATH=./models/end2end/transformer/origin-census-2.8MB-model16.858-data14.989-200epochs-seed0.pt
ckpts [PosixPath('/home/kangping/code_copy/SAUCE/models/end2end/transformer/origin-census-2.8MB-model16.858-data14.989-200epochs-seed0.pt')]
Validate Argument: DATASET="census" is valid.
data size: 39073, total size: 39073, split index: [32560 39073]
Parsing... done, took 0.0s
Loading ckpt: /home/kangping/code_copy/SAUCE/models/end2end/transformer/origin-census-2.8MB-model16.858-data14.989-200epochs-seed0.pt
query_seed:0
origin-census_1.87 	max: 10.0000	99th: 5.0067	95th: 3.0000	median: 1.1363	mean: 1.4611
ReportEsts: [1.043103448275862, 1.0, 1.8333333333333333, 1.0, 6.0, 1.3987730061349692, 1.0208581644815256, 1.0952380952380953, 1.0, 2.0, 1.0841924398625429, 1.0404624277456647, 1.1428571428571428, 1.1916461916461916, 1.109375, 1.0666448337972818, 1.1333333333333333, 1.105263157894737, 1.0, 1.5, 1.2771084337349397, 2.6956521739130435, 2.0, 1.8571428571428572, 2.0, 1.3333333333333333, 1.3484848484848484, 1.275, 2.0, 1.1421011368090945, 1.0123593025822115, 1.127659574468085, 1.0291194823203142, 1.0065359477124183, 1.2307692307692308, 1.0, 2.0, 4.0, 4.0, 1.8181818181818181, 1.5677966101694916, 2.0, 1.0, 1.0707964601769913, 3.0, 1.1, 3.0, 1.0642201834862386, 1.0, 1.0, 1.068624179735291, 1.0769230769230769, 1.0, 1.5454545454545454, 1.0341246290801187, 1.830188679245283, 5.0, 1.1610738255033557, 1.3835616438356164, 1.5, 1.118811881188119, 1.0, 1.0484581497797356, 1.2857142857142858, 1.3380281690140845, 1.0021907804655408, 1.1538461538461537, 1.0500503018108651, 1.3883495145631068, 2.1818181818181817, 1.0465116279069768, 1.3793103448275863, 2.5, 1.099831744251262, 1.0406263224714347, 1.0, 1.1666666666666667, 1.75, 1.018034265103697, 1.75, 1.2173913043478262, 1.0, 1.0, 2.0, 1.0149812734082397, 3.0, 1.0408163265306123, 1.0, 1.0994623655913978, 1.1593830334190232, 1.0, 2.0, 1.275, 1.0, 1.2156862745098038, 1.4375, 1.0, 1.0, 1.416289592760181, 1.2, 1.0449438202247192, 1.0704225352112675, 2.0, 1.368421052631579, 1.5945945945945945, 1.0458452722063036, 1.1346153846153846, 2.0, 1.0157510564733, 1.5, 3.0, 1.0, 1.027027027027027, 1.0160901045856798, 1.0, 1.0, 1.625, 1.0, 2.0, 1.0, 3.0, 2.0, 1.0, 1.32, 1.0476190476190477, 1.6666666666666667, 1.144486692015209, 1.1434511434511434, 1.5192307692307692, 2.0, 1.0239520958083832, 1.0456230396350157, 1.0338600451467268, 1.0, 1.4545454545454546, 1.3018181818181818, 1.0, 1.5047619047619047, 2.0, 1.0, 1.0, 2.0, 1.0, 1.3571428571428572, 1.0, 2.0, 1.034761796216093, 1.020886981402003, 3.0, 1.0362473347547974, 1.0599078341013826, 2.0, 1.0014025245441796, 1.1204819277108433, 1.0, 1.1578947368421053, 1.0353535353535352, 2.0, 3.0, 1.0106689246401355, 1.1428571428571428, 1.0994764397905759, 1.0408921933085502, 1.0786713286713288, 1.0833333333333333, 1.0209218698921216, 1.1252408477842004, 2.0, 1.1538461538461537, 2.4285714285714284, 1.1360294117647058, 1.3956043956043955, 1.021182586094867, 1.1841704718417048, 1.1977077363896849, 1.183712121212121, 2.0, 1.25, 2.0, 1.1818181818181819, 3.0, 1.0, 1.0419580419580419, 1.1589147286821706, 1.0, 1.1361702127659574, 1.125, 3.5, 2.0, 1.0, 1.0, 1.0661157024793388, 1.0, 1.125, 1.0, 1.067155756207675, 1.1956521739130435, 1.4814814814814814, 1.0, 1.18, 1.1081081081081081, 1.0, 1.2097186700767264, 1.0481226864093072, 1.171875, 1.0714285714285714, 1.0, 6.0, 1.0, 1.5, 1.0, 2.3333333333333335, 1.0196396688849212, 3.0, 2.0, 3.0, 1.101010101010101, 1.0, 1.0585849481748535, 1.6666666666666667, 1.0503095975232197, 1.0241069471838702, 6.0, 1.0, 1.296551724137931, 1.3387096774193548, 1.0952380952380953, 2.0833333333333335, 1.2147001934235977, 1.1538461538461537, 2.5, 1.0558899398108341, 1.5, 1.036245487364621, 1.0, 3.0, 1.4375, 1.5, 1.0, 1.019916142557652, 1.04, 1.0, 1.1735537190082646, 1.0, 1.3288288288288288, 1.2027027027027026, 5.0, 2.0, 1.2105263157894737, 1.1149162861491628, 1.2056737588652482, 1.0089285714285714, 1.6153846153846154, 1.375, 1.0, 1.2551020408163265, 1.0269966254218224, 1.3420593368237348, 1.054945054945055, 1.1452282157676348, 1.0336264075273793, 2.0, 4.0, 1.1111111111111112, 1.136150234741784, 2.0, 1.2717948717948717, 1.0, 1.0303630363036305, 1.0, 1.1815602836879433, 1.0, 1.105263157894737, 1.0, 1.0054009140008309, 1.5, 1.1559139784946237, 1.391304347826087, 1.0440251572327044, 4.0, 1.0020256583389602, 1.0, 1.0, 1.9285714285714286, 1.0, 1.125, 8.0, 2.0, 1.1333333333333333, 2.0, 2.0, 2.0, 1.0, 1.0751670378619154, 1.125, 1.0, 2.0, 1.1046606704824202, 1.1904761904761905, 1.098192130450195, 1.04, 1.0, 1.0, 1.0762527233115469, 2.0, 2.0, 1.125, 1.0, 1.0, 1.0, 1.0347006129184346, 1.0121555915721232, 1.1132075471698113, 1.014359792580774, 1.0801393728222997, 2.8333333333333335, 2.0, 1.4285714285714286, 1.0, 1.0, 2.0, 1.01392632524708, 1.0, 1.0007612281146916, 2.5, 1.0, 1.0660966027270626, 1.1594202898550725, 1.0, 2.0, 2.0, 1.0, 1.0, 1.0290178571428572, 2.0, 1.2374727668845316, 1.0, 3.0, 3.0, 1.5625, 1.0, 4.2, 1.0, 2.0, 2.0, 1.2588235294117647, 1.0080645161290323, 1.3333333333333333, 1.0309597523219813, 2.0, 1.0, 1.3333333333333333, 1.1818181818181819, 1.0, 1.25, 1.2758620689655173, 2.0, 2.1538461538461537, 1.1818181818181819, 1.6885245901639345, 1.5, 1.1216356107660455, 1.2363396971691902, 1.037037037037037, 1.0353075170842825, 1.0, 2.0, 1.0, 1.0, 1.0666666666666667, 1.4047619047619047, 1.0869565217391304, 1.1913109756097562, 2.0, 1.2413793103448276, 1.0416666666666667, 1.0, 1.0092592592592593, 1.0, 1.0, 1.0, 1.1481481481481481, 2.5, 1.3197424892703862, 2.0, 2.142857142857143, 1.5555555555555556, 2.0, 1.2150537634408602, 1.2935323383084578, 2.0, 1.0, 1.2019230769230769, 1.0, 1.0, 1.0288315629742033, 1.3333333333333333, 1.302367941712204, 1.1422413793103448, 2.8, 3.0, 1.0394736842105263, 1.0369557263080864, 1.5, 1.2941176470588236, 1.0, 1.3479087452471483, 1.3387096774193548, 2.0, 1.1135593220338984, 1.346938775510204, 1.0, 2.0, 1.5, 2.0, 1.071559633027523, 1.3548387096774193, 1.0681198910081744, 1.0868696954568149, 1.0, 1.25, 1.0, 1.1666666666666667, 1.1180555555555556, 1.3421052631578947, 1.105263157894737, 1.0, 1.0748451053283767, 2.0, 3.125, 2.0, 2.0, 1.1538461538461537, 1.0, 1.0, 1.0, 1.1718532280538783, 1.0, 1.0297836129345976, 1.0, 5.0, 3.0, 1.1635111876075732, 1.0, 10.0, 1.0634920634920635, 1.5, 1.0, 1.2142857142857142, 1.0, 2.0, 2.0, 1.0, 1.0476190476190477, 1.1579986833443054, 1.173913043478261, 1.0601983002832862, 1.0, 1.0783410138248848, 5.0, 1.0048543689320388, 1.0, 1.0, 3.0, 1.1024096385542168, 1.0, 1.0, 1.0470219435736676, 1.1538461538461537, 1.0872852233676975, 1.1428571428571428, 1.0042815550607982, 1.1173814898419865, 2.0, 1.2, 1.0898186889818688, 1.0472103004291846, 1.0, 1.0, 2.1818181818181817, 1.0, 3.6666666666666665, 1.1410018552875696, 1.625, 1.0, 1.171911695631752, 3.6666666666666665, 1.3333333333333333, 1.0, 1.1816608996539792, 3.0, 1.0, 1.1440677966101696, 1.75, 1.0, 1.0, 1.3333333333333333, 2.0, 1.2157221206581352, 5.0, 2.0, 1.1524163568773234, 1.0131856540084387, 1.178742184626701, 1.0036563071297988, 1.015727391874181, 1.0714285714285714, 1.4736842105263157, 1.1923076923076923, 1.0, 2.0, 2.0, 1.4705882352941178, 1.6, 1.1666666666666667, 1.0, 1.0, 4.0, 1.0930232558139534, 2.0, 1.5, 1.07909604519774, 1.3623188405797102, 1.4838709677419355, 1.0, 1.434782608695652, 2.6666666666666665, 1.0, 1.3870967741935485, 1.0, 5.666666666666667, 1.0833333333333333, 1.0363636363636364, 2.0, 2.0, 1.096774193548387, 1.1125226860254083, 1.1096774193548387, 1.0, 8.0, 1.0, 1.0, 1.0, 1.25, 1.0046490004649, 1.0700934579439252, 1.174711282203139, 1.0034013605442176, 1.1932773109243697, 1.25, 1.4035087719298245, 1.0191002764513697, 1.0216450216450217, 2.0, 1.1174089068825912, 3.0, 1.0923482849604222, 1.0738677645919108, 1.0, 1.0526315789473684, 1.2905405405405406, 1.3, 1.029430142464384, 2.0, 1.3333333333333333, 1.2, 1.0, 1.0, 1.1744902797534376, 1.0, 2.0, 1.0, 1.1904761904761905, 1.1310043668122272, 1.2941176470588236, 1.0586835844567803, 1.15, 1.0421052631578946, 1.099437148217636, 1.0, 1.0589618375836498, 1.0591937069813175, 1.0, 4.0, 1.2467532467532467, 1.8, 1.1195190947666196, 1.0205128205128204, 1.0, 1.0641104294478527, 1.5, 2.0, 1.3333333333333333, 2.0, 1.0265486725663717, 5.0, 1.0, 2.0, 1.0424528301886793, 1.0925925925925926, 1.1538461538461537, 1.8, 1.0, 1.4285714285714286, 1.1703703703703703, 1.0045887751500175, 1.038250767207365, 1.3096330275229358, 1.0438292964244522, 1.0591133004926108, 1.0513157894736842, 1.0, 1.0, 1.094553376906318, 1.0012224938875305, 2.5, 1.0248756218905473, 1.1151079136690647, 2.0, 1.0351317440401506, 2.5714285714285716, 1.6666666666666667, 1.0, 1.4126984126984128, 1.173913043478261, 2.0, 1.042594385285576, 1.0, 1.0848329048843188, 1.0505994212484497, 1.1, 1.0, 1.0305968901521485, 2.0, 2.0, 1.3870967741935485, 3.1052631578947367, 1.2258064516129032, 1.4029850746268657, 1.0, 1.0, 1.2295918367346939, 1.0, 1.1488996856244642, 1.1884057971014492, 1.0, 1.35, 1.0526315789473684, 1.1396648044692737, 1.0, 2.0, 2.8518518518518516, 1.0, 1.16580310880829, 1.1253822629969419, 1.0512820512820513, 1.0208976490144859, 1.0259067357512954, 1.0, 1.0160450387051372, 1.0, 1.3206106870229009, 1.4, 2.0, 1.0810810810810811, 3.3333333333333335, 1.5, 1.5, 1.0, 1.3977272727272727, 1.0, 1.4863387978142077, 1.0378787878787878, 1.0, 1.5, 1.0, 1.0, 2.0, 1.0, 1.0, 1.0769230769230769, 1.8333333333333333, 1.4421052631578948, 1.3529411764705883, 1.0555555555555556, 2.0, 1.0384615384615385, 2.0, 2.0, 2.0, 1.0045980926430518, 1.25, 2.0, 1.0064655172413792, 1.0, 2.0, 1.0, 1.0, 2.0, 1.1041529334212261, 2.0, 1.1839080459770115, 1.44, 1.0291085506367494, 2.0, 1.2, 1.0771977554837613, 1.3333333333333333, 1.004251700680272, 1.0869565217391304, 3.0, 1.5, 2.0, 1.0148148148148148, 1.0253164556962024, 7.0, 1.0303867403314917, 1.0344827586206897, 1.0, 2.0, 2.0, 2.0, 1.5897435897435896, 2.0, 1.1280245022970903, 1.074656188605108, 2.0, 1.0, 1.0, 1.1751824817518248, 1.04655248133509, 1.0532048596564725, 1.0, 1.0202442159383034, 1.050918836140888, 1.3333333333333333, 1.0526315789473684, 1.236842105263158, 2.0, 1.0588235294117647, 1.0, 1.44, 2.0, 1.118881118881119, 1.1455696202531647, 1.1181102362204725, 1.118881118881119, 1.1428571428571428, 1.0, 1.1784037558685445, 3.0, 2.111111111111111, 2.0, 2.0, 1.25, 1.0113636363636365, 1.1189801699716715, 2.0, 1.0449438202247192, 1.0, 1.7, 1.4149377593360997, 1.1395348837209303, 1.0625, 1.6153846153846154, 1.1, 2.5, 1.1428571428571428, 2.0, 1.0, 1.0, 1.1, 2.0, 1.0004688232536334, 1.4, 1.0, 1.0571428571428572, 1.0215277777777778, 1.21256038647343, 1.1597374179431073, 2.0, 1.0269058295964126, 1.2333333333333334, 1.2, 2.0, 1.0, 1.169811320754717, 1.0588235294117647, 1.0, 2.0, 1.1666666666666667, 3.0, 1.0, 1.0755239224990114, 1.0, 1.3170731707317074, 1.1428571428571428, 1.0, 1.0, 1.2941176470588236, 1.4583333333333333, 1.5, 1.0, 1.4722222222222223, 1.0093457943925233, 1.7647058823529411, 1.3076923076923077, 1.0, 1.109375, 1.0402010050251256, 6.0, 1.0038461538461538, 1.0388703310051626, 1.0756558877364246, 1.7307692307692308, 1.0, 1.0, 1.8, 4.5, 1.110236220472441, 2.0, 1.5, 1.1219204042956412, 2.0, 1.3461538461538463, 1.0189830508474575, 2.0, 1.0, 1.0252100840336134, 1.2646153846153847, 1.0295100222717148, 1.5, 1.0099403578528827, 1.4363636363636363, 1.0127434479442174, 2.0, 3.409090909090909, 1.1189189189189188, 1.2164948453608246, 1.0615590997167983, 2.0, 2.75, 1.0, 2.0, 1.3006993006993006, 1.096774193548387, 1.2364253393665159, 1.4705882352941178, 1.101366742596811, 1.0361111111111112, 1.037037037037037, 1.052869116698904, 1.1270417422867514, 4.5, 1.2183908045977012, 1.2647058823529411, 1.3333333333333333, 1.3, 1.0, 1.095505617977528, 1.5204081632653061, 2.0, 1.00104248110503, 1.1527377521613833, 1.0874403815580287, 1.0892857142857142, 1.0, 1.011425888245422, 1.1428571428571428, 1.3333333333333333, 2.0, 1.0, 1.01315413211324, 1.2262773722627738, 1.0, 1.0, 1.0594059405940595, 1.4166666666666667, 1.0, 1.1538461538461537, 1.0097087378640777, 3.0, 1.2337662337662338, 1.0621468926553672, 1.4166666666666667, 1.0, 1.1578389830508475, 1.0, 1.2, 2.0, 1.00990099009901, 1.0, 1.0513127590971902, 1.0, 1.0714285714285714, 1.0454545454545454, 1.5, 1.0994263862332696, 1.08, 1.1139937106918238, 1.1830065359477124, 1.044776119402985, 1.25, 1.0097317201472908, 1.178553363682347, 1.0, 2.0, 2.0, 1.4029850746268657, 2.044776119402985, 2.0, 1.0, 1.9807692307692308, 1.0656479909451047, 1.2295081967213115, 2.0, 1.1789748045178106, 4.0, 1.5594713656387664, 1.0546318289786223, 1.4545454545454546, 1.0471258415328846, 3.5, 1.0, 1.0648351648351648, 1.0, 1.0583657587548638, 1.1958041958041958, 2.5, 1.0714285714285714, 1.1975308641975309, 1.0344827586206897, 3.0, 1.0816326530612246, 2.0, 1.2267206477732793, 1.0384615384615385, 2.3, 1.1320109439124486, 2.0, 2.0, 1.5, 1.0, 2.0, 1.0347971715668032, 1.0107632093933463, 1.1634168987929434, 1.25, 2.0, 7.5, 1.0144508670520231, 1.5155038759689923, 1.1605744125326372, 1.1363636363636365, 3.0, 1.0280811232449298, 1.0, 1.6812227074235808, 1.0581289736603088, 1.0, 1.0, 1.0, 1.1831501831501832, 1.208710651142734, 1.8333333333333333, 1.0, 1.2, 2.0, 2.3513513513513513, 1.0, 1.5, 1.3703703703703705, 1.1818181818181819, 1.0062808261405671, 1.1074766355140186, 1.0, 1.0591016548463357, 1.1830985915492958, 1.1290322580645162, 1.0255795363709033, 1.0665529010238908, 1.0558114332159307, 1.0, 2.0, 1.0, 1.1981481481481482, 1.121212121212121, 1.0257648953301126, 1.0460149816219235, 1.2857142857142858, 2.0, 1.2207446808510638, 2.0, 4.0, 1.25, 1.0, 1.0, 1.0229591836734695, 2.0, 1.1111111111111112]
origin-census_1.87 	max: 10.0000	99th: 5.0067	95th: 3.0000	median: 1.1363	mean: 1.4611

...Done, result: results.csv

WORKLOAD-FINISHED | Type: QueryWorkload | Progress: 3/3 | Workload-time: 39.439742 | Model-update-time: 0.000000


Experiment Summary: #data-update-times=1, #drift=0 | total-time=82.698562