Input arguments = Namespace(data_update='sample', update_size=8000, dataset='census', debug=False, drift_test='js', model_update='adapt', model='transformer', end2end=False, query_seed=0, random_seed=42, num_workload=3)
JSON-passed parameters = {'data_updater': {'skew_ratio': '1e-3'}, 'random_seed': 43, 'transformer': {'epochs': 0}}
MODEL-PATH=/home/kangping/code_copy/SAUCE/models/end2end/transformer/origin-census-2.8MB-model16.858-data14.989-200epochs-seed0.pt
DATASET-PATH=/home/kangping/code_copy/SAUCE/data/census/end2end/census_int.npy
Workloads: ['QueryWorkload', 'DataUpdateWorkload', 'QueryWorkload']

WORKLOAD-START | Type: QueryWorkload | Progress: 1/3
Going to run: ['python', '/home/kangping/code_copy/SAUCE/Naru/eval_model.py', '--dataset=census', '--model=transformer', '--query_seed=0', '--end2end', '--eval_type=first_estimate', '--num_workload=3', '--data_update=sample', '--model_update=adapt', '--random_seed=42']
Torch device: cuda:1
GET-MODEL-PATH=./models/end2end/transformer/origin-census-2.8MB-model16.858-data14.989-200epochs-seed0.pt
ckpts [PosixPath('/home/kangping/code_copy/SAUCE/models/end2end/transformer/origin-census-2.8MB-model16.858-data14.989-200epochs-seed0.pt')]
Validate Argument: DATASET="census" is valid.
load_csv_dataset - census (32561, 13)
Parsing... done, took 0.0s
Loading ckpt: /home/kangping/code_copy/SAUCE/models/end2end/transformer/origin-census-2.8MB-model16.858-data14.989-200epochs-seed0.pt
query_seed:0
origin-census_1.87 	max: 15.0000	99th: 6.0000	95th: 2.5214	median: 1.1044	mean: 1.4049
ReportEsts: [1.0, 1.134507042253521, 1.2792792792792793, 2.0, 1.1076923076923078, 1.349785407725322, 1.1428571428571428, 1.4285714285714286, 1.0, 1.0, 1.0, 1.4554455445544554, 1.875, 1.0121951219512195, 1.015075376884422, 1.0, 1.4155844155844155, 1.0, 2.0, 1.0, 6.0, 1.0, 1.1066098081023454, 5.0, 1.0943396226415094, 1.4, 1.0, 1.0243745991019884, 1.0, 1.1116858687984952, 1.0044631136781308, 1.088235294117647, 1.6486486486486487, 1.125, 1.0, 1.0803571428571428, 2.0, 1.3243243243243243, 1.625, 1.0233463035019454, 2.0, 1.0, 1.0, 1.0, 1.64, 1.0196078431372548, 1.0, 1.0121028744326777, 1.0, 1.3333333333333333, 1.0, 1.5555555555555556, 1.0, 4.0, 1.2457142857142858, 5.0, 1.2755905511811023, 1.4, 1.0262762762762763, 1.127388535031847, 1.5714285714285714, 1.5, 1.0384615384615385, 1.0684931506849316, 1.0, 1.0, 1.0, 1.275671950379049, 1.0, 1.75, 1.011111111111111, 1.2727272727272727, 1.5, 1.0, 1.0201588271227855, 1.0, 1.0, 1.411764705882353, 2.0, 1.0, 6.0, 1.0, 1.5, 1.0, 1.013986013986014, 1.0666666666666667, 1.0, 1.0869565217391304, 1.02927525883613, 1.0, 1.1142857142857143, 1.0, 1.1272727272727272, 1.25, 1.065359477124183, 1.0, 1.170343137254902, 7.25, 1.6941176470588235, 1.1666666666666667, 2.0, 2.0, 1.0, 1.0909090909090908, 1.0, 1.0571428571428572, 1.0657370517928286, 1.5185185185185186, 1.4542124542124542, 1.28, 1.1304347826086956, 1.0, 1.2432432432432432, 3.0, 1.32, 1.0, 1.0, 1.0344827586206897, 1.0, 1.0673076923076923, 1.0, 1.2152, 1.0849056603773586, 1.2, 1.0335807705903146, 1.2, 1.0093978264742562, 1.1227170778596605, 1.95, 1.1032967032967034, 1.0, 1.0151380231522706, 2.0, 1.0, 1.0, 1.0, 1.0451127819548873, 2.0, 2.0, 1.2857142857142858, 1.0, 1.6, 1.0, 1.0, 3.0, 2.0, 1.0, 1.0476190476190477, 1.0586932447397563, 1.22, 1.1176470588235294, 1.25, 1.5, 1.0, 1.0, 1.5, 3.0, 1.0, 2.0, 1.75, 1.08, 1.5, 3.1538461538461537, 1.05, 1.0461309523809523, 1.2305825242718447, 1.105263157894737, 1.0221295330784381, 1.2409395973154362, 1.15625, 1.044035674470457, 2.6, 2.0, 2.0, 1.8888888888888888, 1.1851239669421487, 1.5, 1.0639810426540284, 1.1580909768829233, 1.8545454545454545, 2.0, 1.054054054054054, 1.0204081632653061, 1.0423728813559323, 1.1578947368421053, 1.0426212722385768, 1.5, 2.0, 1.0, 1.098939929328622, 1.4365079365079365, 1.3333333333333333, 1.0089983424106086, 3.0, 1.3, 1.1627906976744187, 1.0320613508269427, 1.0, 1.0344827586206897, 1.174496644295302, 1.0, 1.9803921568627452, 1.2117647058823529, 1.7777777777777777, 2.0, 1.75, 2.0, 1.1356665355878883, 2.0, 1.0, 1.1769662921348314, 1.2891566265060241, 1.4, 1.8333333333333333, 1.0, 1.1857142857142857, 1.2682926829268293, 1.1010474430067776, 1.2080924855491328, 2.5172413793103448, 1.0, 1.3333333333333333, 1.1779026217228465, 1.4054054054054055, 1.0, 1.0018214936247722, 1.0, 1.0, 1.0, 1.0, 1.0, 1.1304347826086956, 1.1, 1.275, 2.0, 1.0, 2.0, 1.1666666666666667, 1.0424966799468791, 2.0, 1.0, 1.1633986928104576, 1.0, 1.0, 1.5, 1.5, 1.45, 1.0, 2.0, 1.0444444444444445, 2.0, 1.086092715231788, 1.3368983957219251, 1.3333333333333333, 1.0, 1.2, 5.0, 1.3391304347826087, 1.1304347826086956, 1.1739569313593539, 2.0, 5.0, 1.2857142857142858, 1.4, 1.25, 1.0, 1.2307692307692308, 1.1243781094527363, 2.0, 1.2727272727272727, 1.2592592592592593, 1.0, 1.0, 1.5, 1.0975665748393022, 1.3316326530612246, 1.0, 1.1568627450980393, 1.0, 2.0, 1.2222222222222223, 1.2926829268292683, 1.0909090909090908, 4.0, 1.0592532467532467, 1.0, 1.1661237785016287, 1.5, 1.3083333333333333, 2.0, 1.5, 1.0873193568084674, 1.5, 1.0066592674805772, 1.0381679389312977, 1.0, 2.0, 1.0740740740740742, 1.1986940298507462, 1.04, 1.1111111111111112, 2.0, 1.0, 1.0327868852459017, 1.2605633802816902, 1.0324675324675325, 1.0, 1.1314984709480123, 2.0, 1.0, 1.0, 2.0, 1.0, 1.0469483568075117, 1.0, 1.0, 1.0, 1.024636058230683, 1.0, 1.0633152173913043, 1.0, 1.157472067039106, 2.75, 2.0, 1.1159420289855073, 1.0769230769230769, 2.0, 1.024986566362171, 2.0, 1.0183571873055384, 2.0, 1.0608, 2.0, 1.004047619047619, 1.0, 2.0, 2.0, 4.0, 1.0, 1.1894736842105262, 1.2352941176470589, 1.1170212765957446, 1.0, 1.1, 1.1568627450980393, 2.0, 1.68, 1.0, 4.75, 1.0, 1.0, 1.0, 1.5333333333333334, 1.0, 1.4285714285714286, 1.007727975270479, 1.1428571428571428, 6.0, 1.0, 2.5, 1.2885304659498207, 1.0, 1.0, 1.1136363636363635, 1.0, 1.0909090909090908, 1.0, 1.0912751677852348, 1.3513513513513513, 1.0, 1.032258064516129, 2.0208333333333335, 1.0, 1.0, 1.3333333333333333, 1.0, 1.0, 1.0277777777777777, 1.5483870967741935, 1.1842105263157894, 2.3563218390804597, 1.0, 1.21, 1.1666666666666667, 1.0, 1.0574712643678161, 1.0, 1.0, 1.0, 2.0, 2.0, 1.109442060085837, 3.0, 1.0, 1.625, 1.1538461538461537, 1.4583333333333333, 1.1395348837209303, 2.0, 2.0, 1.125, 1.0952380952380953, 1.0, 1.065217391304348, 1.2115384615384615, 1.0, 1.092794193882841, 1.0176991150442478, 1.04, 1.4736842105263157, 1.0666666666666667, 2.0, 1.0, 1.0, 2.0, 1.1238938053097345, 1.0344827586206897, 3.0, 1.6724137931034482, 1.3928571428571428, 2.25, 1.0, 1.068121104185218, 1.0, 1.625, 1.0891173950299915, 1.1114864864864864, 1.106951871657754, 1.1, 1.456140350877193, 2.0, 1.0, 1.0641975308641975, 2.5, 1.3829787234042554, 1.0, 1.0798004987531171, 1.0, 1.178082191780822, 1.0, 1.3333333333333333, 1.1428571428571428, 2.0, 1.0, 2.0, 1.18, 1.0, 1.0, 1.0466321243523315, 1.0258620689655173, 1.1565743944636677, 1.0769230769230769, 1.0952380952380953, 1.0, 2.6666666666666665, 1.4210526315789473, 2.0, 1.00092298225823, 1.067639902676399, 1.0, 1.0533413245430028, 1.1818181818181819, 2.0, 1.027027027027027, 1.0, 1.0222222222222221, 3.0, 1.0, 1.0022474315068493, 1.0301003344481605, 1.183673469387755, 1.0, 1.0, 2.0, 1.292929292929293, 1.4959349593495934, 1.2222222222222223, 1.0037313432835822, 1.0, 2.0, 1.0, 6.285714285714286, 1.191111111111111, 1.0, 2.0, 2.0, 2.0, 1.0066225165562914, 2.0, 1.0, 2.0, 1.0, 1.3166666666666667, 2.0, 1.0769230769230769, 2.75, 1.0454545454545454, 1.2717678100263852, 1.166789667896679, 1.0588235294117647, 1.0, 2.0, 1.1304347826086956, 1.8571428571428572, 3.0, 1.033793103448276, 1.110878661087866, 1.4, 1.0, 1.0430711610486891, 1.5, 2.0, 1.152816682228447, 1.0667808219178083, 1.5512820512820513, 1.024745269286754, 1.1015965166908563, 1.4545454545454546, 2.0, 1.144927536231884, 1.1142241379310345, 1.125, 1.0, 1.180722891566265, 1.2037037037037037, 1.1274131274131274, 1.1666666666666667, 2.0, 1.0325610519724484, 1.1815589353612168, 1.0, 1.0254545454545454, 3.0, 1.5714285714285714, 1.8181818181818181, 1.0250218722659667, 1.0483870967741935, 1.0, 1.3333333333333333, 2.0, 1.0, 3.0, 1.4054054054054055, 1.1621187800963082, 1.013536966331135, 1.027820710973725, 1.489795918367347, 1.0, 1.000465983224604, 2.0, 1.103448275862069, 1.0, 1.4028776978417266, 2.0, 1.0, 1.1428571428571428, 2.0, 4.0, 1.1111111111111112, 2.0, 1.2857142857142858, 1.0, 1.375, 1.0565096952908588, 1.0811138014527846, 1.1690140845070423, 1.2345679012345678, 1.1262135922330097, 1.0, 1.0, 1.0, 1.0, 1.0094637223974763, 7.0, 1.1443007275666937, 1.0, 1.0, 1.3404255319148937, 1.0923076923076922, 1.1275167785234899, 1.0, 1.090566037735849, 1.0, 1.2424242424242424, 1.0434782608695652, 1.0, 1.5, 1.0666666666666667, 2.3333333333333335, 2.0, 1.5, 2.0, 1.0, 1.0526732325008794, 1.1627441161742613, 1.0, 1.28125, 1.1, 1.3, 1.0262901655306718, 2.0, 1.206997084548105, 1.25, 1.0737463126843658, 2.0, 1.5, 1.0177777777777777, 1.0, 1.6111111111111112, 1.0, 1.0147707653942069, 1.575221238938053, 1.2127659574468086, 1.2173913043478262, 1.0291616038882139, 1.0, 3.2, 2.0, 1.0, 1.0, 1.0699815837937385, 1.0, 1.196078431372549, 1.0745614035087718, 1.1, 1.0, 1.0, 1.0, 1.0, 1.0700490054770828, 1.0, 1.3636363636363635, 1.1, 1.4482758620689655, 1.0473291211947158, 1.0, 1.1333333333333333, 1.3957446808510638, 1.0949367088607596, 1.1125888557670258, 1.0, 1.0303347280334727, 2.0, 1.030716723549488, 1.0, 1.0, 1.0555555555555556, 1.8, 1.0446358653093186, 1.2450331125827814, 1.078870900788709, 1.161993769470405, 1.211111111111111, 1.0804597701149425, 1.0, 1.0, 1.0350877192982457, 1.0890052356020943, 1.2666666666666666, 1.0, 1.2666666666666666, 1.0600706713780919, 2.0, 1.0, 1.2727272727272727, 1.0, 1.0, 1.0358527131782946, 2.0, 1.0260869565217392, 1.3333333333333333, 1.0, 1.0, 1.0, 1.225, 1.0526315789473684, 1.1150442477876106, 1.148936170212766, 1.0, 1.0, 1.3575418994413408, 1.1324110671936758, 2.0, 3.0, 1.0, 1.1219512195121952, 1.9285714285714286, 1.0, 1.5, 1.0105897926165612, 1.25, 1.0, 1.0, 1.2170212765957447, 1.1, 1.1904761904761905, 1.5, 1.6153846153846154, 1.0547945205479452, 1.0, 1.0, 3.0, 1.2446808510638299, 1.0, 1.0740468128956278, 2.297872340425532, 1.0533033033033032, 1.0, 1.0116959064327486, 1.0471848643720083, 1.5, 1.0742574257425743, 1.0, 1.0, 1.0262644454449947, 2.0, 1.34375, 1.2, 1.3804347826086956, 1.0, 1.25, 1.0609756097560976, 1.0, 1.5, 1.3, 1.25, 1.072700296735905, 1.0077519379844961, 1.1666666666666667, 1.0457822638788752, 1.0634920634920635, 5.0, 1.1764705882352942, 1.15, 1.0, 1.0, 1.0, 1.1891891891891893, 1.1171915332989157, 1.0, 6.0, 1.5, 1.0, 1.0, 1.0, 1.0622568093385214, 1.0478639240506329, 1.0442015209125475, 1.0, 1.0849056603773586, 1.0639668660837551, 1.0, 1.0588235294117647, 1.279445727482679, 1.0, 1.1071428571428572, 8.0, 1.0837988826815643, 1.297872340425532, 1.0391459074733096, 1.0896243956861287, 1.1140583554376657, 1.033639143730887, 1.0, 1.0394431554524362, 1.1448275862068966, 1.25, 1.164835164835165, 1.0176470588235293, 2.0, 1.0, 2.0, 1.0439763488543976, 1.0865384615384615, 1.1475409836065573, 3.3, 1.0129870129870129, 1.0, 1.1485148514851484, 1.2727272727272727, 1.0, 1.3125, 1.4615384615384615, 1.4414414414414414, 1.0, 1.3636363636363635, 1.005744213549586, 1.105263157894737, 1.0163265306122449, 1.0, 1.019322479855287, 1.0, 1.0588235294117647, 1.0, 1.1254612546125462, 1.0, 7.0, 2.3333333333333335, 1.0, 1.1060842433697349, 2.0, 1.0, 3.25, 1.063063063063063, 1.0133371169125993, 1.04, 1.1, 1.2647058823529411, 1.1935064935064934, 1.0353718303856807, 1.0, 1.0346820809248556, 1.0, 1.6285714285714286, 1.1326530612244898, 3.0, 1.0, 4.5, 1.4, 1.1683501683501682, 1.0, 1.0, 1.0, 1.2, 1.323943661971831, 1.0909090909090908, 1.093167701863354, 1.1886792452830188, 1.0018552875695732, 1.4044444444444444, 1.2469512195121952, 1.0335497835497836, 1.0398078242964996, 1.0952380952380953, 1.0, 1.2105263157894737, 1.7234042553191489, 1.0, 1.0271493212669682, 1.0, 1.1818181818181819, 1.019588444796201, 1.016, 1.0276449491930664, 1.0, 1.5, 1.0469367588932805, 1.0, 2.0, 2.0, 1.0, 1.25, 1.0, 1.4878048780487805, 1.6428571428571428, 1.0, 1.0, 1.1645885286783042, 1.098705106279013, 1.062583222370173, 1.0, 1.1594202898550725, 1.1063829787234043, 1.0118518518518518, 2.0, 1.2558459422283357, 2.0, 1.142723880597015, 1.0126984126984127, 1.0, 1.0007326007326007, 1.1959910913140313, 9.0, 1.364864864864865, 1.3333333333333333, 1.5, 15.0, 1.0, 7.5, 1.5, 1.0, 7.0, 1.6666666666666667, 1.3333333333333333, 1.0, 1.3882863340563991, 1.1864406779661016, 1.1666666666666667, 1.1702127659574468, 1.3666666666666667, 3.0, 1.0737704918032787, 1.0489401496259352, 1.1160322108345535, 1.121786197564276, 1.0, 1.0, 1.3333333333333333, 1.0, 1.0, 1.0576923076923077, 1.0385208012326657, 2.0, 1.052060737527115, 1.0, 3.4, 2.0, 1.0, 1.1981132075471699, 1.1407528641571194, 1.4318181818181819, 1.4831460674157304, 1.2777777777777777, 1.3444444444444446, 1.2105263157894737, 1.0909090909090908, 1.5, 1.0169934640522875, 1.0, 1.0, 1.0, 2.0, 1.0509554140127388, 1.0564494136896645, 1.0, 1.1524535493091947, 1.8333333333333333, 1.1818181818181819, 1.1326530612244898, 1.0, 1.0, 1.0116632860040569, 1.048780487804878, 1.0236686390532543, 1.0510774142059058, 1.0584795321637428, 1.0, 1.0, 1.069408740359897, 1.0, 1.3, 1.0444444444444445, 1.1357615894039734, 2.0, 2.0, 1.0341463414634147, 1.0, 1.0, 1.0, 1.04848606780002, 1.0, 1.0869565217391304, 1.0, 2.0, 3.0, 1.0, 1.4666666666666666, 1.3333333333333333, 1.0347826086956522, 1.0, 1.0, 2.0, 1.0, 1.0, 1.0286631506535198, 1.1016518424396442, 1.1055381400208986, 4.0, 2.0, 1.1933621933621934, 1.25, 1.3888888888888888, 1.1127596439169138, 1.1578947368421053, 1.0779045041561957, 1.2086466165413534, 1.0454545454545454, 1.0, 1.0, 2.0, 1.0140845070422535, 1.0, 1.0372383252818036, 1.1529702970297029, 1.3333333333333333, 1.0, 1.1914893617021276, 1.0, 3.0, 2.0, 1.5, 1.6071428571428572, 2.0, 1.6666666666666667, 1.009163802978236, 1.0, 1.0, 1.25, 1.16, 1.027027027027027]
origin-census_1.87 	max: 15.0000	99th: 6.0000	95th: 2.5214	median: 1.1044	mean: 1.4049

...Done, result: results.csv

WORKLOAD-FINISHED | Type: QueryWorkload | Progress: 1/3 | Workload-time: 39.291202 | Model-update-time: 0.000000


WORKLOAD-START | Type: DataUpdateWorkload | Progress: 2/3
Going to run: ['python', '/home/kangping/code_copy/SAUCE/Naru/eval_model.py', '--model=transformer', '--data_update=sample', '--dataset=census', '--drift_test=js', '--end2end', '--update_size=8000', '--query_seed=0', '--eval_type=drift']
Torch device: cuda:1
GET-MODEL-PATH=./models/end2end/transformer/origin-census-2.8MB-model16.858-data14.989-200epochs-seed0.pt
GET-DATASET-PATH=./data/census/end2end/census_int.npy
Sample - START
Sample - END
load_npy_dataset_from_path - df.shape = (39073, 13)
Parsing... done, took 0.0s
Data updated!
Previous data size: (32561, 13), new data size: (6512, 13)
[4.76837158e-07 6.19888306e-06 2.82526016e-05 1.78813934e-07
 6.19888306e-06 1.01327896e-06 1.37090683e-06 2.44379044e-06
 1.19209290e-07 3.12924385e-05 4.05311584e-06 4.70876694e-06
 1.04904175e-05]
Distance score: 7.445995834132191e-06
SAUCE Drift detection: False
Detection latency: 0.0037s

WORKLOAD-FINISHED | Type: DataUpdateWorkload | Progress: 2/3 | Workload-time: 3.931227 | Model-update-time: 0.000000


WORKLOAD-START | Type: QueryWorkload | Progress: 3/3
Going to run: ['python', '/home/kangping/code_copy/SAUCE/Naru/eval_model.py', '--dataset=census', '--model=transformer', '--end2end', '--query_seed=0', '--eval_type=estimate', '--num_workload=3', '--data_update=sample', '--model_update=adapt', '--random_seed=42']
Torch device: cuda:1
GET-MODEL-PATH=./models/end2end/transformer/origin-census-2.8MB-model16.858-data14.989-200epochs-seed0.pt
ckpts [PosixPath('/home/kangping/code_copy/SAUCE/models/end2end/transformer/origin-census-2.8MB-model16.858-data14.989-200epochs-seed0.pt')]
Validate Argument: DATASET="census" is valid.
data size: 39073, total size: 39073, split index: [32560 39073]
Parsing... done, took 0.0s
Loading ckpt: /home/kangping/code_copy/SAUCE/models/end2end/transformer/origin-census-2.8MB-model16.858-data14.989-200epochs-seed0.pt
query_seed:0
origin-census_1.87 	max: 24.0000	99th: 5.5021	95th: 3.0000	median: 1.1195	mean: 1.4458
ReportEsts: [1.018018018018018, 1.0, 1.5675675675675675, 1.0, 7.0, 1.0491803278688525, 1.0791027154663517, 1.0350877192982457, 1.0, 1.0, 1.0113960113960114, 1.0112359550561798, 1.0666666666666667, 1.1965174129353233, 1.5, 1.1146405540960114, 1.1180124223602483, 1.1578947368421053, 2.0, 2.0, 1.4444444444444444, 2.0476190476190474, 2.0, 1.2727272727272727, 1.0, 1.3333333333333333, 1.2121212121212122, 1.2163461538461537, 1.2222222222222223, 1.142022209234366, 1.0226136116547075, 1.3055555555555556, 1.1219634360130228, 1.0547045951859957, 1.0625, 1.1111111111111112, 1.0, 1.3333333333333333, 2.75, 1.036649214659686, 1.031496062992126, 1.0, 2.0, 1.0148349352277477, 2.5, 1.0, 2.0, 1.8305084745762712, 2.0, 2.0, 1.0466867469879517, 1.3888888888888888, 1.5, 1.6666666666666667, 1.026431718061674, 1.5, 4.222222222222222, 1.1072191371208886, 1.019047619047619, 1.2, 1.8823529411764706, 1.3333333333333333, 1.0952380952380953, 1.25, 1.0106951871657754, 1.0265470181342307, 1.1881342701014832, 1.1424847958297133, 1.264840182648402, 1.0, 1.0860433604336044, 1.0666666666666667, 1.0, 1.0921633554083885, 1.0133697135061392, 1.0, 1.2857142857142858, 2.0, 1.063716814159292, 1.3333333333333333, 1.441860465116279, 1.0, 1.0, 1.3333333333333333, 1.4491682070240295, 2.0, 1.1428571428571428, 1.0, 1.15015015015015, 1.112271540469974, 1.0, 3.0, 1.1218637992831542, 2.0, 1.22, 1.2352941176470589, 1.0, 2.0, 1.0759493670886076, 1.5714285714285714, 1.2073170731707317, 1.065217391304348, 1.010752688172043, 1.08, 1.0357142857142858, 1.002849002849003, 1.2790697674418605, 1.3333333333333333, 1.086115635179153, 1.1978021978021978, 3.0, 1.1443298969072164, 1.0666666666666667, 1.0730923694779118, 1.0, 1.0, 1.249669749009247, 2.0, 2.0, 1.0, 2.0, 1.0, 2.0, 1.5, 1.4444444444444444, 3.0, 1.092783505154639, 1.1922246220302375, 1.5137614678899083, 1.0, 1.0253724394785848, 1.0365411436541143, 1.0043620501635768, 1.0, 1.5454545454545454, 1.1094890510948905, 1.0, 1.1177360774818401, 2.0, 2.0, 1.0, 1.5, 1.0, 1.3902439024390243, 1.0, 1.0, 1.0922121356903967, 1.0147879464285714, 3.0, 1.0179509632224168, 1.1900584795321638, 3.0, 1.1112823674475956, 1.5714285714285714, 1.0, 1.0722222222222222, 1.0507614213197969, 1.2666666666666666, 3.0, 1.0824244591453602, 1.125, 1.1288659793814433, 1.294209702660407, 1.0664451827242525, 1.5, 1.0018813314037627, 1.0936902485659656, 2.0, 1.1428571428571428, 1.1363636363636365, 1.064536308189543, 1.2828282828282829, 1.0113133940182055, 1.063004846526656, 1.109854604200323, 1.0514096185737978, 2.0, 1.0, 1.0, 1.0, 3.090909090909091, 1.0, 1.1693548387096775, 1.1340996168582376, 2.0, 1.0075757575757576, 1.0, 1.1666666666666667, 1.0, 1.6666666666666667, 3.0, 1.275, 1.0, 1.125, 2.0, 1.0310162379127896, 1.06807131280389, 1.3333333333333333, 1.0, 1.0943396226415094, 1.0, 1.0, 1.2268041237113403, 1.0040941658137155, 1.123076923076923, 5.5, 1.0, 2.2, 1.0, 2.5, 2.0, 2.4285714285714284, 1.0641045833989604, 3.0, 1.0, 1.0, 1.3232323232323233, 1.0, 1.0225952227243382, 1.0, 1.0483900309259595, 1.0168318274555523, 1.0, 1.0, 1.2077922077922079, 1.0803858520900322, 1.105263157894737, 24.0, 1.046875, 1.1428571428571428, 4.5, 1.0914687774846086, 2.0, 1.094776684330053, 1.0, 2.0, 1.3333333333333333, 1.0, 1.0, 1.0727777777777778, 1.0594059405940595, 1.0, 1.0945945945945945, 1.0, 1.130281690140845, 1.25, 2.0, 2.0, 1.2297872340425533, 1.0561224489795917, 1.3211678832116789, 1.1132075471698113, 1.0256410256410255, 1.3103448275862069, 1.0, 1.054054054054054, 1.0202474690663668, 1.344418052256532, 1.059782608695652, 1.1170068027210884, 1.0958814911281134, 2.0, 3.0, 1.1176470588235294, 1.1239669421487604, 2.0, 1.1128205128205129, 1.0, 1.4444444444444444, 2.0, 1.0179640718562875, 1.0, 1.3333333333333333, 1.0, 1.0236087689713322, 1.0, 1.1051805337519622, 1.28, 1.058641975308642, 2.0, 1.0993103448275863, 2.0, 1.5, 4.625, 1.0296296296296297, 1.1153846153846154, 3.1666666666666665, 2.0, 1.6554054054054055, 2.0, 2.0, 2.0, 1.032258064516129, 1.0024648755237862, 1.1428571428571428, 1.1818181818181819, 1.5161290322580645, 1.5, 1.6666666666666667, 1.1098130841121496, 1.4, 1.0, 2.0, 1.0526774053112755, 2.0, 2.0, 1.0909090909090908, 1.0, 2.0, 4.0, 1.0630946419629443, 1.0640692640692642, 1.3164556962025316, 1.0795406210123353, 1.3383458646616542, 1.1428571428571428, 1.0, 1.1764705882352942, 2.0, 2.0, 2.0, 1.0436172642155743, 1.0, 1.0025753283543652, 1.5, 1.0, 1.103374524714829, 1.171875, 1.0, 1.0, 2.0, 2.0, 1.3333333333333333, 1.0502283105022832, 1.0, 1.0520833333333333, 1.0, 1.125, 3.0, 1.2857142857142858, 1.0, 4.0, 1.0, 1.0, 1.0, 1.0617283950617284, 1.7346938775510203, 1.1666666666666667, 1.0916666666666666, 2.0, 2.0, 1.0, 1.2307692307692308, 1.0, 1.2, 3.4444444444444446, 2.0, 1.875, 1.0909090909090908, 1.0769230769230769, 1.0, 1.0541979191870312, 1.0158730158730158, 1.5, 1.0674698795180724, 1.0, 1.0, 1.0, 1.0, 1.127659574468085, 1.3818181818181818, 1.0869565217391304, 1.2471264367816093, 1.0, 1.0890410958904109, 1.1515151515151516, 1.0, 1.1304347826086956, 1.0, 2.0, 1.0, 1.08, 2.0, 1.0032948929159802, 1.0, 1.0, 1.0, 1.6666666666666667, 1.088235294117647, 1.2, 2.0, 1.0, 1.0216450216450217, 2.0, 1.0, 1.026054358013121, 1.3333333333333333, 1.0769230769230769, 1.0217391304347827, 1.3333333333333333, 1.0434389140271494, 1.4430379746835442, 1.0145631067961165, 1.25, 1.8666666666666667, 2.0, 1.2872727272727273, 1.2571428571428571, 1.0, 1.050909090909091, 1.3061224489795917, 1.5, 1.0, 1.5, 3.0, 1.2403846153846154, 1.253968253968254, 1.043227665706052, 1.1574220813523508, 1.1965699208443272, 1.4, 1.0, 1.2142857142857142, 1.223021582733813, 2.25, 1.0471698113207548, 2.0, 1.0719706242350062, 1.0, 1.1113013698630136, 1.0, 1.183673469387755, 1.103448275862069, 2.0, 1.0, 1.0, 1.023237495076802, 1.048582995951417, 1.0431110550863483, 1.0, 2.0, 1.0, 1.0869565217391304, 1.0, 1.4666666666666666, 1.099236641221374, 1.0, 1.0, 1.0909090909090908, 1.0, 2.0, 2.0, 1.7222222222222223, 1.0, 1.0542335362479247, 1.1818181818181819, 1.0244139675128878, 2.0, 1.2962962962962963, 2.0, 1.1436363636363636, 2.0, 1.1242937853107344, 1.0, 1.103483606557377, 1.0, 1.0, 1.0369230769230768, 1.0869565217391304, 1.0104364326375712, 1.0769230769230769, 1.0826901874310915, 1.3884057971014492, 1.0, 1.25, 1.0933037571052266, 1.211340206185567, 1.0, 1.0, 1.6833333333333333, 1.0, 6.0, 1.017684887459807, 1.25, 1.0, 1.0488704472106962, 3.0, 1.4444444444444444, 2.0, 1.1425041186161449, 2.0, 1.0, 1.0384259259259259, 1.25, 1.4705882352941178, 1.0, 1.1666666666666667, 1.0, 1.0784, 3.125, 1.3333333333333333, 1.0395256916996047, 1.1490115078194159, 1.06480117820324, 1.0065281899109793, 1.0277044854881265, 1.1333333333333333, 1.3333333333333333, 1.0105820105820107, 1.1037735849056605, 2.0, 2.0, 1.1446153846153846, 1.1428571428571428, 1.2692307692307692, 1.0, 1.0, 2.0, 1.6363636363636365, 1.0, 2.0, 1.125, 1.378787878787879, 1.196875, 5.0, 1.1212898497618176, 5.5, 1.0, 1.3333333333333333, 1.0, 1.8461538461538463, 1.1111111111111112, 1.2723214285714286, 3.0, 1.0, 1.019736842105263, 1.1176470588235294, 1.0262295081967212, 1.0, 1.8333333333333333, 1.0, 1.0, 2.0, 1.1666666666666667, 1.0412227883279297, 1.2666666666666666, 1.034087952120739, 1.0072577718640376, 1.0938967136150235, 1.0, 1.75, 1.0068745396513625, 1.0341880341880343, 1.5, 1.0511811023622046, 1.0, 1.3557483731019522, 1.0886198547215495, 3.0, 1.1111111111111112, 1.0855263157894737, 1.8333333333333333, 1.0280029936385182, 1.0, 3.0, 1.080708661417323, 2.0, 1.0, 1.02200488997555, 2.0, 1.5, 1.0, 1.2941176470588236, 1.1834061135371179, 1.0208333333333333, 1.0467445742904842, 1.0454545454545454, 1.0824742268041236, 1.0493601462522852, 1.0, 1.0359511343804537, 1.0442841566719785, 1.5, 1.6666666666666667, 1.2, 2.0, 1.015923566878981, 1.2118226600985222, 1.5, 1.070526639975362, 1.6, 2.0, 1.25, 3.0, 1.2527472527472527, 3.5, 2.0, 6.5, 2.0, 1.1209514170040487, 1.4074074074074074, 1.5555555555555556, 1.0, 1.3333333333333333, 1.5463917525773196, 1.1712662337662338, 1.005138961719979, 1.3557692307692308, 1.0509708737864079, 1.422077922077922, 1.0408970976253298, 1.0, 1.0, 1.0181268882175227, 1.0446428571428572, 16.0, 1.2678062678062678, 1.1541353383458646, 2.0, 1.1364942528735633, 1.0701754385964912, 1.6, 1.3333333333333333, 1.3, 1.3333333333333333, 1.0, 1.040646058401968, 3.0, 1.0865921787709498, 1.0387212234605059, 6.25, 1.0, 1.054855195911414, 1.0, 1.0, 1.2465753424657535, 1.368421052631579, 1.4074074074074074, 1.032258064516129, 1.0, 1.0, 1.002079002079002, 2.0, 1.0042089626145085, 1.1798561151079137, 1.0, 1.45, 1.0789473684210527, 1.1487341772151898, 2.0, 3.0, 1.0121951219512195, 1.0, 1.0786516853932584, 1.009575923392613, 1.0731707317073171, 1.0793650793650793, 1.0543478260869565, 1.25, 1.0061980560642343, 2.0, 1.8571428571428572, 1.3076923076923077, 2.0, 1.0061606160616061, 2.5, 1.5, 1.6666666666666667, 2.0, 1.231578947368421, 1.0, 1.7516339869281046, 1.4575645756457565, 2.0, 2.0, 1.0, 1.0, 2.0, 1.0, 1.231578947368421, 1.4, 1.3333333333333333, 1.2136752136752136, 1.1, 1.1764705882352942, 2.0, 1.0, 2.0, 2.0, 2.0, 1.0039075773020727, 1.25, 1.0714285714285714, 1.0589595375722543, 1.0, 2.0, 1.0, 1.0, 3.0, 1.1497764530551415, 2.0, 1.1235955056179776, 1.6857142857142857, 1.1354581673306774, 1.5, 1.25, 1.0199125789218066, 1.3, 2.0, 1.1304347826086956, 3.0, 2.0, 1.0, 1.1095617529880477, 1.054054054054054, 3.5, 1.4444444444444444, 1.0344827586206897, 1.0, 2.0, 2.0, 2.0, 1.5384615384615385, 1.25, 1.0297602645356847, 1.0038167938931297, 1.0, 2.0, 1.0, 1.0664556962025316, 1.0207037116498605, 1.0227827502034175, 1.0, 1.0568828213879409, 1.0509969325153374, 1.3333333333333333, 1.0476190476190477, 1.2222222222222223, 2.0, 1.03125, 1.0, 1.135135135135135, 1.0, 1.1571428571428573, 1.4774774774774775, 1.0071942446043165, 1.3016528925619835, 1.4, 2.0, 1.1607142857142858, 3.0, 2.0, 1.0, 3.0, 1.0102389078498293, 1.0228980322003578, 1.2374581939799332, 2.0, 1.091948310139165, 1.5, 2.5714285714285716, 1.226923076923077, 1.127906976744186, 1.0769230769230769, 1.2789115646258504, 1.0481927710843373, 1.2222222222222223, 1.1557788944723617, 2.0, 3.0, 1.0, 1.3333333333333333, 1.0905797101449275, 1.0193363571258056, 1.4, 1.0, 2.0, 1.0095108695652173, 1.3709677419354838, 1.154435925520263, 1.0, 1.0218340611353711, 1.0714285714285714, 1.0125, 1.0, 1.0740740740740742, 1.0425531914893618, 1.0245901639344261, 1.0571428571428572, 1.4, 1.1363636363636365, 1.0, 1.2142857142857142, 1.0221971407072987, 1.0, 1.0344827586206897, 1.1538461538461537, 1.25, 1.0, 1.2777777777777777, 1.125, 2.0, 1.0, 1.0571428571428572, 1.0684039087947883, 1.1076923076923078, 1.3076923076923077, 1.5, 1.2131147540983607, 1.1099476439790577, 5.714285714285714, 1.2731958762886597, 1.084793491864831, 1.162928759894459, 1.5416666666666667, 1.0, 1.0, 1.0606326889279438, 1.2285714285714286, 1.0793650793650793, 1.0, 2.0, 1.2692307692307692, 1.0, 1.1147540983606556, 1.0242802636142907, 1.7692307692307692, 1.098360655737705, 1.113821138211382, 1.3691275167785235, 1.1112433075550268, 1.0, 1.1643330876934415, 1.4444444444444444, 1.1851851851851851, 2.0, 1.1578947368421053, 1.1591836734693877, 1.0169491525423728, 1.08511441734008, 3.0, 1.0325342465753424, 1.0, 1.0, 1.0698005698005697, 1.3043478260869565, 1.2773892773892774, 1.5, 1.1913875598086126, 1.1217391304347826, 1.103448275862069, 1.1100362756952842, 1.1296296296296295, 7.5, 1.2906976744186047, 1.2647058823529411, 1.5, 1.0285714285714285, 1.0, 1.149171270718232, 1.2666666666666666, 2.0, 1.0525813449023862, 1.6363636363636365, 1.0573770491803278, 1.0169491525423728, 2.0, 1.067333939945405, 1.0, 2.0, 3.0, 1.0909090909090908, 1.0892857142857142, 1.2003780718336483, 1.0, 1.0, 1.2298850574712643, 1.5454545454545454, 1.0, 1.1071428571428572, 1.1578449905482042, 1.375, 1.1142857142857143, 1.1411764705882352, 1.1, 1.0, 1.0898536092882383, 1.0, 1.0, 2.0, 1.098901098901099, 1.0, 1.0101393052371717, 1.0, 3.75, 1.25, 1.0, 1.1130952380952381, 1.0706227436823104, 1.0425685425685425, 1.073446327683616, 1.3285714285714285, 1.6666666666666667, 1.0337552742616034, 1.025025025025025, 1.0, 2.0, 1.0, 1.039787798408488, 5.0, 1.0, 1.1764705882352942, 1.5555555555555556, 1.1300813008130082, 1.0771929824561404, 1.0, 1.1474358974358974, 1.5, 1.1931330472103003, 1.0227790432801822, 1.25, 1.0492483151892171, 2.4285714285714284, 1.0, 1.0156739811912225, 1.0, 1.2394366197183098, 1.1597938144329898, 1.2, 1.175, 1.308641975308642, 1.1538461538461537, 3.0, 1.0588235294117647, 2.0, 1.4278846153846154, 1.35, 1.3846153846153846, 1.103169251517195, 1.0, 1.6, 3.0, 2.0, 1.0, 1.0217593453598661, 1.108994708994709, 1.2340842311459355, 1.6666666666666667, 2.0, 1.263157894736842, 1.1099476439790577, 1.0822942643391522, 1.2708933717579252, 1.1818181818181819, 1.081726618705036, 1.0601322910402886, 1.0, 1.1215574548907883, 1.0508166969147006, 2.0, 2.0, 1.0, 1.0471698113207548, 1.1958762886597938, 7.0, 1.0, 1.0298507462686568, 1.0, 1.121212121212121, 1.0, 1.75, 13.0, 1.0769230769230769, 1.0098642218869676, 1.1069767441860465, 1.0, 1.0461305007587254, 1.0303030303030303, 1.1379310344827587, 1.0496, 1.1220735785953178, 1.0161760806152214, 1.0, 1.5, 1.0, 1.0231124807395995, 1.0482456140350878, 1.057632398753894, 1.0401253052010873, 1.6666666666666667, 3.0, 1.0463157894736843, 2.0, 1.3333333333333333, 1.0909090909090908, 2.0, 1.0, 1.0732889158086008, 2.0, 1.25]
origin-census_1.87 	max: 24.0000	99th: 5.5021	95th: 3.0000	median: 1.1195	mean: 1.4458

...Done, result: results.csv

WORKLOAD-FINISHED | Type: QueryWorkload | Progress: 3/3 | Workload-time: 39.331392 | Model-update-time: 0.000000


Experiment Summary: #data-update-times=1, #drift=0 | total-time=82.570517