Input arguments = Namespace(data_update='valueskew', update_size=8000, dataset='census', debug=False, drift_test='js', model_update='adapt', model='transformer', end2end=False, query_seed=0, random_seed=42, num_workload=3)
JSON-passed parameters = {'data_updater': {'skew_ratio': '1e-3'}, 'random_seed': 74, 'transformer': {'epochs': 0}}
MODEL-PATH=/home/kangping/code_copy/SAUCE/models/end2end/transformer/origin-census-2.8MB-model16.858-data14.989-200epochs-seed0.pt
DATASET-PATH=/home/kangping/code_copy/SAUCE/data/census/end2end/census_int.npy
Workloads: ['QueryWorkload', 'DataUpdateWorkload', 'QueryWorkload']

WORKLOAD-START | Type: QueryWorkload | Progress: 1/3
Going to run: ['python', '/home/kangping/code_copy/SAUCE/Naru/eval_model.py', '--dataset=census', '--model=transformer', '--query_seed=0', '--end2end', '--eval_type=first_estimate', '--num_workload=3', '--data_update=valueskew', '--model_update=adapt', '--random_seed=42']
Torch device: cuda:1
GET-MODEL-PATH=./models/end2end/transformer/origin-census-2.8MB-model16.858-data14.989-200epochs-seed0.pt
ckpts [PosixPath('/home/kangping/code_copy/SAUCE/models/end2end/transformer/origin-census-2.8MB-model16.858-data14.989-200epochs-seed0.pt')]
Validate Argument: DATASET="census" is valid.
load_csv_dataset - census (32561, 13)
Parsing... done, took 0.0s
Loading ckpt: /home/kangping/code_copy/SAUCE/models/end2end/transformer/origin-census-2.8MB-model16.858-data14.989-200epochs-seed0.pt
query_seed:0
origin-census_1.87 	max: 12.5000	99th: 5.0000	95th: 2.2514	median: 1.0997	mean: 1.3612
ReportEsts: [1.0, 1.0577806959947471, 1.0923076923076922, 2.0, 1.0, 1.1158798283261802, 1.0, 1.3571428571428572, 1.0, 1.0, 1.0, 1.2457627118644068, 5.0, 1.0602409638554218, 1.005050505050505, 1.5, 1.3540372670807452, 1.0, 2.0, 1.0, 5.833333333333333, 1.0, 1.1676300578034682, 1.2, 1.0880503144654088, 1.6666666666666667, 1.0, 1.205723124516628, 2.0, 1.0797084411003997, 1.000784724038713, 1.0571428571428572, 2.1785714285714284, 1.2222222222222223, 1.0, 1.037037037037037, 1.0, 1.0986547085201794, 1.75, 1.1688888888888889, 2.0, 1.0, 2.0, 1.0, 1.5625, 1.0392156862745099, 1.0, 1.0251134644478064, 1.0, 2.0, 1.0, 1.5555555555555556, 1.0, 1.1428571428571428, 1.2748538011695907, 8.0, 1.125, 1.0, 1.0283067421513123, 1.1592356687898089, 1.053191489361702, 1.7142857142857142, 1.0576923076923077, 1.1666666666666667, 1.0, 1.0, 1.0, 1.052901023890785, 1.0, 1.0, 1.0777777777777777, 1.1818181818181819, 1.5, 1.0, 1.0493589743589744, 1.0, 1.0, 1.411764705882353, 1.0, 1.0, 1.0, 1.0, 1.5, 1.0, 1.3216783216783217, 1.5333333333333334, 1.0, 1.393939393939394, 1.0894593543368338, 1.0, 1.1223021582733812, 1.0, 1.087719298245614, 1.5, 1.392156862745098, 1.0, 1.0031512605042017, 3.25, 1.0138888888888888, 1.1666666666666667, 2.0, 2.0, 1.0, 1.0909090909090908, 1.0, 1.0857142857142856, 1.2256586483390608, 1.2962962962962963, 1.4595588235294117, 2.2857142857142856, 1.2753623188405796, 1.0, 1.434782608695652, 3.0, 1.2692307692307692, 1.0, 1.0, 1.0689655172413792, 1.5, 1.1000991080277502, 1.0, 1.0841283607979184, 1.1217391304347826, 1.2, 1.000706963591375, 1.0344827586206897, 1.014642082429501, 1.0709046454767726, 1.647887323943662, 1.1756440281030445, 1.0, 1.0169189670525378, 1.0, 1.0, 1.0, 1.0, 1.0484913793103448, 2.0, 2.0, 1.5, 1.0, 1.5909090909090908, 1.0, 1.0, 1.6666666666666667, 2.0, 1.0, 1.0476190476190477, 1.0493962678375413, 1.0427350427350428, 1.2105263157894737, 2.5, 1.5, 1.0, 2.0, 1.5, 1.3333333333333333, 1.0, 2.0, 4.0, 1.25, 1.5, 1.9230769230769231, 1.0476190476190477, 1.0788690476190477, 1.0453648915187377, 1.0754716981132075, 1.0542543021032504, 1.1091781643671266, 1.0926829268292684, 1.0452008928571428, 5.0, 1.0, 2.0, 1.7647058823529411, 1.2661157024793388, 1.5, 1.0149186256781193, 1.0837404047452897, 1.1333333333333333, 2.0, 1.0684931506849316, 1.0, 1.0260869565217392, 1.1176470588235294, 1.0670683783075714, 1.5, 2.0, 1.0188087774294672, 1.21484375, 1.024390243902439, 1.44, 1.0586613186262221, 1.0, 1.1333333333333333, 1.1627906976744187, 1.006759801712483, 1.0, 1.0862068965517242, 1.0802469135802468, 1.0, 1.108695652173913, 1.8392857142857142, 1.4545454545454546, 2.0, 1.2727272727272727, 1.0, 1.0873493975903614, 6.0, 1.0, 1.138586956521739, 1.0186915887850467, 1.0, 1.0, 1.0, 1.320754716981132, 1.0192307692307692, 1.0969920196439533, 1.5446428571428572, 1.4109589041095891, 1.0, 1.2222222222222223, 1.1015761821366024, 1.04, 1.0, 1.0204081632653061, 1.0, 1.0, 1.0, 1.0, 1.0, 1.04, 1.3043478260869565, 1.1724137931034482, 1.0, 1.0, 2.0, 1.0, 1.280612244897959, 2.0, 1.0, 1.0142450142450143, 1.5, 1.0, 1.5, 1.7142857142857142, 1.2608695652173914, 1.0, 2.0, 1.0638297872340425, 2.0, 1.0718954248366013, 1.3957219251336899, 1.0833333333333333, 1.0, 1.2666666666666666, 2.5, 1.3478260869565217, 1.1063829787234043, 1.0387019946412623, 1.0, 5.0, 1.5, 2.1875, 3.0, 1.0, 1.3333333333333333, 1.1292134831460674, 2.0, 1.1428571428571428, 1.1333333333333333, 1.0, 1.0, 1.0, 1.0233304794520548, 1.1177730192719486, 1.0, 1.0535714285714286, 1.0, 2.0, 1.8333333333333333, 1.3170731707317074, 1.0681818181818181, 2.0, 1.1688311688311688, 2.0, 1.2473867595818815, 2.0, 1.1650485436893203, 2.0, 1.1842105263157894, 1.0294854499903643, 2.0, 1.0022099447513813, 1.0355731225296443, 2.0, 2.0, 1.037037037037037, 1.009794776119403, 1.14, 1.8888888888888888, 2.0, 1.0, 1.2857142857142858, 1.3786407766990292, 1.1418312387791743, 2.0, 1.101010101010101, 1.8, 1.0, 1.0, 1.0, 1.0, 1.1126760563380282, 1.0, 1.0, 1.0, 1.059350503919373, 1.0, 1.0686876962993308, 1.0, 1.0513796384395813, 1.1818181818181819, 2.0, 1.050351288056206, 1.0, 2.0, 1.0201834862385322, 2.0, 1.0866533864541832, 2.0, 1.1275510204081634, 1.0, 1.0341474982214844, 1.0, 3.0, 1.5, 2.0, 1.5, 1.3008849557522124, 1.75, 1.0714285714285714, 1.0, 1.2, 1.1372549019607843, 2.0, 1.6470588235294117, 1.0, 2.25, 1.0, 2.0, 1.0, 2.2, 1.0, 1.6666666666666667, 1.0863805970149254, 1.0833333333333333, 2.8333333333333335, 1.0, 2.5, 1.0450581395348837, 1.0, 2.0, 1.1666666666666667, 1.0, 1.2272727272727273, 1.0, 1.1305007587253415, 1.1801801801801801, 1.0, 1.0362116991643453, 1.5833333333333333, 1.0, 1.0, 1.3333333333333333, 1.0, 1.0, 1.1388888888888888, 1.2307692307692308, 1.40625, 2.4404761904761907, 2.0, 1.1862745098039216, 1.4, 1.0, 1.2528735632183907, 1.0, 1.0, 1.0, 3.0, 1.5, 1.4361111111111111, 1.0, 1.0, 1.0833333333333333, 1.0, 1.0520833333333333, 1.0930232558139534, 2.0, 5.0, 1.2903225806451613, 1.15, 1.0, 1.1395348837209303, 1.1886792452830188, 1.0, 1.0217729393468118, 1.1386138613861385, 1.0384615384615385, 1.2857142857142858, 1.1538461538461537, 2.0, 2.0, 1.75, 2.0, 1.1869158878504673, 1.16, 3.5, 1.5064935064935066, 1.56, 1.2, 1.0, 1.107060452238117, 1.0, 1.625, 1.011137629276054, 1.0439189189189189, 1.2192513368983957, 1.2727272727272727, 1.5660377358490567, 1.0, 1.0, 1.1053497942386832, 2.0, 1.3, 1.0, 1.0116822429906542, 1.0, 1.010958904109589, 1.0, 1.6666666666666667, 1.0434782608695652, 2.0, 1.0, 4.0, 1.2820512820512822, 1.0, 1.3333333333333333, 1.0049751243781095, 1.3222222222222222, 1.1769366197183098, 1.0769230769230769, 1.0454545454545454, 1.0, 5.333333333333333, 1.3012048192771084, 2.0, 1.0195696721311476, 1.0, 1.0, 1.0323054331864905, 1.2727272727272727, 3.0, 1.0555555555555556, 1.0, 1.1538461538461537, 3.0, 1.0, 1.0361805709227705, 1.3468468468468469, 1.1372549019607843, 1.0, 1.0, 2.0, 1.1818181818181819, 1.1288343558282208, 1.0419580419580419, 1.0075187969924813, 1.0, 2.0, 1.0, 2.3333333333333335, 1.0597014925373134, 1.0, 2.0, 1.0, 2.0, 1.1655629139072847, 2.0, 1.0, 2.0, 1.0, 1.2025316455696202, 1.0, 1.0, 1.6363636363636365, 1.2105263157894737, 1.0859598853868195, 1.0463320463320462, 1.0285714285714285, 2.0, 2.0, 1.0869565217391304, 7.0, 3.0, 1.0780520346897933, 1.073446327683616, 1.4, 1.0, 1.03770197486535, 8.0, 2.0, 1.0795686388807928, 1.0383333333333333, 1.3205128205128205, 1.0170454545454546, 1.049792531120332, 1.4545454545454546, 1.5, 1.2318840579710144, 1.1400491400491402, 1.0745296671490594, 1.0, 1.0425531914893618, 1.0833333333333333, 1.0465949820788532, 1.3142857142857143, 1.0, 1.0068879148403256, 1.2542885973763875, 1.0, 1.5625, 5.0, 1.2894736842105263, 1.0909090909090908, 1.0135824898347607, 1.0923076923076922, 1.0, 1.5, 2.0, 1.1470588235294117, 2.0, 1.1813186813186813, 1.0673218673218674, 1.121567121183023, 1.0, 1.0034246575342465, 1.0, 1.0488758553274682, 2.0, 1.0344827586206897, 4.0, 1.082051282051282, 2.0, 1.0, 1.4285714285714286, 2.0, 3.25, 1.0, 2.0, 1.4805194805194806, 1.0, 1.2222222222222223, 1.1474127557160048, 1.0238895110115716, 1.056338028169014, 1.3333333333333333, 1.0404040404040404, 1.0, 1.0, 1.0, 2.0, 1.0041666666666667, 2.0, 1.0203640295548748, 1.2, 2.0, 1.46875, 1.1692307692307693, 1.099630996309963, 1.0, 1.0668973471741638, 1.0, 1.32, 1.0, 1.0, 1.5, 1.0212765957446808, 3.6666666666666665, 2.0, 2.0, 2.0, 1.0, 1.0680763740185582, 1.169754631947922, 1.5, 1.391304347826087, 1.1, 1.3, 1.2343453510436433, 2.0, 1.271137026239067, 1.0, 1.1097560975609757, 1.0, 1.5, 1.1430948419301166, 1.0, 1.2857142857142858, 1.0, 1.016257088846881, 1.13, 1.0961538461538463, 1.0769230769230769, 1.0776081424936388, 1.0, 2.5, 2.0, 1.5, 1.0, 1.0705679862306368, 1.0, 1.2842105263157895, 1.2024539877300613, 1.0, 1.0, 1.1421052631578947, 1.0, 1.0, 1.136906584992343, 1.0, 1.411764705882353, 1.1111111111111112, 1.135135135135135, 1.1170056358735605, 1.0, 1.0666666666666667, 1.2284644194756553, 1.0822784810126582, 1.0697087823893603, 1.0, 1.121407624633431, 1.0, 1.0158940397350993, 1.0, 1.0, 1.3571428571428572, 1.8, 1.0405616224648986, 1.188976377952756, 1.1349344978165938, 1.1910946196660481, 1.1333333333333333, 1.103448275862069, 1.2222222222222223, 1.0, 1.2280701754385965, 1.1465968586387434, 1.3666666666666667, 1.0, 1.3, 1.4492753623188406, 2.0, 1.0, 1.5555555555555556, 4.0, 1.1428571428571428, 1.18348623853211, 1.0, 1.0508474576271187, 1.0, 1.0, 1.0, 1.0, 1.510204081632653, 1.0430839002267573, 1.3095238095238095, 1.6785714285714286, 1.0, 1.0, 1.1481481481481481, 1.0935114503816794, 2.0, 3.0, 1.0, 1.031390134529148, 1.4285714285714286, 1.0, 1.3333333333333333, 1.023841454328714, 1.1666666666666667, 1.0, 1.0, 1.0042735042735043, 1.2, 1.2380952380952381, 1.1891891891891893, 1.0952380952380953, 1.013157894736842, 1.0, 2.0, 3.0, 1.1063829787234043, 1.0, 1.0855527451272131, 1.1612903225806452, 1.0923423423423424, 1.0, 1.0619419642857142, 1.110198163363944, 1.3333333333333333, 1.2625, 1.0, 1.0, 1.05818632002476, 2.0, 1.3870967741935485, 1.0333333333333334, 1.3695652173913044, 1.0, 1.25, 1.1450053705692804, 1.0, 1.5, 1.1, 1.25, 1.0385756676557865, 1.054263565891473, 1.1428571428571428, 1.0153733528550513, 1.0476190476190477, 1.6, 1.05, 1.2105263157894737, 1.25, 1.0, 1.0, 1.121212121212121, 1.0420517560073936, 1.0, 6.0, 1.5, 1.0, 1.0, 1.0, 1.0340909090909092, 1.0294041450777203, 1.0071804691239827, 1.0, 1.1917098445595855, 1.0349746893695353, 1.3333333333333333, 1.2142857142857142, 1.2096069868995634, 1.0, 1.2173913043478262, 1.0, 1.4370370370370371, 1.475177304964539, 1.199288256227758, 1.0550390479732243, 1.5384615384615385, 1.1559633027522935, 1.0, 1.0249702734839476, 1.3310344827586207, 1.0833333333333333, 1.1777777777777778, 1.0265895953757225, 1.0, 1.0, 2.0, 1.0355571847507332, 1.1885714285714286, 1.0517241379310345, 1.736842105263158, 1.025974025974026, 1.0, 1.3564356435643565, 1.1666666666666667, 1.0, 1.3541666666666667, 1.3076923076923077, 1.08125, 1.0, 1.0666666666666667, 1.0425569176882663, 1.1213592233009708, 1.296875, 1.0, 1.0097743748472754, 1.0, 1.2592592592592593, 1.0, 1.022950819672131, 1.0, 1.0, 1.75, 1.0, 1.0775075987841944, 2.0, 1.0, 2.25, 1.0932203389830508, 1.022330375035786, 1.06, 1.3, 1.1176470588235294, 1.184278350515464, 1.031306378011249, 1.0, 1.1019108280254777, 1.0, 2.5, 1.106312292358804, 3.0, 1.0, 2.0, 1.4, 1.1221662468513853, 1.0, 1.0, 1.0, 1.0, 1.1451612903225807, 1.0909090909090908, 1.124223602484472, 1.3125, 1.2555555555555555, 1.1688888888888889, 1.204268292682927, 1.0243117626027887, 1.0473575840768703, 2.4285714285714284, 1.0, 1.0, 1.5666666666666667, 1.0952380952380953, 1.0913461538461537, 1.0, 1.2222222222222223, 1.1296332233650301, 1.272, 1.0614292329063126, 1.0, 1.5, 1.0229743083003953, 1.0, 2.0, 2.0, 1.0, 1.25, 1.0, 2.2777777777777777, 1.9166666666666667, 1.0, 1.0, 1.0997506234413965, 1.1279157261098571, 1.0120300751879698, 1.0, 1.4285714285714286, 1.1063829787234043, 1.033282904689864, 12.5, 1.2013157894736841, 2.0, 1.0074013157894737, 1.0390879478827362, 1.1666666666666667, 1.0073746312684366, 1.2561247216035634, 2.3333333333333335, 1.1891891891891893, 1.3333333333333333, 3.5, 1.0, 1.0, 1.2666666666666666, 1.5194805194805194, 1.0, 2.5714285714285716, 3.0, 1.3333333333333333, 1.0, 1.0640066500415628, 1.1864406779661016, 1.1666666666666667, 1.1458333333333333, 1.1, 1.0, 1.1984732824427482, 1.0668991756499684, 1.0660839160839162, 1.0936675461741425, 1.0, 2.0, 1.3333333333333333, 2.0, 1.0, 1.2790697674418605, 1.4584269662921348, 2.0, 1.044167610419026, 1.0, 2.3181818181818183, 1.75, 1.0, 1.27, 1.0512820512820513, 1.105263157894737, 1.1866666666666668, 1.6111111111111112, 1.1, 1.0789473684210527, 1.3333333333333333, 1.0, 1.2368839427662957, 1.0, 1.0, 1.0, 1.0, 1.0412121212121213, 1.0544365813826893, 1.0, 1.0107482430756511, 1.5, 1.2580645161290323, 1.663265306122449, 2.0, 1.0, 1.0446115288220552, 1.075, 1.0075309306078537, 1.0511744966442953, 1.0701754385964912, 1.0, 2.0, 1.0452261306532664, 1.0, 1.4, 1.189156626506024, 1.0408163265306123, 2.0, 2.0, 1.2048780487804878, 1.5, 1.0, 1.0, 1.0241063150303904, 1.0, 1.25, 1.0, 2.0, 3.0, 1.0, 1.1578947368421053, 1.037037037037037, 1.0260869565217392, 1.0, 1.0129870129870129, 2.0, 1.0, 1.0, 1.048372715113687, 1.1763907734056989, 1.1462621885157096, 2.0, 2.5, 1.2742681047765794, 1.25, 2.28, 1.2355848434925865, 1.0526315789473684, 1.0114275349174677, 1.1620481927710844, 1.1, 1.0, 1.0, 2.0, 1.392156862745098, 1.0, 1.0228022511158548, 1.1450344149459193, 1.6666666666666667, 1.0, 1.2173913043478262, 1.0, 1.0, 2.0, 1.5, 1.2666666666666666, 2.0, 1.6666666666666667, 1.0045610034207526, 1.0, 1.0, 1.3333333333333333, 1.16, 1.0617760617760619]
origin-census_1.87 	max: 12.5000	99th: 5.0000	95th: 2.2514	median: 1.0997	mean: 1.3612

...Done, result: results.csv

WORKLOAD-FINISHED | Type: QueryWorkload | Progress: 1/3 | Workload-time: 39.409050 | Model-update-time: 0.000000


WORKLOAD-START | Type: DataUpdateWorkload | Progress: 2/3
Going to run: ['python', '/home/kangping/code_copy/SAUCE/Naru/eval_model.py', '--model=transformer', '--data_update=valueskew', '--dataset=census', '--drift_test=js', '--end2end', '--update_size=8000', '--query_seed=0', '--eval_type=drift']
Torch device: cuda:1
GET-MODEL-PATH=./models/end2end/transformer/origin-census-2.8MB-model16.858-data14.989-200epochs-seed0.pt
GET-DATASET-PATH=./data/census/end2end/census_int.npy
ValueSample - START
ValueSample - END
load_npy_dataset_from_path - df.shape = (39073, 13)
Parsing... done, took 0.0s
Data updated!
Previous data size: (32561, 13), new data size: (6512, 13)
[2.3841858e-07 6.0796738e-06 9.8943710e-06 1.1920929e-06 1.5497208e-06
 1.1920929e-07 2.9802322e-06 2.1457672e-06 4.5895576e-06 8.6426735e-05
 1.6689301e-06 8.8482499e-03 2.9802322e-07]
Distance score: 0.0006896486738696694
SAUCE Drift detection: True
Detection latency: 0.0037s

DRIFT-DETECTED after 2-th workload
Going to run: ['python', '/home/kangping/code_copy/SAUCE/Naru/incremental_train.py', '--dataset=census', '--end2end', '--model=transformer', '--model_update=adapt', '--update_size=8000', '--epochs=0']
Torch device: cuda:1
GET-MODEL-PATH=./models/end2end/transformer/origin-census-2.8MB-model16.858-data14.989-200epochs-seed0.pt
update_size: 6512
AdaptTask - START
GET-DATASET-PATH=./data/census/end2end/census_int.npy
load_npy_dataset_from_path - df.shape = (39073, 13)
Parsing... done, took 0.0s
done, took 0.0s
dataset size: 39073
train data shape: torch.Size([6512, 13]), transfer data shape:torch.Size([1302, 13])
Training done; evaluating likelihood on full data:
Epoch None Iter 0, test loss 18.2074 nats / 26.2677 bits
Saved to: /home/kangping/code_copy/SAUCE/models/end2end/transformer/origin-census-2.8MB-model16.858-data14.989-200epochs-seed0.pt
AdaptTask - END

WORKLOAD-FINISHED | Type: DataUpdateWorkload | Progress: 2/3 | Workload-time: 4.119342 | Model-update-time: 4.535854


WORKLOAD-START | Type: QueryWorkload | Progress: 3/3
Going to run: ['python', '/home/kangping/code_copy/SAUCE/Naru/eval_model.py', '--dataset=census', '--model=transformer', '--end2end', '--query_seed=0', '--eval_type=estimate', '--num_workload=3', '--data_update=valueskew', '--model_update=adapt', '--random_seed=42']
Torch device: cuda:1
GET-MODEL-PATH=./models/end2end/transformer/origin-census-2.8MB-model16.858-data14.989-200epochs-seed0.pt
ckpts [PosixPath('/home/kangping/code_copy/SAUCE/models/end2end/transformer/origin-census-2.8MB-model16.858-data14.989-200epochs-seed0.pt')]
Validate Argument: DATASET="census" is valid.
data size: 39073, total size: 39073, split index: [32560 39073]
Parsing... done, took 0.0s
Loading ckpt: /home/kangping/code_copy/SAUCE/models/end2end/transformer/origin-census-2.8MB-model16.858-data14.989-200epochs-seed0.pt
query_seed:0
origin-census_1.87 	max: 15.0000	99th: 7.0000	95th: 3.0000	median: 1.1673	mean: 1.5355
ReportEsts: [1.202020202020202, 1.0, 1.1071428571428572, 2.0, 7.0, 1.6181818181818182, 1.022860492379836, 1.008849557522124, 1.0, 1.0, 1.006822057987493, 1.154320987654321, 1.109375, 1.7787610619469028, 1.4042553191489362, 1.0175145954962468, 1.2, 1.0517241379310345, 1.0, 1.0, 1.0459770114942528, 2.0, 2.0, 3.272727272727273, 2.0, 1.3333333333333333, 1.0, 1.3519553072625698, 2.3333333333333335, 1.0696498054474708, 1.038879235447437, 1.1219512195121952, 1.0351863418696647, 1.0271493212669682, 1.0666666666666667, 1.105263157894737, 1.0, 2.0, 8.0, 7.0, 1.0521739130434782, 2.0, 3.0, 1.0524625267665952, 2.0, 1.0, 2.0, 1.3296703296703296, 1.0, 1.0, 1.4444444444444444, 1.9444444444444444, 1.0, 1.1111111111111112, 1.06, 1.0251046025104602, 5.333333333333333, 1.1608662026295438, 1.1553398058252426, 1.375, 1.231578947368421, 1.2266666666666666, 1.051980198019802, 1.5, 1.4709677419354839, 1.0146177592155439, 1.1383055756698044, 1.0007549068948163, 1.3087557603686637, 3.9, 1.1973684210526316, 2.739130434782609, 2.5, 1.1141753998896855, 1.062571103526735, 1.0, 1.4, 1.249211356466877, 1.0139737991266375, 1.3333333333333333, 1.125, 1.0, 2.0, 2.0, 1.0831234256926952, 1.0, 1.0476190476190477, 1.0, 1.1311475409836065, 1.0158371040723981, 1.0, 3.0, 1.1812080536912752, 1.0, 1.22, 1.2941176470588236, 1.0, 1.0, 1.6122448979591837, 1.375, 1.1744186046511629, 1.1349206349206349, 1.1643835616438356, 2.8, 1.7027027027027026, 1.2446483180428134, 1.1363636363636365, 2.0, 1.0251159196290571, 1.0146520146520146, 1.5, 1.3522727272727273, 1.1851851851851851, 1.202870813397129, 2.0, 2.0, 7.5, 2.0, 1.0, 1.0, 2.0, 2.0, 2.0, 1.1538461538461537, 1.6842105263157894, 3.0, 1.0877742946708464, 1.2542735042735043, 1.8522727272727273, 2.0, 1.1453900709219857, 1.1233365790327816, 1.2843373493975903, 4.0, 1.2, 1.024561403508772, 1.0, 1.058513667425968, 2.0, 1.0, 1.0, 1.5, 1.0, 1.2272727272727273, 1.0, 2.0, 1.0222944207931883, 1.2108252589375208, 1.0, 1.059664694280079, 1.1178977272727273, 3.0, 1.0492325514045757, 1.0, 1.0, 1.136094674556213, 1.062200956937799, 1.2222222222222223, 3.0, 1.062037363412055, 1.0, 1.131578947368421, 1.072992700729927, 1.0158478605388273, 1.121212121212121, 1.1428571428571428, 1.1040462427745665, 2.0, 1.0769230769230769, 1.375, 3.0, 1.1333333333333333, 1.0057068741893644, 1.0741989881956155, 1.0243111831442464, 1.1261425959780622, 2.0, 1.3333333333333333, 2.0, 1.6666666666666667, 15.0, 1.0, 1.056338028169014, 1.0988593155893536, 2.0, 1.1098039215686275, 3.4285714285714284, 1.25, 1.0, 1.3333333333333333, 1.0, 1.0317460317460319, 1.0, 1.5, 2.0, 1.0310502283105023, 1.293069306930693, 1.21875, 1.0, 1.75, 1.1162790697674418, 1.0, 1.2233502538071066, 1.1749571183533447, 1.320754716981132, 1.6176470588235294, 1.0, 6.0, 1.0, 1.5, 1.0, 2.142857142857143, 1.0659557013945857, 4.333333333333333, 2.0, 1.0626223091976517, 1.4438775510204083, 1.0, 1.0956916099773242, 1.4285714285714286, 1.405857740585774, 1.0195437318867504, 1.0, 1.0, 1.4772727272727273, 1.003030303030303, 1.1363636363636365, 1.5, 1.053742802303263, 1.2777777777777777, 13.0, 1.0638841567291313, 2.0, 1.0559133489461359, 1.0, 1.0, 1.1919191919191918, 2.0, 2.0, 1.3386336866902238, 1.0808080808080809, 1.0, 1.2478632478632479, 2.0, 1.1474103585657371, 1.2297297297297298, 2.0, 2.0, 1.2231012658227849, 1.0310254735467015, 1.0576923076923077, 1.4912280701754386, 1.2941176470588236, 1.2, 1.0, 1.5945945945945945, 1.030905077262693, 1.25, 1.3647058823529412, 1.4594992636229749, 1.151474754207632, 2.0, 1.25, 1.0, 1.0066225165562914, 1.0, 1.4326241134751774, 1.0, 1.3864541832669324, 1.0, 1.1485013623978202, 1.0, 1.3125, 2.0, 1.066577896138482, 2.0, 1.061271676300578, 1.3617021276595744, 1.0324483775811208, 1.6666666666666667, 1.19237012987013, 2.0, 1.6666666666666667, 1.0416666666666667, 1.1504424778761062, 1.0508474576271187, 6.0, 2.0, 1.6181818181818182, 2.0, 2.0, 2.0, 1.1612903225806452, 1.14349467902506, 1.4, 1.1693121693121693, 2.0, 4.739130434782608, 1.0555555555555556, 1.0304532577903682, 1.1428571428571428, 1.0, 1.0, 1.1093404161133245, 1.0, 1.0, 1.2166666666666666, 1.0, 1.0, 1.0, 1.0511061733165878, 1.061718098415346, 1.1923076923076923, 1.1796801505174035, 1.2268349385586184, 1.012767897856817, 2.0, 1.25, 1.0, 1.0, 2.0, 1.0467809170912459, 2.0, 1.0278573288206196, 1.4, 1.0, 1.1992376111817027, 1.1764705882352942, 1.0, 1.0, 1.0, 6.0, 1.3333333333333333, 1.0368852459016393, 1.0, 1.2860310421286032, 1.0, 2.0, 2.0, 5.0, 1.0, 2.3333333333333335, 1.0, 2.0, 1.0, 1.065934065934066, 1.1349206349206349, 1.1666666666666667, 1.0208, 2.0, 1.0, 1.0, 1.2307692307692308, 1.0, 1.5, 2.8, 1.0, 2.3333333333333335, 1.1818181818181819, 1.4722222222222223, 1.5, 1.0710408307764927, 1.2408854166666667, 1.0, 1.1053952321204517, 2.0, 2.0, 1.0, 1.0, 1.173913043478261, 1.0833333333333333, 1.2045454545454546, 1.3752212389380531, 1.0, 1.4958677685950412, 1.2941176470588236, 1.0, 1.1140350877192982, 1.0, 1.0, 1.0, 1.0952380952380953, 2.5, 1.1793478260869565, 2.0, 1.0, 1.3076923076923077, 1.5714285714285714, 1.2916666666666667, 2.5, 2.0, 4.0, 1.1943127962085307, 2.0, 1.0, 1.053016453382084, 1.1666666666666667, 1.0117845117845117, 1.1714285714285715, 6.0, 1.0, 1.8412698412698412, 1.022079772079772, 2.0, 1.4666666666666666, 1.0, 1.0284900284900285, 1.0919540229885059, 2.0, 1.0273224043715847, 1.3529411764705883, 2.0, 1.0, 1.5, 14.0, 1.2403100775193798, 1.3114754098360655, 1.0278551532033426, 1.138335885655947, 1.0299145299145298, 3.0, 1.0, 1.5, 1.5546218487394958, 2.2580645161290325, 1.1189189189189188, 1.0, 1.0429696825017905, 1.0, 1.0397181294042281, 1.0, 1.6666666666666667, 1.0769230769230769, 2.0, 1.0, 1.0, 1.0633655056651279, 1.0518962075848304, 1.0921001926782274, 2.0, 1.3333333333333333, 1.6666666666666667, 1.4615384615384615, 1.0, 6.333333333333333, 1.5757575757575757, 2.0, 1.0, 2.2, 1.0, 1.0, 2.0, 3.2, 1.0, 1.1371080954609265, 1.3478260869565217, 1.0182719409077656, 1.0, 1.1722689075630253, 1.5, 1.0481099656357389, 2.0, 1.0870406189555126, 1.0, 1.0976958525345621, 1.0, 2.0, 1.0833333333333333, 1.0357142857142858, 1.0496031746031746, 1.0628272251308901, 1.00678656260604, 1.3217821782178218, 2.0, 1.6666666666666667, 1.0856210926882306, 3.5, 1.0, 1.0, 2.5625, 1.0, 1.6666666666666667, 1.1947300771208227, 1.5, 2.0, 1.0117011701170118, 3.0, 1.6, 1.0, 1.0157367668097281, 3.0, 1.0, 1.135715256079337, 1.3333333333333333, 3.0, 1.0, 1.2857142857142858, 1.0, 1.1477079796264855, 1.6216216216216217, 2.0, 1.2546125461254614, 1.0714679911699778, 1.3337725076855511, 1.004171632896305, 1.0458715596330275, 2.3636363636363638, 1.1578947368421053, 1.3291139240506329, 1.018348623853211, 1.5, 2.0, 1.2173913043478262, 1.4, 1.1428571428571428, 2.0, 1.0, 2.0, 2.0, 2.5, 2.0, 1.053763440860215, 1.1527777777777777, 1.3316831683168318, 1.2553191489361701, 1.4016923842707816, 4.0, 2.0, 1.5, 1.0, 13.0, 1.0909090909090908, 1.134453781512605, 2.0, 2.0, 1.9204545454545454, 1.0815217391304348, 1.2918032786885245, 10.0, 1.1478494623655915, 2.0, 1.0, 1.0, 1.0, 1.0175605125771239, 1.1116625310173698, 1.2426790374021455, 1.0113048707155743, 1.0043290043290043, 1.3333333333333333, 2.0, 1.0342105263157895, 1.0655021834061136, 1.5, 1.305210918114144, 1.0, 1.1904761904761905, 1.2415150024594195, 2.0, 1.5, 1.1835443037974684, 1.2857142857142858, 1.0918159985220766, 2.0, 3.0, 3.5, 1.0, 1.0, 1.0383399209486166, 1.0, 1.0, 2.0, 1.411764705882353, 1.225, 1.150943396226415, 1.0338436744560837, 1.6111111111111112, 1.0784313725490196, 1.1746166950596253, 2.0, 1.003055508402648, 1.0915697674418605, 1.0, 3.0, 2.0, 1.2352941176470589, 1.0077021822849808, 1.2222222222222223, 1.0, 1.1502572898799315, 1.25, 2.0, 1.8, 2.0, 1.123404255319149, 1.0, 2.0, 1.5, 1.238562091503268, 1.1227678571428572, 1.1818181818181819, 1.212962962962963, 1.5714285714285714, 1.125, 1.3272727272727274, 1.1803345573235413, 1.0181430096051227, 1.3058568329718003, 1.0909090909090908, 1.0103626943005182, 1.1897435897435897, 1.0, 1.0, 1.0038876889848811, 1.116094986807388, 2.272727272727273, 1.041711229946524, 1.095890410958904, 1.0, 1.2712842712842713, 1.5757575757575757, 1.4375, 1.5555555555555556, 1.4545454545454546, 2.1875, 1.0, 1.0344312973030594, 2.0, 1.0179487179487179, 1.0801757731531383, 2.263157894736842, 1.0, 1.087109857168048, 2.0, 1.0, 1.92, 1.391304347826087, 1.4444444444444444, 2.0, 2.0, 1.0, 1.2230046948356808, 1.0, 1.0226636108989051, 1.255813953488372, 1.0, 1.5263157894736843, 1.0461538461538462, 1.2229102167182662, 1.0, 1.0, 6.066666666666666, 1.0, 1.225609756097561, 1.2520193861066236, 1.0526315789473684, 1.0285110876451953, 1.0578947368421052, 1.0555555555555556, 1.01091888825865, 2.0, 6.0, 1.6666666666666667, 2.0, 1.2190148305084745, 3.6666666666666665, 1.25, 1.25, 1.0, 1.7333333333333334, 1.0, 1.3626943005181347, 1.0814814814814815, 1.0, 2.0, 3.0, 1.0, 2.0, 1.0, 1.1935483870967742, 1.3333333333333333, 1.0454545454545454, 1.4411764705882353, 1.2380952380952381, 1.0224719101123596, 1.0, 1.0754716981132075, 2.0, 2.0, 2.0, 1.007079049384797, 1.0, 1.6666666666666667, 1.1131221719457014, 1.0, 2.0, 1.0, 1.0, 2.0, 1.0791417516707704, 3.0, 1.0648148148148149, 1.0, 1.0300578034682082, 2.0, 1.2, 1.2509966777408639, 1.3333333333333333, 1.4666666666666666, 1.0384615384615385, 1.2, 1.0, 1.0, 1.0951276102088168, 1.0, 1.8, 2.0, 1.1111111111111112, 3.0, 2.0, 2.0, 2.0, 1.3157894736842106, 3.0, 1.028658875904285, 1.0, 2.0, 1.0, 1.0, 1.0844155844155845, 1.0323313148788926, 1.3247399366802353, 3.0, 1.125, 1.0011596443757247, 1.3333333333333333, 1.2777777777777777, 1.1598579040852575, 1.0, 1.5357142857142858, 1.0, 1.1770833333333333, 2.0, 1.2272727272727273, 1.1066666666666667, 1.128787878787879, 1.3379310344827586, 1.2, 2.0, 1.0891089108910892, 2.2857142857142856, 1.0, 1.0, 4.0, 1.0336538461538463, 1.223644578313253, 1.0583333333333333, 2.0, 2.1818181818181817, 1.0, 1.0714285714285714, 1.338289962825279, 1.216867469879518, 1.0714285714285714, 1.234375, 1.3666666666666667, 1.0, 1.2023121387283238, 1.0, 1.0, 1.0, 1.125, 12.2, 1.0441141213138336, 1.3333333333333333, 1.3333333333333333, 2.0, 1.0747126436781609, 1.2755102040816326, 1.0385818561001043, 1.0, 1.0557768924302788, 1.0416666666666667, 1.0161290322580645, 1.0, 1.0714285714285714, 1.0090579710144927, 1.288659793814433, 1.0606060606060606, 1.25, 1.25, 2.0, 1.3846153846153846, 1.0131480090157776, 1.0, 1.3431372549019607, 1.1785714285714286, 1.0, 1.0, 1.5333333333333334, 1.1813725490196079, 2.0, 1.0, 1.2162162162162162, 1.0920245398773005, 1.0925925925925926, 1.0714285714285714, 1.0, 1.2794117647058822, 1.26875, 1.5, 1.167836630504148, 1.000587544065805, 1.1619766643788607, 1.896551724137931, 1.0, 1.0, 1.0950413223140496, 1.1538461538461537, 1.0969162995594715, 3.0, 2.0, 1.5, 1.0, 1.0298507462686568, 1.0557566161501923, 1.2325581395348837, 1.2037037037037037, 1.0, 1.0509554140127388, 1.2557184750733137, 1.0, 1.0705882352941176, 1.2882882882882882, 1.2285714285714286, 2.0, 1.1481481481481481, 1.0146425495262705, 1.72, 1.0110317516441554, 2.0, 2.0, 1.0, 2.0, 1.025518341307815, 6.333333333333333, 1.1936193619361937, 1.4102564102564104, 1.1359906213364594, 1.016260162601626, 1.0740740740740742, 1.0122022080185937, 1.1666666666666667, 9.0, 1.202247191011236, 1.303030303030303, 2.0, 2.0, 1.0, 1.5217391304347827, 1.6666666666666667, 1.0, 1.0530025631636764, 1.16, 1.0194552529182879, 1.0298507462686568, 1.5, 1.0774007540474606, 1.0, 1.020979020979021, 2.0, 1.0, 1.2073665893271461, 1.1413427561837455, 1.4, 1.0, 1.1122448979591837, 2.0, 1.0, 1.434782608695652, 1.1820175438596492, 1.2, 1.626865671641791, 1.103658536585366, 1.4444444444444444, 1.0, 1.1504941599281222, 1.5, 1.0833333333333333, 2.0, 1.0515463917525774, 1.0, 1.0120460893854748, 1.0, 1.2699115044247788, 1.5, 1.0, 1.0912, 1.0782085561497325, 1.1683320522674865, 1.8803418803418803, 1.3582089552238805, 1.75, 1.0348258706467661, 1.1331997996995493, 2.0, 1.0, 2.0, 1.173669467787115, 1.2651296829971181, 3.0, 1.0547945205479452, 4.2727272727272725, 1.0437093916125222, 1.0842490842490842, 1.0, 1.1111111111111112, 3.0, 1.2413793103448276, 1.0924574209245743, 1.4, 1.0810381355932204, 6.0, 1.0, 1.0136268343815513, 1.0, 1.0687022900763359, 1.1842105263157894, 1.1538461538461537, 1.0, 1.1818181818181819, 1.0303030303030303, 3.0, 1.4634146341463414, 1.5, 1.7102272727272727, 1.2727272727272727, 1.2666666666666666, 1.0462610899873257, 1.0, 1.6, 2.0, 3.0, 1.0, 1.1594202898550725, 1.0741127348643007, 1.5144230769230769, 2.0, 3.0, 2.0, 1.2084726867335562, 1.3557046979865772, 1.0383314543404736, 1.25, 1.1888412017167382, 1.0740298507462687, 2.0, 1.12, 1.0434397163120568, 2.0, 3.0, 1.0, 1.014760147601476, 1.015742397137746, 1.5714285714285714, 1.0, 1.1236363636363635, 1.0, 2.25, 1.0, 2.0, 1.4444444444444444, 1.0769230769230769, 1.0434072717135916, 1.3925233644859814, 1.0, 1.2, 1.1551724137931034, 1.103448275862069, 1.0095432856169053, 1.4285714285714286, 1.0223376623376623, 1.0, 2.0, 1.0, 1.1367837338262476, 1.007531380753138, 1.0916905444126075, 1.0584403411753678, 1.2682255845942227, 1.0, 1.0289855072463767, 2.0, 1.75, 1.0293542074363993, 3.0, 1.0, 1.1160799238820172, 2.0, 1.0476190476190477]
origin-census_1.87 	max: 15.0000	99th: 7.0000	95th: 3.0000	median: 1.1673	mean: 1.5355

...Done, result: results.csv

WORKLOAD-FINISHED | Type: QueryWorkload | Progress: 3/3 | Workload-time: 39.239469 | Model-update-time: 0.000000


Experiment Summary: #data-update-times=1, #drift=1 | total-time=87.320326